100 972
0 25 8 12 13 20 29 41 42 46 47 48 51 53 59 60 66 67 72 74 79 82 84 85 88 94 95 
1 13 19 23 28 33 55 69 72 76 91 92 94 98 99 
2 19 5 9 18 26 34 36 38 46 48 69 70 73 78 79 83 84 86 90 95 
3 23 5 9 10 13 15 17 22 38 41 45 47 59 61 66 70 79 80 85 87 90 92 96 99 
4 23 6 10 21 23 24 26 28 32 33 38 47 48 49 52 61 66 71 72 73 74 79 80 93 
5 26 2 3 17 21 23 26 30 31 41 42 45 46 48 51 55 58 60 61 67 73 74 80 82 91 92 97 
6 13 4 15 20 32 34 35 36 51 56 69 79 88 92 
7 26 9 10 16 17 24 26 28 33 35 36 42 44 46 47 54 55 62 66 70 71 73 78 90 94 95 99 
8 16 0 26 27 31 35 40 46 49 51 58 60 63 74 85 86 94 
9 16 2 3 7 15 28 29 32 35 43 72 76 77 79 90 92 98 
10 21 3 4 7 12 18 21 22 23 25 28 29 31 42 47 48 54 57 66 70 85 98 
11 16 12 16 18 21 26 37 40 49 52 53 68 69 70 74 80 97 
12 19 0 10 11 13 25 35 43 47 52 53 54 56 61 65 70 72 90 95 97 
13 22 0 3 12 21 25 32 37 44 45 46 48 51 64 67 69 72 83 84 92 93 94 95 
14 19 21 25 28 34 43 49 52 54 58 64 68 71 72 74 77 82 85 95 97 
15 27 3 6 9 23 27 28 31 38 52 53 58 61 62 64 65 66 73 79 80 83 86 91 92 93 95 96 97 
16 17 7 11 18 32 36 41 44 45 47 53 59 66 67 69 78 88 92 
17 19 3 5 7 30 36 38 40 50 59 62 64 68 71 78 82 84 86 96 97 
18 23 2 10 11 16 20 24 29 32 35 39 45 49 56 61 65 67 70 72 77 78 80 91 98 
19 18 1 20 22 27 29 31 38 45 47 48 60 61 68 70 71 81 84 92 
20 20 0 6 18 19 21 43 46 47 50 52 53 65 69 70 71 81 84 89 91 96 
21 23 4 5 10 11 13 14 20 33 35 38 42 44 45 52 57 62 63 69 72 79 81 87 94 
22 15 3 10 19 26 32 34 35 40 59 61 82 88 92 97 99 
23 20 1 4 5 10 15 28 36 41 47 50 52 59 60 62 79 82 84 89 94 98 
24 16 4 7 18 27 34 40 50 55 62 67 69 82 86 87 88 96 
25 26 10 12 13 14 28 38 47 48 51 52 54 61 62 66 68 69 74 75 82 85 87 89 92 96 98 99 
26 21 2 4 5 7 8 11 22 32 33 34 38 41 51 54 56 58 70 74 78 86 91 
27 19 8 15 19 24 28 30 34 41 42 49 54 55 58 63 69 75 79 86 89 
28 26 1 4 7 9 10 14 15 23 25 27 29 30 35 41 55 56 59 61 65 67 69 72 79 82 95 98 
29 22 0 9 10 18 19 28 36 39 44 46 48 51 52 69 74 75 80 86 87 88 95 96 
30 15 5 17 27 28 32 38 46 49 51 54 57 73 75 87 88 
31 18 5 8 10 15 19 32 37 41 43 51 60 66 68 74 83 93 97 98 
32 27 4 6 9 13 16 18 22 26 30 31 38 39 47 50 51 53 59 61 63 64 65 69 76 79 81 89 93 
33 10 1 4 7 21 26 36 70 82 83 92 
34 24 2 6 14 22 24 26 27 36 37 44 48 51 57 59 70 71 73 75 76 77 84 87 89 92 
35 25 6 7 8 9 12 18 21 22 28 36 39 44 45 50 52 56 66 71 72 75 77 81 83 92 93 
36 17 2 6 7 16 17 23 29 33 34 35 38 41 53 57 58 91 92 
37 20 11 13 31 34 38 43 44 46 47 59 60 62 63 69 71 78 82 87 94 97 
38 25 2 3 4 15 17 19 21 25 26 30 32 36 37 42 45 47 49 51 55 65 66 72 79 88 91 
39 11 18 29 32 35 43 57 68 73 79 83 92 
40 19 8 11 17 22 24 48 51 55 58 61 67 70 73 75 80 82 83 90 96 
41 22 0 3 5 16 23 26 27 28 31 36 43 45 52 56 60 61 72 78 80 81 85 86 
42 20 0 5 7 10 21 27 38 52 53 54 55 60 63 70 75 78 84 86 97 99 
43 22 9 12 14 20 31 37 39 41 46 53 54 56 70 74 77 78 80 81 82 89 92 97 
44 18 7 13 16 21 29 34 35 37 51 55 60 64 77 85 86 91 93 97 
45 19 3 5 13 16 18 19 21 35 38 41 52 58 71 78 82 88 93 94 99 
46 21 0 2 5 7 8 13 20 29 30 37 43 49 50 52 54 55 67 80 90 93 97 
47 24 0 3 4 7 10 12 16 19 20 23 25 32 37 38 59 60 61 71 72 75 77 81 92 99 
48 13 0 2 4 5 10 13 19 25 29 34 40 53 99 
49 15 4 8 11 14 18 27 30 38 46 52 65 75 77 87 93 
50 15 17 20 23 24 32 35 46 54 62 65 72 86 93 94 98 
51 25 0 5 6 8 13 25 26 29 30 31 32 34 38 40 44 60 66 74 75 85 87 91 92 98 99 
52 22 4 11 12 14 15 20 21 23 25 29 35 41 42 45 46 49 53 73 81 84 87 91 
53 22 0 11 12 15 16 20 32 36 42 43 48 52 54 57 58 63 64 81 82 87 94 95 
54 22 7 10 12 14 25 26 27 30 42 43 46 50 53 56 57 63 64 67 69 74 91 94 
55 19 1 5 7 24 27 28 38 40 42 44 46 61 67 69 73 78 79 86 99 
56 19 6 12 18 26 28 35 41 43 54 65 67 68 69 73 81 82 95 97 99 
57 16 10 21 30 34 36 39 53 54 59 65 67 69 72 83 85 97 
58 15 5 8 14 15 26 27 36 40 45 53 67 83 86 89 95 
59 24 0 3 16 17 22 23 28 32 34 37 47 57 61 67 71 74 76 78 80 82 88 90 92 98 
60 18 0 5 8 19 23 31 37 41 42 44 47 51 62 87 89 90 96 99 
61 20 3 4 5 12 15 18 19 22 25 28 32 40 41 47 55 59 63 66 73 94 
62 15 7 15 17 21 23 24 25 37 50 60 80 89 93 95 99 
63 14 8 21 27 32 37 42 53 54 61 87 90 93 95 98 
64 16 13 14 15 17 32 44 53 54 66 68 75 82 89 90 93 94 
65 15 12 15 18 20 28 32 38 49 50 56 57 69 78 83 94 
66 19 0 3 4 7 10 15 16 25 31 35 38 51 61 64 74 80 84 89 98 
67 21 0 5 13 16 18 24 28 40 46 54 55 56 57 58 59 68 82 86 89 91 99 
68 15 11 14 17 19 25 31 39 56 64 67 74 80 86 93 98 
69 25 1 2 6 11 13 16 20 21 24 25 27 28 29 32 37 54 55 56 57 65 74 78 81 83 94 
70 21 2 3 7 10 11 12 18 19 20 26 33 34 40 42 43 79 80 82 90 95 97 
71 17 4 7 14 17 19 20 34 35 37 45 47 59 74 78 82 91 96 
72 19 0 1 4 9 12 13 14 18 21 28 35 38 41 47 50 57 81 86 91 
73 16 2 4 5 7 15 30 34 39 40 52 55 56 61 74 80 93 
74 24 0 4 5 8 11 14 25 26 29 31 43 51 54 59 66 68 69 71 73 80 87 92 94 97 
75 17 25 27 29 30 34 35 40 42 47 49 51 64 78 79 96 98 99 
76 9 1 9 32 34 59 77 85 90 95 
77 15 9 14 18 34 35 43 44 47 49 76 78 80 91 92 97 
78 19 2 7 16 17 18 26 37 41 42 43 45 55 59 65 69 71 75 77 90 
79 21 0 2 3 4 6 9 15 21 23 27 28 32 38 39 55 70 75 83 91 94 99 
80 22 3 4 5 11 15 18 29 40 41 43 46 59 62 66 68 70 73 74 77 84 87 90 
81 17 19 20 21 32 35 41 43 47 52 53 56 69 72 82 83 84 95 
82 25 0 5 14 17 22 23 24 25 28 33 37 40 43 45 53 56 59 64 67 70 71 81 83 88 92 
83 18 2 13 15 31 33 35 39 40 57 58 65 69 79 81 82 85 95 96 
84 16 0 2 13 17 19 20 23 34 42 52 66 80 81 92 96 99 
85 16 0 3 8 10 14 25 41 44 51 57 76 83 88 89 91 98 
86 23 2 8 15 17 24 26 27 29 41 42 44 50 55 58 67 68 72 88 91 92 94 95 99 
87 18 3 21 24 25 29 30 34 37 49 51 52 53 60 63 74 80 92 99 
88 16 0 6 16 22 24 29 30 38 45 59 82 85 86 89 92 93 
89 17 20 23 25 27 32 34 43 58 60 62 64 66 67 85 88 95 97 
90 16 2 3 7 9 12 40 46 59 60 63 64 70 76 78 80 99 
91 22 1 5 15 18 20 26 36 38 44 51 52 54 67 71 72 77 79 85 86 94 98 99 
92 27 1 3 5 6 9 13 15 16 19 22 25 33 34 35 36 39 43 47 51 59 74 77 82 84 86 87 88 
93 20 4 13 15 31 32 35 44 45 46 49 50 62 63 64 68 73 88 95 96 99 
94 21 0 1 7 8 13 21 23 37 45 50 53 54 61 64 65 69 74 79 86 91 97 
95 22 0 2 7 12 13 14 15 28 29 53 56 58 62 63 70 76 81 83 86 89 93 96 
96 16 3 15 17 20 24 25 29 40 60 71 75 83 84 93 95 97 
97 22 5 11 12 14 15 17 22 31 37 42 43 44 46 56 57 70 74 77 89 94 96 99 
98 17 1 9 10 18 23 25 28 31 50 51 59 63 66 68 75 85 91 
99 24 1 3 7 22 25 42 45 47 48 51 55 56 60 62 67 75 79 84 86 87 90 91 93 97 
