100 177
0 3 7 76 81 
1 3 65 75 77 
2 1 7 
3 1 42 
4 3 10 25 59 
5 4 12 20 34 35 
6 2 33 64 
7 7 0 2 16 36 42 57 62 
8 4 14 46 52 68 
9 3 10 36 38 
10 4 4 9 18 89 
11 2 22 85 
12 4 5 75 77 94 
13 3 27 42 80 
14 5 8 49 80 92 98 
15 7 22 52 67 88 92 96 97 
16 4 7 29 64 90 
17 4 41 49 57 84 
18 4 10 20 45 57 
19 3 35 63 66 
20 5 5 18 32 57 76 
21 2 40 70 
22 5 11 15 58 73 97 
23 3 24 32 60 
24 4 23 27 40 82 
25 6 4 43 47 55 93 98 
26 2 28 41 
27 4 13 24 62 75 
28 4 26 42 63 72 
29 2 16 90 
30 3 48 62 75 
31 5 38 45 49 50 89 
32 3 20 23 39 
33 3 6 87 89 
34 7 5 49 52 55 79 86 95 
35 2 5 19 
36 7 7 9 44 50 72 76 88 
37 1 73 
38 7 9 31 43 51 56 77 95 
39 5 32 49 87 88 97 
40 6 21 24 59 61 85 93 
41 4 17 26 76 77 
42 5 3 7 13 28 93 
43 2 25 38 
44 4 36 56 78 95 
45 4 18 31 49 86 
46 2 8 76 
47 3 25 84 85 
48 1 30 
49 6 14 17 31 34 39 45 
50 2 31 36 
51 3 38 83 89 
52 4 8 15 34 77 
53 3 57 64 66 
54 2 62 74 
55 4 25 34 74 89 
56 4 38 44 62 70 
57 5 7 17 18 20 53 
58 3 22 68 74 
59 4 4 40 62 71 
60 1 23 
61 3 40 63 80 
62 7 7 27 30 54 56 59 68 
63 3 19 28 61 
64 6 6 16 53 73 85 98 
65 2 1 99 
66 3 19 53 97 
67 2 15 81 
68 5 8 58 62 78 79 
69 0 
70 2 21 56 
71 2 59 93 
72 4 28 36 77 81 
73 4 22 37 64 79 
74 3 54 55 58 
75 4 1 12 27 30 
76 6 0 20 36 41 46 87 
77 7 1 12 38 41 52 72 99 
78 2 44 68 
79 3 34 68 73 
80 3 13 14 61 
81 3 0 67 72 
82 1 24 
83 1 51 
84 2 17 47 
85 5 11 40 47 64 91 
86 2 34 45 
87 4 33 39 76 90 
88 4 15 36 39 97 
89 5 10 31 33 51 55 
90 5 16 29 87 96 98 
91 1 85 
92 3 14 15 93 
93 6 25 40 42 71 92 94 
94 2 12 93 
95 3 34 38 44 
96 2 15 90 
97 5 15 22 39 66 88 
98 4 14 25 64 90 
99 2 65 77 
