100 499
0 11 12 13 20 42 59 60 66 79 84 88 95 
1 3 28 69 92 
2 9 9 34 38 46 48 69 78 84 86 
3 15 5 10 13 38 41 45 59 61 70 79 80 85 87 90 92 
4 12 6 24 28 32 33 48 49 66 71 73 74 80 
5 16 3 17 21 26 30 31 41 46 51 58 67 73 74 91 92 97 
6 8 4 15 20 32 34 36 51 88 
7 11 10 16 17 28 35 55 66 70 78 95 99 
8 7 27 35 46 51 60 86 94 
9 9 2 15 32 35 72 76 79 90 92 
10 12 3 7 18 23 29 31 42 48 57 66 85 98 
11 9 21 26 40 53 68 69 70 74 97 
12 13 0 25 35 43 47 52 53 54 56 61 65 72 97 
13 11 0 3 32 37 44 46 48 67 83 84 92 
14 9 21 25 28 49 71 72 77 82 97 
15 17 6 9 23 27 28 31 52 61 62 64 65 79 80 92 93 95 96 
16 11 7 18 32 41 44 47 53 59 67 78 92 
17 9 5 7 40 68 78 82 84 86 97 
18 12 10 16 20 39 45 49 56 65 72 77 80 98 
19 5 22 38 47 60 92 
20 12 0 6 18 43 46 47 50 69 70 81 91 96 
21 14 5 11 14 33 35 42 44 45 52 62 69 72 81 94 
22 8 19 26 32 34 35 61 82 92 
23 8 10 15 41 47 50 52 82 89 
24 8 4 27 40 50 86 87 88 96 
25 9 12 14 47 54 61 66 82 87 96 
26 12 5 11 22 33 34 41 51 56 58 70 74 86 
27 12 8 15 24 28 30 42 49 54 55 58 69 75 
28 17 1 4 7 14 15 27 29 30 35 56 59 61 65 67 69 82 95 
29 9 10 28 36 52 74 75 80 87 96 
30 7 5 27 28 46 49 54 75 
31 9 5 10 15 32 41 51 60 68 83 
32 19 4 6 9 13 16 22 31 38 47 50 51 53 59 61 65 69 79 81 93 
33 4 4 21 26 82 
34 11 2 6 22 26 36 37 71 73 75 84 92 
35 17 7 8 9 12 21 22 28 36 39 56 66 71 72 81 83 92 93 
36 6 6 29 34 35 41 58 
37 9 13 34 38 43 44 46 47 71 94 
38 11 2 3 19 32 37 42 47 49 66 72 79 
39 6 18 35 43 68 79 83 
40 9 11 17 24 48 51 67 73 80 90 
41 12 3 5 16 23 26 31 36 52 60 61 78 81 
42 14 0 10 21 27 38 52 54 55 60 63 70 84 86 97 
43 10 12 20 37 39 54 56 74 82 89 92 
44 10 13 16 21 37 51 55 60 77 85 86 
45 9 3 18 21 52 58 71 88 93 99 
46 10 2 5 8 13 20 30 37 55 90 97 
47 13 12 16 19 20 23 25 32 37 38 72 77 81 92 
48 6 2 4 10 13 40 99 
49 9 4 14 18 27 30 38 52 75 77 
50 8 20 23 24 32 65 86 93 98 
51 14 5 6 8 26 31 32 40 44 60 75 85 91 98 99 
52 14 12 15 21 23 29 41 42 45 49 53 73 81 84 87 
53 10 11 12 16 32 52 57 58 64 81 95 
54 12 12 25 27 30 42 43 57 64 67 69 74 91 
55 7 7 27 42 44 46 67 78 
56 9 12 18 26 28 35 43 69 82 95 
57 7 10 53 54 59 67 72 83 
58 9 5 26 27 36 45 53 83 89 95 
59 11 0 3 16 28 32 57 76 80 90 92 98 
60 12 0 8 19 31 41 42 44 51 62 87 89 90 
61 11 3 12 15 22 25 28 32 41 63 66 94 
62 7 15 21 60 80 89 95 99 
63 5 42 61 87 90 98 
64 6 15 53 54 66 68 89 
65 10 12 15 18 28 32 50 69 78 83 94 
66 12 0 4 7 10 25 35 38 61 64 80 89 98 
67 13 5 13 16 28 40 54 55 57 68 82 89 91 99 
68 9 11 17 31 39 64 67 74 80 86 
69 15 1 2 11 20 21 27 28 32 54 56 65 78 81 83 94 
70 9 3 7 11 20 26 42 80 90 95 
71 8 4 14 34 35 37 45 82 96 
72 10 9 12 14 18 21 35 38 47 57 91 
73 7 4 5 34 40 52 74 80 
74 10 4 5 11 26 29 43 54 68 73 87 
75 9 27 29 30 34 49 51 78 79 96 
76 2 9 59 
77 5 14 18 44 47 49 
78 9 2 7 16 17 41 55 65 69 75 
79 12 0 3 9 15 32 38 39 75 83 91 94 99 
80 12 3 4 15 18 29 40 59 62 66 68 70 73 
81 10 20 21 32 35 41 47 52 53 69 83 
82 13 14 17 22 23 25 28 33 43 56 67 71 83 88 
83 12 13 31 35 39 57 58 65 69 79 81 82 85 
84 7 0 2 13 17 34 42 52 
85 8 3 10 44 51 83 88 91 98 
86 13 2 8 17 24 26 42 44 50 68 88 91 94 95 
87 9 3 24 25 29 52 60 63 74 99 
88 9 0 6 24 45 82 85 86 89 93 
89 10 23 43 58 60 62 64 66 67 88 95 
90 8 3 9 40 46 59 60 63 70 
91 11 5 20 51 54 67 72 79 85 86 98 99 
92 14 1 3 5 9 13 15 16 19 22 34 35 43 47 59 
93 7 15 32 35 45 50 88 96 
94 8 8 21 37 61 65 69 79 86 
95 11 0 7 15 28 53 56 58 62 70 86 89 
96 8 15 20 24 25 29 71 75 93 
97 8 5 11 12 14 17 42 46 99 
98 9 10 18 50 51 59 63 66 85 91 
99 10 7 45 48 51 62 67 79 87 91 97 
