100 229
0 4 7 61 76 81 
1 4 65 75 77 85 
2 1 7 
3 1 42 
4 5 9 10 25 59 82 
5 4 12 20 34 35 
6 3 33 52 64 
7 8 0 2 16 18 36 42 57 62 
8 5 14 16 46 52 68 
9 8 4 10 22 36 38 45 70 76 
10 5 4 9 18 76 89 
11 2 22 85 
12 4 5 75 77 94 
13 3 27 42 80 
14 5 8 49 80 92 98 
15 9 22 52 59 67 84 88 92 96 97 
16 6 7 8 23 29 64 90 
17 5 41 49 57 84 97 
18 5 7 10 20 45 57 
19 3 35 63 66 
20 7 5 18 32 46 57 76 78 
21 2 40 70 
22 7 9 11 15 30 58 73 97 
23 5 16 24 32 33 60 
24 6 23 27 40 68 82 96 
25 7 4 43 47 55 92 93 98 
26 3 28 41 82 
27 4 13 24 62 75 
28 5 26 42 63 70 72 
29 3 16 33 90 
30 4 22 48 62 75 
31 5 38 45 49 50 89 
32 4 20 23 39 57 
33 8 6 23 29 53 64 87 89 99 
34 7 5 49 52 55 79 86 95 
35 3 5 19 67 
36 8 7 9 44 50 62 72 76 88 
37 1 73 
38 8 9 31 43 51 56 77 93 95 
39 5 32 49 87 88 97 
40 6 21 24 59 61 85 93 
41 6 17 26 42 76 77 80 
42 7 3 7 13 28 41 72 93 
43 3 25 38 49 
44 4 36 56 78 95 
45 6 9 18 31 49 86 87 
46 3 8 20 76 
47 4 25 61 84 85 
48 3 30 87 90 
49 7 14 17 31 34 39 43 45 
50 4 31 36 57 74 
51 3 38 83 89 
52 5 6 8 15 34 77 
53 4 33 57 64 66 
54 2 62 74 
55 4 25 34 74 89 
56 4 38 44 62 70 
57 7 7 17 18 20 32 50 53 
58 3 22 68 74 
59 5 4 15 40 62 71 
60 1 23 
61 5 0 40 47 63 80 
62 8 7 27 30 36 54 56 59 68 
63 3 19 28 61 
64 7 6 16 33 53 73 85 98 
65 3 1 98 99 
66 4 19 53 84 97 
67 4 15 35 69 81 
68 6 8 24 58 62 78 79 
69 1 67 
70 5 9 21 28 56 83 
71 2 59 93 
72 5 28 36 42 77 81 
73 4 22 37 64 79 
74 5 50 54 55 58 94 
75 4 1 12 27 30 
76 8 0 9 10 20 36 41 46 87 
77 7 1 12 38 41 52 72 99 
78 3 20 44 68 
79 4 34 68 73 87 
80 5 13 14 41 61 88 
81 3 0 67 72 
82 3 4 24 26 
83 2 51 70 
84 4 15 17 47 66 
85 6 1 11 40 47 64 91 
86 2 34 45 
87 7 33 39 45 48 76 79 90 
88 5 15 36 39 80 97 
89 5 10 31 33 51 55 
90 6 16 29 48 87 96 98 
91 2 85 99 
92 4 14 15 25 93 
93 8 25 38 40 42 71 92 94 99 
94 3 12 74 93 
95 3 34 38 44 
96 3 15 24 90 
97 6 15 17 22 39 66 88 
98 5 14 25 64 65 90 
99 5 33 65 77 91 93 
