100 465
0 5 4 7 61 76 81 
1 7 23 42 65 75 77 78 85 
2 9 5 7 21 22 25 44 72 74 90 
3 5 30 42 60 72 86 
4 14 0 8 9 10 21 22 25 31 38 59 61 72 82 99 
5 11 2 11 12 15 20 27 34 35 41 60 71 
6 5 23 33 42 52 64 
7 19 0 2 16 18 25 27 32 36 41 42 57 59 62 64 67 75 79 87 96 
8 10 4 11 12 14 16 46 52 64 68 78 
9 13 4 10 19 22 36 38 45 47 58 70 76 79 93 
10 11 4 9 18 21 66 72 76 89 90 94 95 
11 6 5 8 22 63 74 85 
12 9 5 8 37 44 75 77 88 91 94 
13 7 27 42 43 44 54 80 88 
14 6 8 38 49 80 92 98 
15 15 5 22 24 27 32 52 59 61 67 82 84 88 92 96 97 
16 10 7 8 23 29 32 61 64 75 90 97 
17 13 18 36 41 49 53 57 67 82 84 90 91 92 97 
18 10 7 10 17 20 22 45 56 57 86 90 
19 5 9 35 63 66 72 
20 9 5 18 32 40 46 55 57 76 78 
21 10 2 4 10 40 65 70 74 83 84 98 
22 12 2 4 9 11 15 18 30 32 58 61 73 97 
23 9 1 6 16 24 31 32 33 60 69 
24 12 15 23 27 31 40 53 68 73 82 94 96 98 
25 11 2 4 7 43 47 55 58 59 92 93 98 
26 6 28 41 43 52 69 82 
27 9 5 7 13 15 24 62 75 96 99 
28 10 26 42 45 63 69 70 72 73 77 83 
29 3 16 33 90 
30 7 3 22 48 62 75 81 84 
31 12 4 23 24 38 45 49 50 56 60 82 83 89 
32 11 7 15 16 20 22 23 39 57 68 81 98 
33 11 6 23 29 53 60 64 66 68 87 89 99 
34 11 5 42 49 52 55 68 79 86 93 95 99 
35 8 5 19 39 40 49 67 90 93 
36 13 7 9 17 44 50 60 62 70 72 76 86 88 91 
37 3 12 73 95 
38 11 4 9 14 31 43 51 56 62 77 93 95 
39 8 32 35 46 49 75 87 88 97 
40 10 20 21 24 35 42 59 61 72 85 93 
41 9 5 7 17 26 42 47 76 77 80 
42 15 1 3 6 7 13 28 34 40 41 45 52 70 71 72 93 
43 9 13 25 26 38 49 52 66 71 94 
44 8 2 12 13 36 56 78 83 95 
45 10 9 18 28 31 42 49 69 70 86 87 
46 9 8 20 39 51 54 59 61 64 76 
47 9 9 25 41 57 61 75 84 85 88 
48 6 30 49 50 66 87 90 
49 12 14 17 31 34 35 39 43 45 48 54 62 78 
50 6 31 36 48 57 74 75 
51 5 38 46 81 83 89 
52 10 6 8 15 26 34 42 43 66 77 82 
53 8 17 24 33 57 64 66 67 75 
54 7 13 46 49 62 64 74 78 
55 6 20 25 34 74 89 90 
56 8 18 31 38 44 62 70 71 92 
57 9 7 17 18 20 32 47 50 53 83 
58 7 9 22 25 68 74 91 99 
59 12 4 7 15 25 40 46 62 68 71 74 91 96 
60 9 3 5 23 31 33 36 65 83 92 
61 12 0 4 15 16 22 40 46 47 63 75 77 80 
62 15 7 27 30 36 38 49 54 56 59 68 70 79 89 94 98 
63 7 11 19 28 61 87 94 95 
64 13 6 7 8 16 33 46 53 54 73 85 91 97 98 
65 8 1 21 60 68 90 97 98 99 
66 12 10 19 33 43 48 52 53 80 84 86 91 97 
67 8 7 15 17 35 53 69 74 81 
68 13 8 24 32 33 34 58 59 62 65 78 79 84 94 
69 7 23 26 28 45 67 79 83 
70 10 9 21 28 36 42 45 56 62 81 83 
71 7 5 42 43 56 59 81 93 
72 11 2 3 4 10 19 28 36 40 42 77 81 
73 6 22 24 28 37 64 79 
74 12 2 11 21 50 54 55 58 59 67 83 94 95 
75 11 1 7 12 16 27 30 39 47 50 53 61 
76 8 0 9 10 20 36 41 46 87 
77 9 1 12 28 38 41 52 61 72 99 
78 8 1 8 20 44 49 54 68 94 
79 8 7 9 34 62 68 69 73 87 
80 6 13 14 41 61 66 88 
81 9 0 30 32 51 67 70 71 72 86 
82 7 4 15 17 24 26 31 52 
83 10 21 28 31 44 51 57 60 69 70 74 
84 8 15 17 21 30 47 66 68 98 
85 8 1 11 40 47 64 88 91 95 
86 8 3 18 34 36 45 66 81 87 
87 10 7 33 39 45 48 63 76 79 86 90 
88 10 12 13 15 36 39 47 80 85 97 99 
89 6 10 31 33 51 55 62 
90 14 2 10 16 17 18 29 35 48 55 65 87 94 96 98 
91 10 12 17 36 58 59 64 66 85 97 99 
92 8 14 15 17 25 56 60 93 98 
93 11 9 25 34 35 38 40 42 71 92 94 99 
94 12 10 12 24 43 62 63 68 74 78 90 93 96 
95 8 10 34 37 38 44 63 74 85 
96 7 7 15 24 27 59 90 94 
97 10 15 16 17 22 39 64 65 66 88 91 
98 12 14 21 24 25 32 62 64 65 84 90 92 99 
99 11 4 27 33 34 58 65 77 88 91 93 98 
