120 1397
0 17 4 7 10 26 27 38 46 48 53 55 61 65 76 81 84 102 116 
1 28 3 8 15 18 22 31 44 45 46 48 55 56 57 58 63 65 67 79 82 84 87 96 98 99 102 110 113 114 
2 18 3 4 32 34 35 41 46 50 58 70 75 86 95 97 98 107 111 116 
3 22 1 2 5 12 17 19 26 28 43 44 45 56 57 60 65 66 73 94 96 107 117 119 
4 18 0 2 5 11 19 25 26 27 29 34 41 48 49 55 74 85 89 119 
5 19 3 4 12 16 26 28 35 37 45 57 58 67 84 99 101 103 110 112 117 
6 28 8 9 13 14 22 24 29 31 34 36 39 42 47 51 59 68 74 75 77 78 79 82 88 92 100 109 112 115 
7 27 0 13 15 19 24 29 34 35 36 51 60 63 70 77 78 79 86 88 91 97 99 101 106 107 110 111 117 
8 21 1 6 9 10 23 25 32 37 40 42 80 85 91 95 99 106 108 109 113 114 116 
9 22 6 8 13 16 18 19 20 24 25 45 46 48 57 60 65 71 77 80 82 89 102 105 
10 28 0 8 12 16 19 23 31 41 49 50 52 55 63 64 66 68 69 76 88 97 103 104 105 110 111 112 115 119 
11 20 4 13 25 28 33 34 41 45 57 66 70 75 76 78 81 87 95 105 116 118 
12 31 3 5 10 15 16 23 27 29 31 37 39 40 41 42 47 55 57 66 67 74 75 76 79 82 89 97 99 103 107 111 112 
13 32 6 7 9 11 14 15 16 18 21 24 34 37 39 42 46 53 56 57 58 63 66 67 68 69 76 78 82 89 92 110 113 115 
14 26 6 13 18 22 26 30 36 39 45 51 53 54 59 60 61 66 70 72 82 88 89 94 95 104 106 107 
15 14 1 7 12 13 18 32 36 42 43 46 61 89 92 98 
16 17 5 9 10 12 13 34 42 43 48 57 59 64 78 80 82 93 103 
17 23 3 18 19 23 37 43 48 52 61 62 64 71 76 78 80 85 87 98 102 113 115 116 117 
18 23 1 9 13 14 15 17 27 35 37 51 54 58 61 62 63 66 69 77 90 97 99 104 113 
19 22 3 4 7 9 10 17 31 32 36 45 48 50 58 64 65 73 78 87 92 99 101 103 
20 20 9 23 26 27 35 38 39 40 44 72 73 78 81 94 95 96 97 105 107 115 
21 13 13 24 37 40 42 53 77 79 81 89 99 102 111 
22 24 1 6 14 26 29 43 44 46 47 64 67 70 71 73 74 77 78 82 84 92 95 104 113 117 
23 14 8 10 12 17 20 44 56 65 66 72 92 101 106 119 
24 23 6 7 9 13 21 25 30 33 38 44 55 62 66 67 69 73 76 77 88 99 100 106 112 
25 26 4 8 9 11 24 26 27 29 34 39 47 48 58 63 71 76 88 90 106 107 109 111 115 116 117 119 
26 33 0 3 4 5 14 20 22 25 27 28 29 31 38 41 46 50 52 53 55 62 63 65 66 70 77 80 83 89 94 96 100 107 114 
27 26 0 4 12 18 20 25 26 29 31 35 37 39 40 49 64 67 68 82 88 90 93 94 107 112 113 114 
28 20 3 5 11 26 30 32 34 42 44 48 58 60 63 64 94 101 106 107 111 117 
29 28 4 6 7 12 22 25 26 27 30 39 42 48 53 56 57 60 61 65 67 70 81 82 94 98 99 100 111 114 
30 28 14 24 28 29 33 43 47 51 58 59 63 64 66 73 77 92 94 95 96 97 98 100 104 107 108 112 115 119 
31 27 1 6 10 12 19 26 27 32 34 35 36 40 47 52 60 62 74 81 82 85 100 106 107 109 112 114 115 
32 20 2 8 15 19 28 31 36 45 46 47 64 68 80 83 93 97 99 102 105 112 
33 22 11 24 30 35 39 40 42 48 49 56 58 62 65 66 71 76 78 83 95 99 100 103 
34 26 2 4 6 7 11 13 16 25 28 31 38 39 46 49 53 55 56 73 74 75 76 81 83 86 98 113 
35 30 2 5 7 18 20 27 31 33 46 47 51 54 61 65 74 75 76 77 78 82 86 87 90 91 95 98 101 102 107 114 
36 22 6 7 14 15 19 31 32 40 41 45 48 58 62 70 73 75 86 99 103 104 113 114 
37 24 5 8 12 13 17 18 21 27 45 47 49 50 52 54 55 63 70 77 104 105 106 111 112 114 
38 24 0 20 24 26 34 39 55 61 66 71 78 82 85 90 92 99 101 102 106 107 108 110 112 118 
39 22 6 12 13 14 20 25 27 29 33 34 38 44 59 62 64 68 72 74 78 83 111 118 
40 26 8 12 20 21 27 31 33 36 45 52 54 55 56 63 70 78 79 88 89 91 95 98 100 115 118 119 
41 18 2 4 10 11 12 26 36 50 55 60 64 70 81 83 87 104 112 115 
42 30 6 8 12 13 15 16 21 28 29 33 44 47 49 50 60 64 67 72 75 80 88 89 96 98 106 107 115 116 118 119 
43 24 3 15 16 17 22 30 49 51 52 54 57 72 73 74 82 84 87 91 93 98 103 108 112 114 
44 25 1 3 20 22 23 24 28 39 42 45 48 54 58 62 69 70 83 85 95 101 102 107 108 109 112 
45 28 1 3 5 9 11 14 19 32 36 37 40 44 60 61 67 68 69 75 83 87 89 94 100 104 109 112 114 116 
46 25 0 1 2 9 13 15 22 26 32 34 35 58 61 71 72 77 87 91 93 95 96 101 102 106 111 
47 21 6 12 22 25 30 31 32 35 37 42 57 61 63 76 85 87 89 92 101 112 116 
48 26 0 1 4 9 16 17 19 25 28 29 33 36 44 60 69 74 78 90 92 98 104 108 109 110 111 115 
49 20 4 10 27 33 34 37 42 43 51 53 63 65 76 79 80 84 94 107 110 113 
50 19 2 10 19 26 37 41 42 58 60 62 64 65 73 85 93 96 109 112 114 
51 19 6 7 14 18 30 35 43 49 57 73 75 98 99 101 105 108 111 112 117 
52 22 10 17 26 31 37 40 43 65 72 74 83 85 94 99 101 103 107 110 112 113 115 118 
53 25 0 13 14 21 26 29 34 49 54 59 61 64 74 75 78 79 83 87 90 96 97 100 101 110 114 
54 20 14 18 35 37 40 43 44 53 60 62 65 71 76 89 90 105 106 113 118 119 
55 24 0 1 4 10 12 24 26 34 37 38 40 41 62 65 67 75 79 82 90 91 101 107 114 117 
56 24 1 3 13 23 29 33 34 40 57 61 63 64 70 72 78 80 81 96 97 98 99 107 111 113 
57 28 1 3 5 9 11 12 13 16 29 43 47 51 56 62 71 73 82 93 94 95 97 99 100 105 112 114 117 119 
58 26 1 2 5 13 18 19 25 28 30 33 36 44 46 50 69 75 80 89 96 98 99 102 104 106 108 119 
59 16 6 14 16 30 39 53 66 67 70 75 79 84 86 96 105 109 
60 25 3 7 9 14 28 29 31 41 42 45 48 50 54 61 69 70 72 73 74 79 86 89 104 111 116 
61 26 0 14 15 17 18 29 35 38 45 46 47 53 56 60 64 70 84 88 95 97 102 104 106 109 111 114 
62 23 17 18 24 26 31 33 36 39 44 50 54 55 57 63 66 68 73 87 90 93 97 105 114 
63 25 1 7 10 13 18 25 26 28 30 37 40 47 49 56 62 64 68 73 79 91 99 107 108 111 119 
64 29 10 16 17 19 22 27 28 30 32 39 41 42 50 53 56 61 63 66 72 75 77 79 85 93 96 98 103 106 119 
65 27 0 1 3 9 19 23 26 29 33 35 49 50 52 54 55 67 72 78 86 92 93 100 101 105 110 117 119 
66 19 3 10 11 12 13 14 18 23 24 26 30 33 38 59 62 64 80 102 114 
67 26 1 5 12 13 22 24 27 29 42 45 55 59 65 70 72 77 79 85 86 89 111 113 115 116 117 119 
68 22 6 10 13 27 32 39 45 62 63 70 71 73 75 83 84 86 105 110 111 114 115 116 
69 16 10 13 18 24 44 45 48 58 60 71 74 87 91 104 108 116 
70 32 2 7 11 14 22 26 29 36 37 40 41 44 56 59 60 61 67 68 78 86 89 92 94 96 99 102 103 104 105 107 110 115 
71 26 9 17 22 25 33 38 46 54 57 68 69 74 77 82 83 85 92 93 94 96 99 100 107 108 109 119 
72 23 14 20 23 39 42 43 46 52 56 60 64 65 67 79 80 81 84 90 94 95 97 103 106 
73 27 3 19 20 22 24 30 34 36 43 50 51 57 60 62 63 68 79 86 89 96 100 102 104 107 110 111 115 
74 23 4 6 12 22 31 34 35 39 43 48 52 53 60 69 71 78 84 85 90 93 94 100 102 
75 27 2 6 11 12 34 35 36 42 45 51 53 55 58 59 64 68 76 80 93 97 100 104 107 110 111 114 118 
76 24 0 10 11 12 13 17 24 25 33 34 35 47 49 54 75 82 84 89 93 96 108 110 112 114 
77 22 6 7 9 18 21 22 24 26 30 35 37 46 64 67 71 83 84 101 110 114 118 119 
78 34 6 7 11 13 16 17 19 20 22 33 35 38 39 40 48 53 56 65 70 74 81 82 83 85 92 94 96 99 109 112 113 115 116 119 
79 25 1 6 7 12 21 40 49 53 55 59 60 63 64 67 72 73 87 92 95 107 113 114 116 118 119 
80 21 8 9 16 17 26 32 42 49 56 58 66 72 75 87 93 96 97 107 110 112 116 
81 18 0 11 20 21 29 31 34 41 56 72 78 86 102 103 110 116 117 119 
82 24 1 6 9 12 13 14 16 22 27 29 31 35 38 43 55 57 71 76 78 87 101 109 116 118 
83 18 26 32 33 34 39 41 44 45 52 53 68 71 77 78 90 97 114 117 
84 17 0 1 5 22 43 49 59 61 68 72 74 76 77 86 108 109 117 
85 21 4 8 17 31 38 44 47 50 52 64 67 71 74 78 98 100 105 109 110 112 119 
86 20 2 7 34 35 36 59 60 65 67 68 70 73 81 84 92 93 97 108 113 118 
87 19 1 11 17 19 35 41 43 45 46 47 53 62 69 79 80 82 94 107 108 
88 20 6 7 10 14 24 25 27 40 42 61 92 93 98 102 103 105 109 110 112 115 
89 26 4 9 12 13 14 15 21 26 40 42 45 47 54 58 60 67 70 73 76 90 96 100 108 109 110 113 
90 21 18 25 27 35 38 48 53 54 55 62 72 74 83 89 94 97 101 104 114 115 117 
91 15 7 8 35 40 43 46 55 63 69 98 100 102 103 106 111 
92 20 6 13 15 19 22 23 30 38 47 48 65 70 71 78 79 86 88 95 116 118 
93 20 16 27 32 43 46 50 57 62 64 65 71 74 75 76 80 86 88 105 111 112 
94 24 3 14 20 26 27 28 29 30 45 49 52 57 70 71 72 74 78 87 90 100 101 104 105 112 
95 21 2 8 11 14 20 22 30 33 35 40 44 46 57 61 72 79 92 100 106 111 115 
96 25 1 3 20 26 30 42 46 50 53 56 58 59 64 70 71 73 76 78 80 89 97 102 104 107 116 
97 20 2 7 10 12 18 20 30 32 53 56 57 61 62 72 75 80 83 86 90 96 
98 22 1 2 15 17 29 30 34 35 40 42 43 48 51 56 58 64 85 88 91 110 111 114 
99 27 1 5 7 8 12 18 19 21 24 29 32 33 36 38 51 52 56 57 58 63 70 71 78 100 101 110 111 
100 23 6 24 26 29 30 31 33 40 45 53 57 65 71 73 74 75 85 89 91 94 95 99 112 
101 23 5 7 19 23 28 35 38 44 46 47 51 52 53 55 65 77 82 90 94 99 106 111 113 
102 21 0 1 9 17 21 32 35 38 44 46 58 61 66 70 73 74 81 88 91 96 114 
103 17 5 10 12 16 19 33 36 43 52 64 70 72 81 88 91 105 112 
104 22 10 14 18 22 30 36 37 41 45 48 58 60 61 69 70 73 75 90 94 96 110 114 
105 21 9 10 11 20 32 37 51 54 57 59 62 65 68 70 85 88 93 94 103 108 110 
106 24 7 8 14 23 24 25 28 31 37 38 42 46 54 58 61 64 72 91 95 101 107 110 113 117 
107 34 2 3 7 12 14 20 25 26 27 28 30 31 35 38 42 44 49 52 55 56 63 70 71 73 75 79 80 87 96 106 108 111 114 118 
108 19 8 30 38 43 44 48 51 58 63 69 71 76 84 86 87 89 105 107 119 
109 22 6 8 25 31 44 45 48 50 59 61 71 78 82 84 85 88 89 111 113 115 116 117 
110 28 1 5 7 10 13 38 48 49 52 53 65 68 70 73 75 76 77 80 81 85 88 89 98 99 104 105 106 111 
111 33 2 7 10 12 21 25 28 29 37 39 46 48 51 56 60 61 63 67 68 73 75 91 93 95 98 99 101 107 109 110 113 117 118 
112 30 5 6 10 12 24 27 30 31 32 37 38 41 43 44 45 47 50 51 52 57 76 78 80 85 88 93 94 100 103 114 
113 25 1 8 13 17 18 22 27 34 36 49 52 54 56 67 78 79 86 89 101 106 109 111 114 115 117 
114 33 1 8 26 27 29 31 35 36 37 43 45 50 53 55 57 61 62 66 68 75 76 77 79 83 90 98 102 104 107 112 113 115 118 
115 25 6 10 13 17 20 25 30 31 40 41 42 48 52 67 68 70 73 78 88 90 95 109 113 114 119 
116 21 0 2 8 11 17 25 42 45 47 60 67 68 69 78 79 80 81 82 92 96 109 
117 20 3 5 7 17 22 25 28 51 55 57 65 67 81 83 84 90 106 109 111 113 
118 16 11 38 39 40 42 52 54 75 77 79 82 86 92 107 111 114 
119 23 3 4 10 23 25 30 40 42 54 57 58 63 64 65 67 71 77 78 79 81 85 108 115 
