120 736
0 11 12 13 20 42 59 60 66 79 84 88 95 
1 6 8 49 72 86 111 115 
2 14 6 8 29 38 44 46 61 66 69 94 97 101 115 117 
3 19 10 19 20 25 27 30 32 41 59 63 67 68 83 84 101 106 108 109 115 
4 15 31 35 40 44 45 55 60 65 72 81 87 88 105 106 111 
5 11 8 13 25 27 29 44 81 95 101 102 113 
6 12 2 7 27 38 42 50 67 71 90 98 109 114 
7 9 6 11 37 45 56 73 76 113 117 
8 16 1 2 5 9 20 22 37 42 48 50 61 67 76 85 104 117 
9 12 8 18 23 37 50 65 66 67 71 94 109 119 
10 16 3 18 22 27 28 29 31 36 40 47 72 93 98 105 107 109 
11 12 7 20 36 37 45 59 63 66 87 109 110 115 
12 19 0 13 28 38 42 43 46 67 76 77 79 80 94 95 107 108 110 111 116 
13 13 0 5 12 24 33 36 39 45 51 59 70 84 114 
14 12 37 47 51 53 55 66 70 89 95 99 106 115 
15 9 18 23 26 44 48 64 73 86 118 
16 11 45 48 49 52 71 72 83 93 98 113 115 
17 14 20 22 23 30 40 47 50 59 72 81 87 89 90 116 
18 11 9 10 15 36 46 71 77 80 82 112 119 
19 8 3 32 45 55 91 92 93 101 
20 18 0 3 8 11 17 27 34 41 46 62 67 76 86 87 94 104 109 111 
21 12 25 29 41 55 57 69 76 81 82 85 96 102 
22 15 8 10 17 30 31 36 57 60 62 66 68 70 83 96 107 
23 13 9 15 17 27 49 50 55 62 71 90 93 98 119 
24 7 13 49 58 68 77 85 100 
25 15 3 5 21 28 37 40 41 43 49 51 55 59 69 71 83 
26 8 15 45 64 65 99 101 103 112 
27 18 3 5 6 10 20 23 28 36 39 56 66 71 72 81 83 92 93 104 
28 11 10 12 25 27 30 72 77 78 80 81 105 
29 12 2 5 10 21 38 47 52 54 71 77 84 108 
30 12 3 17 22 28 44 55 59 83 86 102 108 115 
31 12 4 10 22 37 57 65 66 83 86 114 116 117 
32 12 3 19 35 38 45 59 61 72 85 87 105 113 
33 11 13 34 37 51 55 60 77 85 86 106 112 
34 9 20 33 40 57 62 68 77 112 119 
35 6 4 32 62 67 71 82 
36 10 10 11 13 18 22 27 57 60 83 85 
37 16 7 8 9 11 14 25 31 33 40 61 68 73 83 98 108 114 
38 16 2 6 12 29 32 40 41 42 62 70 73 76 92 93 99 116 
39 10 13 27 50 57 64 67 69 74 91 111 
40 13 4 10 17 25 34 37 38 43 77 90 103 109 117 
41 10 3 20 21 25 38 44 55 96 102 108 
42 16 0 6 8 12 38 52 56 66 68 74 77 102 104 105 116 119 
43 8 12 25 40 71 94 103 109 113 
44 13 2 4 5 15 30 41 62 65 73 76 78 99 113 
45 16 4 7 11 13 16 19 26 32 48 53 64 83 92 101 103 117 
46 14 2 12 18 20 51 53 61 67 73 79 101 104 106 117 
47 9 10 14 17 29 60 70 75 90 104 
48 10 8 15 16 45 55 64 70 102 117 118 
49 6 1 16 23 24 25 65 
50 11 6 8 9 17 23 39 69 77 80 85 106 
51 12 13 14 25 33 46 55 60 73 105 108 115 118 
52 12 16 29 42 54 57 58 74 75 79 91 111 112 
53 9 14 45 46 56 73 78 89 94 113 
54 10 29 52 59 70 89 91 108 109 113 117 
55 16 4 14 19 21 23 25 30 33 41 48 51 59 75 96 105 119 
56 9 7 27 42 53 63 75 91 92 106 
57 14 21 22 31 34 36 39 52 63 75 76 90 97 104 108 
58 13 24 52 61 63 65 72 81 89 97 105 112 117 118 
59 14 0 3 11 13 17 25 30 32 54 55 60 85 88 95 
60 18 0 4 22 33 36 47 51 59 62 66 77 85 87 99 100 104 105 112 
61 10 2 8 32 37 46 58 66 79 81 103 
62 13 20 22 23 34 35 38 44 60 81 85 88 95 114 
63 11 3 11 56 57 58 91 94 96 101 106 113 
64 8 15 26 39 45 48 95 110 116 
65 12 4 9 26 31 44 49 58 71 81 94 95 118 
66 16 0 2 9 11 14 22 27 31 42 60 61 72 78 85 108 115 
67 11 3 6 8 9 12 20 35 39 46 71 114 
68 14 3 22 24 34 37 42 72 77 84 90 106 110 111 118 
69 9 2 21 25 39 50 86 97 107 108 
70 15 13 14 22 38 47 48 54 81 82 88 89 92 105 114 117 
71 19 6 9 16 18 23 25 27 29 35 43 65 67 72 84 88 90 92 99 118 
72 18 1 4 10 16 17 27 28 32 58 66 68 71 74 81 97 98 110 119 
73 13 7 15 37 38 44 46 51 53 75 85 91 98 107 
74 7 39 42 52 72 76 87 118 
75 12 47 52 55 56 57 73 79 89 93 100 105 119 
76 13 7 8 12 20 21 38 44 57 74 100 101 104 110 
77 17 12 18 24 28 29 33 34 40 42 50 60 68 86 94 98 102 103 
78 7 28 44 53 66 84 85 89 
79 7 0 12 46 52 61 75 80 
80 8 12 18 28 50 79 85 105 109 
81 14 4 5 17 21 27 28 58 61 62 65 70 72 84 107 
82 10 18 21 35 70 87 96 100 101 102 108 
83 14 3 16 22 25 27 30 31 36 37 45 90 98 102 110 
84 15 0 3 13 29 68 71 78 81 90 95 102 108 113 116 117 
85 18 8 21 24 32 33 36 50 59 60 62 66 73 78 80 94 98 108 110 
86 13 1 15 20 30 31 33 69 77 88 102 103 105 113 
87 13 4 11 17 20 32 60 74 82 91 102 109 113 115 
88 8 0 4 59 62 70 71 86 93 
89 9 14 17 53 54 58 70 75 78 90 
90 15 6 17 23 40 47 57 68 71 83 84 89 104 105 116 118 
91 13 19 39 52 54 56 63 73 87 92 95 99 104 109 
92 10 19 27 38 45 56 70 71 91 107 118 
93 12 10 16 19 23 27 38 75 88 97 111 113 116 
94 15 2 9 12 20 43 53 63 65 77 85 95 98 105 110 117 
95 14 0 5 12 14 59 62 64 65 84 91 94 97 102 118 
96 9 21 22 41 55 63 82 98 99 115 
97 13 2 57 58 69 72 93 95 104 107 108 115 117 118 
98 12 6 10 16 23 37 72 73 77 83 85 94 96 
99 10 14 26 38 44 60 71 91 96 104 108 
100 7 24 60 75 76 82 104 115 
101 12 2 3 5 19 26 45 46 63 76 82 109 119 
102 15 5 21 30 41 42 48 77 82 83 84 86 87 95 106 111 
103 8 26 40 43 45 61 77 86 116 
104 14 8 20 27 42 46 47 57 60 76 90 91 97 99 100 
105 19 4 10 28 32 42 51 55 58 60 70 75 80 86 90 94 110 111 115 118 
106 11 3 4 14 33 46 50 56 63 68 102 110 
107 10 10 12 22 69 73 81 92 97 109 119 
108 17 3 12 29 30 37 41 51 54 57 66 69 82 84 85 97 99 117 
109 14 3 6 9 10 11 20 40 43 54 80 87 91 101 107 
110 12 11 12 64 68 72 76 83 85 94 105 106 117 
111 11 1 4 12 20 39 52 68 93 102 105 119 
112 8 18 26 33 34 52 58 60 119 
113 14 5 7 16 32 43 44 53 54 63 84 86 87 93 119 
114 7 6 13 31 37 62 67 70 
115 15 1 2 3 11 14 16 30 51 66 87 96 97 100 105 116 
116 12 12 17 31 38 42 64 84 90 93 103 115 118 
117 16 2 7 8 31 40 45 46 48 54 58 70 84 94 97 108 110 
118 14 15 48 51 58 65 68 71 74 90 92 95 97 105 116 
119 13 9 18 23 34 42 55 72 75 101 107 111 112 113 
