120 306
0 6 20 42 59 79 84 95 
1 1 111 
2 7 38 46 66 69 94 97 115 
3 6 20 25 27 30 106 109 
4 5 31 55 60 88 105 
5 1 27 
6 4 7 42 67 109 
7 4 6 37 56 73 
8 4 42 61 76 85 
9 6 50 65 71 94 109 119 
10 5 18 28 29 107 109 
11 6 36 37 45 66 87 115 
12 10 13 42 76 77 79 80 107 108 110 111 
13 6 12 24 39 51 59 70 
14 6 51 53 55 70 89 106 
15 1 64 
16 4 52 71 98 115 
17 7 23 30 40 50 81 87 89 
18 4 10 46 77 82 
19 2 91 92 
20 9 0 3 27 34 46 67 86 109 111 
21 7 25 41 69 76 81 85 102 
22 4 36 60 70 107 
23 5 17 49 50 90 119 
24 4 13 49 58 100 
25 5 3 21 41 69 83 
26 3 45 101 112 
27 9 3 5 20 56 66 81 92 93 104 
28 3 10 78 80 
29 4 10 47 71 108 
30 6 3 17 44 59 83 115 
31 4 4 37 66 86 
32 6 38 45 59 72 85 105 
33 6 37 51 55 77 85 112 
34 2 20 77 
35 3 62 67 82 
36 3 11 22 83 
37 6 7 11 31 33 40 73 
38 7 2 32 41 42 70 92 116 
39 5 13 57 69 74 91 
40 2 17 37 
41 4 21 25 38 44 
42 8 0 6 8 12 38 52 68 119 
43 1 109 
44 7 30 41 62 73 78 99 113 
45 8 11 26 32 48 64 83 92 103 
46 8 2 18 20 51 73 79 106 117 
47 1 29 
48 3 45 102 117 
49 3 23 24 65 
50 7 9 17 23 69 80 85 106 
51 7 13 14 33 46 55 73 118 
52 7 16 42 57 74 75 79 112 
53 5 14 56 73 89 94 
54 2 59 117 
55 8 4 14 33 51 75 96 105 119 
56 5 7 27 53 75 92 
57 5 39 52 75 97 108 
58 4 24 105 112 117 
59 6 0 13 30 32 54 95 
60 8 4 22 62 66 85 87 104 112 
61 1 8 
62 5 35 44 60 81 88 
63 3 94 101 113 
64 4 15 45 95 110 
65 3 9 49 81 
66 6 2 11 27 31 60 72 
67 4 6 20 35 71 
68 4 42 77 84 106 
69 7 2 21 25 39 50 107 108 
70 7 13 14 22 38 82 89 92 
71 7 9 16 29 67 84 88 90 
72 3 32 66 119 
73 8 7 37 44 46 51 53 85 98 
74 3 39 52 118 
75 6 52 55 56 57 89 93 
76 5 8 12 21 100 101 
77 9 12 18 33 34 68 94 98 102 103 
78 4 28 44 84 85 
79 4 0 12 46 52 
80 5 12 28 50 105 109 
81 6 17 21 27 62 65 84 
82 6 18 35 70 100 101 102 
83 5 25 30 36 45 90 
84 8 0 68 71 78 81 102 108 116 
85 9 8 21 32 33 50 60 73 78 94 
86 5 20 31 88 102 113 
87 5 11 17 60 109 113 
88 4 4 62 71 86 
89 6 14 17 53 70 75 90 
90 4 23 71 83 89 
91 3 19 39 99 
92 8 19 27 38 45 56 70 107 118 
93 4 27 75 113 116 
94 9 2 9 53 63 77 85 105 110 117 
95 4 0 59 64 102 
96 2 55 115 
97 6 2 57 104 108 117 118 
98 3 16 73 77 
99 3 44 91 104 
100 4 24 76 82 115 
101 4 26 63 76 82 
102 9 21 48 77 82 84 86 95 106 111 
103 3 45 77 116 
104 4 27 60 97 99 
105 8 4 32 55 58 80 94 110 115 
106 7 3 14 46 50 68 102 110 
107 6 10 12 22 69 92 109 
108 6 12 29 57 69 84 97 
109 9 3 6 9 10 20 43 80 87 107 
110 5 12 64 94 105 106 
111 5 1 12 20 102 119 
112 5 26 33 52 58 60 
113 5 44 63 86 87 93 
114 0 
115 8 2 11 16 30 96 100 105 116 
116 5 38 84 93 103 115 
117 6 46 48 54 58 94 97 
118 4 51 74 92 97 
119 6 9 23 42 55 72 111 
