120 635
0 5 4 7 61 76 81 
1 10 22 45 55 57 65 82 84 98 99 102 
2 6 32 34 50 86 98 116 
3 14 12 26 43 44 45 56 57 60 66 73 94 96 107 117 
4 10 0 19 26 29 34 41 48 49 55 85 
5 9 16 26 35 45 57 101 103 112 117 
6 17 8 13 14 29 31 34 36 39 47 51 59 68 74 77 79 109 115 
7 14 0 15 19 29 51 60 63 77 79 86 88 99 111 117 
8 10 6 9 23 37 85 95 108 109 113 114 
9 5 8 19 60 71 82 
10 11 12 19 50 52 63 66 69 88 103 104 105 
11 5 33 41 76 87 118 
12 17 3 10 23 29 37 39 42 47 67 74 82 97 99 103 107 111 112 
13 11 6 15 21 24 53 56 67 82 92 110 115 
14 13 6 18 22 26 36 53 59 61 66 70 72 95 107 
15 8 7 13 32 36 61 89 92 98 
16 8 5 34 42 48 57 59 78 80 
17 10 18 43 48 61 62 76 85 87 113 116 
18 10 14 17 27 51 54 61 62 63 90 99 
19 14 4 7 9 10 32 36 45 58 73 78 87 99 101 103 
20 12 23 27 35 38 39 72 73 78 81 94 96 105 
21 5 13 24 37 89 102 
22 13 1 14 29 43 46 64 70 71 73 74 78 84 104 
23 7 8 12 20 65 92 106 119 
24 12 13 21 30 33 55 62 66 67 73 99 100 106 
25 5 29 47 58 109 116 
26 17 3 4 5 14 27 29 31 50 52 62 70 77 80 83 96 107 114 
27 13 18 20 26 29 31 39 40 49 67 90 93 107 113 
28 8 32 34 44 48 58 60 63 107 
29 18 4 6 7 12 22 25 26 27 39 48 56 61 67 82 98 100 111 114 
30 9 24 51 63 64 73 77 94 96 107 
31 12 6 26 27 32 40 47 52 81 82 85 107 114 
32 11 2 15 19 28 31 45 47 68 80 83 97 
33 8 11 24 39 56 78 83 95 103 
34 15 2 4 6 16 28 38 39 55 56 73 76 81 83 86 98 
35 11 5 20 47 51 65 74 75 78 90 91 107 
36 9 6 14 15 19 45 48 70 86 114 
37 7 8 12 21 49 104 106 112 
38 9 20 34 55 66 71 92 99 101 110 
39 12 6 12 20 27 29 33 34 62 64 74 78 118 
40 8 27 31 54 55 70 78 79 100 
41 7 4 11 55 81 87 112 115 
42 10 12 16 47 50 67 72 80 98 107 116 
43 9 3 17 22 52 57 82 84 108 112 
44 9 3 28 62 70 83 95 101 107 108 
45 18 1 3 5 19 32 36 60 67 68 69 83 87 89 94 100 104 109 116 
46 6 22 71 72 77 87 106 
47 13 6 12 25 31 32 35 42 61 63 89 101 112 116 
48 10 4 16 17 28 29 36 69 98 109 110 
49 5 4 27 37 79 113 
50 6 2 10 26 42 73 93 
51 10 6 7 18 30 35 101 105 108 112 117 
52 13 10 26 31 43 65 83 85 99 101 103 110 112 113 
53 9 13 14 54 59 61 83 100 101 114 
54 10 18 40 53 60 71 89 105 106 118 119 
55 11 1 4 24 34 38 40 41 65 75 82 91 
56 15 3 13 29 33 34 61 63 64 70 72 80 81 97 99 111 
57 14 1 3 5 16 43 82 93 97 99 100 105 114 117 119 
58 11 19 25 28 89 98 99 102 104 106 108 119 
59 7 6 14 16 53 66 67 96 
60 9 3 7 9 28 45 54 72 89 111 
61 14 0 14 15 17 18 29 47 53 56 70 88 97 104 109 
62 10 17 18 24 26 39 44 63 66 73 97 
63 12 7 10 18 28 30 47 56 62 68 73 91 119 
64 9 22 30 39 56 72 77 85 96 103 
65 10 1 23 35 52 55 78 93 101 105 119 
66 9 3 10 14 24 38 59 62 80 102 
67 13 12 13 24 27 29 42 45 59 72 77 79 85 113 
68 7 6 32 45 63 73 86 111 
69 6 10 45 48 71 91 108 
70 15 14 22 26 36 40 44 56 61 89 92 94 96 102 103 104 
71 11 9 22 38 46 54 69 74 94 99 100 108 
72 15 14 20 42 46 56 60 64 67 79 81 84 94 95 97 106 
73 14 3 19 20 22 24 30 34 50 62 63 68 79 107 110 
74 9 6 12 22 35 39 71 78 100 102 
75 4 35 55 76 80 
76 9 0 11 17 34 75 84 93 108 114 
77 11 6 7 26 30 46 64 67 84 101 110 118 
78 17 16 19 20 22 33 35 39 40 65 74 81 82 83 85 96 115 119 
79 13 6 7 40 49 67 72 73 92 107 114 116 118 119 
80 11 16 26 32 42 56 66 75 87 96 97 112 
81 11 0 20 31 34 41 56 72 78 86 116 119 
82 15 1 9 12 13 29 31 43 55 57 78 87 101 109 116 118 
83 11 26 32 33 34 44 45 52 53 78 90 117 
84 7 1 22 43 72 76 77 117 
85 14 4 8 17 31 52 64 67 78 98 100 105 110 112 119 
86 11 2 7 34 36 68 81 92 97 108 113 118 
87 9 11 17 19 41 45 46 80 82 94 
88 8 7 10 61 92 105 109 110 115 
89 12 15 21 45 47 54 58 60 70 90 100 108 110 
90 9 18 27 35 83 89 94 114 115 117 
91 5 35 55 63 69 106 
92 10 13 15 23 38 70 79 86 88 95 118 
93 6 27 50 57 65 76 112 
94 10 3 20 30 45 70 71 72 87 90 100 
95 9 8 14 33 44 72 92 106 111 115 
96 10 3 20 26 30 59 64 70 78 80 107 
97 9 12 32 56 57 61 62 72 80 86 
98 12 1 2 15 29 34 42 48 58 85 110 111 114 
99 13 1 7 12 18 19 24 38 52 56 57 58 71 110 
100 11 24 29 40 45 53 57 71 74 85 89 94 
101 13 5 19 38 44 47 51 52 53 65 77 82 106 111 
102 7 1 21 58 66 70 74 114 
103 9 5 10 12 19 33 52 64 70 112 
104 8 10 22 37 45 58 61 70 114 
105 9 10 20 51 54 57 65 85 88 108 
106 11 23 24 37 46 54 58 72 91 95 101 110 
107 18 3 12 14 26 27 28 30 31 35 42 44 73 79 96 108 111 114 118 
108 13 8 43 44 51 58 69 71 76 86 89 105 107 119 
109 13 6 8 25 45 48 61 82 88 111 113 115 116 117 
110 13 13 38 48 52 73 77 85 88 89 98 99 106 111 
111 14 7 12 29 56 60 68 95 98 101 107 109 110 113 117 
112 13 5 12 37 41 43 47 51 52 80 85 93 103 114 
113 11 8 17 27 49 52 67 86 109 111 114 117 
114 17 8 26 29 31 36 53 57 76 79 90 98 102 104 107 112 113 118 
115 8 6 13 41 78 88 90 95 109 
116 10 2 17 25 42 45 47 79 81 82 109 
117 11 3 5 7 51 57 83 84 90 109 111 113 
118 10 11 39 54 77 79 82 86 92 107 114 
119 11 23 54 57 58 63 65 78 79 81 85 108 
