140 811
0 5 4 7 61 76 81 
1 12 2 25 35 37 45 62 64 78 79 82 129 131 
2 12 1 10 46 58 76 102 119 120 121 132 133 136 
3 12 6 13 34 47 57 81 84 89 96 103 104 110 
4 9 0 5 50 60 69 79 91 135 137 
5 20 4 12 17 21 26 27 42 44 47 49 52 60 64 72 81 87 90 92 122 128 
6 15 3 7 11 21 43 52 55 69 71 78 80 103 109 112 126 
7 10 0 6 8 56 66 79 80 84 85 100 
8 11 7 10 21 32 71 78 109 111 122 125 128 
9 8 17 32 33 34 70 78 113 124 
10 18 2 8 26 38 44 52 54 62 82 89 97 112 114 118 122 126 127 136 
11 14 6 14 17 46 49 60 75 85 103 108 116 120 124 134 
12 12 5 24 30 32 37 41 43 66 78 107 111 136 
13 11 3 38 41 47 86 94 100 109 111 130 132 
14 9 11 47 72 77 90 91 105 114 116 
15 11 18 21 33 57 60 67 68 69 96 105 138 
16 12 19 28 41 56 70 82 84 105 109 117 120 121 
17 12 5 9 11 32 33 38 41 54 56 65 82 95 
18 13 15 26 39 63 77 98 104 105 107 108 112 118 138 
19 7 16 75 102 116 129 135 138 
20 11 41 48 52 53 59 85 86 92 109 127 138 
21 15 5 6 8 15 71 78 82 84 86 105 107 117 132 135 138 
22 11 34 45 52 59 61 70 79 97 120 123 137 
23 10 27 37 39 49 53 63 65 68 112 134 
24 12 12 28 36 41 62 78 80 91 94 120 132 133 
25 13 1 28 32 49 51 62 75 83 90 95 124 125 128 
26 11 5 10 18 37 44 62 64 85 97 100 114 
27 11 5 23 30 47 69 74 86 94 114 131 132 
28 13 16 24 25 41 46 48 63 96 100 114 123 124 139 
29 6 46 67 70 92 108 136 
30 7 12 27 44 99 101 107 131 
31 8 34 60 67 69 78 110 122 126 
32 11 8 9 12 17 25 59 74 90 98 99 120 
33 11 9 15 17 47 73 79 104 107 116 119 136 
34 12 3 9 22 31 36 62 71 80 92 97 122 124 
35 8 1 73 81 94 106 112 118 119 
36 16 24 34 42 49 50 51 65 69 71 76 82 86 98 126 127 132 
37 9 1 12 23 26 40 86 88 126 137 
38 8 10 13 17 40 64 93 104 105 
39 6 18 23 44 78 107 127 
40 8 37 38 104 108 111 115 120 135 
41 21 12 13 16 17 20 24 28 55 57 71 73 75 82 84 85 92 97 99 121 138 139 
42 10 5 36 55 66 77 95 111 112 125 135 
43 11 6 12 49 56 65 100 101 107 117 134 136 
44 15 5 10 26 30 39 53 86 97 101 103 104 109 118 121 123 
45 12 1 22 60 69 70 73 77 79 90 97 98 127 
46 8 2 11 28 29 69 86 108 125 
47 14 3 5 13 14 27 33 51 60 67 72 83 86 93 117 
48 9 20 28 53 58 76 104 112 125 136 
49 12 5 11 23 25 36 43 53 82 97 105 109 137 
50 7 4 36 70 92 97 99 133 
51 8 25 36 47 56 69 94 104 124 
52 13 5 6 10 20 22 54 84 89 91 97 98 117 137 
53 16 20 23 44 48 49 56 57 65 83 85 88 98 99 101 110 129 
54 10 10 17 52 72 75 88 110 112 130 134 
55 8 6 41 42 97 106 121 127 139 
56 14 7 16 17 43 51 53 73 82 94 95 98 109 128 132 
57 14 3 15 41 53 63 78 85 87 89 90 97 106 122 134 
58 10 2 48 83 86 91 105 113 120 122 130 
59 9 20 22 32 77 112 127 129 134 139 
60 14 4 5 11 15 31 45 47 62 69 75 80 91 101 109 
61 8 0 22 73 77 78 83 98 121 
62 13 1 10 24 25 26 34 60 64 65 67 84 100 123 
63 10 18 23 28 57 67 80 110 115 119 134 
64 9 1 5 26 38 62 105 106 109 125 
65 10 17 23 36 43 53 62 84 89 109 123 
66 16 7 12 42 67 75 100 103 106 110 122 124 126 128 129 130 133 
67 15 15 29 31 47 62 63 66 71 75 79 85 88 94 109 135 
68 10 15 23 72 92 100 109 111 122 130 137 
69 14 4 6 15 27 31 36 45 46 51 60 99 104 106 114 
70 11 9 16 22 29 45 50 73 81 84 94 130 
71 14 6 8 21 34 36 41 67 79 80 99 105 116 121 125 
72 12 5 14 47 54 68 84 93 111 119 120 125 127 
73 14 33 35 41 45 56 61 70 74 85 99 104 112 124 130 
74 6 27 32 73 88 94 120 
75 14 11 19 25 41 54 60 66 67 78 95 100 120 131 132 
76 10 0 2 36 48 91 107 114 118 130 138 
77 12 14 18 42 45 59 61 79 82 89 94 97 134 
78 17 1 6 8 9 12 21 24 31 39 57 61 75 83 85 89 90 120 
79 12 1 4 7 22 33 45 67 71 77 103 108 115 
80 14 6 7 24 34 60 63 71 98 100 106 110 112 120 130 
81 10 0 3 5 35 70 82 89 105 107 132 
82 16 1 10 16 17 21 36 41 49 56 77 81 99 111 122 132 136 
83 9 25 47 53 58 61 78 87 88 101 
84 13 3 7 16 21 41 52 62 65 70 72 114 119 120 
85 12 7 11 20 26 41 53 57 67 73 78 107 130 
86 16 13 20 21 27 36 37 44 46 47 58 93 108 112 113 130 135 
87 7 5 57 83 91 93 120 135 
88 6 37 53 54 67 74 83 
89 12 3 10 52 57 65 77 78 81 105 112 118 124 
90 10 5 14 25 32 45 57 78 92 126 133 
91 12 4 14 24 52 58 60 76 87 115 119 127 133 
92 15 5 20 29 34 41 50 68 90 98 99 105 115 120 129 137 
93 6 38 47 72 86 87 109 
94 13 13 24 27 35 51 56 67 70 74 77 103 132 139 
95 8 17 25 42 56 75 104 118 127 
96 7 3 15 28 99 123 131 133 
97 14 10 22 26 34 41 44 45 49 50 52 55 57 77 109 
98 19 18 32 36 45 52 53 56 61 80 92 101 110 113 117 123 127 128 132 139 
99 20 30 32 41 50 53 69 71 73 82 92 96 101 103 104 111 117 120 123 126 139 
100 14 7 13 26 28 43 62 66 68 75 80 102 103 111 121 
101 8 30 43 44 53 60 83 98 99 
102 8 2 19 100 105 117 119 127 137 
103 12 3 6 11 44 66 79 94 99 100 109 111 123 
104 16 3 18 33 38 40 44 48 51 69 73 95 99 127 130 131 135 
105 17 14 15 16 18 21 38 49 58 64 71 81 89 92 102 116 121 138 
106 7 35 55 57 64 66 69 80 
107 15 12 18 21 30 33 39 43 76 81 85 112 113 124 125 139 
108 7 11 18 29 40 46 79 86 
109 18 6 8 13 16 20 44 49 56 60 64 65 67 68 93 97 103 117 131 
110 11 3 31 53 54 63 66 80 98 111 112 124 
111 15 8 12 13 40 42 68 72 82 99 100 103 110 126 135 139 
112 19 6 10 18 23 35 42 48 54 59 73 80 86 89 107 110 115 116 122 131 
113 7 9 58 86 98 107 126 138 
114 9 10 14 26 27 28 69 76 84 121 
115 7 40 63 79 91 92 112 133 
116 11 11 14 19 33 71 105 112 122 123 137 138 
117 11 16 21 43 47 52 98 99 102 109 126 136 
118 7 10 18 35 44 76 89 95 
119 10 2 33 35 63 72 84 91 102 122 138 
120 18 2 11 16 22 24 32 40 58 72 74 75 78 80 84 87 92 99 126 
121 12 2 16 41 44 55 61 71 100 105 114 126 127 
122 15 5 8 10 31 34 57 58 66 68 82 112 116 119 132 137 
123 13 22 28 44 62 65 96 98 99 103 116 126 127 130 
124 12 9 11 25 28 34 51 66 73 89 107 110 126 
125 11 8 25 42 46 48 64 71 72 107 138 139 
126 17 6 10 31 36 37 66 90 99 111 113 117 120 121 123 124 135 138 
127 15 10 20 36 39 45 55 59 72 91 95 98 102 104 121 123 
128 7 5 8 25 56 66 98 139 
129 7 1 19 53 59 66 92 130 
130 15 13 54 58 66 68 70 73 76 80 85 86 104 123 129 135 
131 10 1 27 30 75 96 104 109 112 134 137 
132 14 2 13 21 24 27 36 56 75 81 82 94 98 122 137 
133 8 2 24 50 66 90 91 96 115 
134 9 11 23 43 54 57 59 63 77 131 
135 13 4 19 21 40 42 67 86 87 104 111 126 130 139 
136 9 2 10 12 29 33 43 48 82 117 
137 12 4 22 37 49 52 68 92 102 116 122 131 132 
138 13 15 18 19 20 21 41 76 105 113 116 119 125 126 
139 12 28 41 55 59 94 98 99 107 111 125 128 135 
