140 339
0 4 5 96 100 110 
1 2 46 75 
2 1 66 
3 5 18 79 108 131 138 
4 7 10 11 45 50 61 131 132 
5 3 0 69 75 
6 4 24 75 93 96 
7 8 39 72 74 78 89 110 123 128 
8 8 26 36 71 103 111 117 128 135 
9 4 10 40 96 128 
10 6 4 9 36 70 87 117 
11 4 4 57 64 95 
12 9 15 26 30 63 67 83 111 114 123 
13 3 14 109 122 
14 3 13 31 116 
15 5 12 67 81 108 117 
16 10 34 50 54 62 65 78 96 103 122 128 
17 5 18 49 68 81 87 
18 4 3 17 87 133 
19 4 35 63 117 129 
20 1 47 
21 4 63 108 120 125 
22 5 51 63 69 117 136 
23 1 127 
24 4 6 68 88 116 
25 6 45 60 66 94 97 103 
26 6 8 12 49 53 60 105 
27 4 29 62 80 105 
28 4 84 90 123 136 
29 8 27 67 78 89 108 114 124 134 
30 4 12 32 59 78 
31 8 14 32 44 47 62 89 130 138 
32 5 30 31 37 80 104 
33 3 53 99 101 
34 4 16 79 103 130 
35 8 19 38 48 64 74 121 133 136 
36 3 8 10 63 
37 3 32 40 67 
38 4 35 48 73 132 
39 7 7 52 76 80 85 103 138 
40 4 9 37 73 87 
41 0 
42 3 69 85 137 
43 4 47 74 98 136 
44 5 31 58 64 70 84 
45 4 4 25 79 119 
46 10 1 60 63 89 90 97 111 117 120 122 
47 5 20 31 43 86 101 
48 3 35 38 136 
49 7 17 26 59 74 90 98 106 
50 6 4 16 80 83 90 117 
51 4 22 65 116 117 
52 4 39 73 78 91 
53 4 26 33 61 124 
54 3 16 80 123 
55 5 83 93 94 117 132 
56 1 113 
57 4 11 59 66 73 
58 2 44 85 
59 6 30 49 57 82 98 134 
60 4 25 26 46 76 
61 6 4 53 98 101 118 138 
62 6 16 27 31 86 110 115 
63 10 12 19 21 22 36 46 64 70 129 136 
64 7 11 35 44 63 107 117 128 
65 9 16 51 66 89 94 96 112 121 137 
66 6 2 25 57 65 73 94 
67 9 12 15 29 37 77 82 88 99 123 
68 6 17 24 90 101 107 134 
69 5 5 22 42 90 117 
70 6 10 44 63 85 115 137 
71 4 8 83 107 118 
72 3 7 77 132 
73 7 38 40 52 57 66 107 127 
74 8 7 35 43 49 78 84 97 121 
75 6 1 5 6 96 122 139 
76 4 39 60 88 132 
77 4 67 72 97 131 
78 8 7 16 29 30 52 74 91 118 
79 6 3 34 45 86 89 97 
80 7 27 32 39 50 54 97 132 
81 3 15 17 129 
82 2 59 67 
83 5 12 50 55 71 126 
84 5 28 44 74 93 112 
85 4 39 42 58 70 
86 4 47 62 79 88 
87 7 10 17 18 40 108 131 135 
88 6 24 67 76 86 97 99 
89 7 7 29 31 46 65 79 133 
90 7 28 46 49 50 68 69 107 
91 4 52 78 102 119 
92 0 
93 5 6 55 84 97 116 
94 4 25 55 65 66 
95 2 11 111 
96 8 0 6 9 16 65 75 106 123 
97 8 25 46 74 77 79 80 88 93 
98 5 43 49 59 61 135 
99 4 33 67 88 108 
100 2 0 120 
101 4 33 47 61 68 
102 3 91 113 127 
103 6 8 16 25 34 39 139 
104 4 32 122 124 135 
105 3 26 27 110 
106 4 49 96 134 135 
107 5 64 68 71 73 90 
108 7 3 15 21 29 87 99 122 
109 1 13 
110 5 0 7 62 105 124 
111 6 8 12 46 95 112 117 
112 3 65 84 111 
113 3 56 102 117 
114 3 12 29 127 
115 3 62 70 133 
116 5 14 24 51 93 134 
117 13 8 10 15 19 22 46 50 51 55 64 69 111 113 
118 4 61 71 78 134 
119 2 45 91 
120 5 21 46 100 125 138 
121 3 35 65 74 
122 7 13 16 46 75 104 108 124 
123 7 7 12 28 54 67 96 135 
124 5 29 53 104 110 122 
125 3 21 120 133 
126 3 83 130 138 
127 4 23 73 102 114 
128 6 7 8 9 16 64 130 
129 4 19 63 81 138 
130 4 31 34 126 128 
131 4 3 4 77 87 
132 6 4 38 55 72 76 80 
133 5 18 35 89 115 125 
134 6 29 59 68 106 116 118 
135 6 8 87 98 104 106 123 
136 6 22 28 35 43 48 63 
137 3 42 65 70 
138 7 3 31 39 61 120 126 129 
139 2 75 103 
