140 963
0 6 4 7 61 76 81 121 
1 14 2 25 35 37 38 45 62 64 78 79 82 101 129 131 
2 13 1 10 46 58 76 88 102 119 120 121 132 133 136 
3 16 6 13 34 36 47 57 74 80 81 84 89 96 103 104 110 129 
4 9 0 5 50 60 69 79 91 135 137 
5 22 4 10 12 17 21 26 27 42 44 47 49 52 60 64 72 81 87 88 90 92 122 128 
6 16 3 7 11 21 43 52 55 69 71 78 80 91 103 109 112 126 
7 12 0 6 8 11 56 62 66 79 80 84 85 100 
8 11 7 10 21 32 71 78 109 111 122 125 128 
9 9 17 32 33 34 44 70 78 113 124 
10 21 2 5 8 26 38 44 52 54 57 62 82 89 91 97 112 114 118 122 126 127 136 
11 16 6 7 14 17 46 49 60 75 82 85 103 108 116 120 124 134 
12 15 5 22 24 30 31 32 37 41 43 66 77 78 107 111 136 
13 11 3 38 41 47 86 94 100 109 111 130 132 
14 10 11 47 72 77 81 90 91 105 114 116 
15 11 18 21 33 57 60 67 68 69 96 105 138 
16 14 19 28 41 56 61 70 82 84 86 105 109 117 120 121 
17 12 5 9 11 32 33 38 41 54 56 65 82 95 
18 15 15 26 39 60 63 77 80 98 104 105 107 108 112 118 138 
19 7 16 75 102 116 129 135 138 
20 12 41 48 52 53 59 63 85 86 92 109 127 138 
21 18 5 6 8 15 33 50 71 78 82 84 86 105 107 117 125 132 135 138 
22 14 12 34 45 52 59 61 65 69 70 79 97 120 123 137 
23 11 27 37 39 47 49 53 63 65 68 112 134 
24 13 12 28 36 41 47 62 78 80 91 94 120 132 133 
25 13 1 28 32 49 51 62 75 83 90 95 124 125 128 
26 13 5 10 18 37 44 62 63 64 85 97 100 114 119 
27 12 5 23 30 47 69 74 86 94 114 115 131 132 
28 16 16 24 25 38 41 46 48 51 63 96 100 114 123 124 127 139 
29 8 30 46 67 70 84 92 108 136 
30 9 12 27 29 44 45 99 101 107 131 
31 12 12 34 39 60 67 69 70 78 110 112 122 126 
32 12 8 9 12 17 25 59 74 75 90 98 99 120 
33 14 9 15 17 21 47 73 79 96 104 107 113 116 119 136 
34 15 3 9 22 31 36 44 62 71 80 92 94 97 122 124 133 
35 13 1 39 44 48 73 80 81 94 106 112 118 119 123 
36 18 3 24 34 42 49 50 51 65 69 71 76 82 86 91 98 126 127 132 
37 12 1 12 23 26 40 55 59 86 88 114 126 137 
38 10 1 10 13 17 28 40 64 93 104 105 
39 9 18 23 31 35 44 78 94 107 127 
40 9 37 38 44 104 108 111 115 120 135 
41 23 12 13 16 17 20 24 28 55 57 71 73 75 82 84 85 90 92 97 99 112 121 138 139 
42 11 5 36 55 66 77 95 111 112 124 125 135 
43 17 6 12 49 53 56 65 75 94 98 100 101 107 109 117 118 134 136 
44 20 5 9 10 26 30 34 35 39 40 53 86 97 99 101 103 104 109 118 121 123 
45 14 1 22 30 60 69 70 73 75 77 79 90 97 98 127 
46 9 2 11 28 29 69 71 86 108 125 
47 17 3 5 13 14 23 24 27 33 51 60 67 69 72 83 86 93 117 
48 13 20 28 35 53 58 76 84 104 112 117 125 136 138 
49 13 5 11 23 25 36 43 53 82 97 105 109 123 137 
50 11 4 21 36 70 92 97 99 105 133 136 137 
51 11 25 28 36 47 56 69 94 98 99 104 124 
52 16 5 6 10 20 22 54 84 87 89 91 94 97 98 99 117 137 
53 17 20 23 43 44 48 49 56 57 65 83 85 88 98 99 101 110 129 
54 12 10 17 52 72 75 88 95 100 110 112 130 134 
55 10 6 37 41 42 80 97 106 121 127 139 
56 16 7 16 17 43 51 53 73 82 90 94 95 96 98 109 128 132 
57 16 3 10 15 41 53 63 78 85 87 89 90 97 106 107 122 134 
58 11 2 48 83 86 91 105 113 120 122 130 137 
59 10 20 22 32 37 77 112 127 129 134 139 
60 17 4 5 11 15 18 31 45 47 62 69 75 80 91 96 101 109 138 
61 15 0 16 22 70 73 77 78 83 88 98 106 108 121 128 131 
62 14 1 7 10 24 25 26 34 60 64 65 67 84 100 123 
63 15 18 20 23 26 28 57 66 67 80 104 110 115 119 129 134 
64 9 1 5 26 38 62 105 106 109 125 
65 11 17 22 23 36 43 53 62 84 89 109 123 
66 19 7 12 42 63 67 75 87 90 100 103 106 110 122 124 126 128 129 130 133 
67 15 15 29 31 47 62 63 66 71 75 79 85 88 94 109 135 
68 10 15 23 72 92 100 109 111 122 130 137 
69 16 4 6 15 22 27 31 36 45 46 47 51 60 99 104 106 114 
70 13 9 16 22 29 31 45 50 61 73 81 84 94 130 
71 16 6 8 21 34 36 41 46 67 79 80 89 99 105 116 121 125 
72 15 5 14 47 54 68 79 84 88 93 101 111 119 120 125 127 
73 15 33 35 41 45 56 61 70 74 85 99 104 112 124 130 131 
74 10 3 27 32 73 76 88 94 98 115 120 
75 17 11 19 25 32 41 43 45 54 60 66 67 78 95 100 120 131 132 
76 12 0 2 36 48 74 91 104 107 114 118 130 138 
77 14 12 14 18 42 45 59 61 79 82 89 94 97 134 135 
78 17 1 6 8 9 12 21 24 31 39 57 61 75 83 85 89 90 120 
79 13 1 4 7 22 33 45 67 71 72 77 103 108 115 
80 19 3 6 7 18 24 34 35 55 60 63 71 98 100 106 110 112 113 120 130 
81 12 0 3 5 14 35 70 82 85 89 105 107 132 
82 17 1 10 11 16 17 21 36 41 49 56 77 81 99 111 122 132 136 
83 11 25 47 53 58 61 78 87 88 101 108 120 
84 16 3 7 16 21 29 41 48 52 62 65 70 72 111 114 119 120 
85 15 7 11 20 26 41 53 57 67 73 78 81 92 107 123 130 
86 19 13 16 20 21 27 36 37 44 46 47 58 89 93 106 108 112 113 130 135 
87 9 5 52 57 66 83 91 93 120 135 
88 10 2 5 37 53 54 61 67 72 74 83 
89 15 3 10 52 57 65 71 77 78 81 86 102 105 112 118 124 
90 14 5 14 25 32 41 45 56 57 66 78 92 94 126 133 
91 16 4 6 10 14 24 36 52 58 60 76 87 101 115 119 127 133 
92 16 5 20 29 34 41 50 68 85 90 98 99 105 115 120 129 137 
93 7 38 47 72 86 87 95 109 
94 18 13 24 27 34 35 39 43 51 52 56 67 70 74 77 90 103 132 139 
95 11 17 25 42 54 56 75 93 103 104 118 127 
96 11 3 15 28 33 56 60 97 99 123 131 133 
97 17 10 22 26 34 41 44 45 49 50 52 55 57 77 96 98 109 130 
98 25 18 32 36 43 45 51 52 53 56 61 74 80 92 97 101 110 113 117 118 120 123 127 128 132 139 
99 24 30 32 41 44 50 51 52 53 69 71 73 82 92 96 101 103 104 109 111 117 120 123 126 139 
100 16 7 13 26 28 43 54 62 66 68 75 80 102 103 111 121 132 
101 13 1 30 43 44 53 60 72 83 91 98 99 103 115 
102 9 2 19 89 100 105 117 119 127 137 
103 15 3 6 11 44 66 79 94 95 99 100 101 109 111 117 123 
104 18 3 18 33 38 40 44 48 51 63 69 73 76 95 99 127 130 131 135 
105 19 14 15 16 18 21 38 49 50 58 64 71 81 89 92 102 107 116 121 138 
106 11 35 55 57 61 64 66 69 80 86 110 138 
107 18 12 18 21 30 33 39 43 57 76 81 85 105 110 112 113 124 125 139 
108 11 11 18 29 40 46 61 79 83 86 121 136 
109 20 6 8 13 16 20 43 44 49 56 60 64 65 67 68 93 97 99 103 117 131 
110 13 3 31 53 54 63 66 80 98 106 107 111 112 124 
111 16 8 12 13 40 42 68 72 82 84 99 100 103 110 126 135 139 
112 22 6 10 18 23 31 35 41 42 48 54 59 73 80 86 89 107 110 115 116 122 129 131 
113 10 9 33 58 80 86 98 107 117 126 138 
114 12 10 14 26 27 28 37 69 76 84 118 121 134 
115 10 27 40 63 74 79 91 92 101 112 133 
116 11 11 14 19 33 71 105 112 122 123 137 138 
117 14 16 21 43 47 48 52 98 99 102 103 109 113 126 136 
118 10 10 18 35 43 44 76 89 95 98 114 
119 11 2 26 33 35 63 72 84 91 102 122 138 
120 20 2 11 16 22 24 32 40 58 72 74 75 78 80 83 84 87 92 98 99 126 
121 14 0 2 16 41 44 55 61 71 100 105 108 114 126 127 
122 15 5 8 10 31 34 57 58 66 68 82 112 116 119 132 137 
123 16 22 28 35 44 49 62 65 85 96 98 99 103 116 126 127 130 
124 13 9 11 25 28 34 42 51 66 73 89 107 110 126 
125 12 8 21 25 42 46 48 64 71 72 107 138 139 
126 17 6 10 31 36 37 66 90 99 111 113 117 120 121 123 124 135 138 
127 16 10 20 28 36 39 45 55 59 72 91 95 98 102 104 121 123 
128 8 5 8 25 56 61 66 98 139 
129 10 1 3 19 53 59 63 66 92 112 130 
130 16 13 54 58 66 68 70 73 76 80 85 86 97 104 123 129 135 
131 12 1 27 30 61 73 75 96 104 109 112 134 137 
132 15 2 13 21 24 27 36 56 75 81 82 94 98 100 122 137 
133 9 2 24 34 50 66 90 91 96 115 
134 11 11 23 43 54 57 59 63 77 114 131 137 
135 14 4 19 21 40 42 67 77 86 87 104 111 126 130 139 
136 11 2 10 12 29 33 43 48 50 82 108 117 
137 15 4 22 37 49 50 52 58 68 92 102 116 122 131 132 134 
138 16 15 18 19 20 21 41 48 60 76 105 106 113 116 119 125 126 
139 12 28 41 55 59 94 98 99 107 111 125 128 135 
