140 2042
0 29 4 5 6 14 15 31 32 36 40 44 45 61 62 63 64 82 89 92 96 100 107 110 112 113 124 127 128 132 137 
1 22 11 12 15 16 32 46 59 67 75 80 82 83 85 86 95 96 107 112 115 127 132 139 
2 28 13 14 29 30 39 40 43 48 56 59 60 63 66 82 85 86 88 99 100 104 107 109 113 114 120 126 130 131 
3 30 6 7 18 21 22 24 26 33 35 38 44 46 53 55 61 73 78 79 81 93 105 106 108 115 119 123 129 131 136 138 
4 25 0 10 11 17 22 43 44 45 50 53 61 70 73 79 84 94 97 98 118 119 121 128 131 132 135 
5 31 0 9 13 17 18 19 24 27 31 37 42 43 50 56 67 69 75 76 83 89 90 91 93 97 100 103 118 120 124 129 131 
6 32 0 3 14 18 19 24 27 32 38 44 56 58 75 77 82 90 91 93 94 96 103 104 105 110 113 115 117 119 122 128 133 134 
7 29 3 11 28 31 32 35 37 39 53 54 55 59 72 74 78 80 84 86 87 89 94 101 108 110 123 128 130 134 136 
8 32 11 13 20 23 24 26 30 31 32 36 45 47 53 60 62 66 71 78 81 84 90 91 96 103 106 108 111 117 128 132 135 138 
9 28 5 10 17 23 27 35 40 43 45 46 47 55 58 70 76 79 80 86 92 93 94 96 101 111 118 121 128 138 
10 29 4 9 11 17 19 32 35 36 41 49 53 58 69 70 71 75 83 87 90 97 102 105 109 111 112 113 117 123 126 
11 30 1 4 7 8 10 14 23 26 33 36 41 57 58 59 64 67 70 74 77 89 94 95 98 100 105 115 124 128 129 132 
12 30 1 13 15 17 19 24 26 30 33 35 37 39 46 51 58 63 67 72 79 83 89 95 98 102 110 111 114 119 123 130 
13 32 2 5 8 12 14 17 27 34 36 42 53 55 56 58 59 60 64 66 67 69 73 83 92 95 109 122 124 126 128 133 135 138 
14 26 0 2 6 11 13 26 28 31 35 36 44 47 48 52 56 58 68 69 72 79 80 87 115 116 128 130 
15 30 0 1 12 19 25 30 32 39 41 46 49 56 60 63 66 67 70 76 78 81 86 90 108 109 111 112 115 116 117 125 
16 34 1 27 30 34 36 39 41 50 51 52 54 57 60 62 65 69 73 75 78 81 87 89 91 96 102 103 105 118 121 122 124 127 128 139 
17 35 4 5 9 10 12 13 18 20 22 24 25 28 31 36 43 49 54 58 61 64 67 68 81 84 87 91 93 97 101 113 114 116 118 136 137 
18 26 3 5 6 17 20 40 41 46 48 50 51 56 65 67 71 77 78 79 83 87 114 119 127 132 133 136 
19 36 5 6 10 12 15 21 23 24 35 42 44 49 53 59 63 64 66 78 82 89 90 95 100 104 110 111 115 117 118 119 123 127 128 129 133 138 
20 25 8 17 18 33 36 37 39 47 52 53 55 65 66 76 77 81 84 96 99 108 109 114 126 128 130 
21 34 3 19 28 35 36 43 46 49 53 54 59 62 63 66 69 71 73 79 91 93 96 100 107 108 112 113 114 115 119 120 125 131 135 137 
22 25 3 4 17 25 38 51 62 63 68 69 73 78 81 91 93 94 102 103 105 107 112 117 128 134 136 
23 34 8 9 11 19 29 31 45 48 51 53 60 61 65 69 73 80 89 92 97 98 99 100 102 109 110 113 114 124 127 128 132 135 137 139 
24 24 3 5 6 8 12 17 19 35 39 43 51 56 58 64 68 80 83 88 90 92 96 99 115 116 
25 31 15 17 22 34 35 37 39 41 45 51 53 57 60 65 66 76 84 91 92 94 96 97 103 105 110 113 114 120 133 135 139 
26 31 3 8 11 12 14 28 32 47 49 53 56 60 70 77 81 83 85 88 91 95 99 102 105 108 113 117 118 120 127 132 138 
27 25 5 6 9 13 16 29 34 42 49 52 55 57 59 60 62 65 80 83 85 100 102 105 119 127 131 
28 32 7 14 17 21 26 31 33 37 38 40 65 67 69 73 77 84 85 86 88 90 94 97 104 105 107 108 110 112 123 125 130 136 
29 28 2 23 27 34 53 61 63 64 67 72 75 78 79 80 82 89 90 92 101 108 110 111 114 121 124 127 131 134 
30 24 2 8 12 15 16 31 32 38 39 50 57 59 61 62 73 74 78 102 103 107 123 126 130 138 
31 31 0 5 7 8 14 17 23 28 30 32 44 47 58 62 73 79 80 83 87 88 89 91 98 111 117 124 126 129 130 131 138 
32 31 0 1 6 7 8 10 15 26 30 31 33 37 45 47 52 69 73 78 80 85 92 94 95 96 100 104 105 115 121 127 137 
33 26 3 11 12 20 28 32 38 42 48 53 56 66 67 71 80 82 83 92 98 99 101 102 126 131 137 138 
34 31 13 16 25 27 29 44 51 58 60 62 63 64 68 75 78 79 86 90 96 100 103 104 105 106 109 116 120 128 129 130 137 
35 26 3 7 9 10 12 14 19 21 24 25 38 42 48 64 71 74 76 79 101 107 110 119 121 133 134 136 
36 25 0 8 10 11 13 14 16 17 20 21 39 43 51 53 56 59 63 71 76 79 98 122 125 128 131 
37 25 5 7 12 20 25 28 32 40 57 58 60 63 64 67 70 75 82 88 90 95 112 115 126 135 138 
38 32 3 6 22 28 30 33 35 39 40 44 48 50 54 55 57 73 77 81 85 90 92 94 98 99 106 108 109 110 112 120 129 132 
39 29 2 7 12 15 16 20 24 25 30 36 38 44 45 49 52 53 54 75 76 80 84 85 103 106 108 116 121 127 138 
40 21 0 2 9 18 28 37 38 45 48 50 52 59 61 62 73 75 87 90 99 109 126 
41 25 10 11 15 16 18 25 50 55 66 73 79 81 89 92 93 111 117 121 123 126 128 131 132 136 138 
42 29 5 13 19 27 33 35 45 47 52 56 58 62 64 67 68 69 81 85 113 115 116 117 120 121 130 134 135 136 137 
43 29 2 4 5 9 17 21 24 36 47 59 63 71 74 77 79 80 84 86 96 97 98 99 110 117 118 124 129 136 139 
44 34 0 3 4 6 14 19 31 34 38 39 48 50 58 63 64 66 70 72 82 84 85 86 89 104 111 112 113 114 115 116 122 128 131 132 
45 33 0 4 8 9 23 25 32 39 40 42 46 48 54 55 58 61 69 75 79 86 87 88 97 101 108 114 119 122 124 126 127 128 136 
46 35 1 3 9 12 15 18 21 45 47 49 60 62 63 66 71 78 81 89 90 93 96 97 102 105 106 111 113 117 118 120 121 122 132 136 138 
47 30 8 9 14 20 26 31 32 42 43 46 50 52 54 55 59 65 66 71 86 92 95 100 101 109 112 116 122 123 128 139 
48 25 2 14 18 23 33 35 38 40 44 45 53 65 80 83 86 88 93 96 99 127 130 132 134 135 136 
49 31 10 15 17 19 21 26 27 39 46 50 59 69 73 74 77 78 83 89 90 98 100 106 109 112 114 120 125 128 132 133 139 
50 31 4 5 16 18 30 38 40 41 44 47 49 53 56 59 68 72 73 80 83 86 90 95 96 106 108 117 122 123 126 129 136 
51 29 12 16 18 22 23 24 25 34 36 54 63 65 66 71 75 80 85 88 93 96 100 107 116 117 120 124 134 136 139 
52 26 14 16 20 27 32 39 40 42 47 58 61 71 73 78 82 88 91 93 96 102 107 117 121 128 136 139 
53 33 3 4 7 8 10 13 19 20 21 23 25 26 29 33 36 39 48 50 55 61 72 76 86 104 111 112 114 120 124 126 131 135 139 
54 27 7 16 17 21 38 39 45 47 51 55 67 70 71 77 79 80 92 94 99 109 110 115 116 123 135 138 139 
55 34 3 7 9 13 20 27 38 41 45 47 53 54 57 58 71 76 83 84 87 93 94 95 97 98 102 107 117 122 123 125 130 131 132 138 
56 29 2 5 6 13 14 15 18 24 26 33 36 42 50 60 64 67 74 76 88 99 100 103 107 111 112 113 125 135 137 
57 26 11 16 25 27 30 37 38 55 59 65 66 68 73 77 78 83 90 96 98 99 104 114 121 125 126 127 
58 40 6 9 10 11 12 13 14 17 24 31 34 37 42 44 45 52 55 63 66 70 71 74 75 79 82 85 95 96 97 99 100 106 107 115 116 119 127 131 134 135 
59 31 1 2 7 11 13 19 21 27 30 36 40 43 47 49 50 57 69 70 72 82 83 84 85 86 89 91 98 108 130 134 137 
60 26 2 8 13 15 16 23 25 26 27 34 37 46 56 65 69 76 84 91 97 101 105 113 114 124 128 130 
61 33 0 3 4 17 23 29 30 40 45 52 53 63 71 73 79 84 89 97 98 101 106 108 111 116 117 118 123 126 129 130 135 138 139 
62 27 0 8 16 21 22 27 30 31 34 40 42 46 67 70 71 76 77 86 89 91 93 94 107 110 111 115 136 
63 32 0 2 12 15 19 21 22 29 34 36 37 43 44 46 51 58 61 64 70 79 81 84 87 97 100 106 108 121 127 129 136 139 
64 34 0 11 13 17 19 24 29 34 35 37 42 44 56 63 65 70 72 74 79 80 88 91 95 100 102 104 106 107 108 110 117 128 130 131 
65 32 16 18 20 23 25 27 28 47 48 51 57 60 64 66 67 68 70 81 89 91 94 96 97 100 102 103 112 115 117 120 121 137 
66 33 2 8 13 15 19 20 21 25 33 41 44 46 47 51 57 58 65 68 69 73 74 75 93 94 101 105 111 114 116 129 135 138 139 
67 32 1 5 11 12 13 15 17 18 28 29 33 37 42 54 56 62 65 69 71 77 82 88 89 96 99 108 118 123 129 132 138 139 
68 28 14 17 22 24 34 42 50 57 65 66 72 80 83 90 91 93 96 99 101 107 112 114 124 129 131 134 137 139 
69 26 5 10 13 14 16 21 22 23 28 32 42 45 49 59 60 66 67 72 80 90 105 107 113 117 130 138 
70 31 4 9 10 11 15 26 37 44 54 58 59 62 63 64 65 73 77 85 88 89 91 93 96 100 109 115 124 128 137 138 139 
71 28 8 10 18 21 33 35 36 43 46 47 51 52 54 55 58 61 62 67 79 83 86 92 95 104 107 110 118 136 
72 22 7 12 14 29 44 50 53 59 64 68 69 73 77 84 89 103 105 125 130 131 132 135 
73 34 3 4 13 16 21 22 23 28 30 31 32 38 40 41 49 50 52 57 61 66 70 72 77 87 96 103 107 109 112 127 130 133 134 137 
74 21 7 11 30 35 43 49 56 58 64 66 78 79 84 90 93 97 100 106 107 109 121 
75 33 1 5 6 10 16 29 34 37 39 40 45 51 58 66 84 86 88 90 93 96 97 99 100 101 110 119 122 129 132 134 135 137 139 
76 23 5 9 15 20 25 35 36 39 53 55 56 60 62 78 88 92 98 99 101 112 123 132 134 
77 27 6 11 18 20 26 28 38 43 49 54 57 62 67 70 72 73 78 83 91 93 97 101 110 116 120 131 132 
78 36 3 7 8 15 16 18 19 22 29 30 32 34 46 49 52 57 74 76 77 86 88 91 96 97 99 101 102 110 111 114 115 117 118 124 133 139 
79 36 3 4 9 12 14 18 21 29 31 34 35 36 41 43 45 54 58 61 63 64 71 74 80 84 86 89 90 91 97 105 111 114 117 118 128 130 
80 35 1 7 9 14 23 24 27 29 31 32 33 39 43 48 50 51 54 64 68 69 79 81 83 86 92 97 99 105 107 118 119 126 131 132 139 
81 28 3 8 15 16 17 20 22 26 38 41 42 46 63 65 80 94 96 97 106 108 111 116 121 126 129 134 135 138 
82 19 0 1 2 6 19 29 33 37 44 52 58 59 67 101 105 106 111 118 139 
83 30 1 5 10 12 13 18 24 26 27 31 33 48 49 50 55 57 59 68 71 77 80 90 92 107 113 126 128 130 133 139 
84 32 4 7 8 17 20 25 28 39 43 44 55 59 60 61 63 72 74 75 79 86 93 96 97 99 112 114 116 120 123 130 135 139 
85 23 1 2 26 27 28 32 38 39 42 44 51 58 59 70 90 101 104 108 109 118 123 126 137 
86 33 1 2 7 9 15 28 34 43 44 45 47 48 50 53 59 62 71 75 78 79 80 84 88 90 91 93 96 104 109 118 124 126 133 
87 29 7 10 14 16 17 18 31 40 45 55 63 73 90 95 99 103 105 107 108 117 118 123 124 128 130 131 135 137 138 
88 25 2 24 26 28 31 37 45 48 51 52 56 64 67 70 75 76 78 86 97 99 114 115 118 134 138 
89 35 0 5 7 11 12 16 19 23 29 31 41 44 46 49 59 61 62 65 67 70 72 79 94 101 102 110 116 117 119 120 121 122 125 131 133 
90 37 5 6 8 10 15 19 24 28 29 34 37 38 40 46 49 50 57 68 69 74 75 79 83 85 86 87 92 97 107 118 121 125 131 134 135 137 138 
91 32 5 6 8 16 17 21 22 25 26 31 52 59 60 62 64 65 68 70 77 78 79 86 98 100 102 108 115 116 117 119 127 137 
92 26 0 9 13 23 24 25 29 32 33 38 41 47 54 71 76 80 83 90 97 102 106 113 118 122 129 133 
93 32 3 5 6 9 17 21 22 41 46 48 51 52 55 62 66 68 70 74 75 77 84 86 97 99 103 109 116 120 123 126 138 139 
94 26 4 6 7 9 11 22 25 28 32 38 54 55 62 65 66 81 89 96 99 104 108 124 129 130 131 139 
95 23 1 11 12 13 19 26 32 37 47 50 55 58 64 71 87 101 102 111 117 121 124 135 139 
96 36 0 1 6 8 9 16 20 21 24 25 32 34 43 46 48 50 51 52 57 58 65 67 68 70 73 75 78 81 84 86 94 103 106 108 123 125 
97 35 4 5 10 17 23 25 28 43 45 46 55 58 60 61 63 65 74 75 77 78 79 80 81 84 88 90 92 93 101 103 104 111 125 126 128 
98 23 4 11 12 23 31 33 36 38 43 49 55 57 59 61 76 91 102 113 114 115 117 118 135 
99 33 2 20 23 24 26 33 38 40 43 48 54 56 57 58 67 68 75 76 78 80 84 87 88 93 94 108 114 118 120 123 125 133 135 
100 27 0 2 5 11 19 21 23 27 32 34 47 49 51 56 58 63 64 65 70 74 75 91 107 112 119 120 132 
101 25 7 9 17 29 33 35 45 47 60 61 66 68 75 76 77 78 82 85 89 95 97 106 116 117 131 
102 28 10 12 16 22 23 26 27 30 33 46 52 55 64 65 78 89 91 92 95 98 109 113 118 126 127 128 129 137 
103 25 5 6 8 16 22 25 30 34 39 56 65 72 73 87 93 96 97 111 113 119 122 131 134 135 139 
104 22 2 6 19 28 32 34 44 53 57 64 71 85 86 94 97 106 107 122 124 135 136 138 
105 28 3 6 10 11 16 22 25 26 27 28 32 34 46 60 66 69 72 79 80 82 87 108 110 111 116 126 127 136 
106 32 3 8 34 38 39 46 49 50 58 61 63 64 74 81 82 92 96 101 104 109 114 115 124 125 126 129 132 133 134 135 136 138 
107 33 0 1 2 21 22 28 30 35 51 52 55 56 58 62 64 68 69 71 73 74 80 83 87 90 100 104 113 116 123 125 132 134 138 
108 34 3 7 8 15 20 21 26 28 29 38 39 45 50 59 61 63 64 67 81 85 87 91 94 96 99 105 110 112 118 120 122 125 127 133 
109 26 2 10 13 15 20 23 34 38 40 47 49 54 70 73 74 85 86 93 102 106 110 119 121 124 126 134 
110 32 0 6 7 12 19 23 25 28 29 35 38 43 54 62 64 71 75 77 78 89 105 108 109 114 119 120 122 124 125 131 132 137 
111 28 8 9 10 12 15 19 29 31 41 44 46 53 56 61 62 66 78 79 81 82 95 97 103 105 112 117 124 130 
112 29 0 1 10 15 21 22 28 37 38 44 47 49 53 56 65 68 73 76 84 100 108 111 114 122 129 130 135 137 138 
113 25 0 2 6 10 17 21 23 25 26 42 44 46 56 60 69 83 92 98 102 103 107 114 117 124 130 
114 33 2 12 17 18 20 21 23 25 29 44 45 49 53 57 60 66 68 78 79 84 88 98 99 106 110 112 113 126 127 131 133 134 135 
115 25 1 3 6 11 14 15 19 21 24 32 37 42 44 54 58 62 65 70 78 88 91 98 106 122 133 
116 27 14 15 17 24 34 39 42 44 47 51 54 58 61 66 77 81 84 89 91 93 101 105 107 120 130 131 134 
117 33 6 8 10 15 19 22 26 31 41 42 43 46 50 51 52 55 61 64 65 69 78 79 87 89 91 95 98 101 111 113 118 124 134 
118 32 4 5 9 16 17 19 26 43 46 61 67 71 78 79 80 82 85 86 87 88 90 92 98 99 102 108 117 120 124 128 134 135 
119 22 3 4 6 12 18 19 21 27 35 45 58 75 80 89 91 100 103 109 110 126 133 137 
120 27 2 5 21 25 26 34 38 42 46 49 51 53 65 77 84 89 93 99 100 108 110 116 118 123 125 136 138 
121 23 4 9 16 29 32 35 39 41 42 46 52 57 63 65 74 81 89 90 95 109 124 132 133 
122 23 6 13 16 36 44 45 46 47 50 55 75 89 92 103 104 108 110 112 115 123 124 128 137 
123 27 3 7 10 12 19 28 30 41 47 50 54 55 61 67 76 84 85 87 93 96 99 107 120 122 132 133 135 
124 31 0 5 11 13 16 23 29 31 43 45 51 53 60 68 70 78 86 87 94 95 104 106 109 110 111 113 117 118 121 122 134 
125 23 15 21 28 36 49 55 56 57 72 89 90 96 97 99 106 107 108 110 120 129 133 135 136 
126 32 2 10 13 20 30 31 33 37 40 41 45 50 53 57 61 80 81 83 85 86 93 97 102 105 106 109 114 119 128 130 132 138 
127 24 0 1 16 18 19 23 26 27 29 32 39 45 48 57 58 63 73 91 102 105 108 114 131 135 
128 36 0 4 6 7 8 9 11 13 14 16 19 20 22 23 34 36 41 44 45 47 49 52 60 64 70 79 83 87 97 102 118 122 126 130 137 139 
129 24 3 5 11 19 31 34 38 43 50 61 63 66 67 68 75 81 92 94 102 106 112 125 137 138 
130 33 2 7 12 14 20 28 30 31 34 42 48 55 59 60 61 64 69 72 73 79 83 84 87 94 111 112 113 116 126 128 131 132 135 
131 33 2 3 4 5 21 27 29 31 33 36 41 44 53 55 58 64 68 72 77 80 87 89 90 94 101 103 110 114 116 127 130 132 134 
132 31 0 1 4 8 11 18 23 26 38 41 44 46 48 49 55 67 72 75 76 77 80 100 106 107 110 121 123 126 130 131 133 
133 25 6 13 18 19 25 35 49 73 78 83 86 89 92 99 106 108 114 115 119 121 123 125 132 135 139 
134 28 6 7 22 29 35 42 48 51 58 59 68 73 75 76 81 88 90 103 106 107 109 114 116 117 118 124 131 138 
135 36 4 8 13 21 23 25 37 42 48 53 54 56 58 61 66 72 75 81 84 87 90 95 98 99 103 104 106 112 114 118 123 125 127 130 133 138 
136 25 3 7 17 18 22 28 35 41 42 43 45 46 48 50 51 52 62 63 71 104 105 106 120 125 137 
137 27 0 17 21 23 32 33 34 42 56 59 65 68 70 73 75 85 87 90 91 102 110 112 119 122 128 129 136 
138 34 3 8 9 13 19 26 30 31 33 37 39 41 46 54 55 61 66 67 69 70 81 87 88 90 93 104 106 107 112 120 126 129 134 135 
139 29 1 16 23 25 43 47 49 51 52 53 54 61 63 66 67 68 70 75 78 80 82 83 84 93 94 95 103 128 133 
