140 344
0 3 7 76 81 
1 4 25 35 37 64 
2 3 58 121 136 
3 4 34 89 103 104 
4 3 60 91 135 
5 7 21 27 42 47 90 122 128 
6 3 11 43 71 
7 4 0 8 79 100 
8 5 7 32 109 111 128 
9 4 17 32 70 124 
10 9 26 38 44 52 97 118 122 126 127 
11 7 6 14 49 75 108 116 124 
12 5 24 41 66 78 136 
13 5 38 41 86 111 130 
14 3 11 47 77 
15 6 18 33 57 60 68 96 
16 4 28 70 105 117 
17 4 9 38 41 54 
18 6 15 26 39 77 98 107 
19 4 75 102 116 129 
20 6 41 48 52 53 92 109 
21 6 5 105 107 132 135 138 
22 3 45 52 61 
23 5 27 49 53 65 112 
24 8 12 28 36 41 62 80 94 132 
25 7 1 28 49 51 75 83 125 
26 3 10 18 85 
27 6 5 23 69 86 94 131 
28 6 16 24 25 63 123 124 
29 0 
30 2 101 107 
31 6 34 60 67 69 110 122 
32 6 8 9 59 74 90 98 
33 5 15 73 79 107 116 
34 5 3 31 80 97 122 
35 2 1 106 
36 5 24 51 82 126 127 
37 3 1 126 137 
38 5 10 13 17 40 64 
39 3 18 44 78 
40 3 38 111 135 
41 11 12 13 17 20 24 55 73 75 85 92 138 
42 5 5 77 111 125 135 
43 4 6 65 100 136 
44 4 10 39 86 109 
45 4 22 60 73 90 
46 3 69 108 125 
47 7 5 14 51 60 67 86 93 
48 6 20 53 76 112 125 136 
49 5 11 23 25 53 82 
50 2 99 133 
51 7 25 36 47 56 69 94 104 
52 6 10 20 22 91 97 98 
53 9 20 23 48 49 57 83 85 110 129 
54 4 17 88 130 134 
55 2 41 106 
56 6 51 73 94 95 98 109 
57 8 15 53 85 87 89 90 97 122 
58 5 2 86 120 122 130 
59 2 32 127 
60 8 4 15 31 45 47 75 101 109 
61 4 22 78 83 121 
62 6 24 64 65 84 100 123 
63 3 28 80 110 
64 5 1 38 62 106 125 
65 5 23 43 62 84 89 
66 4 12 75 122 129 
67 3 31 47 71 
68 3 15 109 137 
69 4 27 31 46 51 
70 3 9 16 84 
71 5 6 67 80 105 116 
72 1 120 
73 6 33 41 45 56 85 104 
74 2 32 94 
75 8 11 19 25 41 60 66 100 131 
76 7 0 48 91 114 118 130 138 
77 5 14 18 42 82 97 
78 5 12 39 61 90 120 
79 3 7 33 115 
80 5 24 34 63 71 100 
81 2 0 107 
82 6 36 49 77 99 122 132 
83 5 25 53 61 88 101 
84 5 62 65 70 119 120 
85 7 26 41 53 57 73 107 130 
86 8 13 27 44 47 58 93 108 130 
87 2 57 93 
88 2 54 83 
89 5 3 57 65 105 118 
90 8 5 32 45 57 78 92 126 133 
91 4 4 52 76 115 
92 8 20 41 90 99 105 120 129 137 
93 4 47 86 87 109 
94 6 24 27 51 56 74 139 
95 1 56 
96 3 15 131 133 
97 5 10 34 52 57 77 
98 11 18 32 52 56 110 113 117 123 127 128 132 
99 5 50 82 92 111 126 
100 7 7 43 62 75 80 102 111 
101 3 30 60 83 
102 3 19 100 105 
103 2 3 123 
104 5 3 51 73 130 131 
105 8 16 21 71 89 92 102 116 121 
106 3 35 55 64 
107 9 18 21 30 33 81 85 112 125 139 
108 3 11 46 86 
109 8 8 20 44 56 60 68 93 117 
110 5 31 53 63 98 111 
111 9 8 13 40 42 99 100 110 126 135 
112 6 23 48 107 115 116 131 
113 3 98 126 138 
114 1 76 
115 3 79 91 112 
116 8 11 19 33 71 105 112 122 137 
117 4 16 98 109 126 
118 3 10 76 89 
119 2 84 122 
120 5 58 72 78 84 92 
121 4 2 61 105 127 
122 10 5 10 31 34 57 58 66 82 116 119 
123 7 28 62 98 103 126 127 130 
124 4 9 11 28 126 
125 8 25 42 46 48 64 107 138 139 
126 11 10 36 37 90 99 111 113 117 123 124 138 
127 6 10 36 59 98 121 123 
128 3 5 8 98 
129 5 19 53 66 92 130 
130 9 13 54 58 76 85 86 104 123 129 
131 7 27 75 96 104 112 134 137 
132 4 21 24 82 98 
133 3 50 90 96 
134 2 54 131 
135 6 4 21 40 42 111 139 
136 4 2 12 43 48 
137 5 37 68 92 116 131 
138 6 21 41 76 113 125 126 
139 4 94 107 125 135 
