140 285
0 3 7 76 81 
1 2 35 37 
2 3 58 121 136 
3 1 89 
4 3 60 91 135 
5 6 21 27 42 47 122 128 
6 3 11 43 71 
7 4 0 8 79 100 
8 3 7 109 128 
9 3 17 70 124 
10 7 44 52 97 118 122 126 127 
11 4 6 14 116 124 
12 5 24 41 66 78 136 
13 5 38 41 86 111 130 
14 3 11 47 77 
15 4 57 60 68 96 
16 3 70 105 117 
17 4 9 38 41 54 
18 4 26 77 98 107 
19 3 75 116 129 
20 6 41 48 52 53 92 109 
21 6 5 105 107 132 135 138 
22 2 45 61 
23 5 27 49 53 65 112 
24 6 12 28 41 62 80 94 
25 3 49 83 125 
26 2 18 85 
27 5 5 23 86 94 131 
28 3 24 63 124 
29 0 
30 2 101 107 
31 3 34 60 67 
32 4 59 74 90 98 
33 3 73 107 116 
34 4 31 80 97 122 
35 2 1 106 
36 4 51 82 126 127 
37 3 1 126 137 
38 4 13 17 40 64 
39 2 44 78 
40 2 38 135 
41 10 12 13 17 20 24 55 75 85 92 138 
42 3 5 77 135 
43 4 6 65 100 136 
44 3 10 39 86 
45 2 22 90 
46 3 69 108 125 
47 7 5 14 51 60 67 86 93 
48 6 20 53 76 112 125 136 
49 4 23 25 53 82 
50 2 99 133 
51 6 36 47 56 69 94 104 
52 4 10 20 91 97 
53 8 20 23 48 49 57 83 110 129 
54 4 17 88 130 134 
55 2 41 106 
56 6 51 73 94 95 98 109 
57 7 15 53 85 87 89 90 97 
58 5 2 86 120 122 130 
59 2 32 127 
60 7 4 15 31 47 75 101 109 
61 4 22 78 83 121 
62 5 24 65 84 100 123 
63 3 28 80 110 
64 2 38 106 
65 5 23 43 62 84 89 
66 3 12 122 129 
67 2 31 47 
68 3 15 109 137 
69 2 46 51 
70 3 9 16 84 
71 3 6 105 116 
72 1 120 
73 4 33 56 85 104 
74 1 32 
75 4 19 41 60 131 
76 7 0 48 91 114 118 130 138 
77 5 14 18 42 82 97 
78 5 12 39 61 90 120 
79 2 7 115 
80 4 24 34 63 100 
81 2 0 107 
82 5 36 49 77 99 132 
83 5 25 53 61 88 101 
84 5 62 65 70 119 120 
85 6 26 41 57 73 107 130 
86 8 13 27 44 47 58 93 108 130 
87 2 57 93 
88 2 54 83 
89 5 3 57 65 105 118 
90 7 32 45 57 78 92 126 133 
91 4 4 52 76 115 
92 7 20 41 90 99 120 129 137 
93 4 47 86 87 109 
94 5 24 27 51 56 139 
95 1 56 
96 3 15 131 133 
97 5 10 34 52 57 77 
98 7 18 32 56 110 113 117 123 
99 5 50 82 92 111 126 
100 6 7 43 62 80 102 111 
101 3 30 60 83 
102 2 100 105 
103 0 
104 4 51 73 130 131 
105 6 16 21 71 89 102 116 
106 3 35 55 64 
107 9 18 21 30 33 81 85 112 125 139 
108 2 46 86 
109 6 8 20 56 60 68 93 
110 4 53 63 98 111 
111 5 13 99 100 110 126 
112 6 23 48 107 115 116 131 
113 3 98 126 138 
114 1 76 
115 3 79 91 112 
116 8 11 19 33 71 105 112 122 137 
117 3 16 98 126 
118 3 10 76 89 
119 2 84 122 
120 5 58 72 78 84 92 
121 2 2 61 
122 7 5 10 34 58 66 116 119 
123 5 62 98 126 127 130 
124 4 9 11 28 126 
125 6 25 46 48 107 138 139 
126 11 10 36 37 90 99 111 113 117 123 124 138 
127 4 10 36 59 123 
128 2 5 8 
129 5 19 53 66 92 130 
130 9 13 54 58 76 85 86 104 123 129 
131 6 27 75 96 104 112 137 
132 2 21 82 
133 3 50 90 96 
134 1 54 
135 5 4 21 40 42 139 
136 4 2 12 43 48 
137 5 37 68 92 116 131 
138 6 21 41 76 113 125 126 
139 4 94 107 125 135 
