160 13
0 0 
1 1 26 
2 1 26 
3 0 
4 0 
5 0 
6 0 
7 0 
8 0 
9 1 134 
10 0 
11 1 30 
12 0 
13 0 
14 0 
15 0 
16 0 
17 0 
18 0 
19 0 
20 0 
21 0 
22 0 
23 0 
24 0 
25 1 80 
26 2 1 2 
27 0 
28 0 
29 0 
30 1 11 
31 0 
32 0 
33 0 
34 0 
35 0 
36 0 
37 0 
38 2 72 102 
39 1 85 
40 0 
41 0 
42 0 
43 0 
44 0 
45 0 
46 0 
47 0 
48 0 
49 0 
50 1 130 
51 0 
52 0 
53 0 
54 0 
55 0 
56 0 
57 0 
58 0 
59 0 
60 0 
61 0 
62 0 
63 0 
64 0 
65 0 
66 0 
67 0 
68 0 
69 0 
70 0 
71 0 
72 1 38 
73 0 
74 1 140 
75 0 
76 0 
77 0 
78 0 
79 0 
80 1 25 
81 0 
82 0 
83 0 
84 0 
85 1 39 
86 0 
87 0 
88 0 
89 0 
90 0 
91 0 
92 0 
93 0 
94 0 
95 1 132 
96 0 
97 0 
98 0 
99 0 
100 0 
101 0 
102 1 38 
103 0 
104 0 
105 0 
106 0 
107 0 
108 0 
109 0 
110 0 
111 0 
112 0 
113 1 141 
114 0 
115 0 
116 0 
117 0 
118 0 
119 0 
120 0 
121 0 
122 0 
123 0 
124 0 
125 0 
126 0 
127 0 
128 0 
129 0 
130 1 50 
131 0 
132 1 95 
133 0 
134 1 9 
135 0 
136 0 
137 0 
138 0 
139 0 
140 1 74 
141 1 113 
142 0 
143 0 
144 0 
145 0 
146 0 
147 0 
148 0 
149 0 
150 0 
151 0 
152 0 
153 0 
154 0 
155 0 
156 1 158 
157 0 
158 1 156 
159 0 
