160 2654
0 33 4 5 6 14 15 31 32 36 40 44 45 61 62 63 64 82 89 92 96 100 107 110 112 113 124 127 128 132 137 149 150 153 154 
1 24 12 26 39 47 55 60 62 63 65 66 75 76 87 92 95 107 112 119 130 131 146 147 156 157 
2 37 3 8 16 19 20 23 26 42 45 46 48 59 60 64 67 69 73 74 80 86 90 91 102 103 114 117 118 120 122 129 131 134 140 142 149 151 157 
3 30 2 13 18 19 21 33 45 46 48 55 59 63 69 71 76 78 85 86 92 97 118 119 120 125 128 136 145 148 154 159 
4 36 0 14 17 18 38 39 41 48 51 52 55 63 67 71 72 73 78 81 85 91 96 97 104 110 121 123 129 130 137 143 144 145 147 151 154 157 
5 33 0 18 20 24 29 31 47 51 52 57 60 65 71 77 89 91 108 110 115 123 124 126 127 129 136 137 138 143 146 148 150 152 155 
6 34 0 8 13 14 23 40 43 44 47 49 51 65 66 67 71 84 86 90 92 96 98 99 101 106 113 120 122 135 140 142 146 148 154 156 
7 35 11 14 15 17 21 22 23 27 36 38 44 51 53 57 62 69 72 75 81 82 87 94 97 99 102 108 119 123 126 129 131 138 144 148 156 
8 34 2 6 10 13 15 16 17 25 28 40 46 49 50 56 62 63 64 66 71 81 88 91 98 108 110 116 118 131 134 135 140 148 152 157 
9 31 18 19 20 24 32 36 39 46 51 54 58 60 61 62 66 72 75 91 100 103 110 113 118 134 135 136 141 144 147 151 154 
10 35 8 17 22 23 26 28 33 43 52 56 57 60 68 70 72 74 79 81 85 88 90 92 94 101 106 113 118 122 127 134 138 144 150 153 157 
11 31 7 17 18 21 26 30 37 47 50 60 67 69 75 86 88 89 91 92 93 97 99 100 102 106 116 125 128 142 155 157 159 
12 27 1 14 19 21 24 37 39 42 46 47 55 58 59 63 67 69 79 80 83 90 91 98 126 127 139 141 154 
13 35 3 6 8 14 19 21 28 30 35 38 45 49 52 55 56 59 65 67 70 75 79 97 98 100 101 104 105 106 114 139 142 146 148 151 153 
14 49 0 4 6 7 12 13 17 18 19 21 24 27 29 32 36 40 42 45 48 54 56 58 63 69 70 72 85 88 89 91 94 95 106 107 109 111 113 114 117 120 125 132 138 143 147 150 153 156 157 
15 32 0 7 8 26 29 32 36 38 42 46 58 59 61 63 81 82 86 106 107 112 114 116 117 122 131 133 137 143 144 145 149 153 
16 30 2 8 37 42 50 55 56 59 64 66 67 78 85 87 92 96 102 106 107 109 121 125 132 133 138 143 147 153 154 158 
17 37 4 7 8 10 11 14 18 19 20 24 28 29 30 34 39 53 56 57 59 67 72 73 75 85 86 96 97 101 104 116 119 128 129 134 146 148 150 
18 41 3 4 5 9 11 14 17 25 32 33 40 43 46 50 51 56 59 60 63 66 68 70 76 88 90 93 97 104 105 109 110 111 112 116 117 122 128 132 134 139 152 
19 37 2 3 9 12 13 14 17 25 36 37 42 43 47 52 55 65 67 68 76 77 79 81 86 91 102 108 110 119 121 135 138 141 143 150 151 155 159 
20 37 2 5 9 17 24 31 40 43 48 49 50 51 53 60 61 64 65 75 78 79 83 86 88 90 101 105 109 117 122 124 130 134 146 149 154 156 158 
21 34 3 7 11 12 13 14 24 27 43 44 76 77 79 81 83 87 93 95 99 102 107 108 118 126 133 134 136 138 139 145 147 152 155 156 
22 33 7 10 25 38 40 44 46 50 65 67 71 74 78 88 95 99 101 103 106 109 113 117 120 123 126 131 135 136 138 145 150 156 159 
23 28 2 6 7 10 28 36 43 46 49 51 53 54 56 59 74 77 79 94 96 99 113 121 125 136 138 142 143 145 
24 39 5 9 12 14 17 20 21 35 37 39 43 47 54 55 56 58 60 64 67 74 75 77 78 80 82 93 95 100 106 114 133 141 143 144 147 152 155 158 159 
25 33 8 18 19 22 26 28 35 36 38 47 54 56 57 60 67 70 73 77 80 86 87 93 94 105 112 114 116 117 128 129 133 157 158 
26 30 1 2 10 11 15 25 29 45 48 52 60 62 74 77 88 92 103 109 110 113 117 118 119 121 128 141 147 154 156 159 
27 30 7 14 21 28 29 36 38 42 50 52 57 74 78 83 85 90 97 99 100 101 105 109 110 120 126 132 142 149 153 159 
28 32 8 10 13 17 23 25 27 33 36 46 47 51 60 62 63 72 78 79 81 82 106 111 117 118 129 136 143 145 147 148 149 153 
29 32 5 14 15 17 26 27 30 33 34 41 45 51 55 58 59 60 61 64 71 75 83 84 85 92 97 101 107 123 130 133 135 138 
30 25 11 13 17 29 31 37 40 49 51 63 64 66 72 76 84 86 89 92 96 104 109 112 131 155 158 
31 29 0 5 20 30 33 36 47 64 65 67 70 71 74 77 82 89 95 97 102 119 122 133 142 145 147 148 152 156 158 
32 33 0 9 14 15 18 35 36 38 54 58 62 66 71 73 75 79 80 87 89 90 91 93 101 110 113 125 126 130 133 134 135 156 157 
33 28 3 10 18 28 29 31 35 39 40 58 61 63 71 76 82 93 99 102 104 106 113 115 116 127 129 141 144 153 
34 21 17 29 38 55 77 82 93 100 106 108 116 119 120 138 144 148 150 153 155 158 159 
35 33 13 24 25 32 33 39 41 45 47 52 56 58 62 64 67 68 69 81 85 113 115 116 117 120 121 130 134 135 136 137 143 155 159 
36 43 0 7 9 14 15 19 23 25 27 28 31 32 44 47 50 52 53 57 59 69 70 71 72 83 90 91 97 102 109 112 116 118 126 131 132 134 138 140 150 152 153 154 157 
37 34 11 12 16 19 24 30 50 57 58 59 60 61 62 68 74 77 78 86 88 94 95 98 101 109 115 119 126 127 128 137 141 148 154 159 
38 46 4 7 13 15 22 25 27 32 34 41 43 45 46 47 55 59 61 72 74 75 78 83 90 93 101 102 105 108 109 114 117 118 123 125 129 130 132 133 134 144 148 150 154 156 158 159 
39 28 1 4 9 12 17 24 33 35 43 49 50 55 70 76 79 84 85 93 96 100 106 107 112 123 128 140 155 158 
40 35 0 6 8 14 18 20 22 30 33 42 44 49 52 55 83 86 88 90 91 92 96 105 115 119 120 123 124 129 135 136 144 146 152 155 158 
41 32 4 29 35 38 42 48 53 56 60 61 67 70 73 76 85 89 90 97 100 103 107 112 113 123 125 134 139 140 143 146 153 159 
42 34 2 12 14 15 16 19 27 40 41 51 53 54 59 63 68 73 76 81 84 88 95 104 105 108 112 122 124 127 133 136 146 148 153 157 
43 30 6 10 18 19 20 21 23 24 38 39 47 50 52 55 61 66 76 80 87 95 98 100 106 117 121 131 149 156 157 159 
44 33 0 6 7 21 22 36 40 50 54 56 61 65 69 70 82 85 86 92 94 95 107 109 114 124 125 130 131 138 150 153 154 156 157 
45 35 0 2 3 13 14 26 29 35 38 56 61 68 69 72 78 79 80 82 83 87 92 102 107 108 110 115 116 117 123 128 132 135 142 144 156 
46 36 2 3 8 9 12 15 18 22 23 28 38 54 55 58 62 66 67 68 80 90 92 96 102 103 105 110 114 115 120 127 133 135 136 141 151 158 
47 43 1 5 6 11 12 19 24 25 28 31 35 36 38 43 50 51 52 69 72 76 77 80 81 85 88 91 101 102 103 105 106 112 113 121 122 125 133 137 140 141 155 156 158 
48 27 2 3 4 14 20 26 41 57 58 59 60 61 64 66 73 83 105 109 112 119 123 130 138 145 151 155 159 
49 33 6 8 13 20 23 30 39 40 57 58 68 72 74 85 93 95 101 106 111 119 120 123 128 130 133 138 139 140 145 148 151 152 157 
50 36 8 11 16 18 20 22 27 36 37 39 43 44 47 51 52 57 60 61 66 67 76 79 81 83 84 97 100 101 105 126 130 136 145 147 150 153 
51 40 4 5 6 7 9 18 20 23 28 29 30 42 47 50 55 58 64 66 79 85 87 94 97 98 103 105 107 112 113 121 124 128 133 135 137 139 140 141 143 150 
52 40 4 5 10 13 19 26 27 35 36 40 43 47 50 54 56 57 66 67 68 70 81 89 91 94 96 97 100 102 103 112 115 117 120 121 137 141 142 146 147 148 
53 28 7 17 20 23 36 41 42 60 61 68 72 78 81 83 96 102 105 106 108 110 116 121 127 128 135 138 147 157 
54 35 9 14 23 24 25 32 42 44 46 52 57 63 66 72 73 77 85 88 95 96 98 101 104 106 112 117 119 129 134 136 139 142 144 147 155 
55 34 1 3 4 12 13 16 19 24 29 34 38 39 40 43 46 51 61 76 78 84 88 101 109 113 117 125 128 129 131 133 136 140 149 155 
56 33 8 10 13 14 16 17 18 23 24 25 35 41 44 45 52 61 65 74 75 76 84 88 91 97 100 109 112 115 123 141 145 149 156 
57 28 5 7 10 17 25 27 36 37 48 49 50 52 54 59 73 75 95 100 101 102 105 113 123 132 139 143 145 148 
58 35 9 12 14 15 24 29 32 33 35 37 46 48 49 51 62 65 68 69 72 78 79 84 90 93 97 100 106 107 109 121 148 150 152 154 157 
59 39 2 3 12 13 15 16 17 18 23 29 36 37 38 42 48 57 60 61 63 64 65 74 83 86 93 96 98 99 101 103 105 115 119 125 126 128 139 150 159 
60 39 1 2 5 9 10 11 18 20 24 25 26 28 29 37 41 48 50 53 59 62 68 73 81 83 87 91 100 106 110 121 122 137 139 142 147 148 150 152 153 
61 44 0 9 15 20 29 33 37 38 41 43 44 45 48 50 53 55 56 59 63 64 67 68 70 71 77 86 92 93 97 99 102 103 104 110 118 124 127 130 131 141 143 153 155 158 
62 33 0 1 7 8 9 26 28 32 35 37 46 58 60 67 72 74 80 82 93 94 101 106 107 114 127 129 130 139 141 144 149 154 159 
63 29 0 1 3 4 8 12 14 15 18 28 30 33 42 54 59 61 66 71 72 75 95 99 100 105 112 133 140 142 157 
64 34 0 2 8 16 20 24 29 30 31 35 48 51 59 61 68 81 83 85 88 94 96 103 106 107 109 122 124 126 130 133 140 145 149 154 
65 31 1 5 6 13 19 20 22 31 44 56 58 59 71 74 78 79 88 93 96 107 111 113 114 116 119 127 132 141 147 149 156 
66 38 1 6 8 9 16 18 30 32 43 46 48 50 51 52 54 63 72 77 81 85 87 89 90 99 100 105 106 110 112 113 117 119 120 130 132 147 148 151 
67 39 2 4 6 11 12 13 16 17 19 22 24 25 31 35 41 46 50 52 61 62 75 79 85 92 93 101 107 108 110 111 112 113 116 122 124 132 137 147 158 
68 36 10 18 19 35 37 42 45 46 49 52 53 58 60 61 64 70 74 80 83 84 86 87 95 97 99 105 112 113 114 116 124 134 141 146 150 157 
69 30 2 3 7 11 12 14 35 36 44 45 47 58 72 76 83 87 97 99 103 109 116 120 123 126 138 139 141 144 149 153 
70 29 10 13 14 18 25 31 36 39 41 44 52 61 68 80 85 86 87 95 101 102 111 117 121 124 135 139 146 149 151 
71 29 3 4 5 6 8 22 29 31 32 33 36 61 63 65 78 80 98 100 101 108 122 123 125 140 151 152 153 155 156 
72 33 4 7 9 10 14 17 28 30 36 38 45 47 49 53 54 58 62 63 66 69 86 99 105 109 111 114 116 124 126 137 142 149 150 
73 24 2 4 17 25 32 41 42 48 54 57 60 76 88 98 99 113 128 132 137 145 146 147 148 156 
74 35 2 10 22 23 24 26 27 31 37 38 49 56 59 62 65 68 81 83 89 92 101 104 105 109 111 112 127 129 140 141 143 147 149 150 155 
75 38 1 7 9 11 13 17 20 24 29 32 38 56 57 63 67 81 82 91 97 102 103 112 113 114 117 120 121 122 123 124 126 133 136 143 145 152 154 158 
76 39 1 3 18 19 21 30 33 39 41 42 43 47 50 55 56 69 73 78 80 86 88 90 93 95 101 108 117 119 122 124 132 141 146 147 149 151 152 158 159 
77 30 5 19 21 23 24 25 26 31 34 37 47 54 61 66 82 85 90 97 103 114 122 129 130 135 137 138 140 143 150 156 
78 30 3 4 16 20 22 24 27 28 37 38 45 53 55 58 65 71 76 96 97 101 103 104 105 116 127 137 147 148 151 157 
79 30 10 12 13 19 20 21 23 28 32 39 45 50 51 58 65 67 83 93 100 104 108 114 115 126 133 137 142 144 155 157 
80 29 2 12 24 25 32 43 45 46 47 62 68 70 71 76 82 90 91 98 99 103 112 123 124 126 140 149 153 155 156 
81 38 4 7 8 10 15 19 21 28 35 42 47 50 52 53 60 64 66 74 75 83 85 87 93 98 102 108 115 117 125 126 128 129 132 137 139 145 153 157 
82 30 0 7 15 24 28 31 33 34 44 45 62 75 77 80 84 88 90 99 101 109 116 118 120 124 127 130 137 140 141 159 
83 41 12 20 21 27 29 36 38 40 45 48 50 53 59 60 64 68 69 74 79 81 84 87 90 97 98 99 100 101 102 106 113 115 116 125 126 139 140 144 152 156 159 
84 28 6 29 30 39 42 50 55 56 58 68 82 83 86 94 97 100 108 111 115 122 123 132 133 144 150 154 155 158 
85 38 3 4 10 14 16 17 27 29 35 39 41 44 47 49 51 54 64 66 67 70 77 81 88 91 96 100 105 111 113 117 120 121 125 126 135 140 142 152 
86 33 2 3 6 11 15 17 19 20 25 30 37 40 44 59 61 68 70 72 76 84 96 98 101 104 107 115 116 135 138 147 150 151 155 
87 31 1 7 16 21 25 32 43 45 51 60 66 68 69 70 81 83 88 89 92 93 95 107 110 114 125 130 131 136 150 152 153 
88 41 8 10 11 14 18 20 22 26 37 40 42 47 54 55 56 64 65 73 76 82 85 87 90 100 106 108 110 111 112 121 125 132 133 137 144 146 150 152 155 156 158 
89 22 0 5 11 14 30 31 32 41 52 66 74 87 92 93 113 116 124 125 131 132 142 148 
90 36 2 6 10 12 18 20 27 32 36 38 40 41 46 58 66 76 77 80 82 83 88 91 103 106 108 111 112 116 121 124 125 131 140 144 146 149 
91 34 2 4 5 8 9 11 12 14 19 32 36 40 47 52 56 60 75 80 85 90 92 103 109 118 119 125 126 131 146 147 152 153 157 158 
92 31 0 1 3 6 10 11 16 26 29 30 40 44 45 46 61 67 74 87 89 91 93 98 101 121 126 133 135 142 148 150 154 
93 41 11 18 21 24 25 32 33 34 38 39 49 58 59 61 62 65 67 76 79 81 87 89 92 95 100 101 102 105 108 114 120 125 126 128 131 136 137 143 144 153 156 
94 27 7 10 14 23 25 37 44 51 52 62 64 84 98 104 110 114 118 122 139 140 142 143 145 151 153 156 158 
95 35 1 14 21 22 24 31 37 42 43 44 49 54 57 63 68 70 76 87 93 99 101 105 108 112 123 127 132 133 138 140 141 143 144 151 155 
96 29 0 4 6 16 17 23 30 39 40 46 52 53 54 59 64 65 78 85 86 103 115 116 127 128 132 134 148 150 151 
97 42 3 4 7 11 13 17 18 27 29 31 36 41 50 51 52 56 58 61 68 69 75 77 78 83 84 109 111 119 120 132 136 137 139 140 141 142 144 145 147 150 155 157 
98 27 6 8 12 13 37 43 51 54 59 71 73 80 81 83 86 92 94 101 105 111 113 115 122 132 143 144 158 
99 29 6 7 11 21 22 23 27 33 59 61 63 66 68 69 72 73 80 82 83 95 108 115 125 137 147 148 152 154 155 
100 37 0 9 11 13 24 27 34 39 41 43 50 52 56 57 58 60 63 66 71 79 83 84 85 88 93 101 108 113 125 126 127 130 135 136 149 150 151 
101 46 6 10 13 17 20 22 27 29 32 37 38 47 49 50 54 55 57 59 62 67 70 71 74 76 78 82 83 86 92 93 95 98 100 106 107 110 115 118 120 123 133 134 139 143 153 155 
102 36 2 7 11 16 19 21 31 33 36 38 45 46 47 52 53 57 61 70 75 81 83 93 105 109 114 115 121 126 129 132 136 137 141 145 146 148 
103 35 2 9 22 26 41 46 47 51 52 59 61 64 69 75 77 78 80 90 91 96 108 113 116 123 124 125 131 138 139 140 144 146 148 150 153 
104 29 4 13 17 18 30 33 42 54 61 74 78 79 86 94 109 114 117 121 123 127 130 131 133 137 138 141 149 154 159 
105 37 13 18 20 25 27 38 40 42 46 47 48 50 51 53 57 59 63 66 68 72 74 78 85 93 95 98 102 112 114 115 119 125 126 128 153 156 158 
106 37 6 10 11 13 14 15 16 22 24 28 33 34 39 43 47 49 53 54 58 60 62 64 66 83 88 90 101 116 121 122 125 138 141 143 148 153 157 
107 28 0 1 14 15 16 21 29 39 41 44 45 51 58 62 64 65 67 86 87 101 109 114 117 135 142 148 149 158 
108 31 5 7 8 19 21 34 38 42 45 53 67 71 76 79 81 84 88 90 93 95 99 100 103 110 112 121 127 128 154 155 158 
109 34 14 16 18 20 22 26 27 30 36 37 38 44 48 55 56 58 64 69 72 74 82 91 97 102 104 107 110 118 127 128 129 131 142 153 
110 31 0 4 5 8 9 18 19 26 27 32 45 46 53 60 61 66 67 87 88 94 101 108 109 111 136 139 142 147 149 157 158 
111 22 14 18 28 49 65 67 70 72 74 84 85 88 90 97 98 110 114 132 134 140 149 154 
112 36 0 1 15 18 25 30 36 39 41 42 47 48 51 52 54 56 63 66 67 68 74 75 80 88 90 95 105 108 114 118 122 123 127 139 140 157 
113 37 0 6 9 10 14 22 23 26 32 33 35 41 47 51 55 57 65 66 67 68 73 75 83 85 89 98 100 103 121 126 128 132 136 141 143 147 148 
114 32 2 13 14 15 24 25 38 44 46 62 65 68 72 75 77 79 87 93 94 102 104 105 107 111 112 118 123 129 134 138 144 157 
115 26 5 33 35 37 40 45 46 52 56 59 79 81 83 84 86 96 98 99 101 102 105 118 122 130 150 151 
116 30 8 11 15 17 18 25 33 34 35 36 45 53 65 67 68 69 72 78 82 83 86 89 90 96 103 106 124 134 138 157 
117 35 2 14 15 18 20 22 25 26 28 35 38 43 45 52 54 55 66 70 75 76 81 85 104 107 122 130 131 134 143 145 147 149 153 157 159 
118 25 2 3 8 9 10 21 26 28 36 38 61 82 91 94 101 109 112 114 115 133 137 140 141 145 154 
119 34 1 3 7 17 19 26 31 34 37 40 48 49 54 59 65 66 76 91 97 105 122 123 127 129 130 137 138 140 142 145 149 151 154 155 
120 25 2 3 6 14 22 27 34 35 40 46 49 52 66 69 75 82 85 93 97 101 123 129 148 158 159 
121 33 4 16 19 23 26 35 43 47 51 52 53 58 60 70 75 85 88 90 92 102 104 106 108 113 126 133 135 136 138 139 140 153 158 
122 33 2 6 10 15 18 20 31 42 47 60 64 67 71 75 76 77 84 94 98 106 112 115 117 119 125 134 139 140 143 145 147 153 156 
123 38 4 5 7 22 29 38 39 40 41 45 48 49 56 57 69 71 75 80 84 95 101 103 104 112 114 119 120 124 125 137 139 141 142 149 152 155 156 157 
124 25 0 5 20 40 42 44 51 61 64 67 68 70 72 75 76 80 82 89 90 103 116 123 141 143 146 
125 33 3 11 14 16 23 32 38 41 44 47 55 59 71 81 83 85 87 88 89 90 91 93 99 100 103 105 106 122 123 130 132 136 143 
126 33 5 7 12 21 22 27 32 36 37 50 59 64 69 72 75 79 80 81 83 85 91 92 93 100 102 105 113 121 136 139 149 152 157 
127 31 0 5 10 12 33 37 42 46 53 61 62 65 74 78 82 95 96 100 104 108 109 112 119 128 136 147 152 154 155 157 159 
128 32 0 3 11 17 18 25 26 37 39 45 49 51 53 55 59 73 81 93 96 105 108 109 113 127 140 145 146 151 152 154 155 157 
129 25 2 4 5 7 17 25 28 33 38 40 54 55 62 74 77 81 102 109 114 119 120 130 131 133 158 
130 28 1 4 20 29 32 35 38 44 48 49 50 61 62 64 66 77 82 87 100 104 115 117 119 125 129 134 148 157 
131 28 1 2 7 8 15 22 30 36 43 44 55 61 87 89 90 91 93 103 104 109 117 129 136 141 142 148 152 154 
132 29 0 14 16 18 27 36 38 45 57 65 66 67 73 76 81 84 88 89 95 96 97 98 102 111 113 125 134 140 143 
133 34 15 16 21 24 25 29 31 32 38 42 46 47 49 51 55 63 64 75 79 84 88 92 95 101 104 118 121 129 138 141 145 150 152 157 
134 24 2 8 9 10 17 18 20 21 32 35 36 38 41 54 68 96 101 111 114 116 117 122 130 132 
135 28 6 8 9 19 22 29 32 35 40 45 46 51 53 70 77 85 86 92 100 107 121 138 145 146 148 154 156 159 
136 33 3 5 9 21 22 23 28 35 40 42 46 50 54 55 75 87 93 97 100 102 110 113 121 125 126 127 131 138 142 144 151 155 159 
137 33 0 4 5 15 35 37 47 51 52 60 67 72 73 77 78 79 81 82 88 93 97 99 102 104 118 119 123 140 144 145 146 154 156 
138 37 5 7 10 14 16 19 21 22 23 29 34 36 44 48 49 53 69 77 86 95 103 104 106 114 116 119 121 133 135 136 139 141 142 144 149 150 152 
139 31 12 13 18 21 41 49 51 54 57 59 60 62 69 70 81 83 94 97 101 103 110 112 121 122 123 126 138 140 149 150 159 
140 39 2 6 8 36 39 41 47 49 51 55 63 64 71 74 77 80 82 83 85 90 94 95 97 103 111 112 118 119 121 122 128 132 137 139 151 154 155 157 159 
141 40 9 12 19 24 26 33 37 46 47 51 52 56 61 62 65 68 69 74 76 82 95 97 102 104 106 113 118 123 124 131 133 138 149 150 151 153 154 157 158 159 
142 32 2 6 11 13 23 27 31 45 52 54 60 63 72 79 85 89 92 94 97 107 109 110 119 123 131 136 138 145 147 150 151 155 
143 35 4 5 14 15 16 19 23 24 28 35 41 51 57 61 74 75 77 93 94 95 98 101 106 113 117 122 124 125 132 144 147 149 150 154 156 
144 31 4 7 9 10 15 24 33 34 38 40 45 54 62 69 79 83 84 88 90 93 95 97 98 103 114 136 137 138 143 154 159 
145 34 3 4 15 21 22 23 28 31 48 49 50 56 57 64 73 75 81 94 97 102 117 118 119 122 128 133 135 137 142 147 148 154 157 158 
146 25 1 5 6 13 17 20 40 41 42 52 68 70 73 76 88 90 91 102 103 124 128 135 137 156 158 
147 35 1 4 9 14 16 21 24 26 28 31 50 52 53 54 60 65 66 67 73 74 76 78 86 91 97 99 110 113 117 122 127 142 143 145 154 
148 38 3 5 6 7 8 13 17 28 31 34 37 38 42 49 52 57 58 60 66 73 78 89 92 96 99 102 103 106 107 113 120 130 131 135 145 155 157 158 
149 32 0 2 15 20 27 28 43 55 56 62 64 65 69 70 72 74 76 80 90 100 104 107 110 111 117 119 123 126 138 139 141 143 
150 39 0 5 10 14 17 19 22 34 36 38 44 50 51 58 59 60 68 72 74 77 84 86 87 88 92 96 97 100 103 115 133 138 139 141 142 143 154 156 159 
151 27 2 4 9 13 19 46 48 49 66 70 71 76 78 86 94 95 96 100 115 119 128 136 140 141 142 153 155 
152 27 5 8 18 21 24 31 36 40 49 58 60 71 75 76 83 85 87 88 91 99 123 126 127 128 131 133 138 
153 37 0 10 13 14 15 16 27 28 33 34 36 41 42 44 50 60 61 69 71 80 81 87 91 93 94 101 103 105 106 109 117 121 122 141 151 157 159 
154 38 0 3 4 6 9 12 16 20 26 36 37 38 44 58 62 64 75 84 92 99 104 108 111 118 119 127 128 131 135 137 140 141 143 144 145 147 150 159 
155 37 5 11 19 21 24 30 34 35 39 40 47 48 54 55 61 71 74 79 80 84 86 88 95 97 99 101 108 119 123 127 128 136 140 142 148 151 159 
156 35 1 6 7 14 20 21 22 26 31 32 38 43 44 45 47 56 65 71 73 77 80 83 88 93 94 105 122 123 135 137 143 146 150 158 159 
157 41 1 2 4 8 10 11 14 25 32 36 42 43 44 49 53 58 63 68 78 79 81 91 97 106 110 112 114 116 117 123 126 127 128 130 133 140 141 145 148 153 159 
158 33 16 20 24 25 30 31 34 38 39 40 46 47 61 67 75 76 84 88 91 94 98 105 107 108 110 120 121 129 141 145 146 148 156 
159 35 3 11 19 22 24 26 27 34 35 37 38 41 43 48 59 62 76 82 83 104 117 120 127 135 136 139 140 141 144 150 153 154 155 156 157 
