160 377
0 4 5 96 100 110 
1 2 26 55 
2 2 26 114 
3 8 19 48 71 78 85 120 125 136 
4 4 51 52 123 129 
5 5 0 57 108 126 129 
6 6 51 84 90 101 135 140 
7 9 17 27 62 94 102 108 119 126 131 
8 4 10 66 98 135 
9 5 19 36 66 134 141 
10 6 8 23 70 81 122 138 
11 6 18 21 30 47 142 155 
12 2 42 127 
13 5 56 70 97 106 146 
14 10 21 29 32 45 63 89 95 107 138 157 
15 3 26 32 153 
16 1 78 
17 3 7 18 30 
18 5 11 17 105 117 122 
19 4 3 9 25 91 
20 3 78 134 154 
21 6 11 14 44 87 108 136 
22 3 78 123 159 
23 4 10 56 74 99 
24 5 60 93 106 147 158 
25 8 19 35 54 70 80 87 114 133 
26 8 1 2 15 62 74 77 92 119 
27 5 7 28 36 85 109 
28 4 27 33 79 81 
29 8 14 34 58 85 97 107 123 133 
30 6 11 17 51 63 66 96 
31 3 47 74 156 
32 6 14 15 54 113 133 157 
33 7 28 35 40 58 93 127 141 
34 1 29 
35 6 25 33 69 85 137 143 
36 6 9 27 109 126 132 152 
37 2 119 159 
38 9 72 75 101 102 109 123 129 132 134 
39 2 70 85 
40 7 33 92 105 120 136 144 152 
41 4 97 100 107 134 
42 6 12 53 104 105 148 153 
43 2 50 106 
44 4 21 54 95 138 
45 6 14 68 78 79 102 117 
46 4 68 96 103 110 
47 3 11 31 91 
48 5 3 57 73 109 130 
49 3 120 123 140 
50 6 43 51 76 100 105 130 
51 8 4 6 30 50 87 94 140 150 
52 9 4 54 66 89 94 112 121 137 146 
53 4 42 116 121 138 
54 8 25 32 44 52 95 106 112 139 
55 4 1 61 88 125 
56 6 13 23 88 112 123 149 
57 2 5 48 
58 7 29 33 62 78 84 97 121 
59 5 60 86 103 115 159 
60 5 24 59 87 121 142 
61 4 55 71 99 110 
62 5 7 26 58 72 107 
63 3 14 30 66 
64 3 81 103 122 
65 1 111 
66 7 8 9 30 52 63 90 130 
67 1 147 
68 4 45 46 99 116 
69 3 35 97 116 
70 6 10 13 25 39 111 149 
71 2 3 61 
72 4 38 62 86 150 
73 2 48 132 
74 7 23 26 31 109 127 129 140 
75 3 38 122 123 
76 3 50 90 151 
77 4 26 85 90 143 
78 9 3 16 20 22 45 58 97 127 151 
79 5 28 45 114 144 157 
80 4 25 99 126 153 
81 6 10 28 64 85 93 126 
82 3 109 118 137 
83 1 101 
84 5 6 58 115 154 155 
85 10 3 27 29 35 39 77 81 111 125 142 
86 3 59 72 150 
87 6 21 25 51 60 114 130 
88 7 55 56 108 112 121 132 152 
89 5 14 52 92 113 148 
90 6 6 66 76 77 108 140 
91 3 19 47 126 
92 3 26 40 89 
93 4 24 33 81 100 
94 5 7 51 52 104 114 
95 6 14 44 54 108 132 155 
96 3 0 30 46 
97 10 13 29 41 58 69 78 136 137 144 147 
98 3 8 111 122 
99 5 23 61 68 80 154 
100 7 0 41 50 93 113 127 135 
101 3 6 38 83 
102 3 7 38 45 
103 4 46 59 64 108 
104 4 42 94 149 154 
105 5 18 40 42 50 153 
106 5 13 24 43 54 125 
107 5 14 29 41 62 135 
108 9 5 7 21 88 90 95 103 112 121 
109 7 27 36 38 48 74 82 110 
110 6 0 46 61 109 139 157 
111 4 65 70 85 98 
112 6 52 54 56 88 108 122 
113 4 32 89 100 141 
114 5 2 25 79 87 94 
115 2 59 84 
116 4 53 68 69 124 
117 3 18 45 149 
118 2 82 154 
119 6 7 26 37 123 138 149 
120 4 3 40 49 129 
121 9 52 53 58 60 88 108 126 139 153 
122 6 10 18 64 75 98 112 
123 9 4 22 29 38 49 56 75 119 157 
124 2 116 146 
125 5 3 55 85 106 130 
126 7 5 7 36 80 81 91 121 
127 6 12 33 74 78 100 159 
128 2 151 152 
129 6 4 5 38 74 120 133 
130 6 48 50 66 87 125 148 
131 2 7 142 
132 5 36 38 73 88 95 
133 5 25 29 32 129 150 
134 4 9 20 38 41 
135 5 6 8 100 107 138 
136 4 3 21 40 97 
137 4 35 52 82 97 
138 7 10 14 44 53 119 135 152 
139 4 54 110 121 159 
140 5 6 49 51 74 90 
141 3 9 33 113 
142 5 11 60 85 131 145 
143 2 35 77 
144 4 40 79 97 154 
145 3 142 148 154 
146 3 13 52 124 
147 3 24 67 97 
148 4 42 89 130 145 
149 5 56 70 104 117 119 
150 4 51 72 86 133 
151 3 76 78 128 
152 5 36 40 88 128 138 
153 5 15 42 80 105 121 
154 8 20 84 99 104 118 144 145 159 
155 3 11 84 95 
156 2 31 158 
157 5 14 32 79 110 123 
158 2 24 156 
159 6 22 37 59 127 139 154 
