160 1324
0 17 4 5 15 32 36 45 61 63 89 96 100 107 110 124 127 132 153 
1 12 26 39 55 60 65 76 87 92 95 112 130 146 
2 13 8 19 20 26 60 67 80 90 102 103 114 131 142 
3 14 13 19 48 71 76 78 85 86 97 120 125 136 154 159 
4 17 0 38 48 51 52 71 72 81 96 104 121 123 129 137 145 151 154 
5 18 0 20 31 47 51 52 57 71 77 108 110 126 127 129 137 143 150 152 
6 22 8 23 40 43 44 47 49 51 71 84 86 90 96 98 99 101 106 113 120 122 135 140 
7 19 17 21 27 38 44 57 62 72 81 87 94 102 108 119 126 129 131 148 156 
8 21 2 6 10 16 25 46 49 56 62 63 64 66 71 88 98 108 118 135 140 148 152 
9 19 19 36 39 51 54 60 61 62 66 72 75 100 110 113 134 135 141 144 151 
10 16 8 17 23 26 28 52 60 70 81 85 118 122 138 144 150 153 
11 13 17 18 21 30 47 60 88 92 97 106 142 155 159 
12 13 24 37 42 46 47 55 58 63 83 90 98 127 154 
13 15 3 21 30 35 38 45 49 55 56 70 97 104 106 139 146 
14 31 17 21 29 32 40 42 45 48 54 58 63 70 72 85 88 89 91 94 95 107 109 111 117 120 125 138 143 147 150 153 157 
15 20 0 26 32 38 58 61 63 82 86 107 112 114 116 122 137 143 144 145 149 153 
16 15 8 37 42 50 55 56 66 78 85 87 92 106 109 132 143 
17 20 7 10 11 14 18 28 30 34 39 56 67 73 86 96 97 101 116 134 146 150 
18 15 11 17 40 43 46 51 59 60 88 93 105 110 117 122 134 
19 21 2 3 9 25 37 42 43 47 65 67 68 76 77 81 91 102 110 121 138 141 150 
20 19 2 5 31 40 48 49 50 53 61 78 79 83 105 117 122 134 146 154 158 
21 18 7 11 13 14 44 76 83 87 93 102 107 108 118 134 136 139 145 152 
22 14 40 67 71 78 99 101 113 120 123 135 138 145 150 159 
23 11 6 10 51 54 56 74 79 96 99 136 143 
24 12 12 37 47 54 56 58 60 93 106 143 147 158 
25 17 8 19 26 28 35 54 60 70 80 86 87 112 114 116 117 129 133 
26 17 1 2 10 15 25 48 60 62 74 77 92 103 118 119 121 128 154 
27 14 7 28 36 42 57 78 83 85 90 100 109 120 126 132 
28 20 10 17 25 27 33 46 47 51 60 62 63 72 78 79 81 82 117 136 145 147 
29 17 14 30 33 34 41 45 58 59 61 84 85 97 101 107 123 130 133 
30 15 11 13 17 29 31 37 49 51 63 64 66 72 92 96 112 
31 14 5 20 30 36 47 64 65 74 77 89 147 148 156 158 
32 13 0 14 15 54 62 66 79 80 87 113 125 133 157 
33 15 28 29 35 40 58 76 82 93 99 104 115 127 129 141 153 
34 7 17 29 138 144 148 150 153 
35 17 13 25 33 45 58 64 69 85 113 115 116 121 130 134 137 143 159 
36 17 0 9 27 31 47 52 69 71 91 97 102 109 126 132 138 152 153 
37 16 12 16 19 24 30 59 60 68 78 88 94 109 115 119 128 159 
38 24 4 7 13 15 43 46 59 61 72 75 93 101 102 108 109 117 123 129 130 132 133 134 148 156 
39 10 1 9 17 49 50 70 85 93 112 128 
40 19 6 14 18 20 22 33 42 49 55 90 92 96 105 119 120 123 136 144 152 
41 16 29 42 48 60 61 70 76 85 97 100 103 107 134 139 140 153 
42 19 12 14 16 19 27 40 41 51 53 63 73 95 104 105 108 112 127 148 153 
43 13 6 18 19 38 47 50 55 66 106 117 121 156 157 
44 16 6 7 21 50 54 56 61 86 95 107 109 114 131 138 153 154 
45 15 0 13 14 29 35 61 68 78 79 87 102 117 128 135 142 
46 16 8 12 18 28 38 68 90 92 96 103 105 110 133 135 136 151 
47 18 5 6 11 12 19 24 28 31 36 43 69 76 85 91 105 133 137 156 
48 16 3 4 14 20 26 41 57 58 59 73 83 105 109 119 130 145 
49 19 6 8 13 20 30 39 40 58 85 119 120 123 128 130 133 139 140 145 157 
50 19 16 20 39 43 44 51 52 57 76 81 97 100 101 105 126 130 136 145 150 
51 22 4 5 6 9 18 23 28 30 42 50 64 85 87 94 98 103 107 124 128 139 140 150 
52 19 4 5 10 36 50 54 66 68 70 89 94 96 97 103 112 121 137 146 148 
53 8 20 42 61 110 116 121 127 138 
54 20 9 14 23 24 25 32 44 52 57 72 73 85 95 106 112 117 119 139 142 147 
55 16 1 12 13 16 40 43 61 84 88 101 109 125 128 129 140 155 
56 19 8 13 16 17 23 24 44 74 75 76 84 88 97 100 112 115 123 149 156 
57 8 5 7 27 48 50 54 102 143 
58 21 12 14 15 24 29 33 35 48 49 62 68 72 78 79 84 97 106 109 121 152 154 
59 20 18 29 37 38 48 60 64 65 74 83 86 93 98 101 103 105 115 126 128 159 
60 23 1 2 9 10 11 18 24 25 26 28 37 41 59 68 87 100 106 121 122 137 142 148 150 
61 22 0 9 15 20 29 38 41 44 45 53 55 64 71 99 102 103 110 118 127 131 153 155 
62 13 7 8 9 26 28 32 58 72 82 107 149 154 159 
63 13 0 8 12 14 15 28 30 42 66 71 75 95 100 
64 14 8 30 31 35 51 59 61 68 81 103 107 122 124 149 
65 14 1 19 31 59 74 78 96 107 111 116 127 147 149 156 
66 21 8 9 16 30 32 43 52 63 72 85 89 90 99 110 112 113 117 119 120 130 132 
67 14 2 17 19 22 75 79 92 93 107 113 122 124 132 147 
68 17 19 37 45 46 52 58 60 64 70 95 97 99 105 113 114 116 150 
69 12 35 36 47 72 87 97 99 103 116 123 139 141 
70 14 10 13 14 25 39 41 52 68 95 101 111 139 149 151 
71 17 3 4 5 6 8 22 36 61 63 78 98 100 101 108 123 125 153 
72 21 4 7 9 14 28 30 38 54 58 62 66 69 86 99 105 114 116 137 142 149 150 
73 10 17 42 48 54 98 99 132 137 145 146 
74 18 23 26 31 56 59 65 81 83 109 111 112 127 129 140 141 143 149 155 
75 16 9 38 56 63 67 82 91 97 113 114 122 123 124 143 145 154 
76 17 1 3 19 21 33 41 47 50 56 90 93 108 122 141 146 147 151 
77 10 5 19 26 31 85 90 122 130 135 143 
78 19 3 16 20 22 27 28 37 45 58 65 71 97 103 104 116 127 147 151 157 
79 13 20 23 28 32 45 58 67 93 100 114 137 144 157 
80 12 2 25 32 82 98 99 103 123 126 153 155 156 
81 19 4 7 10 19 28 50 64 74 83 85 87 93 98 102 108 125 126 128 129 
82 17 15 28 33 62 75 80 84 90 99 109 116 118 120 127 137 140 159 
83 18 12 20 21 27 48 59 74 81 90 97 100 101 106 113 115 116 140 144 
84 15 6 29 55 56 58 82 86 97 108 111 115 123 133 154 155 
85 22 3 10 14 16 27 29 35 39 41 47 49 51 54 66 77 81 105 111 113 125 142 152 
86 15 3 6 15 17 25 44 59 72 84 101 135 147 150 151 155 
87 22 1 7 16 21 25 32 45 51 60 69 81 88 89 92 95 107 110 114 125 130 131 136 
88 20 8 11 14 18 37 55 56 87 108 111 112 121 125 132 137 144 146 152 156 158 
89 14 0 14 31 52 66 87 92 93 113 124 125 131 142 148 
90 18 2 6 12 27 40 46 66 76 77 82 83 103 108 116 125 140 144 149 
91 10 14 19 36 47 75 92 126 147 152 158 
92 16 1 11 16 26 30 40 46 67 87 89 91 93 98 133 135 150 
93 20 18 21 24 33 38 39 59 67 76 79 81 89 92 100 101 108 125 128 131 143 
94 12 7 14 37 51 52 98 104 114 139 140 151 153 
95 16 1 14 42 44 54 63 68 70 87 105 108 112 132 141 144 155 
96 17 0 4 6 17 23 30 40 46 52 65 115 127 128 132 134 148 150 
97 29 3 11 13 17 29 36 41 50 52 56 58 68 69 75 78 83 84 109 111 119 132 136 137 141 144 145 147 150 155 
98 17 6 8 12 51 59 71 73 80 81 92 94 111 113 115 122 132 158 
99 18 6 22 23 33 61 66 68 69 72 73 80 82 115 125 137 148 154 155 
100 19 0 9 27 41 50 56 60 63 71 79 83 93 113 125 126 127 135 136 150 
101 20 6 17 22 29 38 50 55 59 70 71 83 86 93 110 118 133 134 139 153 155 
102 15 2 7 19 21 36 38 45 57 61 81 105 114 136 141 146 
103 19 2 26 41 46 51 52 59 61 64 69 78 80 90 108 124 131 144 150 153 
104 14 4 13 33 42 78 94 117 121 131 133 138 141 149 154 
105 19 18 20 40 42 46 47 48 50 59 68 72 85 95 102 112 119 128 153 158 
106 15 6 11 13 16 24 43 54 58 60 83 116 125 138 141 157 
107 15 0 14 15 21 29 41 44 51 62 64 65 67 87 135 158 
108 20 5 7 8 21 38 42 71 76 81 84 88 90 93 95 103 112 121 127 128 155 
109 16 14 16 27 36 37 38 44 48 55 58 74 82 97 110 127 131 
110 19 0 5 9 18 19 46 53 61 66 87 101 109 111 136 139 142 147 157 158 
111 15 14 65 70 74 84 85 88 97 98 110 114 132 134 149 154 
112 21 1 15 25 30 39 42 52 54 56 66 74 88 95 105 108 114 118 122 123 127 157 
113 18 6 9 22 32 35 66 67 68 75 83 85 89 98 100 121 132 141 147 
114 16 2 15 25 44 68 72 75 79 87 94 102 111 112 118 129 144 
115 12 33 35 37 56 59 83 84 96 98 99 130 150 
116 16 15 17 25 35 53 65 68 69 72 78 82 83 90 106 124 138 
117 14 14 18 20 25 28 38 43 45 54 66 104 122 149 157 
118 11 8 10 21 26 61 82 101 112 114 137 154 
119 20 7 26 37 40 48 49 54 66 97 105 122 123 137 138 140 142 149 151 154 155 
120 11 3 6 14 22 27 40 49 66 82 129 159 
121 18 4 19 26 35 43 52 53 58 60 88 104 108 113 126 136 139 140 153 
122 23 6 10 15 18 20 60 64 67 75 76 77 98 112 117 119 125 134 140 143 145 147 153 156 
123 22 4 22 29 38 40 49 56 69 71 75 80 84 112 119 124 125 137 139 141 152 156 157 
124 11 0 51 64 67 75 89 103 116 123 143 146 
125 20 3 14 32 55 71 81 85 87 88 89 90 93 99 100 106 122 123 130 132 136 
126 15 5 7 27 36 50 59 80 81 91 100 121 136 139 152 157 
127 20 0 5 12 33 42 53 61 65 74 78 82 96 100 108 109 112 136 154 157 159 
128 16 26 37 39 45 49 51 55 59 81 93 96 105 108 145 151 152 
129 12 4 5 7 25 33 38 55 74 81 114 120 133 
130 13 1 29 35 38 48 49 50 66 77 87 115 125 148 
131 13 2 7 44 61 87 89 93 103 104 109 136 142 154 
132 17 0 16 27 36 38 66 67 73 88 95 96 97 98 111 113 125 134 
133 15 25 29 32 38 46 47 49 84 92 101 104 129 141 150 152 
134 13 9 17 18 20 21 35 38 41 96 101 111 122 132 
135 15 6 8 9 22 45 46 77 86 92 100 107 138 145 148 154 
136 19 3 21 23 28 40 46 50 87 97 100 102 110 121 125 126 127 131 151 155 
137 20 4 5 15 35 47 52 60 72 73 79 82 88 97 99 118 119 123 145 154 156 
138 17 10 14 19 22 34 36 44 53 104 106 116 119 135 142 144 149 152 
139 16 13 21 41 49 51 54 69 70 94 101 110 121 123 126 140 159 
140 18 6 8 41 49 51 55 74 82 83 90 94 119 121 122 139 155 157 159 
141 15 9 19 33 69 74 76 95 97 102 104 106 113 123 133 149 
142 15 2 11 45 54 60 72 85 89 110 119 131 138 145 147 151 
143 16 5 14 15 16 23 24 35 57 74 75 77 93 122 124 149 154 
144 15 9 10 15 34 40 79 83 88 90 95 97 103 114 138 154 
145 21 4 15 21 22 28 48 49 50 73 75 97 122 128 135 137 142 147 148 154 157 158 
146 11 1 13 17 20 52 73 76 88 102 124 156 
147 17 14 24 28 31 54 65 67 76 78 86 91 97 110 113 122 142 145 
148 15 7 8 31 34 38 42 52 60 89 96 99 130 135 145 155 
149 16 15 56 62 64 65 70 72 74 90 104 111 117 119 138 141 143 
150 21 5 10 14 17 19 22 34 50 51 60 68 72 86 92 96 97 100 103 115 133 154 
151 14 4 9 46 70 76 78 86 94 119 128 136 142 153 155 
152 14 5 8 21 36 40 58 85 88 91 123 126 128 133 138 
153 20 0 10 14 15 33 34 36 41 42 44 61 71 80 94 101 103 105 121 122 151 
154 24 3 4 12 20 26 44 58 62 75 84 99 104 111 118 119 127 131 135 137 143 144 145 150 159 
155 18 11 55 61 74 80 84 86 95 97 99 101 108 119 136 140 148 151 159 
156 14 7 31 38 43 47 56 65 80 88 122 123 137 146 158 
157 16 14 32 43 49 78 79 106 110 112 117 123 126 127 140 145 159 
158 11 20 24 31 88 91 98 105 107 110 145 156 
159 15 3 11 22 35 37 59 62 82 120 127 139 140 154 155 157 
