160 996
0 5 4 7 61 76 81 
1 11 5 15 17 25 42 44 58 59 62 111 127 
2 13 6 18 62 80 81 92 93 96 102 109 130 143 153 
3 12 21 24 29 36 43 44 50 80 125 135 144 154 
4 20 0 11 55 57 66 71 75 80 81 96 98 101 103 106 114 118 126 141 144 146 
5 14 1 22 28 40 44 76 88 102 104 111 136 142 145 159 
6 10 2 20 68 78 91 92 96 97 112 153 
7 12 0 12 23 62 100 102 113 116 119 138 153 154 
8 9 40 48 83 94 125 137 143 151 153 
9 16 11 31 38 46 61 63 67 71 75 76 85 91 94 126 137 152 
10 15 13 31 36 44 48 52 62 79 85 87 92 96 98 121 133 
11 12 4 9 14 18 43 71 74 119 127 133 142 144 
12 11 7 16 18 58 83 88 101 102 116 125 153 
13 13 10 22 46 49 56 57 58 85 94 127 131 140 153 
14 16 11 23 37 49 51 72 76 84 87 121 122 127 130 143 145 154 
15 7 1 27 40 92 105 129 143 
16 12 12 21 27 28 30 31 35 41 61 118 145 159 
17 14 1 30 36 39 61 68 72 73 79 105 106 112 129 147 
18 16 2 11 12 68 75 79 81 83 102 104 114 129 132 135 148 159 
19 17 26 33 35 44 53 71 94 97 111 117 127 129 139 143 153 155 158 
20 10 6 63 85 94 102 107 128 144 146 157 
21 14 3 16 22 60 61 70 74 91 93 104 117 125 132 137 
22 13 5 13 21 29 30 33 55 62 80 82 103 115 118 
23 13 7 14 24 41 63 68 80 88 125 126 146 151 153 
24 12 3 23 33 66 70 84 93 94 109 126 147 150 
25 7 1 38 54 82 99 154 156 
26 9 19 29 64 90 97 99 140 152 156 
27 8 15 16 64 79 95 103 125 158 
28 12 5 16 53 59 84 87 96 99 116 121 147 156 
29 10 3 22 26 35 47 52 77 79 140 153 
30 19 16 17 22 36 42 48 49 75 82 83 84 98 102 104 109 115 119 131 159 
31 10 9 10 16 32 47 93 95 133 144 148 
32 7 31 45 74 85 86 125 159 
33 6 19 22 24 62 82 158 
34 16 40 44 49 64 82 84 98 100 102 109 111 112 119 124 126 148 
35 15 16 19 29 41 42 55 66 77 95 111 112 125 135 145 152 
36 13 3 10 17 30 38 73 74 80 90 107 109 121 154 
37 17 14 43 47 49 50 55 64 67 69 100 109 110 113 117 119 130 138 
38 8 9 25 36 46 81 120 137 155 
39 10 17 44 51 56 67 70 77 128 133 151 
40 12 5 8 15 34 68 81 92 99 128 143 151 155 
41 9 16 23 35 65 87 109 114 116 150 
42 8 1 30 35 44 57 82 92 112 
43 18 3 11 37 48 50 56 57 76 96 102 110 128 130 133 143 144 146 155 
44 16 1 3 5 10 19 34 39 42 59 87 90 103 125 127 145 149 
45 7 32 82 91 106 112 124 141 
46 18 9 13 38 49 50 53 64 83 87 100 115 122 124 126 127 134 143 159 
47 12 29 31 37 59 89 92 97 111 119 126 128 136 
48 13 8 10 30 43 87 102 104 109 116 123 129 145 155 
49 12 13 14 30 34 37 46 53 95 100 105 120 143 
50 12 3 37 43 46 54 55 57 74 90 113 133 146 
51 10 14 39 68 73 77 92 138 139 142 158 
52 8 10 29 84 89 109 123 140 148 
53 20 19 28 46 49 67 70 73 77 89 91 95 96 97 100 110 114 124 127 133 148 
54 11 25 50 69 77 97 105 114 116 127 135 142 
55 13 4 22 35 37 50 70 75 77 85 113 121 124 134 
56 12 13 39 43 67 84 85 104 110 121 126 130 156 
57 16 4 13 42 43 50 63 81 89 90 95 97 110 121 135 140 148 
58 9 1 12 13 59 65 88 94 120 142 
59 14 1 28 44 47 58 64 84 95 96 118 134 141 145 157 
60 10 21 66 72 84 87 124 134 136 140 141 
61 9 0 9 16 17 21 73 116 121 128 
62 16 1 2 7 10 22 33 73 75 81 85 87 95 115 122 138 140 
63 13 9 20 23 57 69 93 105 116 126 130 137 138 151 
64 9 26 27 34 37 46 59 124 129 130 
65 10 41 58 77 100 116 131 135 136 153 158 
66 8 4 24 35 60 73 75 102 117 
67 10 9 37 39 53 56 96 103 109 115 132 
68 16 6 17 18 23 40 51 75 82 112 116 124 130 142 143 149 159 
69 8 37 54 63 74 83 91 109 148 
70 10 21 24 39 53 55 88 95 104 127 142 
71 12 4 9 11 19 78 86 88 106 139 148 151 155 
72 20 14 17 60 74 78 79 83 90 92 94 102 108 111 114 117 130 132 133 141 151 
73 12 17 36 51 53 61 62 66 124 136 138 146 156 
74 15 11 21 32 36 50 69 72 79 81 93 132 135 136 140 155 
75 14 4 9 18 30 55 62 66 68 76 93 132 133 145 159 
76 11 0 5 9 14 43 75 115 129 138 139 151 
77 16 29 35 39 51 53 54 55 65 99 108 112 115 116 122 131 152 
78 10 6 71 72 83 91 127 139 140 154 155 
79 11 10 17 18 27 29 72 74 85 95 122 145 
80 16 2 3 4 22 23 36 84 85 107 112 117 118 121 132 158 159 
81 17 0 2 4 18 38 40 57 62 74 90 93 117 118 132 139 142 149 
82 14 22 25 30 33 34 42 45 68 89 107 118 123 133 140 
83 10 8 12 18 30 46 69 72 78 99 112 
84 16 14 24 28 30 34 52 56 59 60 80 99 118 124 125 135 149 
85 14 9 10 13 20 32 55 56 62 79 80 110 115 128 154 
86 5 32 71 95 132 140 
87 14 10 14 28 41 44 46 48 60 62 116 117 126 144 147 
88 12 5 12 23 58 70 71 98 113 118 133 145 157 
89 10 47 52 53 57 82 98 107 111 112 126 
90 12 26 36 44 50 57 72 81 100 108 126 136 154 
91 9 6 9 21 45 53 69 78 149 158 
92 18 2 6 10 15 40 42 47 51 72 95 103 105 129 135 137 143 152 158 
93 13 2 21 24 31 63 74 75 81 110 111 139 145 151 
94 16 8 9 13 19 20 24 58 72 102 110 112 116 125 142 151 158 
95 17 27 31 35 49 53 57 59 62 70 79 86 92 121 124 131 147 154 
96 20 2 4 6 10 28 43 53 59 67 104 107 114 115 123 138 148 153 156 157 159 
97 16 6 19 26 47 53 54 57 99 101 122 127 130 134 149 155 158 
98 9 4 10 30 34 88 89 99 137 153 
99 9 25 26 28 40 77 83 84 97 98 
100 9 7 34 37 46 49 53 65 90 125 
101 6 4 12 97 126 137 142 
102 17 2 5 7 12 18 20 30 34 43 48 66 72 94 126 141 143 150 
103 11 4 22 27 44 67 92 105 115 117 131 150 
104 14 5 18 21 30 48 56 70 96 112 118 141 150 154 157 
105 10 15 17 49 54 63 92 103 129 130 137 
106 9 4 17 45 71 111 121 132 141 155 
107 13 20 36 80 82 89 96 111 121 131 132 134 146 153 
108 8 72 77 90 110 118 146 152 158 
109 15 2 24 30 34 36 37 41 48 52 67 69 116 136 146 152 
110 12 37 43 53 56 57 85 93 94 108 122 129 133 
111 12 1 5 19 34 35 47 72 89 93 106 107 128 
112 16 6 17 34 35 42 45 68 77 80 83 89 94 104 115 137 145 
113 10 7 37 50 55 88 119 122 133 152 155 
114 10 4 18 41 53 54 72 96 118 120 141 
115 14 22 30 46 62 67 76 77 85 96 103 112 127 150 156 
116 18 7 12 28 41 48 54 61 63 65 68 77 87 94 109 122 150 153 157 
117 15 19 21 37 66 72 80 81 87 103 118 119 126 128 155 158 
118 16 4 16 22 59 80 81 82 84 88 104 108 114 117 137 155 156 
119 13 7 11 30 34 37 47 113 117 125 129 131 145 150 
120 6 38 49 58 114 123 134 
121 15 10 14 28 36 55 56 57 61 80 95 106 107 128 141 155 
122 11 14 46 62 77 79 97 110 113 116 139 149 
123 9 48 52 82 96 120 124 134 136 150 
124 14 34 45 46 53 55 60 64 68 73 84 95 123 139 155 
125 15 3 8 12 21 23 27 32 35 44 84 94 100 119 130 141 
126 16 4 9 23 24 34 46 47 56 63 87 89 90 101 102 117 133 
127 16 1 11 13 14 19 44 46 53 54 70 78 97 115 129 146 153 
128 11 20 39 40 43 47 61 85 111 117 121 151 
129 14 15 17 18 19 48 64 76 92 105 110 119 127 150 155 
130 17 2 14 37 43 56 63 64 68 72 97 105 125 131 143 150 156 159 
131 12 13 30 65 77 95 103 107 119 130 136 155 157 
132 13 18 21 67 72 74 75 80 81 86 106 107 146 150 
133 15 10 11 31 39 43 50 53 72 75 82 88 110 113 126 159 
134 9 46 55 59 60 97 107 120 123 152 
135 11 3 18 35 54 57 65 74 84 92 153 155 
136 11 5 47 60 65 73 74 90 109 123 131 158 
137 11 8 9 21 38 63 92 98 101 105 112 118 
138 11 7 37 51 62 63 73 76 96 143 152 153 
139 12 19 51 71 76 78 81 93 122 124 145 153 159 
140 13 13 26 29 52 57 60 62 74 78 82 86 150 153 
141 12 4 45 59 60 72 102 104 106 114 121 125 144 
142 11 5 11 51 54 58 68 70 81 94 101 153 
143 15 2 8 14 15 19 40 43 46 49 68 92 102 130 138 156 
144 12 3 4 11 20 31 43 87 141 149 150 153 155 
145 15 5 14 16 35 44 48 59 75 79 88 93 112 119 139 153 
146 12 4 20 23 43 50 73 107 108 109 127 132 159 
147 5 17 24 28 87 95 
148 9 18 31 34 52 53 57 69 71 96 
149 10 44 68 81 84 91 97 122 144 154 157 
150 16 24 41 102 103 104 115 116 119 123 129 130 132 140 144 152 157 
151 12 8 23 39 40 63 71 72 76 93 94 128 157 
152 12 9 26 35 77 92 108 109 113 134 138 150 156 
153 22 2 6 7 8 12 13 19 23 29 65 96 98 107 116 127 135 138 139 140 142 144 145 
154 11 3 7 14 25 36 78 85 90 95 104 149 
155 19 19 38 40 43 48 71 74 78 97 106 113 117 118 121 124 129 131 135 144 
156 11 25 26 28 56 73 96 115 118 130 143 152 
157 10 20 59 88 96 104 116 131 149 150 151 
158 13 19 27 33 51 65 80 91 92 94 97 108 117 136 
159 14 5 16 18 30 32 46 68 75 80 96 130 133 139 146 
