160 344
0 3 7 76 81 
1 2 15 17 
2 3 18 81 96 
3 2 29 135 
4 5 55 75 81 96 101 
5 4 22 28 44 104 
6 3 20 91 112 
7 4 0 100 119 138 
8 3 40 94 143 
9 4 46 67 75 91 
10 5 52 79 96 121 133 
11 5 43 71 74 119 144 
12 1 58 
13 2 57 85 
14 5 37 72 127 130 143 
15 2 1 92 
16 4 21 30 118 159 
17 8 1 30 61 68 72 73 112 129 
18 7 2 102 104 129 132 135 159 
19 5 35 117 139 143 155 
20 6 6 63 94 107 128 146 
21 4 16 22 91 125 
22 4 5 21 30 103 
23 3 80 88 125 
24 2 33 94 
25 1 156 
26 4 29 64 90 97 
27 4 64 79 95 103 
28 4 5 53 87 96 
29 5 3 26 35 52 77 
30 6 16 17 22 36 84 115 
31 4 32 133 144 148 
32 4 31 45 125 159 
33 1 24 
34 5 64 82 102 112 119 
35 4 19 29 41 135 
36 5 30 38 73 109 154 
37 2 14 130 
38 5 36 81 120 137 155 
39 6 44 51 70 77 128 151 
40 5 8 81 92 99 128 
41 3 35 116 150 
42 4 44 57 82 92 
43 6 11 50 56 102 128 155 
44 7 5 39 42 59 103 145 149 
45 3 32 91 141 
46 9 9 49 50 53 64 122 124 126 127 
47 3 126 128 136 
48 3 102 129 155 
49 4 46 100 105 143 
50 7 43 46 55 74 90 113 146 
51 2 39 68 
52 4 10 29 84 89 
53 3 28 46 89 
54 1 142 
55 2 4 50 
56 3 43 110 121 
57 5 13 42 90 121 140 
58 1 12 
59 6 44 95 118 141 145 157 
60 3 72 87 141 
61 3 17 73 128 
62 2 75 140 
63 5 20 93 126 138 151 
64 6 26 27 34 46 129 130 
65 5 77 100 116 131 153 
66 1 75 
67 3 9 96 109 
68 6 17 51 75 82 112 143 
69 4 74 83 91 109 
70 2 39 95 
71 6 11 86 88 148 151 155 
72 8 14 17 60 74 102 117 132 141 
73 4 17 36 61 124 
74 7 11 50 69 72 135 136 155 
75 8 4 9 62 66 68 132 145 159 
76 2 0 138 
77 8 29 39 65 99 115 116 131 152 
78 3 83 139 154 
79 4 10 27 85 122 
80 6 23 117 118 121 158 159 
81 8 0 2 4 38 40 93 118 142 
82 8 34 42 68 89 107 118 123 133 
83 3 69 78 112 
84 4 30 52 118 135 
85 3 13 79 154 
86 3 71 95 132 
87 3 28 60 116 
88 4 23 71 118 157 
89 3 52 53 82 
90 3 26 50 57 
91 5 6 9 21 45 69 
92 6 15 40 42 95 105 137 
93 3 63 81 145 
94 6 8 20 24 112 151 158 
95 7 27 59 70 86 92 124 131 
96 9 2 4 10 28 67 107 115 123 159 
97 7 26 99 122 127 130 134 149 
98 1 153 
99 3 40 77 97 
100 3 7 49 65 
101 2 4 142 
102 6 18 34 43 48 72 126 
103 5 22 27 44 115 131 
104 4 5 18 112 141 
105 3 49 92 129 
106 3 111 121 155 
107 7 20 82 96 111 121 132 153 
108 2 146 158 
109 5 36 67 69 136 146 
110 2 56 133 
111 2 106 107 
112 8 6 17 34 68 83 94 104 137 
113 3 50 119 122 
114 2 120 141 
115 6 30 77 96 103 150 156 
116 5 41 65 77 87 122 
117 4 19 72 80 158 
118 8 16 59 80 81 82 84 88 137 
119 6 7 11 34 113 125 150 
120 3 38 114 134 
121 8 10 56 57 80 106 107 128 141 
122 5 46 79 97 113 116 
123 3 82 96 124 
124 6 46 73 95 123 139 155 
125 5 21 23 32 119 130 
126 4 46 47 63 102 
127 5 14 46 97 129 146 
128 8 20 39 40 43 47 61 121 151 
129 7 17 18 48 64 105 127 150 
130 6 14 37 64 97 125 159 
131 4 65 77 95 103 
132 6 18 72 75 86 107 150 
133 4 10 31 82 110 
134 2 97 120 
135 5 3 18 35 74 84 
136 3 47 74 109 
137 4 38 92 112 118 
138 4 7 63 76 143 
139 4 19 78 124 145 
140 2 57 62 
141 7 45 59 60 72 104 114 121 
142 3 54 81 101 
143 7 8 14 19 49 68 138 156 
144 3 11 31 150 
145 5 44 59 75 93 139 
146 6 20 50 108 109 127 159 
147 0 
148 2 31 71 
149 2 44 97 
150 7 41 115 119 129 132 144 157 
151 6 39 63 71 94 128 157 
152 1 77 
153 3 65 98 107 
154 3 36 78 85 
155 8 19 38 43 48 71 74 106 124 
156 3 25 115 143 
157 4 59 88 150 151 
158 4 80 94 108 117 
159 8 16 18 32 75 80 96 130 146 
