180 475
0 5 7 76 81 173 175 
1 1 155 
2 3 41 56 145 
3 5 75 106 150 170 176 
4 7 16 21 96 102 118 150 178 
5 3 73 144 165 
6 3 132 151 170 
7 5 0 51 105 154 162 
8 6 36 57 61 65 66 81 
9 7 13 21 48 65 90 102 160 
10 6 19 22 67 92 111 153 
11 5 15 119 122 130 158 
12 4 88 123 135 178 
13 5 9 15 28 121 172 
14 5 28 37 125 166 179 
15 8 11 13 46 53 57 58 97 114 
16 8 4 65 67 92 95 98 122 138 
17 6 58 80 84 96 143 174 
18 5 26 47 65 79 148 
19 4 10 22 64 137 
20 4 91 99 136 179 
21 3 4 9 82 
22 5 10 19 121 127 162 
23 6 32 39 138 153 169 177 
24 3 103 137 146 
25 3 61 78 103 
26 6 18 38 86 117 161 162 
27 4 111 122 126 150 
28 4 13 14 79 113 
29 5 119 137 157 167 174 
30 3 71 107 165 
31 4 43 78 114 159 
32 2 23 110 
33 8 36 75 92 110 119 126 145 152 
34 7 58 81 117 130 141 148 177 
35 2 139 173 
36 8 8 33 41 54 79 89 163 169 
37 5 14 73 99 126 145 
38 5 26 48 90 94 150 
39 11 23 60 81 82 85 96 154 156 158 159 166 
40 4 97 131 133 141 
41 6 2 36 80 107 133 141 
42 7 51 56 94 115 134 150 173 
43 4 31 70 100 171 
44 2 88 93 
45 2 65 72 
46 4 15 62 90 176 
47 3 18 133 144 
48 5 9 38 84 115 134 
49 1 160 
50 8 54 77 81 93 101 107 122 176 
51 5 7 42 78 133 177 
52 2 115 164 
53 6 15 71 83 96 169 170 
54 8 36 50 86 109 125 140 162 177 
55 2 166 179 
56 6 2 42 79 113 120 150 
57 7 8 15 59 80 89 97 115 
58 6 15 17 34 69 148 150 
59 9 57 90 93 97 103 131 146 161 170 
60 2 39 120 
61 6 8 25 98 99 118 179 
62 4 46 75 89 151 
63 6 78 94 95 110 131 143 
64 5 19 84 99 110 147 
65 12 8 9 16 18 45 107 108 111 122 148 149 161 
66 8 8 73 97 121 139 150 155 165 
67 3 10 16 108 
68 2 78 95 
69 4 58 78 92 129 
70 3 43 76 149 
71 3 30 53 80 
72 2 45 91 
73 6 5 37 66 79 89 121 
74 4 90 122 161 168 
75 9 3 33 62 94 101 117 140 148 156 
76 10 0 70 86 89 91 114 119 122 126 141 
77 2 50 104 
78 9 25 31 51 63 68 69 153 164 169 
79 9 18 28 36 56 73 110 125 155 171 
80 8 17 41 57 71 108 114 137 179 
81 10 0 8 34 39 50 116 126 160 168 178 
82 6 21 39 92 113 157 169 
83 4 53 101 111 147 
84 5 17 48 64 151 179 
85 4 39 88 131 152 
86 7 26 54 76 112 118 127 175 
87 4 113 133 161 165 
88 7 12 44 85 95 118 150 163 
89 7 36 57 62 73 76 129 179 
90 8 9 38 46 59 74 106 115 179 
91 6 20 72 76 108 144 173 
92 8 10 16 33 69 82 108 124 170 
93 3 44 50 59 
94 6 38 42 63 75 133 155 
95 6 16 63 68 88 152 161 
96 7 4 17 39 53 114 154 162 
97 7 15 40 57 59 66 111 115 
98 4 16 61 129 155 
99 5 20 37 61 64 154 
100 5 43 102 108 120 172 
101 6 50 75 83 123 140 159 
102 4 4 9 100 151 
103 5 24 25 59 153 164 
104 5 77 114 147 154 168 
105 2 7 121 
106 3 3 90 139 
107 9 30 41 50 65 124 137 138 146 167 
108 6 65 67 80 91 92 100 
109 3 54 122 125 
110 6 32 33 63 64 79 126 
111 7 10 27 65 83 97 126 131 
112 1 86 
113 10 28 56 82 87 130 147 149 153 169 173 
114 8 15 31 76 80 96 104 133 154 
115 6 42 48 52 57 90 97 
116 2 81 162 
117 5 26 34 75 119 126 
118 7 4 61 86 88 141 142 166 
119 7 11 29 33 76 117 120 160 
120 4 56 60 100 119 
121 5 13 22 66 73 105 
122 9 11 16 27 50 65 74 76 109 178 
123 3 12 101 167 
124 3 92 107 179 
125 7 14 54 79 109 135 136 162 
126 9 27 33 37 76 81 110 111 117 156 
127 4 22 86 145 163 
128 3 146 147 159 
129 6 69 89 98 131 155 163 
130 6 11 34 113 143 165 176 
131 9 40 59 63 85 111 129 138 148 158 
132 1 6 
133 7 40 41 47 51 87 94 114 
134 5 42 48 142 144 148 
135 2 12 125 
136 2 20 125 
137 10 19 24 29 80 107 155 156 171 174 179 
138 4 16 23 107 131 
139 4 35 66 106 166 
140 4 54 75 101 172 
141 6 34 40 41 76 118 168 
142 4 118 134 149 166 
143 3 17 63 130 
144 6 5 47 91 134 145 149 
145 5 2 33 37 127 144 
146 4 24 59 107 128 
147 7 64 83 104 113 128 159 166 
148 8 18 34 58 65 75 131 134 157 
149 5 65 70 113 142 144 
150 10 3 4 27 38 42 56 58 66 88 163 
151 4 6 62 84 102 
152 4 33 85 95 178 
153 6 10 23 78 103 113 171 
154 7 7 39 96 99 104 114 161 
155 9 1 66 79 94 98 129 137 159 175 
156 5 39 75 126 137 168 
157 3 29 82 148 
158 4 11 39 131 174 
159 6 31 39 101 128 147 155 
160 4 9 49 81 119 
161 7 26 59 65 74 87 95 154 
162 7 7 22 26 54 96 116 125 
163 5 36 88 127 129 150 
164 3 52 78 103 
165 5 5 30 66 87 130 
166 7 14 39 55 118 139 142 147 
167 3 29 107 123 
168 6 74 81 104 141 156 175 
169 6 23 36 53 78 82 113 
170 5 3 6 53 59 92 
171 4 43 79 137 153 
172 3 13 100 140 
173 5 0 35 42 91 113 
174 4 17 29 137 158 
175 4 0 86 155 168 
176 5 3 46 50 130 179 
177 4 23 34 51 54 
178 5 4 12 81 122 152 
179 11 14 20 55 61 80 84 89 90 124 137 176 
