180 382
0 5 7 76 81 173 175 
1 1 155 
2 3 41 56 145 
3 4 75 150 170 176 
4 6 16 21 96 102 118 178 
5 1 165 
6 3 132 151 170 
7 4 0 51 105 154 
8 2 57 65 
9 6 21 48 65 90 102 160 
10 4 19 22 67 92 
11 2 130 158 
12 3 88 123 178 
13 3 15 28 121 
14 5 28 37 125 166 179 
15 4 13 46 57 97 
16 8 4 65 67 92 95 98 122 138 
17 5 58 80 84 96 174 
18 4 26 47 65 79 
19 4 10 22 64 137 
20 3 99 136 179 
21 3 4 9 82 
22 5 10 19 121 127 162 
23 5 32 39 138 169 177 
24 3 103 137 146 
25 2 78 103 
26 5 18 38 86 117 162 
27 4 111 122 126 150 
28 4 13 14 79 113 
29 5 119 137 157 167 174 
30 2 71 165 
31 3 43 114 159 
32 2 23 110 
33 5 75 92 119 145 152 
34 5 81 130 141 148 177 
35 2 139 173 
36 6 41 54 79 89 163 169 
37 5 14 73 99 126 145 
38 5 26 48 90 94 150 
39 10 23 60 81 82 85 96 154 156 158 159 
40 3 131 133 141 
41 5 2 36 80 107 133 
42 7 51 56 94 115 134 150 173 
43 3 31 70 100 
44 2 88 93 
45 1 65 
46 2 15 90 
47 3 18 133 144 
48 5 9 38 84 115 134 
49 1 160 
50 7 54 77 81 93 107 122 176 
51 4 7 42 133 177 
52 2 115 164 
53 3 96 169 170 
54 7 36 50 86 109 125 140 177 
55 1 166 
56 5 2 42 113 120 150 
57 7 8 15 59 80 89 97 115 
58 3 17 69 148 
59 8 57 90 93 97 103 131 146 170 
60 2 39 120 
61 3 99 118 179 
62 3 75 89 151 
63 6 78 94 95 110 131 143 
64 5 19 84 99 110 147 
65 10 8 9 16 18 45 107 111 148 149 161 
66 6 73 97 139 150 155 165 
67 2 10 16 
68 1 78 
69 4 58 78 92 129 
70 3 43 76 149 
71 2 30 80 
72 0 
73 5 37 66 79 89 121 
74 4 90 122 161 168 
75 8 3 33 62 94 101 140 148 156 
76 7 0 70 89 91 119 122 126 
77 2 50 104 
78 5 25 63 68 69 169 
79 7 18 28 36 73 110 155 171 
80 6 17 41 57 71 108 137 
81 9 0 34 39 50 116 126 160 168 178 
82 6 21 39 92 113 157 169 
83 3 101 111 147 
84 5 17 48 64 151 179 
85 4 39 88 131 152 
86 5 26 54 112 118 127 
87 2 133 161 
88 6 12 44 85 95 118 150 
89 7 36 57 62 73 76 129 179 
90 7 9 38 46 59 74 106 115 
91 4 76 108 144 173 
92 5 10 16 33 69 82 
93 3 44 50 59 
94 6 38 42 63 75 133 155 
95 3 16 63 88 
96 7 4 17 39 53 114 154 162 
97 6 15 57 59 66 111 115 
98 3 16 129 155 
99 5 20 37 61 64 154 
100 4 43 108 120 172 
101 4 75 83 140 159 
102 3 4 9 151 
103 4 24 25 59 164 
104 4 77 147 154 168 
105 2 7 121 
106 2 90 139 
107 8 41 50 65 124 137 138 146 167 
108 3 80 91 100 
109 2 54 122 
110 5 32 63 64 79 126 
111 6 27 65 83 97 126 131 
112 1 86 
113 7 28 56 82 130 149 153 173 
114 4 31 96 133 154 
115 6 42 48 52 57 90 97 
116 2 81 162 
117 2 26 126 
118 7 4 61 86 88 141 142 166 
119 4 29 33 76 120 
120 4 56 60 100 119 
121 4 13 22 73 105 
122 7 16 27 50 74 76 109 178 
123 2 12 167 
124 2 107 179 
125 4 14 54 135 162 
126 7 27 37 76 81 110 111 117 
127 3 22 86 163 
128 3 146 147 159 
129 6 69 89 98 131 155 163 
130 5 11 34 113 143 165 
131 9 40 59 63 85 111 129 138 148 158 
132 1 6 
133 7 40 41 47 51 87 94 114 
134 5 42 48 142 144 148 
135 1 125 
136 1 20 
137 9 19 24 29 80 107 155 156 174 179 
138 4 16 23 107 131 
139 4 35 66 106 166 
140 4 54 75 101 172 
141 4 34 40 118 168 
142 3 118 134 166 
143 2 63 130 
144 4 47 91 134 149 
145 3 2 33 37 
146 4 24 59 107 128 
147 6 64 83 104 128 159 166 
148 7 34 58 65 75 131 134 157 
149 4 65 70 113 144 
150 7 3 27 38 42 56 66 88 
151 4 6 62 84 102 
152 3 33 85 178 
153 2 113 171 
154 7 7 39 96 99 104 114 161 
155 9 1 66 79 94 98 129 137 159 175 
156 4 39 75 137 168 
157 3 29 82 148 
158 3 11 39 131 
159 6 31 39 101 128 147 155 
160 3 9 49 81 
161 4 65 74 87 154 
162 5 22 26 96 116 125 
163 3 36 127 129 
164 2 52 103 
165 4 5 30 66 130 
166 6 14 55 118 139 142 147 
167 3 29 107 123 
168 6 74 81 104 141 156 175 
169 5 23 36 53 78 82 
170 4 3 6 53 59 
171 2 79 153 
172 2 100 140 
173 5 0 35 42 91 113 
174 3 17 29 137 
175 3 0 155 168 
176 3 3 50 179 
177 4 23 34 51 54 
178 5 4 12 81 122 152 
179 8 14 20 61 84 89 124 137 176 
