180 3208
0 31 4 7 10 26 27 38 46 48 53 55 61 65 76 81 84 102 116 121 126 133 136 140 149 162 163 164 166 173 174 175 176 
1 33 3 5 7 19 22 24 27 36 38 39 42 50 53 54 60 61 89 91 92 98 103 107 115 127 132 143 152 154 155 164 168 173 178 
2 31 8 13 15 22 24 39 40 41 52 53 56 61 62 69 90 92 103 113 115 116 122 130 136 137 138 140 145 152 159 160 166 
3 26 1 9 20 24 54 61 65 75 77 84 86 94 106 107 116 133 148 150 152 159 161 166 170 171 175 176 
4 40 0 9 11 16 18 21 23 26 29 34 38 46 55 61 62 64 65 66 69 75 79 87 96 99 102 112 114 118 123 128 133 134 135 150 159 162 169 176 177 178 
5 38 1 11 13 16 22 24 26 31 32 35 36 42 45 46 59 61 68 73 76 78 116 121 127 131 135 142 144 145 149 150 152 159 162 164 165 166 170 171 
6 31 18 19 21 30 33 38 44 50 53 55 62 75 78 94 98 101 105 113 123 131 132 134 137 145 146 148 150 151 158 170 179 
7 41 0 1 13 14 15 20 21 22 25 29 31 43 46 51 52 59 63 75 84 88 93 94 96 99 105 113 123 134 136 140 141 148 152 154 156 162 164 165 166 167 172 
8 45 2 9 11 20 21 28 29 30 33 36 43 51 53 57 61 65 66 74 75 76 78 81 84 94 97 99 102 106 113 116 117 118 123 126 127 128 129 136 138 142 149 152 170 173 175 
9 34 3 4 8 13 17 21 25 31 34 40 46 48 49 54 55 56 61 65 67 77 83 84 89 90 99 101 102 117 131 135 141 142 145 160 
10 21 0 19 22 28 67 75 76 81 90 92 97 111 113 115 126 136 153 154 158 172 178 
11 36 4 5 8 15 19 28 29 31 38 43 45 47 52 54 65 69 80 82 83 84 95 103 105 119 122 126 129 130 131 134 137 145 158 165 167 172 
12 28 14 32 33 37 46 49 51 59 65 66 74 79 88 93 100 102 104 123 126 127 135 138 139 140 144 172 173 178 
13 30 2 5 7 9 15 28 29 30 31 39 41 49 56 69 72 74 85 109 111 113 121 131 134 143 155 158 172 173 175 176 
14 26 7 12 28 31 34 35 37 38 41 42 46 48 56 59 68 77 81 104 116 125 126 132 152 161 166 179 
15 35 2 7 11 13 16 21 24 29 35 46 53 57 58 60 64 67 68 79 90 91 97 103 111 112 114 119 124 132 133 143 148 156 161 173 175 
16 46 4 5 15 28 29 31 33 37 38 39 41 42 43 44 46 53 56 61 65 67 68 70 77 78 80 81 85 92 95 98 104 109 111 115 122 129 136 138 142 144 146 147 156 171 174 175 
17 31 9 27 33 35 38 39 52 57 58 59 66 68 70 78 80 84 94 96 99 100 130 137 142 143 147 153 156 165 168 174 179 
18 45 4 6 21 22 25 26 30 32 35 46 47 59 63 64 65 76 79 87 97 101 105 112 113 117 118 120 127 131 146 148 149 150 151 152 154 158 161 162 166 169 173 174 176 177 178 
19 33 1 6 10 11 22 29 34 42 44 56 63 64 67 82 88 89 91 94 96 97 105 114 115 116 133 137 149 152 162 166 168 171 174 
20 38 3 7 8 22 31 35 36 38 44 45 52 54 58 61 62 67 72 74 79 91 95 96 99 119 120 127 130 134 136 137 154 155 156 157 162 164 167 179 
21 40 4 6 7 8 9 15 18 36 53 54 58 61 68 72 81 82 83 84 85 89 93 94 97 98 102 105 108 109 114 121 130 131 135 138 148 152 160 163 165 176 
22 36 1 2 5 7 10 18 19 20 32 36 37 46 47 60 62 64 65 67 69 70 78 85 92 119 120 121 126 127 129 135 151 157 162 167 174 178 
23 33 4 25 30 32 39 41 42 46 47 48 50 52 58 64 79 82 84 88 92 94 98 103 131 138 144 151 153 154 155 162 169 177 178 
24 35 1 2 3 5 15 32 33 35 39 42 44 59 62 63 72 77 82 86 92 103 105 109 126 134 137 143 146 148 149 159 163 166 171 174 179 
25 40 7 9 18 23 33 34 41 43 51 52 60 61 63 64 70 72 73 75 78 93 94 95 103 105 108 112 114 119 124 129 133 135 141 144 150 154 158 165 166 179 
26 34 0 4 5 18 28 38 44 45 50 51 52 55 77 78 84 85 86 92 100 104 106 111 117 121 126 129 131 133 148 151 161 162 167 177 
27 29 0 1 17 29 31 33 34 39 40 44 49 67 71 73 86 95 97 99 102 111 122 126 141 150 155 159 171 173 179 
28 35 8 10 11 13 14 16 26 34 38 39 40 41 45 51 53 63 65 76 79 80 84 94 107 110 113 127 129 131 133 134 142 154 162 165 178 
29 39 4 7 8 11 13 15 16 19 27 31 33 44 60 62 85 86 88 92 95 98 99 104 119 126 128 137 139 148 153 155 157 161 164 166 167 169 172 174 179 
30 37 6 8 13 18 23 32 35 45 46 49 50 54 58 61 67 68 71 72 81 85 96 98 101 107 112 125 126 141 142 149 154 155 162 165 167 175 179 
31 43 5 7 9 11 13 14 16 20 27 29 34 42 43 53 59 66 69 72 76 78 79 85 87 93 95 96 111 112 113 114 122 126 128 139 148 150 159 170 171 172 174 176 177 
32 36 5 12 18 22 23 24 30 35 42 44 47 49 60 66 71 80 87 89 90 93 95 97 99 110 117 118 121 126 130 135 137 147 156 160 171 179 
33 39 6 8 12 16 17 24 25 27 29 34 36 37 38 43 50 53 68 75 80 86 92 106 110 117 119 124 126 128 131 133 136 142 145 147 152 166 169 172 176 
34 36 4 9 14 19 25 27 28 31 33 39 48 54 58 63 69 81 89 97 98 101 109 111 117 120 122 124 130 138 141 143 148 151 164 166 171 177 
35 34 5 14 15 17 18 20 24 30 32 41 47 48 55 56 60 65 72 74 88 110 122 130 132 137 139 145 146 149 171 173 175 176 177 179 
36 40 1 5 8 20 21 22 33 38 39 41 43 51 52 54 73 78 79 82 83 84 89 92 105 109 122 126 134 145 153 156 159 161 163 166 169 170 171 172 174 177 
37 41 12 14 16 22 33 40 47 50 55 56 58 65 66 67 69 72 73 80 81 82 92 99 100 101 104 110 114 115 117 123 126 145 152 155 162 166 168 170 173 176 177 
38 42 0 1 4 6 11 14 16 17 20 26 28 33 36 40 48 54 55 60 63 64 70 72 90 94 107 111 114 118 121 124 125 128 132 139 141 146 150 153 165 167 169 171 
39 45 1 2 13 16 17 23 24 27 28 34 36 42 43 60 69 73 77 78 81 82 83 85 92 94 96 99 109 112 113 115 116 119 127 132 135 147 153 154 156 158 159 166 172 175 176 
40 27 2 9 27 28 37 38 47 50 52 56 64 80 81 88 94 95 97 102 116 124 131 133 141 148 165 168 172 
41 31 2 13 14 16 23 25 28 35 36 56 57 65 80 82 87 91 92 94 101 107 108 112 123 128 133 141 154 155 170 171 176 
42 40 1 5 14 16 19 23 24 31 32 39 43 44 46 50 51 53 56 61 67 71 79 80 81 84 94 97 101 104 114 115 117 126 128 130 131 134 139 150 171 173 
43 30 7 8 11 16 25 31 33 36 39 42 50 56 57 70 71 74 75 82 94 100 105 109 114 119 121 124 133 170 171 174 
44 30 6 16 19 20 24 26 27 29 32 42 45 46 55 56 76 88 93 95 113 120 127 140 144 152 154 164 167 170 174 177 
45 37 5 11 20 26 28 30 44 46 49 53 65 67 69 71 72 73 76 86 90 91 94 100 101 103 106 109 114 124 125 128 137 149 150 153 158 159 178 
46 38 0 4 5 7 9 12 14 15 16 18 22 23 30 42 44 45 53 55 56 62 64 75 83 86 90 92 101 105 110 122 127 128 129 135 137 165 173 176 
47 29 11 18 22 23 32 35 37 40 52 54 66 75 90 94 107 108 116 117 127 133 135 141 144 147 149 153 165 174 179 
48 39 0 9 14 23 34 35 38 52 57 60 61 64 65 75 76 83 84 89 91 92 93 98 102 104 107 108 115 121 125 129 134 142 148 153 154 160 161 165 171 
49 25 9 12 13 27 30 32 45 53 59 63 79 80 85 96 97 107 109 119 124 129 147 149 160 161 165 
50 38 1 6 23 26 30 33 37 40 42 43 54 65 67 69 70 77 81 88 93 96 101 104 106 107 114 119 122 127 131 145 154 159 160 161 169 171 175 176 
51 25 7 8 12 25 26 28 36 42 78 91 92 94 95 97 101 121 126 130 133 149 152 156 171 175 177 
52 41 2 7 11 17 20 23 25 26 36 40 47 48 56 60 62 63 67 70 71 80 90 92 93 97 98 101 109 113 115 120 122 125 129 130 140 141 156 164 168 171 176 
53 43 0 1 2 6 8 15 16 21 28 31 33 42 45 46 49 60 61 64 71 75 82 83 84 92 96 101 103 105 109 115 122 131 136 137 142 145 161 162 164 167 169 170 174 
54 36 1 3 9 11 20 21 30 34 36 38 47 50 66 69 71 86 102 109 118 121 125 138 140 144 145 153 156 157 161 162 163 164 167 173 175 177 
55 25 0 4 6 9 26 35 37 38 44 46 59 80 92 95 116 117 122 127 144 153 163 166 173 178 179 
56 34 2 9 13 14 16 19 35 37 40 41 42 43 44 46 52 58 62 64 75 76 79 81 83 113 115 120 126 136 147 150 154 162 168 177 
57 28 8 15 17 41 43 48 58 59 65 73 75 79 80 89 97 101 105 115 117 138 144 154 156 159 162 167 174 176 
58 33 15 17 20 21 23 30 34 37 56 57 59 62 69 72 76 77 78 80 87 89 92 101 114 116 128 137 140 148 150 157 163 168 173 
59 50 5 7 12 14 17 18 24 31 49 55 57 58 65 66 69 77 79 81 87 90 93 96 97 98 100 101 103 107 108 112 114 119 120 121 123 124 129 131 137 140 143 144 146 152 154 156 159 161 162 170 
60 41 1 15 22 25 29 32 35 38 39 48 52 53 61 65 67 72 78 81 83 92 93 99 107 112 120 132 134 142 152 156 160 161 162 164 168 170 171 172 173 174 175 
61 37 0 1 2 3 4 5 8 9 16 20 21 25 30 42 48 53 60 71 79 83 95 98 99 103 109 118 123 131 140 142 145 148 160 173 174 177 179 
62 33 2 4 6 20 22 24 29 46 52 56 58 63 74 75 79 89 96 99 102 103 105 117 120 124 128 133 142 151 152 164 171 175 177 
63 33 7 18 19 24 25 28 34 38 49 52 62 65 73 78 84 87 90 91 94 95 101 108 110 122 125 131 143 148 149 151 156 164 177 
64 43 4 15 18 19 22 23 25 38 40 46 48 53 56 66 72 73 77 81 84 85 89 90 99 100 104 110 112 115 120 137 140 145 147 155 160 163 164 165 167 170 175 176 177 
65 43 0 3 4 8 9 11 12 16 18 22 28 35 37 41 45 48 50 57 59 60 63 74 75 79 89 95 97 99 102 107 108 111 122 124 131 141 146 148 149 151 158 161 173 
66 35 4 8 12 17 31 32 37 47 54 59 64 69 72 73 83 87 94 97 102 104 115 117 118 121 131 133 134 139 147 150 152 155 165 172 174 
67 31 9 10 15 16 19 20 22 27 30 37 42 45 50 52 60 71 75 94 95 101 108 112 114 127 132 137 141 149 154 170 174 
68 31 5 14 15 16 17 21 30 33 78 80 84 85 86 90 91 95 109 116 126 133 143 144 147 148 149 156 161 162 167 169 176 
69 37 2 4 11 13 22 31 34 37 39 45 50 54 58 59 66 72 78 80 85 92 93 103 108 113 114 117 123 124 125 129 133 137 142 154 157 163 170 
70 27 16 17 22 25 38 43 50 52 75 76 77 79 86 89 93 103 104 107 129 144 146 149 157 163 164 166 176 
71 34 27 30 32 42 43 45 52 53 54 61 67 74 76 80 84 88 91 100 101 104 105 107 110 119 122 140 153 162 164 167 169 170 172 174 
72 34 13 20 21 24 25 30 31 35 37 38 45 58 60 64 66 69 78 81 83 86 89 91 109 111 112 124 127 136 141 145 161 171 172 178 
73 36 5 25 27 36 37 39 45 57 63 64 66 75 79 87 89 90 99 101 110 113 119 121 124 127 128 134 136 138 142 151 158 160 161 166 168 173 
74 28 8 12 13 20 35 43 62 65 71 84 87 90 91 96 108 109 112 120 122 126 133 135 136 144 149 152 161 168 
75 39 3 4 6 7 8 10 25 33 43 46 47 48 53 56 57 62 65 67 70 73 91 94 101 110 111 117 121 124 129 132 137 138 140 147 148 156 163 164 171 
76 50 0 5 8 10 18 28 31 44 45 48 56 58 70 71 78 80 83 84 86 87 89 91 92 93 95 96 104 105 106 107 114 116 118 119 122 126 129 134 137 139 141 142 145 147 150 152 165 169 170 174 
77 24 3 9 14 16 24 26 39 50 58 59 64 70 79 88 96 104 122 129 148 150 156 172 178 179 
78 42 5 6 8 16 17 22 25 26 31 36 39 51 58 60 63 68 69 72 76 79 89 92 94 104 109 115 116 133 134 137 138 139 151 153 155 157 158 163 164 169 171 172 
79 44 4 12 15 18 20 23 28 31 36 42 49 56 57 59 61 62 65 70 73 77 78 80 95 100 106 110 111 125 127 128 134 138 141 145 149 151 152 155 157 158 162 164 168 171 
80 40 11 16 17 28 32 33 37 40 41 42 49 52 55 57 58 68 69 71 76 79 83 87 91 92 97 108 114 123 136 137 142 146 147 148 150 153 165 166 168 179 
81 37 0 8 10 14 16 21 30 34 37 39 40 42 50 56 59 60 64 72 82 86 89 105 110 111 113 114 116 121 124 126 134 137 146 147 160 168 178 
82 33 11 19 21 23 24 36 37 39 41 43 53 81 85 91 92 94 106 113 121 129 135 146 147 154 157 160 163 165 166 167 169 176 177 
83 31 9 11 21 36 39 46 48 53 56 60 61 66 72 76 80 93 94 101 102 111 117 119 136 140 141 143 144 147 161 165 179 
84 35 0 3 7 8 9 11 17 21 23 26 28 36 42 48 53 63 64 68 71 74 76 87 90 95 97 105 128 129 136 151 158 159 169 172 179 
85 31 13 16 21 22 26 29 30 31 39 49 64 68 69 82 88 94 98 99 106 108 118 121 122 129 131 148 152 157 165 175 178 
86 33 3 24 26 27 29 33 45 46 54 68 70 72 76 81 89 93 101 110 112 118 121 127 139 145 155 158 162 163 165 166 173 175 176 
87 36 4 18 31 32 41 58 59 63 66 73 74 76 80 84 93 96 107 108 110 113 115 118 120 131 133 139 145 151 152 159 161 165 167 170 171 175 
88 28 7 12 19 23 29 35 40 44 50 71 77 85 90 95 107 108 110 118 124 131 137 141 145 150 152 163 176 177 
89 37 1 9 19 21 32 34 36 48 57 58 62 64 65 70 72 73 76 78 81 86 95 97 105 108 116 118 119 123 124 129 139 141 147 151 155 161 179 
90 31 2 9 10 15 32 38 45 46 47 52 59 63 64 68 73 74 84 88 93 98 106 115 122 126 139 149 151 154 162 174 179 
91 35 1 15 19 20 41 45 48 51 63 68 71 72 74 75 76 80 82 99 104 108 109 115 116 122 126 127 137 144 146 147 156 164 166 173 178 
92 47 1 2 10 16 22 23 24 26 29 33 36 37 39 41 46 48 51 52 53 55 58 60 69 76 78 80 82 96 104 107 108 114 115 117 121 124 127 129 137 143 146 148 150 151 166 170 174 
93 37 7 12 21 25 31 32 44 48 50 52 59 60 69 70 76 83 86 87 90 95 97 102 105 119 122 130 137 140 142 146 157 159 162 163 164 175 177 
94 45 3 6 7 8 17 19 21 23 25 28 38 39 40 41 42 43 45 47 51 63 66 67 75 78 82 83 85 96 105 108 116 118 119 133 136 142 143 147 150 152 155 160 163 169 179 
95 48 11 16 20 25 27 29 31 32 40 44 51 55 61 63 65 67 68 76 79 84 88 89 93 98 99 102 105 106 107 112 113 129 133 145 151 152 158 160 161 162 163 164 165 166 168 175 178 179 
96 40 4 7 17 19 20 30 31 39 49 50 53 59 62 74 76 77 87 92 94 108 114 115 118 123 128 135 142 144 145 149 154 156 160 161 162 166 167 168 175 176 
97 45 8 10 15 18 19 21 27 32 34 40 42 49 51 52 57 59 65 66 80 84 89 93 100 103 107 111 115 124 125 126 129 132 136 139 141 142 148 159 160 162 168 171 172 174 176 
98 33 1 6 16 21 23 29 30 34 48 52 59 61 85 90 95 113 115 116 118 122 129 130 131 136 138 147 151 152 155 158 159 171 173 
99 38 4 7 8 9 17 20 27 29 32 37 39 60 61 62 64 65 73 85 91 95 101 105 110 124 126 129 135 137 145 149 152 154 155 159 163 164 167 173 
100 27 12 17 26 37 43 45 59 64 71 79 97 102 108 109 120 129 134 136 137 138 142 148 156 160 168 169 172 
101 44 6 9 18 30 34 37 41 42 45 46 50 51 52 53 57 58 59 63 67 71 73 75 83 86 99 107 109 110 112 120 123 127 128 133 135 140 148 149 159 167 170 171 176 179 
102 31 0 4 8 9 12 21 27 40 48 54 62 65 66 83 93 95 100 106 107 114 120 121 125 134 135 136 137 151 155 165 166 
103 30 1 2 11 15 23 24 25 45 53 59 61 62 69 70 97 105 118 122 124 128 135 139 140 153 158 160 164 165 169 173 
104 39 12 14 16 26 29 37 42 48 50 64 66 70 71 76 77 78 91 92 106 108 109 113 114 115 122 124 127 131 135 147 152 154 156 159 161 162 163 168 179 
105 37 6 7 11 18 19 21 24 25 36 43 46 53 57 62 71 76 81 84 89 93 94 95 99 103 121 122 126 135 138 144 150 155 158 164 169 172 178 
106 30 3 8 26 33 45 50 76 79 82 85 90 95 102 104 107 108 110 115 121 122 128 138 139 140 144 152 157 158 159 167 
107 41 1 3 28 30 38 41 47 48 49 50 59 60 65 70 71 76 87 88 92 95 97 101 102 106 118 119 124 126 137 138 145 146 149 153 158 163 165 167 168 171 179 
108 35 21 25 41 47 48 59 63 65 67 69 74 80 85 87 88 89 91 92 94 96 100 104 106 110 135 139 141 143 144 151 155 159 163 166 173 
109 33 13 16 21 24 34 36 39 43 45 49 52 53 54 61 68 72 74 78 91 100 101 104 120 122 125 141 145 148 152 161 166 175 176 
110 33 28 32 33 35 37 46 63 64 71 73 75 79 81 86 87 88 99 101 106 108 114 116 122 123 126 131 140 155 159 162 172 173 174 
111 28 10 13 15 16 26 27 31 34 38 65 72 75 79 81 83 97 113 118 119 122 126 127 131 133 141 172 174 176 
112 29 4 15 18 25 30 31 39 41 59 60 64 67 72 74 86 95 101 114 118 123 129 134 139 144 154 159 165 172 174 
113 40 2 6 7 8 10 13 18 28 31 39 44 52 56 69 73 81 82 87 95 98 104 111 117 126 128 130 136 143 144 146 147 149 153 156 159 164 169 172 173 176 
114 40 4 15 19 21 25 31 37 38 42 43 45 50 58 59 67 69 76 80 81 92 96 102 104 110 112 118 120 121 129 130 133 137 146 152 154 155 156 161 164 175 
115 32 1 2 10 16 19 37 39 42 48 52 53 56 57 64 66 78 87 90 91 92 96 97 98 104 106 118 126 146 150 152 163 165 
116 31 0 2 3 5 8 14 19 39 40 47 55 58 68 76 78 81 89 91 94 98 110 123 124 127 144 157 162 171 174 178 179 
117 39 8 9 18 26 32 33 34 37 42 47 55 57 62 66 69 75 83 92 113 119 124 125 126 128 134 136 139 143 145 146 149 150 155 158 160 162 168 171 178 
118 40 4 8 18 32 38 54 61 66 76 85 86 87 88 89 94 96 98 103 107 111 112 114 115 122 126 129 130 137 141 142 146 147 151 155 158 166 172 175 177 179 
119 33 11 15 20 22 25 29 33 39 43 49 50 59 71 73 76 83 89 93 94 107 111 117 120 138 146 147 148 150 160 164 167 173 178 
120 33 18 20 22 34 44 52 56 59 60 62 64 74 87 100 101 102 109 114 119 122 124 127 130 140 142 151 154 158 159 165 167 172 173 
121 34 0 5 13 21 22 26 32 38 43 48 51 54 59 66 73 75 81 82 85 86 92 102 105 106 114 137 138 142 148 151 155 164 168 174 
122 42 2 11 16 27 31 34 35 36 46 50 52 53 55 63 65 71 74 76 77 85 90 91 93 98 103 104 105 106 109 110 111 118 120 124 128 135 142 143 149 162 178 179 
123 28 4 6 7 8 12 37 41 59 61 69 80 89 96 101 110 112 116 127 132 133 135 137 142 152 162 165 166 167 
124 44 15 25 33 34 38 40 43 45 49 59 62 65 69 72 73 75 81 88 89 92 97 99 103 104 107 116 117 120 122 125 129 135 136 139 141 145 150 151 155 159 167 170 178 179 
125 25 14 30 38 45 48 52 54 63 69 79 97 102 109 117 124 127 135 136 147 151 160 162 166 170 174 
126 44 0 8 10 11 12 14 22 24 26 27 29 30 31 32 33 36 37 42 51 56 68 74 76 81 90 91 97 99 105 107 110 111 113 115 117 118 128 130 143 153 156 164 166 174 
127 37 1 5 8 12 18 20 22 28 39 44 46 47 50 55 67 72 73 79 86 91 92 101 104 111 116 120 123 125 128 139 145 147 152 154 163 169 177 
128 38 4 8 29 31 33 38 41 42 45 46 58 62 73 79 84 96 101 103 106 113 117 122 126 127 130 146 147 148 149 151 156 159 161 165 169 171 172 173 
129 42 8 11 16 22 25 26 28 46 48 49 52 59 69 70 75 76 77 82 84 85 89 92 95 97 98 99 100 112 114 118 124 131 132 141 147 155 159 162 163 170 177 179 
130 27 2 11 17 20 21 32 34 35 42 51 52 93 98 113 114 118 120 126 128 143 151 155 158 165 172 176 178 
131 42 5 6 9 11 13 18 21 23 26 28 33 40 42 50 53 59 61 63 65 66 85 87 88 98 104 110 111 129 137 138 141 148 149 150 152 158 160 161 173 176 177 179 
132 20 1 6 14 15 35 38 39 60 67 75 97 123 129 144 146 151 153 158 170 178 
133 37 0 3 4 15 19 25 26 28 33 40 41 43 47 51 62 66 68 69 74 78 87 94 95 101 111 114 123 135 140 141 148 149 158 159 172 178 179 
134 31 4 6 7 11 13 20 24 28 36 42 48 60 66 73 76 78 79 81 100 102 112 117 137 138 139 140 142 144 145 148 168 
135 32 4 5 9 12 21 22 25 32 39 46 47 74 82 96 99 101 102 103 104 105 108 122 123 124 125 133 141 151 152 157 163 165 
136 30 0 2 7 8 10 16 20 33 53 56 72 73 74 80 83 84 94 97 98 100 102 113 117 124 125 140 142 146 154 158 
137 47 2 6 11 17 19 20 24 29 32 35 45 46 53 58 59 64 67 69 75 76 78 80 81 88 91 92 93 99 100 102 107 114 118 121 123 131 134 138 154 155 156 167 170 171 174 176 179 
138 31 2 8 12 16 21 23 34 54 57 73 75 78 79 98 100 105 106 107 119 121 131 134 137 146 147 148 150 151 157 164 174 
139 29 12 29 31 35 38 42 66 76 78 86 87 89 90 97 103 106 108 112 117 124 127 134 141 161 162 166 168 171 173 
140 30 0 2 7 12 44 52 54 58 59 61 64 71 75 83 93 101 103 106 110 120 133 134 136 144 155 157 158 159 164 172 
141 43 7 9 25 27 30 34 38 40 41 47 52 65 67 72 76 79 83 88 89 97 108 109 111 118 124 129 131 133 135 139 146 147 149 153 156 158 161 162 165 168 170 172 177 
142 43 5 8 9 16 17 28 30 33 48 53 60 61 62 69 73 76 80 93 94 96 97 100 118 120 121 122 123 134 136 144 148 149 151 156 157 165 166 167 168 169 173 177 178 
143 23 1 13 15 17 24 34 59 63 68 83 92 94 108 113 117 122 126 130 163 167 171 173 175 
144 30 5 12 16 23 25 44 47 54 55 57 59 68 70 74 83 91 96 105 106 108 112 113 116 132 134 140 142 145 149 158 
145 35 2 5 6 9 11 33 35 36 37 50 53 54 61 64 72 76 79 86 87 88 95 96 99 107 109 117 124 127 134 144 152 156 163 164 173 
146 29 6 16 18 24 35 38 59 65 70 80 81 82 91 92 93 107 113 114 115 117 118 119 128 132 136 138 141 148 158 
147 36 16 17 32 33 39 47 49 56 64 66 68 75 76 80 81 82 83 89 91 94 98 104 113 118 119 125 127 128 129 138 141 156 159 161 166 170 
148 45 3 6 7 15 18 21 24 26 29 31 34 40 48 58 61 63 65 68 75 77 80 85 92 97 100 101 109 119 121 128 131 133 134 138 142 146 150 154 157 158 159 162 163 169 178 
149 35 0 5 8 18 19 24 30 35 45 47 49 51 63 65 67 68 70 74 79 90 96 99 101 107 113 117 122 128 131 133 141 142 144 154 168 
150 36 3 4 5 6 18 25 27 31 38 42 45 56 58 66 76 77 80 88 92 94 105 115 117 119 124 131 138 148 151 152 157 160 163 164 171 177 
151 38 6 18 22 23 26 34 62 63 65 73 78 79 84 87 89 90 92 95 98 102 108 118 120 121 124 125 128 130 132 135 138 142 150 156 158 164 166 179 
152 46 1 2 3 5 7 8 14 18 19 21 33 37 44 51 59 60 62 66 74 76 79 85 87 88 94 95 98 99 104 106 109 114 115 123 127 131 135 145 150 158 162 164 169 176 177 178 
153 27 10 17 23 29 36 38 39 45 47 48 54 55 71 78 80 103 107 113 126 132 141 162 165 167 171 172 174 
154 35 1 7 10 18 20 23 25 28 30 39 41 44 48 50 56 57 59 67 69 82 90 96 99 104 112 114 120 127 136 137 148 149 161 165 175 
155 37 1 13 20 23 27 29 30 37 41 64 66 78 79 86 89 94 98 99 102 105 108 110 114 117 118 121 124 129 130 137 140 156 157 159 167 175 178 
156 39 7 15 16 17 20 32 36 39 51 52 54 57 59 60 63 68 75 77 91 96 100 104 113 114 126 128 137 141 142 145 147 151 155 160 162 166 168 176 178 
157 26 20 22 29 54 58 69 70 78 79 82 85 93 106 116 135 138 140 142 148 150 155 168 169 171 175 177 
158 39 6 10 11 13 18 25 39 45 65 73 78 79 84 86 95 98 103 105 106 107 117 118 120 130 131 132 133 136 140 141 144 146 148 151 152 165 173 174 176 
159 39 2 3 4 5 24 27 31 36 39 45 50 57 59 84 87 93 97 98 99 101 104 106 108 110 112 113 120 124 128 129 133 140 147 148 155 166 171 175 177 
160 29 2 9 21 32 48 49 50 60 61 64 73 81 82 94 95 96 97 100 103 117 119 125 131 150 156 168 173 175 179 
161 37 3 14 15 18 26 29 36 48 49 50 53 54 59 60 65 68 72 73 74 83 87 89 95 96 104 109 114 128 131 139 141 147 154 163 168 169 170 
162 43 0 4 5 7 18 19 20 22 23 26 28 30 37 53 54 56 57 59 60 68 71 79 86 90 93 95 96 97 104 110 116 117 122 123 125 129 139 141 148 152 153 156 168 
163 35 0 21 24 36 54 55 58 64 69 70 75 78 82 86 88 93 94 95 99 104 107 108 115 127 129 135 143 145 148 150 161 164 175 176 179 
164 41 0 1 5 7 20 29 34 44 52 53 54 60 62 63 64 70 71 75 78 79 91 93 95 99 103 105 113 114 119 121 126 138 140 145 150 151 152 163 165 166 179 
165 41 5 7 11 17 21 25 28 30 38 40 46 47 48 49 64 66 76 80 82 83 85 86 87 95 102 103 107 112 115 120 123 128 130 135 141 142 153 154 158 164 174 
166 42 0 2 3 5 7 14 18 19 24 25 29 33 34 36 37 39 55 70 73 80 82 86 91 92 95 96 102 108 109 118 123 125 126 139 142 147 151 156 159 164 167 177 
167 37 7 11 20 22 26 29 30 38 44 53 54 57 64 68 71 82 87 96 99 101 106 107 119 120 123 124 137 142 143 153 155 166 170 172 173 174 177 
168 35 1 17 19 37 40 52 56 58 60 73 74 79 80 81 95 96 97 100 104 107 117 121 134 139 141 142 149 156 157 160 161 162 170 175 177 
169 30 4 18 23 29 33 36 38 50 53 68 71 76 78 82 84 94 100 103 105 113 127 128 142 148 152 157 161 170 171 176 
170 33 3 5 6 8 31 36 37 41 43 44 53 59 60 64 67 69 71 76 87 92 101 124 125 129 132 137 141 147 161 167 168 169 178 
171 43 3 5 16 19 24 27 31 32 34 35 36 38 41 42 43 48 50 51 52 60 62 72 75 78 79 87 97 98 101 107 116 117 128 137 139 143 150 153 157 159 169 175 179 
172 37 7 10 11 12 13 29 31 33 36 39 40 60 66 71 72 77 78 84 97 100 105 110 111 112 113 118 120 128 130 133 140 141 153 167 174 175 177 
173 39 0 1 8 12 13 15 18 27 35 37 42 46 54 55 58 60 61 65 73 86 91 98 99 103 108 110 113 119 120 128 131 139 142 143 145 158 160 167 175 
174 40 0 16 17 18 19 22 24 29 31 36 43 44 47 53 57 60 61 66 67 71 76 90 92 97 110 111 112 116 121 125 126 137 138 153 158 165 167 172 175 179 
175 37 0 3 8 13 15 16 30 35 39 50 51 54 60 62 64 85 86 87 93 95 96 109 114 118 143 154 155 157 159 160 163 168 171 172 173 174 176 
176 38 0 3 4 13 18 21 31 33 35 37 39 41 46 50 52 57 64 68 70 82 86 88 96 97 101 109 111 113 130 131 137 152 156 158 163 169 175 179 
177 35 4 18 23 26 31 34 35 36 37 44 51 54 56 61 62 63 64 82 88 93 118 127 129 131 141 142 150 152 157 159 166 167 168 172 179 
178 32 1 4 10 12 18 22 23 28 45 55 72 77 81 85 91 95 105 116 117 119 122 124 130 132 133 142 148 152 155 156 170 179 
179 42 6 14 17 20 24 25 27 29 30 32 35 47 55 61 77 80 83 84 89 90 94 95 101 104 107 116 118 122 124 129 131 133 137 151 160 163 164 171 174 176 177 178 
