180 1180
0 8 4 7 61 76 81 163 173 175 
1 7 5 22 24 38 42 107 155 
2 16 22 40 41 52 53 56 69 90 113 137 140 145 152 159 160 166 
3 13 20 65 75 84 94 106 150 152 161 166 170 175 176 
4 18 0 16 21 23 34 38 46 61 64 66 96 102 114 118 150 162 176 178 
5 13 1 11 36 42 45 59 73 121 131 144 145 150 165 
6 8 33 55 94 132 134 148 151 170 
7 12 0 13 14 51 59 94 105 136 148 154 162 164 
8 17 21 28 36 51 53 57 61 65 66 75 81 84 116 127 142 152 175 
9 14 13 17 21 31 48 54 56 61 65 67 90 102 131 160 
10 11 19 22 67 75 81 90 92 111 113 153 178 
11 15 5 15 28 29 43 52 80 95 119 122 129 130 131 158 167 
12 14 33 46 59 74 88 100 102 123 127 135 138 172 173 178 
13 12 7 9 15 28 30 39 56 69 121 134 158 172 
14 13 7 28 34 35 37 38 42 48 68 125 152 166 179 
15 13 11 13 24 46 53 57 58 64 90 91 97 114 132 
16 18 4 31 38 42 65 67 77 92 95 98 111 122 129 136 138 147 156 174 
17 15 9 35 38 52 58 68 70 80 84 94 96 99 143 165 174 
18 13 21 26 47 63 65 79 117 118 127 131 148 150 174 
19 13 10 22 29 34 63 64 67 89 96 114 116 137 149 
20 13 3 35 52 74 79 91 99 136 137 157 162 164 179 
21 14 4 8 9 18 54 58 72 81 82 97 114 135 138 160 
22 10 1 2 10 19 47 64 119 121 127 162 
23 11 4 32 39 41 82 94 98 138 153 169 177 
24 12 1 15 44 77 103 109 134 137 146 149 166 171 
25 7 43 61 73 78 103 105 179 
26 19 18 38 44 50 51 77 84 85 86 100 104 106 111 117 121 133 161 162 177 
27 6 71 73 111 122 126 150 
28 10 8 11 13 14 39 40 79 113 142 162 
29 15 11 19 88 95 99 119 137 139 155 157 164 166 167 174 179 
30 13 13 32 54 71 85 96 107 125 141 142 155 165 175 
31 14 9 16 43 78 79 85 95 112 114 126 159 170 176 177 
32 15 23 30 35 44 47 49 80 89 90 93 97 99 110 118 147 
33 12 6 12 36 75 92 110 119 126 131 142 145 152 
34 10 4 14 19 58 81 117 130 141 148 177 
35 13 14 17 20 32 48 56 60 88 110 132 137 139 173 
36 11 5 8 33 41 54 79 89 161 163 169 170 
37 13 14 47 67 73 81 99 101 104 117 126 145 173 176 
38 13 1 4 14 16 17 26 48 70 72 90 94 150 171 
39 18 13 23 28 43 60 81 82 85 96 115 132 147 154 156 158 159 166 175 
40 10 2 28 52 64 97 102 116 131 133 141 
41 12 2 23 36 65 80 87 94 101 107 123 133 141 
42 15 1 5 14 16 46 51 56 71 94 114 115 117 134 150 173 
43 13 11 25 31 39 57 70 100 105 109 124 170 171 174 
44 11 24 26 32 55 88 93 113 127 144 152 177 
45 17 5 46 53 65 67 71 72 73 76 86 90 100 109 124 150 158 178 
46 17 4 12 15 42 45 53 62 64 75 83 90 122 127 129 137 173 176 
47 11 18 22 32 37 54 90 108 127 133 144 153 
48 16 9 14 35 38 57 75 83 84 89 91 104 115 129 134 142 160 
49 9 32 53 59 85 107 129 149 160 161 
50 14 26 54 70 77 81 93 101 107 119 122 159 171 175 176 
51 10 7 8 26 42 78 121 126 133 175 177 
52 16 2 11 17 20 40 56 60 62 70 90 97 113 115 140 164 176 
53 14 2 8 15 45 46 49 61 71 82 83 96 164 169 170 
54 16 9 21 30 36 47 50 86 109 125 140 144 145 162 167 175 177 
55 7 6 44 80 95 166 173 179 
56 14 2 9 13 35 42 52 62 79 113 120 150 154 162 168 
57 13 8 15 43 48 58 59 65 75 80 89 97 115 154 
58 14 15 17 21 34 57 62 69 78 101 116 140 148 150 168 
59 25 5 7 12 49 57 81 90 93 97 103 107 108 112 119 121 123 131 137 140 143 146 159 161 162 170 
60 12 35 39 52 61 120 132 134 142 152 160 162 174 
61 15 0 4 8 9 25 53 60 95 98 99 103 118 123 140 179 
62 12 46 52 56 58 63 75 89 128 142 151 152 164 
63 13 18 19 62 78 87 91 94 95 101 110 131 143 151 
64 14 4 15 19 22 40 46 72 84 85 99 100 110 147 170 
65 20 3 8 9 16 18 41 45 57 74 75 97 102 107 108 111 122 148 149 158 161 
66 13 4 8 72 73 87 94 97 104 121 139 150 155 165 
67 8 9 10 16 19 37 45 108 170 
68 8 14 17 78 84 85 95 144 162 
69 7 2 13 58 78 92 129 137 
70 14 17 38 43 50 52 76 77 86 104 107 129 149 164 176 
71 13 27 30 42 45 53 80 91 100 104 105 119 162 170 
72 9 21 38 45 64 66 81 91 109 172 
73 18 5 25 27 37 45 66 75 79 87 89 113 119 121 127 136 142 160 161 
74 14 12 20 65 84 90 96 112 120 122 126 135 152 161 168 
75 20 3 8 10 33 46 48 57 62 65 73 91 94 101 117 124 137 140 148 156 171 
76 17 0 45 70 78 86 87 89 91 93 114 119 122 126 141 147 150 152 
77 7 16 24 26 50 70 88 104 
78 12 25 31 51 58 63 68 69 76 94 153 164 169 
79 15 18 20 28 31 36 56 73 110 125 127 134 145 155 157 171 
80 15 11 17 32 41 55 57 71 91 108 114 137 146 150 153 179 
81 19 0 8 10 21 34 37 39 50 59 72 82 89 116 126 137 146 160 168 178 
82 15 21 23 39 53 81 91 92 94 106 113 121 129 157 169 177 
83 8 46 48 53 101 111 117 136 147 
84 13 3 8 17 26 48 64 68 74 95 129 151 159 179 
85 14 26 30 31 39 49 64 68 88 99 118 121 129 131 152 
86 16 26 45 54 70 76 89 112 118 127 155 158 162 165 166 173 175 
87 12 41 63 66 73 76 110 113 133 152 161 165 167 
88 13 12 29 35 44 77 85 90 95 107 118 150 163 177 
89 17 19 32 36 48 57 62 73 76 81 86 108 118 129 139 141 155 179 
90 18 2 9 10 15 32 38 45 46 47 52 59 74 88 106 115 126 151 179 
91 15 15 20 48 63 71 72 75 76 80 82 108 115 144 173 178 
92 14 10 16 33 69 82 108 115 121 124 129 148 150 166 170 
93 8 32 44 50 59 76 137 162 164 
94 21 3 6 7 17 23 38 41 42 63 66 75 78 82 105 133 142 143 155 163 169 179 
95 19 11 16 29 31 55 61 63 68 84 88 98 107 133 152 160 161 164 166 178 
96 14 4 17 19 30 39 53 74 114 142 145 149 154 162 168 
97 17 15 21 32 40 52 57 59 65 66 111 115 124 132 139 162 168 176 
98 9 16 23 61 95 129 138 155 158 171 
99 15 17 20 29 32 37 61 64 85 105 110 126 129 152 154 163 
100 14 12 26 43 45 64 71 102 108 109 120 142 156 169 172 
101 14 37 41 50 58 63 75 83 109 123 127 140 149 159 176 
102 12 4 9 12 40 65 100 106 107 114 121 136 151 
103 12 24 25 59 61 118 128 139 153 160 164 165 173 
104 16 26 37 48 66 70 71 77 114 115 127 147 152 154 159 163 168 
105 9 7 25 43 71 94 99 121 150 172 
106 10 3 26 82 90 102 110 139 152 158 159 
107 21 1 30 41 49 50 59 65 70 88 95 102 124 126 137 138 146 158 165 167 168 171 
108 13 47 59 65 67 80 89 91 92 100 151 155 163 173 
109 10 24 43 45 54 72 100 101 122 125 166 
110 13 32 33 35 63 64 79 87 99 106 122 126 131 159 
111 11 10 16 26 27 65 83 97 118 119 126 131 
112 8 31 59 74 86 114 134 172 174 
113 19 2 10 28 44 52 56 73 82 87 117 126 128 130 136 147 149 153 169 173 
114 15 4 15 19 21 31 42 76 80 96 102 104 112 133 154 175 
115 11 39 42 48 52 57 90 91 92 97 104 126 
116 9 8 19 40 58 81 123 162 174 179 
117 10 18 26 34 37 42 75 83 113 119 126 
118 14 4 18 32 61 85 86 88 89 103 111 141 142 166 177 
119 16 11 22 29 33 50 59 71 73 76 111 117 120 138 147 160 178 
120 9 56 60 74 100 119 130 142 172 173 
121 16 5 13 22 26 51 59 66 73 82 85 92 102 105 155 168 174 
122 14 11 16 27 46 50 65 74 76 109 110 124 128 178 179 
123 9 12 41 59 61 101 116 132 137 167 
124 12 43 45 75 92 97 107 122 129 150 155 167 179 
125 9 14 30 54 79 109 135 136 160 162 
126 19 27 31 33 37 51 74 76 81 90 99 107 110 111 113 115 117 130 143 156 
127 16 8 12 18 22 44 46 47 73 79 86 101 104 139 145 163 169 
128 11 62 103 113 122 146 147 149 151 156 159 169 
129 21 11 16 46 48 49 69 70 82 84 85 89 92 98 99 124 131 132 141 155 163 177 
130 9 11 34 113 120 126 143 165 176 178 
131 16 5 9 11 18 33 40 59 63 85 110 111 129 138 148 152 158 
132 9 6 15 35 39 60 97 123 129 151 
133 12 26 40 41 47 51 87 94 95 114 135 149 178 
134 11 6 13 24 42 48 60 79 112 142 144 148 
135 6 12 21 74 125 133 152 
136 10 7 16 20 73 83 102 113 125 142 146 
137 21 2 19 20 24 29 35 46 59 69 75 80 81 93 107 123 154 155 156 171 174 179 
138 11 12 16 21 23 98 107 119 131 147 150 151 
139 12 29 35 66 89 97 103 106 127 161 166 171 173 
140 11 2 52 54 58 59 61 75 101 157 159 172 
141 13 30 34 40 41 76 89 118 129 146 161 168 170 172 
142 17 8 28 30 33 48 60 62 73 94 96 100 118 120 134 136 149 166 
143 6 17 59 63 94 126 130 
144 10 5 44 47 54 68 91 134 145 149 158 
145 12 2 5 33 37 54 79 96 127 144 156 164 173 
146 9 24 59 80 81 107 128 136 141 158 
147 13 16 32 39 64 76 83 104 113 119 128 138 159 166 
148 12 6 7 18 34 58 65 75 92 131 134 157 159 
149 13 19 24 49 65 70 96 101 113 128 133 142 144 168 
150 20 3 4 5 18 27 38 42 45 56 58 66 76 80 88 92 105 124 138 157 163 
151 11 6 62 63 84 90 102 108 128 132 138 164 
152 20 2 3 8 14 33 44 60 62 74 76 85 87 95 99 104 106 131 135 176 178 
153 9 10 23 47 78 80 103 113 167 171 
154 10 7 39 56 57 96 99 104 114 137 161 
155 17 1 29 30 66 79 86 89 94 98 108 121 124 129 137 156 159 175 
156 10 16 39 75 100 126 128 137 145 155 168 
157 8 20 29 79 82 140 148 150 168 
158 13 11 13 39 45 65 86 98 106 107 131 144 146 174 
159 16 2 31 39 50 59 84 101 104 106 110 128 140 147 148 155 177 
160 13 2 9 21 48 49 60 73 81 95 103 119 125 173 
161 14 3 26 36 49 59 65 73 74 87 95 139 141 154 169 
162 18 4 7 20 22 26 28 54 56 59 60 68 71 86 93 96 97 116 125 
163 10 0 36 88 94 99 104 108 127 129 150 
164 13 7 20 29 52 53 62 70 78 93 95 103 145 151 
165 9 5 17 30 66 86 87 103 107 130 
166 16 2 3 14 24 29 39 55 86 92 95 109 118 139 142 147 177 
167 8 11 29 54 87 107 123 124 153 
168 14 56 58 74 81 96 97 104 107 121 141 149 156 157 175 
169 12 23 36 53 78 82 94 100 113 127 128 161 170 
170 13 3 6 31 36 43 53 59 64 67 71 92 141 169 
171 11 24 38 43 50 75 79 98 107 137 139 153 
172 11 12 13 72 100 105 112 120 140 141 174 175 
173 16 0 12 35 37 42 46 55 86 91 103 108 113 120 139 145 160 
174 13 16 17 18 29 43 60 112 116 121 137 158 172 179 
175 14 0 3 8 30 39 50 51 54 86 114 155 168 172 176 
176 14 3 4 31 37 46 50 52 70 97 101 130 152 175 179 
177 13 23 26 31 34 44 51 54 82 88 118 129 159 166 
178 12 4 10 12 45 81 91 95 119 122 130 133 152 
179 17 14 20 25 29 55 61 80 84 89 90 94 116 122 124 137 174 176 
