180 1579
0 11 4 7 61 76 81 121 140 163 173 175 176 
1 13 5 22 24 38 39 42 61 89 91 107 143 155 173 
2 23 8 22 39 40 41 52 53 56 62 69 90 92 103 113 130 136 137 140 145 152 159 160 166 
3 15 9 20 65 75 84 94 106 150 152 159 161 166 170 175 176 
4 24 0 16 18 21 23 26 34 38 46 55 61 62 64 66 96 102 114 118 128 150 159 162 176 178 
5 18 1 11 13 24 36 42 45 59 73 76 121 127 131 144 145 149 150 165 
6 11 33 44 55 94 101 132 134 145 148 151 170 
7 16 0 13 14 15 25 51 59 94 105 136 148 154 162 164 167 172 
8 22 2 21 28 30 36 51 53 57 61 65 66 75 81 84 113 116 127 142 149 152 170 175 
9 19 3 13 17 21 31 46 48 54 55 56 61 65 67 90 101 102 131 135 160 
10 12 19 22 28 67 75 81 90 92 111 113 153 178 
11 18 5 15 19 28 29 43 52 54 80 83 95 119 122 129 130 131 158 167 
12 18 33 37 46 59 74 79 88 100 102 104 123 127 135 138 139 172 173 178 
13 15 5 7 9 15 28 30 39 56 69 121 134 155 158 172 175 
14 13 7 28 34 35 37 38 42 48 68 125 152 166 179 
15 19 7 11 13 21 24 46 53 57 58 64 68 90 91 97 114 132 143 156 173 
16 23 4 31 38 42 44 46 65 67 77 85 92 95 98 111 122 129 136 138 142 146 147 156 174 
17 16 9 35 38 52 58 68 70 78 80 84 94 96 99 143 165 174 
18 18 4 21 26 32 47 63 65 76 79 105 117 118 127 131 148 150 161 174 
19 18 10 11 22 29 34 63 64 67 89 96 114 115 116 137 149 152 166 171 
20 17 3 35 52 74 79 91 99 119 120 136 137 154 157 162 164 167 179 
21 19 4 8 9 15 18 54 58 72 81 82 85 97 98 114 135 138 152 160 176 
22 13 1 2 10 19 47 64 65 119 121 127 151 162 167 
23 16 4 32 39 41 42 50 82 84 94 98 138 153 154 169 177 178 
24 16 1 5 15 44 77 103 109 126 134 137 143 146 149 166 171 179 
25 17 7 43 52 61 73 75 78 103 105 114 124 129 133 158 165 166 179 
26 23 4 18 38 44 50 51 55 77 84 85 86 100 104 106 111 117 121 126 133 161 162 167 177 
27 10 40 44 71 73 99 111 122 126 150 179 
28 13 8 10 11 13 14 39 40 79 113 129 142 162 178 
29 19 11 19 88 92 95 99 104 119 137 139 153 155 157 164 166 167 172 174 179 
30 18 8 13 32 45 54 71 72 85 96 107 125 141 142 154 155 165 175 179 
31 22 9 16 34 43 53 72 76 78 79 85 87 95 96 112 114 126 159 170 172 174 176 177 
32 18 18 23 30 35 44 47 49 80 89 90 93 95 97 99 110 117 118 147 
33 16 6 12 36 38 53 75 92 110 119 126 128 131 142 145 152 176 
34 16 4 14 19 31 58 63 81 89 109 117 122 130 141 143 148 177 
35 17 14 17 20 32 48 56 60 74 88 110 132 137 139 145 173 176 177 
36 19 5 8 33 41 54 79 83 84 89 109 126 156 159 161 163 166 169 170 171 
37 17 12 14 47 67 72 73 81 99 101 104 114 115 117 126 145 173 176 
38 19 1 4 14 16 17 26 33 48 55 60 70 72 90 94 124 141 150 165 171 
39 25 1 2 13 23 28 43 60 69 77 81 82 83 85 96 115 119 132 147 154 156 158 159 166 175 176 
40 15 2 27 28 52 64 94 97 102 116 124 131 133 141 148 168 
41 17 2 23 36 65 80 82 87 92 94 101 107 112 123 128 133 141 170 
42 23 1 5 14 16 23 43 46 50 51 56 61 71 79 81 94 101 104 114 115 117 134 150 173 
43 17 11 25 31 39 42 56 57 70 94 100 105 109 119 124 170 171 174 
44 16 6 16 24 26 27 32 55 88 93 113 127 144 152 164 167 177 
45 22 5 30 46 49 53 65 67 69 71 72 73 76 86 90 94 100 103 109 124 150 158 178 
46 20 4 9 12 15 16 42 45 53 62 64 75 83 90 122 127 129 137 165 173 176 
47 16 18 22 32 37 54 90 107 108 117 127 133 144 149 153 174 179 
48 21 9 14 35 38 52 57 65 75 83 84 89 91 104 115 129 134 142 154 160 161 171 
49 13 32 45 53 59 63 80 85 107 124 129 149 160 161 
50 21 23 26 42 54 67 70 77 81 93 101 104 107 114 119 122 159 160 169 171 175 176 
51 10 7 8 26 42 78 121 126 133 175 177 
52 21 2 11 17 20 25 40 48 56 60 62 63 70 80 90 93 97 113 115 140 164 176 
53 20 2 8 15 31 33 45 46 49 61 71 75 82 83 96 103 115 161 164 169 170 
54 21 9 11 21 30 36 47 50 71 86 102 109 121 125 138 140 144 145 162 167 175 177 
55 12 4 6 9 26 38 44 80 95 163 166 173 179 
56 17 2 9 13 35 42 43 52 62 79 81 113 120 136 150 154 162 168 
57 14 8 15 43 48 58 59 65 75 80 89 97 101 115 154 
58 18 15 17 21 34 57 62 69 77 78 92 101 114 116 140 148 150 157 168 
59 30 5 7 12 49 57 69 81 90 93 97 98 100 103 107 108 112 119 121 123 124 129 131 137 140 143 146 159 161 162 170 
60 17 35 38 39 52 61 72 81 93 120 132 134 142 152 160 162 168 174 
61 21 0 1 4 8 9 25 42 53 60 95 98 99 103 109 118 123 140 145 173 177 179 
62 17 2 4 46 52 56 58 63 74 75 89 102 117 128 142 151 152 164 
63 20 18 19 34 49 52 62 78 87 91 94 95 101 108 110 122 131 143 148 151 164 
64 16 4 15 19 22 40 46 72 84 85 99 100 110 120 147 163 170 
65 22 3 8 9 16 18 22 41 45 48 57 74 75 97 102 107 108 111 122 148 149 158 161 
66 16 4 8 72 73 87 94 97 104 115 121 134 139 150 155 165 172 
67 15 9 10 16 19 37 45 50 75 95 101 108 112 141 149 170 
68 14 14 15 17 78 84 85 86 95 109 144 148 149 162 169 
69 12 2 13 39 45 58 59 78 80 92 113 129 137 
70 18 17 38 43 50 52 75 76 77 86 89 104 107 129 144 146 149 164 176 
71 15 27 30 42 45 53 54 80 91 100 104 105 119 122 162 170 
72 16 21 30 31 37 38 45 60 64 66 81 83 91 109 127 161 172 
73 19 5 25 27 37 45 66 75 79 87 89 110 113 119 121 127 136 142 160 161 
74 16 12 20 35 62 65 84 90 96 112 120 122 126 135 152 161 168 
75 26 3 8 10 25 33 46 48 53 57 62 65 67 70 73 91 94 101 117 124 137 138 140 147 148 156 171 
76 28 0 5 18 31 45 70 78 83 86 87 89 91 93 95 105 106 107 114 119 122 126 129 141 147 150 152 169 174 
77 11 16 24 26 39 50 58 70 79 88 104 156 
78 14 17 25 31 51 58 63 68 69 76 94 153 155 164 169 
79 20 12 18 20 28 31 36 42 56 73 77 110 111 125 127 134 145 155 157 158 171 
80 19 11 17 32 41 49 52 55 57 69 71 83 91 108 114 137 146 150 153 179 
81 24 0 8 10 21 34 37 39 42 50 56 59 60 72 82 89 110 111 116 126 137 146 160 168 178 
82 19 21 23 39 41 53 81 91 92 94 106 113 121 129 147 157 160 163 169 177 
83 16 11 36 39 46 48 53 72 76 80 101 111 117 136 143 147 165 
84 16 3 8 17 23 26 36 48 64 68 74 95 129 151 158 159 179 
85 18 16 21 26 30 31 39 49 64 68 88 99 108 118 121 122 129 131 152 
86 17 26 45 54 68 70 76 89 112 118 127 155 158 162 165 166 173 175 
87 17 31 41 63 66 73 76 107 108 110 113 118 133 151 152 161 165 167 
88 15 12 29 35 44 77 85 90 95 107 118 137 141 150 163 177 
89 21 1 19 32 34 36 48 57 62 70 73 76 81 86 108 118 119 129 139 141 155 179 
90 19 2 9 10 15 32 38 45 46 47 52 59 74 88 106 115 126 139 151 179 
91 18 1 15 20 48 63 71 72 75 76 80 82 99 108 115 144 156 173 178 
92 19 2 10 16 29 33 41 58 69 82 96 108 115 121 124 129 148 150 166 170 
93 13 32 44 50 52 59 60 76 119 137 142 162 164 177 
94 27 3 6 7 17 23 38 40 41 42 43 45 63 66 75 78 82 105 118 119 133 136 142 143 155 163 169 179 
95 23 11 16 29 31 32 55 61 63 67 68 76 84 88 98 106 107 133 152 160 161 164 166 178 
96 18 4 17 19 30 31 39 53 74 92 114 118 142 144 145 149 154 162 168 
97 21 15 21 32 40 52 57 59 65 66 107 111 115 124 126 132 136 139 142 162 168 176 
98 14 16 21 23 59 61 95 113 129 131 138 155 158 159 171 
99 18 17 20 27 29 32 37 61 64 85 91 105 110 126 129 152 154 163 164 
100 16 12 26 43 45 59 64 71 102 108 109 120 142 156 168 169 172 
101 19 6 9 37 41 42 50 57 58 63 67 75 83 109 123 127 140 149 159 176 
102 17 4 9 12 40 54 62 65 100 106 107 114 120 121 135 136 151 165 
103 17 2 24 25 45 53 59 61 105 118 128 139 153 158 160 164 165 173 
104 21 12 26 29 37 42 48 50 66 70 71 77 106 114 115 127 147 152 154 159 163 168 
105 16 7 18 25 43 71 76 94 99 103 121 122 126 138 150 172 178 
106 15 3 26 76 82 90 95 102 104 110 139 144 152 157 158 159 
107 25 1 30 41 47 49 50 59 65 70 76 87 88 95 97 102 124 126 137 138 146 158 165 167 168 171 
108 18 47 59 63 65 67 80 85 87 89 91 92 100 141 144 151 155 163 173 
109 15 24 34 36 43 45 54 61 68 72 100 101 122 125 161 166 
110 17 32 33 35 63 64 73 79 81 87 99 106 114 116 122 126 131 159 
111 15 10 16 26 27 65 79 81 83 97 118 119 122 126 131 172 
112 11 31 41 59 67 74 86 114 134 154 172 174 
113 24 2 8 10 28 44 52 56 69 73 82 87 98 117 126 128 130 136 143 147 149 153 156 169 173 
114 22 4 15 19 21 25 31 37 42 50 58 76 80 96 102 104 110 112 118 130 133 154 175 
115 17 19 37 39 42 48 52 53 57 66 90 91 92 97 104 126 150 152 
116 12 8 19 40 58 81 110 123 124 157 162 174 179 
117 17 18 26 32 34 37 42 47 62 75 83 113 119 126 134 143 149 158 
118 18 4 18 32 61 85 86 87 88 89 94 96 103 111 114 141 142 166 177 
119 22 11 20 22 29 33 39 43 50 59 71 73 76 89 93 94 111 117 120 138 147 160 178 
120 14 20 56 60 64 74 100 102 119 127 130 142 165 172 173 
121 20 0 5 13 22 26 51 54 59 66 73 82 85 92 102 105 142 151 155 168 174 
122 23 11 16 27 34 46 50 63 65 71 74 76 85 105 109 110 111 124 128 142 149 162 178 179 
123 11 12 41 59 61 101 116 132 137 152 166 167 
124 18 25 38 40 43 45 49 59 75 92 97 107 116 122 129 150 155 167 179 
125 9 14 30 54 79 109 135 136 160 162 
126 26 24 26 27 31 33 36 37 51 74 76 81 90 97 99 105 107 110 111 113 115 117 128 130 143 156 174 
127 19 5 8 12 18 22 44 46 47 72 73 79 86 101 104 120 139 145 163 169 
128 18 4 33 41 62 103 113 122 126 130 146 147 149 151 156 159 161 169 171 
129 26 11 16 25 28 46 48 49 59 69 70 76 82 84 85 89 92 98 99 124 131 132 141 147 155 163 177 
130 12 2 11 34 113 114 120 126 128 143 165 176 178 
131 18 5 9 11 18 33 40 59 63 85 98 110 111 129 138 148 152 158 161 
132 10 6 15 35 39 60 97 123 129 151 170 
133 16 25 26 40 41 47 51 87 94 95 114 135 140 149 158 172 178 
134 13 6 13 24 42 48 60 66 79 112 117 142 144 148 
135 10 9 12 21 74 102 125 133 151 152 165 
136 15 2 7 16 20 56 73 83 94 97 102 113 125 142 146 158 
137 22 2 19 20 24 29 35 46 59 69 75 80 81 88 93 107 123 154 155 156 171 174 179 
138 16 12 16 21 23 54 75 98 105 107 119 131 147 150 151 164 174 
139 14 12 29 35 66 89 90 97 103 106 127 161 166 171 173 
140 14 0 2 52 54 58 59 61 75 101 133 155 157 159 172 
141 19 30 34 38 40 41 67 76 88 89 108 118 129 146 156 158 161 168 170 172 
142 23 8 16 28 30 33 48 60 62 73 93 94 96 97 100 118 120 121 122 134 136 149 157 166 
143 13 1 15 17 24 34 59 63 83 94 113 117 126 130 
144 14 5 44 47 54 68 70 91 96 106 108 134 145 149 158 
145 15 2 5 6 33 35 37 54 61 79 96 127 144 156 164 173 
146 12 16 24 59 70 80 81 107 128 136 141 148 158 
147 16 16 32 39 64 75 76 82 83 104 113 119 128 129 138 159 166 
148 17 6 7 18 34 40 58 63 65 68 75 92 131 134 146 157 159 163 
149 20 5 8 19 24 47 49 65 67 68 70 96 101 113 117 122 128 133 142 144 168 
150 21 3 4 5 18 27 38 42 45 56 58 66 76 80 88 92 105 115 124 138 157 163 
151 15 6 22 62 63 84 87 90 102 108 121 128 132 135 138 164 
152 24 2 3 8 14 19 21 33 44 60 62 74 76 85 87 95 99 104 106 115 123 131 135 176 178 
153 10 10 23 29 47 78 80 103 113 167 171 
154 15 7 20 23 30 39 48 56 57 96 99 104 112 114 137 161 
155 20 1 13 29 30 66 78 79 86 89 94 98 108 121 124 129 137 140 156 159 175 
156 17 15 16 36 39 75 77 91 100 113 126 128 137 141 145 155 168 178 
157 13 20 29 58 79 82 106 116 140 142 148 150 168 175 
158 21 11 13 25 39 45 65 79 84 86 98 103 106 107 117 131 133 136 141 144 146 174 
159 21 2 3 4 31 36 39 50 59 84 98 101 104 106 110 128 140 147 148 155 171 177 
160 15 2 9 21 48 49 50 60 73 81 82 95 103 119 125 173 
161 22 3 18 26 36 48 49 53 59 65 72 73 74 87 95 109 128 131 139 141 154 168 169 
162 19 4 7 20 22 26 28 54 56 59 60 68 71 86 93 96 97 116 122 125 
163 15 0 36 55 64 82 88 94 99 104 108 127 129 148 150 179 
164 17 7 20 29 44 52 53 62 63 70 78 93 95 99 103 138 145 151 
165 16 5 17 25 30 38 46 66 83 86 87 102 103 107 120 130 135 
166 21 2 3 14 19 24 25 29 36 39 55 86 92 95 109 118 123 139 142 147 167 177 
167 16 7 11 20 22 26 29 44 54 87 107 123 124 153 166 173 174 
168 18 40 56 58 60 74 81 96 97 100 104 107 121 141 149 156 157 161 175 
169 15 23 36 50 53 68 76 78 82 94 100 113 127 128 161 170 
170 16 3 6 8 31 36 41 43 53 59 64 67 71 92 132 141 169 
171 16 19 24 36 38 43 48 50 75 79 98 107 128 137 139 153 159 
172 17 7 12 13 29 31 66 72 100 105 111 112 120 133 140 141 174 175 
173 20 0 1 12 15 35 37 42 46 55 61 86 91 103 108 113 120 139 145 160 167 
174 20 16 17 18 29 31 43 47 60 76 112 116 121 126 137 138 158 167 172 175 179 
175 17 0 3 8 13 30 39 50 51 54 86 114 155 157 168 172 174 176 
176 19 0 3 4 21 31 33 35 37 39 46 50 52 70 97 101 130 152 175 179 
177 16 23 26 31 34 35 44 51 54 61 82 88 93 118 129 159 166 
178 16 4 10 12 23 28 45 81 91 95 105 119 122 130 133 152 156 
179 22 14 20 24 25 27 29 30 47 55 61 80 84 89 90 94 116 122 124 137 163 174 176 
