200 1946
0 22 12 13 29 40 41 44 58 82 88 93 99 106 118 119 142 148 150 159 173 177 180 191 
1 22 17 22 34 52 61 86 91 109 125 130 137 141 144 150 158 159 160 167 170 171 177 184 
2 15 31 34 61 74 97 99 116 128 132 140 142 148 179 186 195 
3 21 5 12 15 24 47 49 60 62 63 71 72 79 128 134 140 158 168 180 190 192 196 
4 15 6 26 27 33 41 47 48 90 99 107 126 134 138 158 195 
5 22 3 15 19 28 31 43 45 56 59 76 81 86 93 102 103 108 136 138 142 178 179 194 
6 18 4 11 12 17 18 32 56 63 69 70 81 92 113 133 166 178 179 196 
7 22 12 21 34 39 62 63 65 81 83 112 118 122 128 144 157 161 169 174 178 180 187 194 
8 18 10 13 20 28 54 57 58 80 97 108 110 134 137 156 167 173 176 183 
9 10 29 50 77 112 123 131 138 142 170 193 
10 13 8 14 30 34 54 94 98 153 155 159 161 163 167 
11 20 6 12 31 33 37 46 56 59 72 103 119 122 134 147 164 169 174 182 188 194 
12 23 0 3 6 7 11 41 52 53 57 80 91 92 112 136 151 157 158 161 172 178 179 183 184 
13 15 0 8 34 42 72 94 137 138 157 160 170 181 182 188 198 
14 21 10 25 26 29 30 43 44 49 61 62 73 99 107 111 116 117 122 125 139 168 180 
15 8 3 5 29 40 114 138 165 199 
16 17 31 37 40 48 67 92 110 113 121 134 147 158 163 176 178 189 192 
17 27 1 6 29 30 32 35 50 52 82 85 90 91 95 105 111 112 118 121 130 144 150 162 174 185 191 193 197 
18 13 6 25 40 42 82 87 92 95 144 166 186 189 192 
19 20 5 50 51 57 65 67 73 92 93 109 111 133 137 138 142 149 157 161 178 181 
20 19 8 30 38 40 58 71 86 121 142 151 157 159 170 174 180 183 185 196 197 
21 20 7 32 48 52 72 80 83 84 112 118 125 130 131 136 144 160 175 180 186 192 
22 14 1 31 39 45 46 106 118 140 144 146 147 167 173 196 
23 18 31 40 90 92 93 104 111 112 124 129 146 158 163 175 179 186 196 197 
24 18 3 29 38 49 68 74 100 105 109 128 139 151 157 162 174 175 188 189 
25 16 14 18 28 31 52 72 88 97 99 145 147 153 166 176 182 192 
26 18 4 14 44 62 68 69 76 104 107 117 128 133 135 142 149 173 182 194 
27 16 4 30 41 52 62 74 79 82 94 95 114 129 140 177 197 199 
28 20 5 8 25 61 71 74 98 116 117 126 127 140 141 144 154 169 176 185 190 195 
29 27 0 9 14 15 17 24 41 44 45 54 64 70 72 91 106 113 120 125 136 139 145 166 167 169 174 179 194 
30 28 10 14 17 20 27 42 46 47 51 59 66 83 85 99 100 108 110 122 135 149 152 162 163 168 171 181 195 197 
31 22 2 5 11 16 22 23 25 34 45 50 77 80 83 105 116 118 139 158 161 172 176 184 
32 20 6 17 21 35 41 54 55 64 75 109 123 125 126 134 161 168 169 171 178 183 
33 13 4 11 39 41 76 85 95 106 108 112 140 148 184 
34 19 1 2 7 10 13 31 46 49 66 82 83 90 100 107 113 119 132 146 147 
35 21 17 32 44 59 63 81 99 101 104 105 106 108 118 129 147 150 173 176 179 182 199 
36 20 48 50 65 76 91 95 104 105 117 125 133 134 136 162 165 174 184 191 192 196 
37 16 11 16 43 51 93 100 104 106 118 120 128 131 143 147 167 171 
38 18 20 24 44 87 94 100 113 122 126 130 136 140 146 152 164 173 188 195 
39 21 7 22 33 40 48 49 51 53 72 75 78 101 120 128 152 156 162 164 182 194 199 
40 27 0 15 16 18 20 23 39 41 67 79 82 94 99 101 103 105 109 116 121 140 160 167 176 179 192 194 196 
41 31 0 4 12 27 29 32 33 40 42 54 57 63 87 88 90 106 113 124 125 137 148 149 154 155 162 163 167 168 169 183 189 
42 18 13 18 30 41 46 48 55 60 63 73 76 79 85 131 140 159 171 197 
43 20 5 14 37 50 52 54 61 82 83 98 104 124 130 141 142 148 151 157 173 176 
44 25 0 14 26 29 35 38 96 102 109 116 118 119 125 127 136 142 148 156 165 177 178 185 187 197 198 
45 16 5 22 29 31 48 50 63 98 99 120 136 145 149 154 158 176 
46 14 11 22 30 34 42 106 109 115 125 149 168 174 175 178 
47 21 3 4 30 55 56 58 60 75 79 98 102 108 111 120 130 140 142 148 154 169 173 
48 20 4 16 21 36 39 42 45 63 87 99 121 125 140 144 149 171 173 185 187 189 
49 17 3 14 24 34 39 69 83 85 102 119 120 122 125 126 132 147 179 
50 30 9 17 19 31 36 43 45 51 52 53 60 65 66 70 75 81 84 85 91 100 102 105 107 108 117 144 172 175 185 199 
51 17 19 30 37 39 50 61 66 82 87 90 130 141 158 163 181 182 189 
52 21 1 12 17 21 25 27 43 50 63 66 68 71 89 108 113 116 140 149 156 166 178 
53 16 12 39 50 78 95 98 110 117 144 165 168 171 174 176 184 185 
54 21 8 10 29 32 41 43 58 61 62 66 68 80 128 139 161 167 170 174 175 195 198 
55 15 32 42 47 90 92 97 111 119 135 153 167 171 175 176 196 
56 17 5 6 11 47 60 76 90 120 125 141 152 162 167 178 179 197 198 
57 23 8 12 19 41 59 80 90 91 97 98 101 110 119 120 131 145 151 157 159 167 174 184 186 
58 19 0 8 20 47 54 61 73 82 96 104 110 113 129 132 133 150 169 181 190 
59 20 5 11 30 35 57 72 78 81 84 105 133 134 145 147 153 159 166 170 176 183 
60 21 3 42 47 50 56 69 72 87 94 96 97 143 153 154 157 171 174 180 183 184 186 
61 19 1 2 14 28 43 51 54 58 70 78 93 103 111 121 129 154 162 187 198 
62 18 3 7 14 26 27 54 81 85 90 93 100 120 133 134 152 167 186 187 
63 24 3 6 7 35 41 42 45 48 52 78 84 86 107 109 116 118 119 148 149 150 151 152 190 198 
64 21 29 32 81 89 90 99 105 111 156 162 169 182 183 184 186 187 189 190 192 193 196 
65 19 7 19 36 50 72 75 81 84 113 116 125 131 160 164 165 181 182 187 195 
66 18 30 34 50 51 52 54 79 85 92 115 117 122 127 149 165 173 184 195 
67 14 16 19 40 86 87 92 94 95 101 104 116 123 160 161 
68 18 24 26 52 54 70 83 97 120 123 132 134 150 155 162 164 165 171 176 
69 14 6 26 49 60 91 111 112 136 140 142 152 156 168 174 
70 10 6 29 50 61 68 112 121 155 170 186 
71 13 3 20 28 52 82 96 103 144 161 170 171 173 178 
72 19 3 11 13 21 25 29 39 59 60 65 76 82 102 105 156 163 164 177 179 
73 19 14 19 42 58 76 78 88 91 105 108 130 140 142 149 153 155 166 174 192 
74 17 2 24 27 28 75 101 102 117 118 120 148 174 181 188 196 198 199 
75 26 32 39 47 50 65 74 79 81 83 88 99 105 111 127 128 133 139 140 159 164 168 169 170 174 192 196 
76 21 5 26 33 36 42 56 72 73 87 88 93 125 128 139 153 161 167 174 178 188 190 
77 13 9 31 85 114 123 132 137 143 147 156 163 190 192 
78 20 39 53 59 61 63 73 80 90 105 108 111 116 156 165 168 176 183 191 192 197 
79 16 3 27 40 42 47 66 75 83 92 99 109 122 127 130 170 183 
80 20 8 12 21 31 54 57 78 83 105 123 131 136 145 146 153 160 165 166 184 191 
81 16 5 6 7 35 50 59 62 64 65 75 99 125 126 134 142 171 
82 24 0 17 18 27 34 40 43 51 58 71 72 106 116 127 141 142 146 148 151 152 159 178 182 189 
83 21 7 21 30 31 34 43 49 68 75 79 80 85 101 102 103 104 115 119 148 160 197 
84 12 21 50 59 63 65 95 101 104 115 146 161 175 
85 21 17 30 33 42 49 50 62 66 77 83 109 117 120 134 161 163 170 172 175 181 190 
86 19 1 5 20 63 67 88 104 117 124 125 129 158 162 165 179 192 197 198 199 
87 23 18 38 41 48 51 60 67 76 89 96 98 99 137 138 139 141 150 154 157 165 171 174 190 
88 20 0 25 41 73 75 76 86 92 95 101 107 131 132 139 150 151 153 177 195 197 
89 18 52 64 87 95 96 101 121 130 131 141 151 154 155 172 175 176 180 195 
90 26 4 17 23 34 41 51 55 56 57 62 64 78 97 99 103 108 109 142 146 147 157 166 171 178 184 186 
91 20 1 12 17 29 36 50 57 69 73 95 101 102 106 115 122 135 137 159 160 164 
92 16 6 12 16 18 19 23 55 66 67 79 88 102 129 144 146 164 
93 19 0 5 19 23 37 61 62 76 94 121 128 135 140 145 151 174 180 181 187 
94 22 10 13 27 38 40 60 67 93 99 112 114 115 119 121 129 133 151 152 167 171 189 193 
95 22 17 18 27 33 36 53 67 84 88 89 91 99 103 111 116 130 134 150 151 163 187 197 
96 13 44 58 60 71 87 89 131 136 153 154 158 188 198 
97 17 2 8 25 55 57 60 68 90 106 121 128 132 148 150 177 189 192 
98 16 10 28 43 45 47 53 57 87 102 109 112 129 162 170 185 192 
99 27 0 2 4 14 25 30 35 40 45 48 64 75 79 81 87 90 94 95 105 113 125 139 141 159 174 175 199 
100 15 24 30 34 37 38 50 62 102 107 130 138 156 175 177 183 
101 21 35 39 40 57 67 74 83 84 88 89 91 147 155 161 167 168 171 184 189 192 194 
102 29 5 44 47 49 50 72 74 83 91 92 98 100 104 111 117 140 146 148 149 150 159 171 175 184 186 187 193 194 196 
103 22 5 11 40 61 71 83 90 95 107 122 133 135 140 159 162 165 173 175 179 182 198 199 
104 22 23 26 35 36 37 43 58 67 83 84 86 102 112 132 135 152 153 162 166 169 183 187 
105 23 17 24 31 35 36 40 50 59 64 72 73 75 78 80 99 113 120 124 158 159 192 195 196 
106 21 0 22 29 33 35 37 41 46 82 91 97 129 142 143 151 154 155 171 184 196 198 
107 14 4 14 26 34 50 63 88 100 103 160 169 175 176 190 
108 18 5 8 30 33 35 47 50 52 73 78 90 111 117 126 133 134 146 148 
109 19 1 19 24 32 40 44 46 63 79 85 90 98 120 121 132 133 162 168 185 
110 16 8 16 30 53 57 58 116 132 134 158 164 168 179 183 187 199 
111 24 14 17 19 23 47 55 61 64 69 75 78 95 102 108 117 122 146 151 168 178 179 183 185 197 
112 24 7 9 12 17 21 23 33 69 70 94 98 104 119 122 125 142 147 150 162 173 174 185 190 199 
113 18 6 16 29 34 38 41 52 58 65 99 105 140 148 158 166 172 195 197 
114 12 15 27 77 94 117 123 135 145 155 170 175 187 
115 10 46 66 83 84 91 94 130 136 140 155 
116 25 2 14 28 31 40 44 52 63 65 67 78 82 95 110 117 123 127 132 135 138 139 175 177 180 185 
117 25 14 26 28 36 50 53 66 74 85 86 102 108 111 114 116 134 143 144 150 152 160 162 173 182 196 
118 22 0 7 17 21 22 31 35 37 44 63 74 122 139 142 144 156 163 173 179 180 181 194 
119 18 0 11 34 44 49 55 57 63 83 94 112 126 128 131 135 155 161 164 
120 19 29 37 39 45 47 49 56 57 62 68 74 85 105 109 121 125 129 183 192 
121 24 16 17 20 40 48 61 70 89 93 94 97 109 120 123 125 130 137 138 145 148 180 188 190 199 
122 23 7 11 14 30 38 49 66 79 91 103 111 112 118 137 139 146 153 174 175 179 184 191 197 
123 17 9 32 67 68 77 80 114 116 121 139 146 154 165 173 187 191 193 
124 14 23 41 43 86 105 141 158 161 173 179 186 189 191 196 
125 26 1 14 21 29 32 36 41 44 46 48 49 56 65 76 81 86 99 112 120 121 127 167 171 183 193 196 
126 12 4 28 32 38 49 81 108 119 129 155 164 169 
127 13 28 44 66 75 79 82 116 125 136 157 165 176 181 
128 18 2 3 7 24 26 37 39 54 75 76 93 97 119 136 160 179 189 198 
129 18 23 27 35 58 61 86 92 94 98 106 120 126 135 141 171 183 184 195 
130 24 1 17 21 38 43 47 51 73 79 89 95 100 115 121 143 146 148 159 173 182 184 188 194 197 
131 17 9 21 37 42 57 65 80 88 89 96 119 139 148 155 172 184 191 
132 17 2 34 49 58 68 77 88 97 104 109 110 116 151 167 176 180 196 
133 17 6 19 26 36 58 59 62 75 94 103 108 109 152 153 175 189 194 
134 22 3 4 8 11 16 32 36 59 62 68 81 85 95 108 110 117 138 141 146 147 156 198 
135 14 26 30 55 91 93 103 104 114 116 119 129 150 183 194 
136 21 5 12 21 29 36 38 44 45 69 80 96 115 127 128 139 146 151 154 163 189 199 
137 13 1 8 13 19 41 77 87 91 121 122 165 168 189 
138 18 4 5 9 13 15 19 87 100 116 121 134 154 166 169 174 177 179 190 
139 21 14 24 29 31 54 75 76 87 88 99 116 118 122 123 131 136 147 166 172 174 179 
140 29 2 3 22 27 28 33 38 40 42 47 48 52 69 73 75 93 102 103 113 115 142 146 147 152 153 158 176 194 195 
141 24 1 28 43 51 56 82 87 89 99 124 129 134 142 150 154 155 156 157 165 168 176 190 194 199 
142 28 0 2 5 9 19 20 26 43 44 47 69 73 81 82 90 106 112 118 140 141 153 154 166 168 182 185 188 189 
143 14 37 60 77 106 117 130 144 148 150 158 169 185 191 192 
144 22 1 7 17 18 21 22 28 48 50 53 71 92 117 118 143 146 159 165 168 181 185 195 
145 14 25 29 45 57 59 80 93 114 121 164 173 181 187 194 
146 23 22 23 34 38 80 82 84 90 92 102 108 111 122 123 130 134 136 140 144 158 162 182 184 
147 23 11 16 22 25 34 35 37 49 59 77 90 101 112 134 139 140 154 162 164 172 179 188 196 
148 26 0 2 33 41 43 44 47 63 74 82 83 97 102 108 113 121 130 131 143 162 174 178 184 190 193 198 
149 14 19 26 30 41 45 46 48 52 63 66 73 102 185 199 
150 20 0 1 17 35 58 63 68 87 88 95 97 102 112 117 135 141 143 170 177 186 
151 22 12 20 24 43 57 63 82 88 89 93 94 95 106 111 132 136 161 164 166 174 177 192 
152 20 30 38 39 56 62 63 69 82 94 104 117 133 140 164 180 184 185 187 191 192 
153 22 10 25 55 59 60 73 76 80 88 96 104 122 133 140 142 154 158 182 184 185 194 196 
154 20 28 41 45 47 60 61 87 89 96 106 123 136 138 141 142 147 153 159 161 166 
155 18 10 41 68 70 73 89 101 106 114 115 119 126 131 141 163 176 179 181 
156 17 8 39 44 52 64 69 72 77 78 100 118 134 141 169 171 172 180 
157 17 7 12 13 19 20 24 43 57 60 87 90 127 141 172 185 186 196 
158 22 1 3 4 12 16 23 31 45 51 86 96 105 110 113 124 140 143 146 153 162 186 196 
159 19 0 1 10 20 42 57 59 75 82 91 99 102 103 105 130 144 154 186 192 
160 15 1 13 21 40 65 67 80 83 91 107 117 128 170 190 195 
161 20 7 10 12 19 31 32 54 67 71 76 84 85 101 119 124 151 154 174 181 185 
162 23 17 24 30 36 39 41 56 61 64 68 86 98 103 104 109 112 117 146 147 148 158 174 199 
163 20 10 16 23 30 41 51 72 77 85 95 118 136 155 172 174 177 179 181 185 186 
164 20 11 38 39 65 68 72 75 91 92 110 119 126 145 147 151 152 166 169 182 198 
165 17 15 36 44 53 65 66 68 78 80 86 87 103 123 127 137 141 144 
166 21 6 18 25 29 52 59 73 80 90 104 113 138 139 142 151 154 164 171 179 191 199 
167 20 1 8 10 22 29 37 40 41 54 55 56 57 62 76 94 101 125 132 192 193 
168 20 3 14 30 32 41 46 53 69 75 78 101 109 110 111 137 141 142 144 196 198 
169 20 7 11 28 29 32 41 47 58 64 75 104 107 126 138 143 156 164 182 188 198 
170 18 1 9 13 20 54 59 70 71 75 79 85 98 114 150 160 176 188 196 
171 24 1 30 32 37 42 48 53 55 60 68 71 81 87 90 94 101 102 106 125 129 156 166 180 187 
172 12 12 31 50 85 89 113 131 139 147 156 157 163 
173 20 0 8 22 26 35 38 43 47 48 66 71 103 112 117 118 123 124 130 145 197 
174 30 7 11 17 20 24 29 36 46 53 54 57 60 69 73 74 75 76 87 93 99 112 122 138 139 148 151 161 162 163 192 
175 20 21 23 24 46 50 54 55 84 85 89 99 100 102 103 107 114 116 122 133 182 
176 26 8 16 25 28 31 35 40 43 45 53 55 59 68 78 89 107 127 132 140 141 155 170 182 188 189 191 
177 14 0 1 27 44 72 88 97 100 116 138 150 151 163 188 
178 23 5 6 7 12 16 19 32 44 46 52 56 71 76 82 90 111 148 181 183 189 194 195 198 
179 26 2 5 6 12 23 29 35 40 49 56 72 86 103 110 111 118 122 124 128 138 139 147 155 163 166 189 
180 19 0 3 7 14 20 21 60 89 93 116 118 121 132 152 156 171 181 194 199 
181 19 13 19 30 51 58 65 74 85 93 118 127 144 145 155 161 163 178 180 189 
182 21 11 13 25 26 35 39 51 64 65 82 103 117 130 142 146 153 164 169 175 176 183 
183 22 8 12 20 32 41 59 60 64 78 79 100 104 110 111 120 125 129 135 178 182 184 196 
184 24 1 12 31 33 36 53 57 60 64 66 80 90 101 102 106 122 129 130 131 146 148 152 153 183 
185 22 17 20 28 44 48 50 53 98 109 111 112 116 142 143 144 149 152 153 157 161 163 198 
186 18 2 18 21 23 57 60 62 64 70 90 102 124 150 157 158 159 163 191 
187 19 7 44 48 61 62 64 65 93 95 102 104 110 114 123 145 152 171 190 199 
188 15 11 13 24 38 74 76 96 121 130 142 147 169 170 176 177 
189 24 16 18 24 41 48 51 64 82 94 97 101 124 128 133 136 137 142 176 178 179 181 195 197 199 
190 18 3 28 58 63 64 76 77 85 87 107 112 121 138 141 148 160 187 194 
191 15 0 17 36 78 80 122 123 124 131 143 152 166 176 186 197 
192 24 3 16 18 21 25 36 40 64 73 75 77 78 86 97 98 101 105 120 143 151 152 159 167 174 
193 9 9 17 64 94 102 123 125 148 167 
194 21 5 7 11 26 29 39 40 101 102 118 130 133 135 140 141 145 153 178 180 190 196 
195 18 2 4 28 30 38 54 65 66 88 89 105 113 129 140 144 160 178 189 
196 27 3 6 20 22 23 36 40 55 64 74 75 102 105 106 117 124 125 132 147 153 157 158 168 170 183 194 199 
197 21 17 20 23 27 30 42 44 56 78 83 86 88 95 111 113 122 130 173 189 191 199 
198 19 13 44 54 56 61 63 74 86 96 103 106 128 134 148 164 168 169 178 185 
199 22 15 27 35 39 50 74 86 99 103 110 112 121 136 141 149 162 166 180 187 189 196 197 
