200 1404
0 9 4 7 61 76 81 163 173 175 183 
1 9 2 4 18 22 87 135 179 197 198 
2 15 1 12 13 16 29 50 73 97 100 105 112 119 120 126 156 
3 20 15 24 34 46 90 92 101 106 110 115 116 131 136 138 149 153 161 176 179 181 
4 14 0 1 16 22 38 70 82 96 98 105 130 136 153 167 
5 8 21 31 44 45 50 65 128 167 
6 12 12 14 28 31 50 65 66 103 111 146 157 188 
7 19 0 8 14 22 24 52 59 67 82 84 88 92 96 97 106 112 115 147 173 
8 16 7 15 23 31 41 58 64 66 71 75 77 100 112 141 170 198 
9 13 11 56 64 70 79 81 100 102 142 167 172 185 186 
10 13 11 20 48 63 87 90 98 99 126 135 168 181 194 
11 19 9 10 21 35 47 49 70 74 82 85 119 120 125 128 141 143 152 169 182 
12 13 2 6 47 60 84 98 119 125 126 128 129 133 159 
13 12 2 30 57 71 84 115 122 126 127 159 166 183 
14 18 6 7 16 78 85 89 112 114 124 139 142 145 158 169 176 183 185 194 
15 18 3 8 19 37 60 63 77 83 93 95 105 109 119 121 124 168 190 199 
16 19 2 4 14 24 29 50 66 68 82 120 121 130 134 151 153 177 185 192 197 
17 10 44 45 48 70 77 97 118 130 175 192 
18 16 1 33 38 50 58 95 96 116 121 123 138 171 175 189 198 199 
19 7 15 34 51 72 75 141 158 
20 11 10 34 36 42 77 103 110 112 153 165 169 
21 14 5 11 31 46 62 70 92 125 151 157 182 185 194 197 
22 11 1 4 7 37 42 68 86 98 103 128 130 
23 16 8 28 40 53 79 87 88 102 106 108 119 123 135 163 164 179 
24 11 3 7 16 50 52 90 101 105 129 169 170 
25 5 35 69 98 118 194 
26 17 28 32 52 70 72 88 90 97 99 100 107 112 136 153 167 178 189 
27 14 35 51 52 65 75 85 101 136 137 143 153 170 172 184 
28 17 6 23 26 46 57 64 69 81 83 114 123 124 127 131 144 152 181 
29 12 2 16 46 85 102 120 129 136 141 152 155 162 
30 11 13 44 67 103 116 127 134 163 178 186 190 
31 14 5 6 8 21 50 72 94 99 101 135 146 159 184 194 
32 11 26 101 107 108 127 147 153 161 179 181 184 
33 9 18 40 59 87 103 125 127 145 149 
34 18 3 19 20 40 61 73 90 111 112 115 126 162 177 184 186 188 189 196 
35 12 11 25 27 41 57 69 102 107 121 136 138 146 
36 13 20 45 60 67 74 81 87 113 121 163 168 173 188 
37 12 15 22 49 69 70 72 89 105 128 148 161 191 
38 10 4 18 39 54 101 104 120 153 158 178 
39 17 38 49 57 82 85 92 104 106 110 111 112 115 125 129 139 163 189 
40 17 23 33 34 58 66 75 77 88 96 103 135 140 142 150 186 189 199 
41 10 8 35 77 95 114 120 131 140 175 193 
42 15 20 22 44 45 50 52 65 76 90 95 103 121 150 176 198 
43 12 64 84 95 96 118 141 145 157 165 171 183 186 
44 12 5 17 30 42 68 80 84 85 115 158 163 170 
45 17 5 17 36 42 58 60 66 70 72 80 100 107 125 150 174 186 197 
46 12 3 21 28 29 54 65 66 79 147 152 153 194 
47 13 11 12 65 81 96 100 101 118 123 131 133 160 175 
48 9 10 17 95 102 108 114 131 165 172 
49 16 11 37 39 52 56 64 70 82 83 89 99 104 113 121 139 178 
50 17 2 5 6 16 18 24 31 42 58 65 74 97 112 136 144 146 164 
51 20 19 27 58 61 65 71 75 76 80 87 89 91 99 108 114 127 129 130 138 148 
52 20 7 24 26 27 42 49 60 72 74 82 92 100 102 114 153 156 157 176 181 198 
53 10 23 91 92 104 118 157 171 180 181 193 
54 14 38 46 78 87 91 94 95 101 110 131 143 151 187 199 
55 13 56 70 71 81 118 141 159 160 182 187 192 193 196 
56 16 9 49 55 64 90 91 100 103 127 128 142 149 152 159 176 194 
57 9 13 28 35 39 63 68 78 133 195 
58 14 8 18 40 45 50 51 73 79 80 90 139 157 183 197 
59 8 7 33 94 102 150 151 178 181 
60 13 12 15 36 45 52 84 111 123 134 143 147 148 162 
61 10 0 34 51 67 75 103 121 184 193 197 
62 13 21 68 70 94 100 102 117 123 141 170 176 182 198 
63 17 10 15 57 70 72 76 85 102 111 118 145 148 155 171 178 191 194 
64 21 8 9 28 43 49 56 67 75 90 108 111 113 115 136 141 144 148 163 169 172 174 
65 11 5 6 27 42 46 47 50 51 78 94 185 
66 13 6 8 16 40 45 46 111 122 127 168 183 185 192 
67 16 7 30 36 61 64 71 81 83 97 116 133 139 162 171 175 178 
68 19 16 22 44 57 62 73 74 81 108 118 129 138 152 160 170 180 181 183 195 
69 12 25 28 35 37 72 80 116 128 156 166 172 191 
70 16 4 9 11 17 21 26 37 45 49 55 62 63 73 116 172 180 
71 15 8 13 51 55 67 72 75 86 105 108 118 139 169 192 198 
72 20 19 26 31 37 45 52 63 69 71 80 108 115 118 119 126 128 155 158 178 197 
73 15 2 34 58 68 70 80 84 86 100 105 117 128 160 173 187 
74 14 11 36 50 52 68 83 93 104 114 130 154 170 179 190 
75 13 8 19 27 40 51 61 64 71 91 119 136 143 172 
76 15 0 42 51 63 78 83 100 107 113 116 121 140 142 158 162 
77 14 8 15 17 20 40 41 93 118 120 146 174 183 184 196 
78 16 14 54 57 65 76 83 89 102 111 137 156 164 165 168 170 182 
79 15 9 23 46 58 81 109 116 121 129 135 160 164 173 181 188 
80 13 44 45 51 58 69 72 73 98 106 140 166 169 196 
81 19 0 9 28 36 47 55 67 68 79 83 102 125 127 136 154 160 161 172 194 
82 19 4 7 11 16 39 49 52 91 104 107 122 136 140 153 162 172 189 196 197 
83 15 15 28 49 67 74 76 78 81 88 95 110 125 168 178 189 
84 21 7 12 13 43 44 60 73 88 95 99 100 108 124 125 137 157 162 164 169 173 178 
85 13 11 14 27 29 39 44 63 91 120 142 153 182 195 
86 13 22 71 73 88 89 126 128 139 140 148 167 169 170 
87 14 1 10 23 33 36 51 54 112 116 124 134 153 156 197 
88 14 7 23 26 40 83 84 86 111 115 120 148 176 183 188 
89 10 14 37 49 51 78 86 148 186 188 197 
90 20 3 10 24 26 34 42 56 58 64 97 99 101 107 118 120 124 140 144 169 190 
91 10 51 53 54 56 75 82 85 103 118 178 
92 11 3 7 21 39 52 53 110 122 127 129 136 
93 10 15 74 77 106 107 131 145 163 172 185 
94 11 31 54 59 62 65 98 109 121 151 152 192 
95 17 15 18 41 42 43 48 54 83 84 101 107 114 118 168 169 178 183 
96 14 4 7 18 40 43 47 110 127 148 153 165 177 187 188 
97 13 2 7 17 26 50 67 90 110 112 133 146 159 194 
98 18 4 10 12 22 25 80 94 99 117 123 151 152 156 161 164 186 187 196 
99 16 10 26 31 49 51 84 90 98 110 118 132 147 169 180 182 190 
100 15 2 8 9 26 45 47 52 56 62 73 76 84 101 111 181 
101 16 3 24 27 31 32 38 47 54 90 95 100 126 135 137 141 189 
102 17 9 23 29 35 48 52 59 62 63 78 81 125 129 180 181 196 199 
103 17 6 20 22 30 33 40 42 56 61 91 108 117 120 121 171 176 181 
104 16 38 39 49 53 74 82 111 113 126 138 153 160 162 164 178 195 
105 10 2 4 15 24 37 71 73 151 155 196 
106 10 3 7 23 39 80 93 120 138 171 178 
107 13 26 32 35 45 76 82 90 93 95 108 149 167 173 
108 17 23 32 48 51 64 68 71 72 84 103 107 111 150 152 167 171 186 
109 8 15 79 94 115 118 134 150 199 
110 11 3 20 39 54 83 92 96 97 99 133 162 
111 14 6 34 39 60 63 64 66 78 88 100 104 108 157 178 
112 20 2 7 8 14 20 26 34 39 50 87 97 124 125 140 141 147 158 170 183 189 
113 11 36 49 64 76 104 116 118 127 140 160 161 
114 13 14 28 41 48 51 52 74 95 131 150 165 169 187 
115 15 3 7 13 34 39 44 64 72 88 109 117 120 125 141 160 
116 18 3 18 30 67 69 70 76 79 87 113 121 131 141 155 163 164 182 183 
117 11 62 73 98 103 115 131 152 153 157 189 193 
118 26 17 25 43 47 53 55 63 68 71 72 77 90 91 95 99 109 113 121 123 127 142 147 154 155 170 182 
119 14 2 11 12 15 23 72 75 140 151 162 170 190 193 198 
120 21 2 11 16 29 38 41 77 85 88 90 103 106 115 121 126 146 149 153 186 193 198 
121 18 15 16 18 35 36 42 49 61 76 79 94 103 116 118 120 141 145 155 
122 13 13 66 82 92 130 141 151 152 158 160 161 166 193 
123 11 18 23 28 47 60 62 98 118 158 188 193 
124 9 14 15 28 84 87 90 112 140 154 
125 18 11 12 21 33 39 45 81 83 84 102 112 115 126 136 140 159 172 176 
126 14 2 10 12 13 34 72 86 101 104 120 125 129 144 183 
127 23 13 28 30 32 33 51 56 66 81 92 96 113 118 131 141 145 161 173 174 179 189 192 198 
128 15 5 11 12 22 37 56 69 72 73 86 144 147 159 172 181 
129 16 12 24 29 39 51 68 79 92 102 126 142 156 161 166 175 190 
130 12 4 16 17 22 51 74 122 132 149 154 177 194 
131 16 3 28 41 47 48 54 93 114 116 117 127 143 145 153 174 191 
132 9 99 130 147 160 166 175 178 188 194 
133 11 12 47 57 67 97 110 152 167 168 177 192 
134 14 16 30 60 87 109 153 158 160 167 168 175 185 190 192 
135 17 1 10 23 31 40 79 101 146 147 151 154 155 170 174 176 182 199 
136 18 3 4 26 27 29 35 50 64 75 81 82 92 125 146 156 178 182 197 
137 5 27 78 84 101 154 
138 16 3 18 35 51 68 104 106 145 153 162 167 170 179 180 190 193 
139 14 14 39 49 58 67 71 86 159 161 170 173 183 184 196 
140 18 40 41 76 80 82 86 90 112 113 119 124 125 163 165 167 169 176 190 
141 21 8 11 19 29 43 55 62 64 101 112 115 116 121 122 127 146 162 171 190 193 197 
142 15 9 14 40 56 76 85 118 129 147 160 172 182 185 194 195 
143 11 11 27 54 60 75 131 165 167 170 177 194 
144 8 28 50 64 90 126 128 192 198 
145 12 14 33 43 63 93 121 127 131 138 164 190 191 
146 15 6 31 35 50 77 97 120 135 136 141 158 162 166 195 198 
147 14 7 32 46 60 99 112 118 128 132 135 142 151 171 196 
148 11 37 51 60 63 64 86 88 89 96 175 184 
149 12 3 33 56 107 120 130 157 163 166 172 180 190 
150 10 40 42 45 59 108 109 114 155 165 179 
151 15 16 21 54 59 94 98 105 119 122 135 147 153 169 180 199 
152 14 11 28 29 46 56 68 94 98 108 117 122 133 172 179 
153 23 3 4 16 20 26 27 32 38 46 52 82 85 87 96 104 117 120 131 134 138 151 163 178 
154 9 74 81 118 124 130 135 137 190 198 
155 11 29 63 72 105 116 118 121 135 150 181 196 
156 13 2 52 69 78 87 98 129 136 176 188 196 197 199 
157 11 6 21 43 52 53 58 84 111 117 149 166 
158 14 14 19 38 44 72 76 112 122 123 134 146 171 175 185 
159 10 12 13 31 55 56 97 125 128 139 195 
160 19 47 55 68 73 79 81 104 113 115 122 132 134 142 167 174 186 194 195 198 
161 11 3 32 37 81 98 113 122 127 129 139 194 
162 15 29 34 60 67 76 82 84 104 110 119 138 141 146 190 191 
163 14 0 23 30 36 39 44 64 93 116 140 149 153 174 178 
164 14 23 50 78 79 84 98 104 116 145 165 175 176 186 194 
165 10 20 43 48 78 96 114 140 143 150 164 
166 10 13 69 80 122 129 132 146 149 157 195 
167 17 4 5 9 26 86 107 108 133 134 138 140 143 160 168 184 188 189 
168 12 10 15 36 66 78 83 95 133 134 167 180 192 
169 16 11 14 20 24 64 71 80 84 86 90 95 99 114 140 151 197 
170 19 8 24 27 44 62 68 74 78 86 112 118 119 135 138 139 143 182 184 189 
171 13 18 43 53 63 67 103 106 108 141 147 158 187 196 
172 20 9 27 48 64 69 70 75 81 82 93 125 128 142 149 152 179 182 189 190 195 
173 9 0 7 36 73 79 84 107 127 139 
174 10 45 64 77 127 131 135 160 163 181 187 
175 13 0 17 18 41 47 67 129 132 134 148 158 164 179 
176 15 3 14 42 52 56 62 88 103 125 135 140 156 164 187 199 
177 6 16 34 96 130 133 143 
178 20 26 30 38 49 59 63 67 72 83 84 91 95 104 106 111 132 136 153 163 195 
179 12 1 3 23 32 74 127 138 150 152 172 175 181 
180 12 53 68 70 99 102 138 149 151 168 183 186 198 
181 17 3 10 28 32 52 53 59 68 79 100 102 103 128 155 174 179 189 
182 17 11 21 55 62 78 85 99 116 118 135 136 142 170 172 186 190 198 
183 17 0 13 14 43 58 66 68 77 88 95 112 116 126 139 180 190 191 
184 11 27 31 32 34 61 77 139 148 167 170 186 
185 14 9 14 16 21 65 66 93 134 142 158 195 196 197 199 
186 17 9 30 34 40 43 45 89 98 108 120 160 164 180 182 184 187 190 
187 11 54 55 73 96 98 114 171 174 176 186 196 
188 12 6 34 36 79 88 89 96 123 132 156 167 196 
189 15 18 26 34 39 40 82 83 101 112 117 127 167 170 172 181 
190 21 15 30 74 90 99 119 129 134 138 140 141 145 149 154 162 172 182 183 186 193 196 
191 9 37 63 69 131 145 162 183 192 199 
192 12 16 17 55 66 71 94 127 133 134 144 168 191 
193 12 41 53 55 61 117 119 120 122 123 138 141 190 
194 17 10 14 21 25 31 46 56 63 81 97 130 132 142 143 160 161 164 
195 12 57 68 85 104 142 146 159 160 166 172 178 185 
196 17 34 55 77 80 82 98 102 105 139 147 155 156 171 185 187 188 190 
197 15 1 16 21 45 58 61 72 82 87 89 136 141 156 169 185 
198 16 1 8 18 42 52 62 71 119 120 127 144 146 154 160 180 182 
199 12 15 18 40 54 102 109 135 151 156 176 185 191 
