200 436
0 3 81 173 175 
1 2 135 198 
2 2 16 105 
3 6 15 90 110 116 131 136 
4 3 16 22 38 
5 1 65 
6 5 12 31 50 103 157 
7 2 88 96 
8 7 31 58 75 100 112 170 198 
9 3 11 56 81 
10 2 98 126 
11 6 9 35 70 125 128 141 
12 3 6 119 128 
13 5 30 71 84 115 126 
14 7 112 114 139 142 145 169 185 
15 6 3 83 105 109 121 199 
16 5 2 4 29 50 185 
17 2 45 118 
18 2 95 138 
19 0 
20 5 36 42 77 103 110 
21 6 31 62 70 151 185 194 
22 3 4 103 128 
23 3 88 119 164 
24 3 101 105 129 
25 2 35 69 
26 5 52 70 100 107 153 
27 3 75 101 172 
28 1 46 
29 6 16 85 102 129 155 162 
30 6 13 67 116 127 134 163 
31 8 6 8 21 101 135 146 184 194 
32 4 101 107 153 179 
33 5 40 59 103 145 149 
34 10 40 90 111 112 115 126 184 186 188 189 
35 4 11 25 136 146 
36 5 20 60 87 168 173 
37 6 49 70 89 105 128 161 
38 3 4 153 158 
39 1 104 
40 3 33 34 103 
41 2 120 131 
42 4 20 45 76 95 
43 7 95 118 141 145 157 171 186 
44 1 85 
45 5 17 42 60 125 174 
46 5 28 79 152 153 194 
47 4 65 81 96 133 
48 3 95 165 172 
49 7 37 52 83 104 113 121 139 
50 4 6 16 65 144 
51 5 58 61 65 71 99 
52 5 26 49 60 157 176 
53 4 91 104 118 180 
54 6 78 94 95 110 131 199 
55 4 70 81 118 192 
56 6 9 90 103 128 152 194 
57 2 63 78 
58 5 8 51 73 183 197 
59 3 33 94 150 
60 5 36 45 52 84 123 
61 2 51 197 
62 4 21 70 102 176 
63 7 57 72 111 118 148 155 194 
64 7 67 75 111 113 141 144 148 
65 5 5 47 50 51 94 
66 2 127 168 
67 6 30 64 81 97 133 162 
68 5 108 118 152 160 170 
69 6 25 72 116 128 156 166 
70 8 11 21 26 37 55 62 73 172 
71 7 13 51 72 75 118 139 192 
72 5 63 69 71 80 178 
73 6 58 70 80 105 128 160 
74 3 104 154 170 
75 6 8 27 64 71 136 172 
76 2 42 78 
77 2 20 196 
78 3 54 57 76 
79 5 46 81 121 160 164 
80 4 72 73 140 166 
81 9 0 9 47 55 67 79 127 160 172 
82 2 107 153 
83 3 15 49 125 
84 6 13 60 99 157 164 178 
85 4 29 44 91 182 
86 4 139 140 148 169 
87 2 36 153 
88 3 7 23 115 
89 1 37 
90 9 3 34 56 101 120 124 144 169 190 
91 2 53 85 
92 2 110 136 
93 4 106 107 131 145 
94 3 54 59 65 
95 6 18 42 43 48 54 168 
96 4 7 47 110 177 
97 2 67 112 
98 6 10 117 151 152 164 186 
99 7 51 84 110 118 147 169 190 
100 4 8 26 101 111 
101 8 24 27 31 32 90 100 135 141 
102 5 29 62 180 181 199 
103 6 6 20 22 33 40 56 
104 7 39 49 53 74 126 160 195 
105 5 2 15 24 37 73 
106 3 93 171 178 
107 5 26 32 82 93 108 
108 5 68 107 152 171 186 
109 4 15 118 134 150 
110 6 3 20 54 92 96 99 
111 5 34 63 64 100 178 
112 7 8 14 34 97 147 170 189 
113 2 49 64 
114 3 14 131 187 
115 4 13 34 88 125 
116 3 3 30 69 
117 2 98 131 
118 11 17 43 53 55 63 68 71 99 109 121 127 
119 6 12 23 140 162 190 193 
120 5 41 90 153 186 193 
121 4 15 49 79 118 
122 3 130 141 166 
123 2 60 188 
124 2 90 154 
125 6 11 45 83 115 159 176 
126 4 10 13 34 104 
127 6 30 66 81 118 141 161 
128 8 11 12 22 37 56 69 73 147 
129 3 24 29 161 
130 1 122 
131 8 3 41 54 93 114 117 143 153 
132 3 147 160 188 
133 4 47 67 152 168 
134 4 30 109 153 158 
135 4 1 31 101 199 
136 6 3 35 75 92 182 197 
137 1 154 
138 4 18 153 179 180 
139 9 14 49 71 86 161 170 173 184 196 
140 6 80 86 119 165 167 169 
141 8 11 43 64 101 122 127 171 190 
142 3 14 147 160 
143 1 131 
144 4 50 64 90 192 
145 5 14 33 43 93 190 
146 3 31 35 195 
147 7 99 112 128 132 142 151 196 
148 3 63 64 86 
149 3 33 157 166 
150 3 59 109 179 
151 5 21 98 147 153 180 
152 7 46 56 68 98 108 133 172 
153 12 26 32 38 46 82 87 120 131 134 138 151 163 
154 4 74 124 137 198 
155 3 29 63 181 
156 3 69 188 197 
157 5 6 43 52 84 149 
158 3 38 134 171 
159 1 125 
160 7 68 73 79 81 104 132 142 
161 4 37 127 129 139 
162 3 29 67 119 
163 3 30 153 174 
164 7 23 79 84 98 175 186 194 
165 2 48 140 
166 5 69 80 122 149 195 
167 1 140 
168 6 36 66 95 133 180 192 
169 5 14 86 90 99 140 
170 6 8 68 74 112 139 184 
171 7 43 106 108 141 158 187 196 
172 10 27 48 70 75 81 152 179 182 189 195 
173 3 0 36 139 
174 2 45 163 
175 2 0 164 
176 3 52 62 125 
177 1 96 
178 5 72 84 106 111 195 
179 4 32 138 150 172 
180 6 53 102 138 151 168 186 
181 2 102 155 
182 3 85 136 172 
183 3 58 190 191 
184 4 31 34 139 170 
185 4 14 16 21 197 
186 8 34 43 98 108 120 164 180 187 
187 4 114 171 186 196 
188 4 34 123 132 156 
189 3 34 112 172 
190 6 90 99 119 141 145 183 
191 2 183 199 
192 4 55 71 144 168 
193 2 119 120 
194 6 21 31 46 56 63 164 
195 5 104 146 166 172 178 
196 5 77 139 147 171 187 
197 5 58 61 136 156 185 
198 3 1 8 154 
199 5 15 54 102 135 191 
