200 521
0 5 5 96 100 110 184 
1 2 15 143 
2 6 34 95 124 147 154 161 
3 5 5 86 87 158 164 
4 5 51 102 120 123 198 
5 9 0 3 37 43 54 88 93 132 199 
6 9 14 20 31 38 43 73 129 161 198 
7 5 40 87 155 162 193 
8 8 49 60 101 117 145 148 157 174 
9 1 92 
10 5 22 97 111 147 187 
11 10 19 27 30 43 61 87 93 105 168 174 
12 1 176 
13 2 72 84 
14 3 6 127 132 
15 2 1 57 
16 5 56 104 147 168 196 
17 3 93 138 174 
18 5 26 44 69 165 198 
19 10 11 72 83 94 113 129 139 146 173 192 
20 7 6 75 87 90 132 173 181 
21 5 52 76 131 177 179 
22 7 10 85 109 136 148 158 184 
23 4 67 70 100 179 
24 3 31 113 138 
25 7 43 67 71 76 129 163 177 
26 2 18 197 
27 4 11 77 172 189 
28 3 44 133 173 
29 8 37 40 66 67 74 94 155 170 
30 4 11 155 179 187 
31 6 6 24 85 92 119 155 
32 6 39 40 83 88 101 157 
33 5 54 95 138 182 192 
34 6 2 66 130 158 165 172 
35 2 101 178 
36 3 67 88 191 
37 7 5 29 46 66 91 115 145 
38 10 6 49 56 102 112 123 158 163 181 190 
39 5 32 55 131 136 153 
40 7 7 29 32 56 73 153 190 
41 4 98 122 133 159 
42 5 118 134 140 153 177 
43 10 5 6 11 25 60 86 103 115 159 186 
44 7 18 28 65 86 113 141 152 
45 1 92 
46 4 37 104 126 145 
47 3 76 148 188 
48 2 146 189 
49 5 8 38 56 127 146 
50 2 81 119 
51 3 4 83 147 
52 5 21 68 130 150 161 
53 3 81 132 193 
54 6 5 33 64 69 122 157 
55 5 39 67 140 153 174 
56 8 16 38 40 49 58 85 95 103 
57 4 15 63 82 122 
58 6 56 70 109 110 154 171 
59 2 148 164 
60 10 8 43 74 78 87 98 118 128 149 184 
61 4 11 75 107 161 
62 1 131 
63 6 57 64 74 132 156 179 
64 7 54 63 150 151 158 186 197 
65 5 44 155 173 187 195 
66 3 29 34 37 
67 7 23 25 29 36 55 170 175 
68 4 52 97 122 184 
69 5 18 54 82 91 130 
70 4 23 58 79 97 
71 2 25 94 
72 5 13 19 82 149 195 
73 9 6 40 78 93 104 123 158 171 185 
74 6 29 60 63 137 161 179 
75 4 20 61 149 184 
76 5 21 25 47 105 188 
77 3 27 103 183 
78 6 60 73 89 169 177 183 
79 5 70 149 155 183 186 
80 7 91 97 106 126 135 146 194 
81 4 50 53 93 148 
82 8 57 69 72 97 103 119 150 151 
83 5 19 32 51 99 176 
84 8 13 98 114 117 174 176 194 198 
85 4 22 31 56 133 
86 6 3 43 44 120 141 174 
87 11 3 7 11 20 60 92 109 141 149 156 195 
88 3 5 32 36 
89 3 78 139 155 
90 3 20 141 188 
91 5 37 69 80 179 197 
92 7 9 31 45 87 119 162 199 
93 7 5 11 17 73 81 118 132 
94 5 19 29 71 115 130 
95 8 2 33 56 112 113 143 174 186 
96 4 0 176 184 189 
97 8 10 68 70 80 82 109 120 174 
98 6 41 60 84 116 156 193 
99 3 83 140 181 
100 4 0 23 150 170 
101 8 8 32 35 124 160 165 166 181 
102 4 4 38 140 145 
103 10 43 56 77 82 116 132 165 166 186 193 
104 5 16 46 73 143 178 
105 3 11 76 148 
106 5 80 140 148 155 197 
107 2 61 110 
108 3 123 129 188 
109 7 22 58 87 97 141 182 195 
110 5 0 58 107 138 183 
111 3 10 139 191 
112 6 38 95 126 135 154 157 
113 6 19 24 44 95 137 138 
114 3 84 184 192 
115 5 37 43 94 116 174 
116 5 98 103 115 179 197 
117 4 8 84 126 148 
118 7 42 60 93 182 185 192 196 
119 5 31 50 82 92 164 
120 5 4 86 97 163 191 
121 4 122 160 175 188 
122 6 41 54 57 68 121 159 
123 5 4 38 73 108 124 
124 4 2 101 123 151 
125 2 135 145 
126 6 46 80 112 117 158 170 
127 4 14 49 175 193 
128 1 60 
129 7 6 19 25 108 139 144 197 
130 4 34 52 69 94 
131 7 21 39 62 150 154 164 191 
132 7 5 14 20 53 63 93 103 
133 5 28 41 85 149 168 
134 3 42 175 186 
135 5 80 112 125 179 181 
136 5 22 39 186 197 198 
137 2 74 113 
138 5 17 24 33 110 113 
139 9 19 89 111 129 143 151 166 187 193 
140 5 42 55 99 102 106 
141 6 44 86 87 90 109 188 
142 1 186 
143 6 1 95 104 139 158 161 
144 3 129 160 168 
145 7 8 37 46 102 125 146 161 
146 6 19 48 49 80 145 183 
147 5 2 10 16 51 180 
148 10 8 22 47 59 81 105 106 117 153 171 
149 6 60 72 75 79 87 133 
150 6 52 64 82 100 131 188 
151 4 64 82 124 139 
152 1 44 
153 8 39 40 42 55 148 157 186 191 
154 5 2 58 112 131 194 
155 8 7 29 30 31 65 79 89 106 
156 4 63 87 98 184 
157 6 8 32 54 112 153 158 
158 10 3 22 34 38 64 73 126 143 157 177 
159 3 41 43 122 
160 5 101 121 144 168 191 
161 8 2 6 52 61 74 143 145 181 
162 2 7 92 
163 5 25 38 120 168 179 
164 8 3 59 119 131 176 180 187 190 
165 8 18 34 101 103 179 180 181 197 
166 3 101 103 139 
167 1 189 
168 6 11 16 133 144 160 163 
169 4 78 181 183 197 
170 4 29 67 100 126 
171 5 58 73 148 178 198 
172 3 27 34 175 
173 5 19 20 28 65 191 
174 12 8 11 17 55 84 86 95 97 115 182 191 192 
175 5 67 121 127 134 172 
176 5 12 83 84 96 164 
177 5 21 25 42 78 158 
178 3 35 104 171 
179 10 21 23 30 63 74 91 116 135 163 165 
180 3 147 164 165 
181 10 20 38 99 101 135 161 165 169 183 194 
182 4 33 109 118 174 
183 7 77 78 79 110 146 169 181 
184 8 0 22 60 68 75 96 114 156 
185 2 73 118 
186 10 43 64 79 95 103 134 136 142 153 193 
187 6 10 30 65 139 164 198 
188 7 47 76 90 108 121 141 150 
189 5 27 48 96 167 190 
190 4 38 40 164 189 
191 8 36 111 120 131 153 160 173 174 
192 5 19 33 114 118 174 
193 8 7 53 98 103 127 139 186 199 
194 4 80 84 154 181 
195 4 65 72 87 109 
196 2 16 118 
197 9 26 64 91 106 116 129 136 165 169 
198 7 4 6 18 84 136 171 187 
199 3 5 92 193 
