200 4012
0 35 4 7 10 26 27 38 46 48 53 55 61 65 76 81 84 102 116 121 126 133 136 140 149 162 163 164 166 173 174 175 176 181 183 185 197 
1 37 2 4 7 16 18 19 22 30 33 34 40 41 69 71 72 78 83 87 95 107 112 123 132 134 135 144 148 153 158 165 170 172 179 181 196 197 198 
2 29 1 12 13 16 21 22 29 50 52 63 73 75 76 82 90 96 97 98 100 105 112 119 120 126 145 156 160 190 197 
3 40 5 15 17 24 26 34 46 47 56 73 88 90 92 99 101 106 110 111 115 116 124 126 131 133 136 138 141 144 149 153 161 170 176 177 179 180 181 184 190 194 
4 40 0 1 7 16 19 22 32 34 38 43 48 53 54 55 70 79 82 89 96 97 98 105 107 110 116 118 120 125 126 129 130 136 139 140 153 155 162 167 170 172 
5 38 3 16 21 27 31 35 42 44 45 49 50 52 59 62 64 65 66 70 71 91 92 94 103 106 111 117 123 126 128 135 148 151 167 171 174 178 186 196 
6 41 11 12 14 17 25 26 28 30 31 38 50 59 65 66 67 72 73 74 77 81 83 95 98 103 104 111 115 127 136 140 145 146 148 151 157 165 175 186 188 192 193 
7 54 0 1 4 8 12 14 16 22 24 25 26 27 32 40 42 51 52 59 60 61 64 67 74 82 84 88 92 96 97 105 106 107 109 112 115 125 128 130 133 137 144 147 148 149 154 157 158 159 160 167 169 173 180 183 
8 36 7 10 13 15 23 27 31 35 41 44 50 56 58 59 64 65 66 71 75 77 87 93 94 99 100 109 111 112 127 141 145 151 152 155 170 198 
9 25 11 17 56 64 65 70 79 81 86 100 102 104 115 125 142 143 147 161 167 172 176 185 186 188 195 
10 37 0 8 11 13 15 20 22 33 37 48 50 51 52 63 71 73 87 90 94 97 98 99 102 105 113 126 133 135 140 149 167 168 172 181 184 186 194 
11 36 6 9 10 12 13 21 26 35 40 47 49 51 70 73 74 82 85 86 87 91 119 120 125 128 141 142 143 144 152 154 162 169 182 185 187 198 
12 33 2 6 7 11 35 37 39 47 57 60 69 81 84 98 99 101 102 119 122 125 126 128 129 132 133 137 139 147 150 159 168 172 195 
13 35 2 8 10 11 21 30 31 37 57 66 71 84 85 90 93 98 104 115 122 126 127 129 133 136 137 148 159 160 166 172 180 181 183 188 193 
14 49 6 7 16 17 27 32 40 45 57 59 75 76 78 80 84 85 86 88 89 90 91 93 100 103 108 112 114 115 117 124 125 127 128 132 139 142 145 151 156 158 162 169 176 183 185 189 191 193 194 
15 36 3 8 10 19 34 37 38 52 58 60 63 64 77 82 83 84 91 93 95 103 105 109 119 121 124 125 155 162 167 168 172 178 181 190 193 199 
16 53 1 2 4 5 7 14 21 24 25 28 29 33 35 38 49 50 62 66 67 68 79 82 90 100 104 108 115 116 120 121 123 130 134 149 151 152 153 154 155 157 161 164 165 169 172 176 177 179 180 181 185 192 197 
17 40 3 6 9 14 23 25 37 44 45 48 63 69 70 72 75 77 78 86 95 96 97 114 118 130 133 143 147 149 152 155 162 171 175 176 178 184 185 192 194 198 
18 35 1 20 21 26 31 33 38 50 54 55 58 78 79 86 89 93 95 96 113 114 115 116 121 123 126 138 153 170 171 175 178 185 189 198 199 
19 42 1 4 15 20 21 22 26 30 31 34 35 39 42 45 46 51 58 67 68 72 75 85 89 97 100 102 113 126 130 131 140 141 154 156 158 159 161 163 164 172 179 186 
20 37 10 18 19 34 35 36 41 42 44 50 66 72 77 82 89 93 96 101 103 110 112 113 117 118 119 121 123 129 135 150 153 155 159 163 165 169 174 
21 42 2 5 11 13 16 18 19 24 31 37 44 46 47 48 55 62 70 71 80 81 83 87 90 92 107 110 111 120 125 130 134 140 151 153 157 174 182 185 191 194 196 197 
22 47 1 2 4 7 10 19 30 34 37 42 45 50 58 59 66 68 76 77 85 86 88 89 95 97 98 100 103 118 119 120 128 130 133 137 139 144 149 154 158 160 166 169 175 179 183 190 191 
23 40 8 17 28 30 40 46 47 52 53 54 57 79 80 86 87 88 94 102 106 108 113 119 123 128 131 133 135 150 153 163 164 169 179 183 185 187 188 193 194 198 
24 33 3 7 16 21 28 46 50 52 65 74 76 78 81 90 101 105 120 129 134 138 150 152 158 164 168 169 170 171 175 181 183 193 195 
25 31 6 7 16 17 32 35 36 40 50 63 66 69 83 85 87 89 90 98 110 118 121 134 137 139 150 166 168 191 192 194 198 
26 48 0 3 6 7 11 18 19 28 31 32 37 52 59 61 70 72 81 86 88 90 94 97 99 100 102 105 107 112 114 117 127 128 131 132 136 140 143 149 150 153 154 163 167 178 180 183 189 194 
27 41 0 5 7 8 14 35 36 51 52 59 64 65 72 75 77 85 89 92 100 101 111 117 124 127 130 134 136 137 143 145 151 153 154 169 170 171 172 180 184 186 197 
28 41 6 16 23 24 26 35 37 46 57 58 59 61 63 64 69 76 78 81 83 94 100 105 114 121 123 124 127 129 131 133 144 151 152 155 160 164 169 171 181 190 194 
29 35 2 16 35 43 44 46 47 48 53 60 63 78 85 90 96 102 116 120 127 129 134 136 138 141 143 146 152 155 157 162 176 179 182 186 194 
30 39 1 6 13 19 22 23 34 40 44 49 55 67 75 83 84 87 95 97 103 106 108 110 116 124 127 129 134 137 150 152 157 163 171 177 178 185 186 190 195 
31 41 5 6 8 13 18 19 21 26 34 36 50 72 84 92 94 99 101 107 108 111 133 135 137 138 139 141 143 144 146 148 156 157 159 178 183 184 187 188 189 194 197 
32 47 4 7 14 25 26 43 47 60 64 72 83 91 94 97 99 101 104 107 108 109 110 112 115 120 127 130 135 136 138 145 146 147 149 152 153 160 161 162 172 179 180 181 184 190 194 195 197 
33 38 1 10 16 18 37 40 59 66 69 76 80 82 84 87 90 91 95 103 109 110 115 118 119 125 127 145 149 162 166 169 173 176 179 180 183 187 194 196 
34 47 1 3 4 15 19 20 22 30 31 36 40 43 55 57 59 61 72 73 90 99 103 107 108 111 112 113 115 122 124 126 129 139 142 143 145 146 149 157 162 165 177 183 184 186 188 189 196 
35 36 5 8 11 12 16 19 20 25 27 28 29 38 41 42 52 55 57 61 69 85 86 93 99 100 102 107 121 129 136 138 146 153 170 173 177 199 
36 39 20 25 27 31 34 37 45 60 62 67 71 72 74 81 87 88 92 103 108 113 121 134 135 150 151 156 160 161 163 167 168 170 173 178 184 188 196 197 198 
37 39 10 12 13 15 17 21 22 26 28 33 36 39 49 52 56 59 69 70 72 81 83 85 86 89 94 105 126 128 141 147 148 161 162 165 166 173 185 191 196 
38 27 0 4 6 15 16 18 35 39 44 49 51 54 63 100 101 104 110 111 120 121 141 153 158 160 178 185 192 
39 42 12 19 37 38 45 49 57 59 69 72 75 79 82 85 88 92 104 106 108 110 111 112 115 125 129 130 133 139 140 142 145 148 153 163 164 167 176 188 189 192 197 198 
40 34 1 7 11 14 23 25 30 33 34 58 66 68 69 75 77 88 96 99 103 105 114 118 123 135 140 141 142 148 150 178 186 189 197 199 
41 31 1 8 20 35 53 62 77 81 94 95 103 104 114 120 122 128 131 134 136 140 152 161 166 170 175 178 179 182 183 193 194 
42 39 5 7 19 20 22 35 44 45 50 52 53 54 59 63 65 68 69 76 82 86 90 95 103 109 114 115 121 122 126 132 144 150 154 170 171 176 187 188 198 
43 32 4 29 32 34 44 54 59 64 82 84 95 96 100 118 129 131 133 134 141 145 152 157 160 165 168 170 171 178 183 186 191 195 
44 33 5 8 17 20 21 29 30 38 42 43 54 63 68 69 70 78 80 84 85 115 128 129 131 132 134 138 158 163 167 170 186 189 193 
45 42 5 14 17 19 22 36 39 42 54 58 60 66 70 72 73 77 80 81 90 100 102 103 107 108 111 119 123 125 130 132 135 139 140 150 151 166 174 178 181 186 196 197 
46 38 0 3 19 21 23 24 28 29 47 54 58 65 66 67 75 79 84 86 88 92 98 105 114 119 120 125 128 144 145 147 150 152 153 157 174 177 179 194 
47 34 3 11 12 21 23 29 32 46 58 65 74 77 81 94 96 100 101 109 112 113 117 118 119 120 123 129 131 133 139 160 172 175 196 197 
48 29 0 4 10 17 21 29 51 56 73 82 92 95 102 107 108 110 114 116 127 128 131 133 135 165 167 172 178 188 199 
49 33 5 11 16 30 37 38 39 52 56 64 70 79 82 83 89 97 99 103 104 113 121 125 129 139 141 162 168 178 180 183 186 191 198 
50 43 2 5 6 8 10 16 18 20 22 24 25 31 42 51 55 58 65 68 72 73 74 76 83 85 88 97 110 112 124 133 136 144 146 153 159 164 169 181 182 185 193 195 197 
51 52 7 10 11 19 27 38 48 50 55 58 61 64 65 66 68 69 71 75 76 80 82 87 88 89 91 92 97 99 105 108 111 112 114 120 122 124 127 129 130 138 148 152 154 159 165 168 170 179 180 186 194 199 
52 42 2 5 7 10 15 23 24 26 27 35 37 42 49 60 72 74 82 92 96 100 101 102 104 108 110 111 112 113 114 115 129 137 141 153 156 157 161 167 176 181 189 198 
53 33 0 4 23 29 41 42 54 57 60 72 85 86 89 91 92 103 104 108 118 125 128 131 132 134 146 149 153 157 162 171 180 181 193 
54 41 4 18 23 38 42 43 44 45 46 53 55 59 61 65 73 78 84 87 90 91 94 95 101 108 110 122 125 131 143 148 149 151 156 164 177 181 187 188 192 196 199 
55 45 0 4 18 21 30 34 35 50 51 54 56 60 61 70 71 75 81 83 86 91 108 111 116 118 126 131 134 135 136 138 141 146 147 148 159 160 164 174 180 182 184 187 192 193 196 
56 35 3 8 9 37 48 49 55 64 66 73 83 88 90 91 93 100 103 115 124 127 128 138 142 149 152 157 159 170 172 173 176 186 188 189 194 
57 32 12 13 14 23 28 34 35 39 53 60 63 65 68 78 85 87 96 100 119 120 126 133 137 139 152 157 162 166 174 179 195 199 
58 41 8 15 18 19 22 28 40 45 46 47 50 51 73 75 79 80 81 85 86 90 104 111 121 128 138 139 142 143 144 151 156 157 162 164 171 177 183 185 190 197 198 
59 42 5 6 7 8 14 22 26 27 28 33 34 37 39 42 43 54 68 73 78 79 82 88 89 90 94 98 102 107 119 122 128 135 149 150 151 153 160 163 167 177 178 181 
60 36 7 12 15 29 32 36 45 52 53 55 57 64 79 81 84 92 98 99 101 111 117 119 123 127 131 134 143 144 147 148 150 153 162 165 183 196 
61 36 0 7 26 28 34 35 51 54 55 67 69 72 74 75 77 79 90 93 95 98 101 103 121 123 124 136 139 148 153 157 173 183 184 190 193 197 
62 36 5 16 21 36 41 68 70 71 80 82 91 94 100 102 105 108 109 115 117 119 123 132 139 141 142 147 149 154 170 173 176 177 182 194 195 198 
63 35 2 10 15 17 25 28 29 38 42 44 57 70 72 76 83 85 86 94 99 102 111 118 145 148 155 164 165 171 175 178 183 186 191 192 194 
64 55 5 7 8 9 15 27 28 32 43 49 51 56 60 66 67 75 82 83 90 100 102 105 106 108 109 111 113 114 115 117 118 126 127 128 129 136 138 140 141 144 148 151 156 159 161 163 164 167 169 172 174 187 191 192 196 
65 31 0 5 6 8 9 24 27 42 46 47 50 51 54 57 69 78 86 94 112 119 138 140 146 162 168 169 170 180 183 185 195 
66 45 5 6 8 13 16 20 22 25 33 40 45 46 51 56 64 67 73 74 91 92 95 96 97 109 111 113 115 116 121 122 127 129 130 138 153 158 164 168 169 183 185 186 192 196 199 
67 40 6 7 16 19 30 36 46 61 64 66 71 75 77 78 81 83 84 88 90 94 97 108 112 116 117 122 133 139 148 161 162 167 171 172 173 175 178 190 191 193 
68 36 16 19 22 40 42 44 50 51 57 59 62 73 74 78 81 97 102 103 105 106 108 113 116 118 126 129 138 139 152 160 170 174 180 181 183 195 
69 43 1 12 17 25 28 33 35 37 39 40 42 44 51 61 65 72 80 88 94 105 106 113 116 119 122 124 125 126 128 135 136 148 149 156 157 166 172 174 191 195 196 198 199 
70 31 4 5 9 11 17 21 26 37 44 45 49 55 62 63 73 87 91 105 108 111 116 118 126 149 150 157 172 179 180 190 193 
71 35 1 5 8 10 13 21 36 51 55 62 67 72 75 81 85 86 93 95 105 108 109 116 118 135 139 144 152 162 165 169 173 181 190 192 198 
72 49 1 6 17 19 20 26 27 31 32 34 36 37 39 45 50 52 53 61 63 69 71 74 80 92 98 108 111 115 116 118 119 126 128 129 138 141 152 153 155 158 160 163 165 176 178 184 190 196 197 
73 41 2 3 6 10 11 34 45 48 50 54 56 58 59 66 68 70 78 80 84 86 89 90 94 100 105 117 118 120 128 134 141 147 151 155 160 162 173 186 187 195 197 
74 33 6 7 11 24 36 47 50 52 61 66 68 72 80 83 91 93 94 98 99 104 114 116 122 126 130 136 154 157 162 170 179 186 190 
75 40 2 8 14 17 19 27 30 39 40 46 51 55 58 61 64 67 71 79 89 91 94 102 114 119 127 132 136 137 143 144 150 154 155 165 172 174 175 184 192 194 
76 38 0 2 14 22 24 28 33 42 50 51 63 78 83 88 96 99 100 106 107 109 113 116 119 121 129 135 138 140 142 143 158 162 166 173 175 180 183 197 
77 40 6 8 15 17 20 22 27 40 41 45 47 61 67 78 86 93 96 98 102 113 115 118 119 120 131 133 137 146 149 157 159 160 174 177 183 184 188 191 193 196 
78 47 1 14 17 18 24 28 29 44 54 57 59 65 67 68 73 76 77 80 83 89 99 102 103 106 109 110 111 116 117 133 137 149 155 156 162 164 165 166 167 168 169 170 172 179 182 183 195 
79 48 4 9 16 18 23 39 46 49 58 59 60 61 75 81 82 85 90 95 102 109 111 112 116 121 123 127 128 129 133 134 135 142 143 149 152 156 160 164 173 174 175 178 181 185 188 190 191 197 
80 42 14 21 23 33 44 45 51 58 62 69 72 73 74 78 89 90 92 98 101 102 104 106 124 126 127 129 133 140 141 142 147 149 158 162 163 166 169 170 182 184 192 196 
81 46 0 6 9 12 21 24 26 28 36 37 41 45 47 55 58 60 67 68 71 79 83 97 99 102 108 110 118 122 125 127 128 132 136 137 140 146 154 160 161 172 181 186 188 189 190 194 
82 46 2 4 7 11 15 16 20 33 39 42 43 48 49 51 52 59 62 64 79 83 91 95 103 104 107 120 122 123 125 133 136 140 141 146 148 153 161 162 172 180 183 184 189 192 196 197 
83 41 1 6 15 21 25 28 30 32 37 49 50 55 56 63 64 67 74 76 78 81 82 88 94 95 99 108 109 110 111 125 129 139 140 155 168 172 174 178 185 189 190 
84 44 0 7 12 13 14 15 30 31 33 43 44 46 54 60 67 73 88 93 95 99 100 104 108 116 118 119 123 124 125 132 134 137 141 145 157 162 164 166 169 171 172 173 178 189 
85 44 11 13 14 19 22 25 27 29 35 37 39 44 50 53 57 58 63 71 79 91 92 96 105 108 114 120 125 128 134 139 142 148 150 151 153 158 164 165 171 181 182 183 187 195 
86 42 9 11 14 17 18 22 23 26 35 37 42 46 53 55 58 63 65 71 73 77 87 88 89 97 120 121 126 128 139 140 147 148 151 155 160 165 167 169 170 173 181 183 
87 35 1 8 10 11 21 23 25 30 33 36 51 54 57 70 86 96 100 102 104 105 112 116 120 124 127 134 151 153 156 172 176 179 183 192 197 
88 44 3 7 14 22 23 26 36 39 40 46 50 51 56 59 67 69 76 83 84 86 95 96 103 105 111 112 115 120 129 144 148 151 161 162 163 170 175 176 179 183 184 188 190 198 
89 34 4 14 18 19 20 22 25 27 37 49 51 53 59 73 75 78 80 86 119 121 123 128 132 137 143 148 153 158 168 173 179 186 188 197 
90 55 2 3 10 13 14 16 21 24 25 26 29 33 34 42 45 54 56 58 59 61 64 67 73 79 80 97 99 101 107 114 115 117 118 120 124 127 130 135 140 143 144 147 154 156 157 165 166 169 173 182 188 190 191 192 197 
91 31 5 11 14 15 32 33 51 53 54 55 56 62 66 70 74 75 82 85 92 103 110 118 138 142 144 155 157 178 179 182 199 
92 47 3 5 7 21 27 31 36 39 46 48 51 52 53 60 66 72 80 85 91 105 110 119 122 126 127 129 134 135 136 138 144 146 149 153 155 156 159 160 165 168 170 172 178 181 188 193 197 
93 38 8 13 14 15 18 20 35 56 61 71 74 77 84 94 95 102 106 107 111 112 116 120 123 131 137 140 142 144 145 163 171 172 173 175 185 189 192 198 
94 44 5 8 10 23 26 28 31 32 37 41 47 54 59 62 63 65 67 69 73 74 75 83 93 98 101 103 106 109 119 121 130 133 137 138 144 146 151 152 174 175 179 185 188 192 
95 41 1 6 15 17 18 22 30 33 41 42 43 48 54 61 66 71 79 82 83 84 88 93 97 101 107 114 118 125 132 133 139 152 168 169 173 178 179 181 183 188 198 
96 41 2 4 7 17 18 20 29 40 43 47 52 57 66 76 77 85 87 88 105 108 109 110 123 127 133 134 137 139 143 148 149 153 157 165 168 176 177 179 187 188 199 
97 36 2 4 7 10 17 19 22 26 30 32 49 50 51 66 67 68 81 86 90 95 101 110 112 116 120 124 131 133 146 156 159 167 169 177 183 194 
98 41 2 4 6 10 12 13 22 25 46 59 60 61 72 74 77 80 94 99 101 106 108 117 123 131 135 151 152 153 154 156 161 164 166 170 174 176 177 178 186 187 196 
99 41 3 8 10 12 26 31 32 34 35 40 49 51 60 63 74 76 78 81 83 84 90 98 102 110 114 117 118 125 132 134 147 155 159 162 169 176 180 182 189 190 193 
100 47 2 8 9 14 16 19 22 26 27 28 35 38 43 45 47 52 56 57 62 64 73 76 84 87 101 102 103 105 111 113 114 126 129 130 132 144 146 151 153 158 170 178 181 186 187 194 195 
101 38 3 12 20 24 27 31 32 38 47 52 54 60 61 80 90 94 95 97 98 100 106 107 120 126 127 130 131 132 133 135 137 138 141 161 178 188 189 194 
102 42 0 9 10 12 19 23 26 29 35 45 48 52 59 62 63 64 68 75 77 78 79 80 81 87 93 99 100 103 105 123 125 129 137 141 163 179 180 181 192 195 196 199 
103 44 5 6 14 15 20 22 30 33 34 36 40 41 42 45 49 53 56 61 68 78 82 88 91 94 100 102 105 108 116 117 118 120 121 127 134 144 151 171 172 176 178 181 183 193 
104 47 6 9 13 16 32 38 39 41 49 52 53 58 74 80 82 84 87 109 111 112 113 118 126 138 139 141 145 148 150 153 154 157 160 162 164 169 173 177 178 180 185 186 194 195 196 197 198 
105 40 2 4 7 10 15 24 26 28 37 40 46 51 62 64 68 69 70 71 73 85 87 88 92 96 100 102 103 108 112 113 134 138 142 144 146 151 155 164 192 196 
106 28 3 5 7 23 30 39 64 68 69 76 78 80 93 94 98 101 110 111 120 128 138 168 171 173 178 182 193 197 
107 37 1 4 7 21 26 31 32 34 35 45 48 59 76 82 90 93 95 101 108 109 110 113 114 120 129 135 149 161 162 167 170 173 174 181 187 194 196 
108 50 14 16 23 30 31 32 34 36 39 45 48 51 52 53 54 55 62 64 67 68 70 71 72 81 83 84 85 96 98 103 105 107 111 113 126 132 136 138 143 150 151 152 162 165 167 171 172 174 186 190 
109 40 7 8 15 32 33 42 47 62 64 66 71 76 78 79 83 94 96 104 107 110 115 116 118 126 134 137 142 144 148 150 158 160 172 173 175 179 181 190 198 199 
110 40 3 4 20 21 25 30 32 33 38 39 48 50 52 54 78 81 83 91 92 96 97 99 106 107 109 112 122 127 131 133 143 148 150 154 156 161 162 163 178 190 
111 50 3 5 6 8 21 27 31 34 38 39 45 51 52 55 58 60 63 64 66 70 72 78 79 83 88 93 100 104 106 108 113 114 117 118 119 132 141 147 157 162 164 165 166 169 173 178 180 183 184 189 
112 48 1 2 7 8 14 20 26 32 34 39 47 50 51 52 65 67 79 87 88 93 97 104 105 110 113 118 122 124 125 127 131 136 140 141 147 149 150 152 157 158 159 163 164 170 176 183 189 199 
113 37 10 18 19 20 23 34 36 47 49 52 64 66 68 69 76 77 100 104 105 107 108 111 112 116 117 118 127 133 135 138 140 153 160 161 169 174 176 
114 37 14 17 18 26 28 40 41 42 46 48 51 52 64 74 75 85 90 95 99 100 107 111 131 134 139 146 150 155 158 159 165 169 180 186 187 193 196 
115 46 3 6 7 9 13 14 16 18 32 33 34 39 42 44 52 56 62 64 66 72 77 88 90 109 117 120 124 125 126 129 131 133 136 140 141 142 151 152 156 160 163 164 176 188 193 199 
116 50 0 3 4 16 18 29 30 48 55 66 67 68 69 70 71 72 74 76 78 79 84 87 93 97 103 109 113 121 126 131 132 139 140 141 142 148 149 155 156 162 163 164 175 176 177 179 181 182 183 185 
117 38 5 14 20 26 27 47 60 62 64 67 73 78 90 98 99 103 111 113 115 127 131 133 134 135 136 143 146 148 152 153 155 157 168 176 189 193 197 198 
118 54 4 17 20 22 25 33 40 43 47 53 55 63 64 68 70 71 72 73 77 81 84 90 91 95 99 103 104 109 111 112 113 121 123 127 128 131 142 147 150 154 155 159 160 161 164 170 173 174 179 181 182 185 189 190 
119 41 2 11 12 15 20 22 23 33 45 46 47 57 59 60 62 65 69 72 75 76 77 84 89 92 94 111 120 122 125 131 140 151 162 169 170 179 187 190 193 194 198 
120 45 2 4 11 16 21 22 24 29 32 38 41 46 47 51 57 73 77 82 85 86 87 88 90 93 97 101 103 106 107 115 119 121 122 126 136 146 149 152 153 156 171 180 186 193 198 
121 42 0 15 16 18 20 25 28 35 36 38 42 49 58 61 66 76 79 86 89 94 103 116 118 120 125 127 132 133 136 138 139 141 145 153 155 158 175 184 185 189 190 199 
122 39 12 13 34 41 42 51 54 59 66 67 69 74 81 82 92 110 112 119 120 124 125 130 132 135 138 141 151 152 155 158 160 161 164 166 169 175 181 186 193 
123 30 1 5 16 18 20 23 28 40 45 47 60 61 62 79 82 84 89 93 96 98 102 118 158 163 166 167 169 186 188 193 
124 33 3 14 15 27 28 30 34 50 51 56 61 69 80 84 87 90 97 112 115 122 126 129 139 140 145 147 154 167 174 179 183 185 196 
125 45 4 7 9 11 12 14 15 21 33 39 45 46 49 53 54 69 81 82 83 84 85 95 99 102 112 115 119 121 122 126 127 132 136 138 139 140 143 155 159 161 171 172 176 178 195 
126 41 0 2 3 4 5 10 12 13 18 19 34 37 42 55 57 64 68 69 70 72 74 80 86 92 100 101 104 108 109 115 116 120 124 125 129 135 141 142 144 171 183 
127 52 6 8 13 14 26 27 28 29 30 32 33 48 51 56 60 64 66 75 79 80 81 87 90 92 96 101 103 110 112 113 117 118 121 125 130 131 139 140 141 143 145 150 161 167 173 174 179 184 186 189 192 198 
128 41 5 7 11 12 14 22 23 26 37 41 44 46 48 53 56 58 59 64 69 72 73 79 81 85 86 89 106 118 134 144 147 157 159 162 165 167 168 169 172 179 181 
129 56 4 12 13 20 24 28 29 30 34 35 39 43 44 47 49 51 52 64 66 68 72 76 79 80 83 88 92 100 102 107 115 124 126 132 136 137 142 143 147 148 149 150 156 159 160 161 162 166 168 169 170 173 175 180 188 190 
130 38 4 7 16 17 19 21 22 27 32 39 45 51 66 74 90 94 100 101 122 127 132 135 139 146 149 152 153 154 165 167 169 177 180 185 186 187 189 194 
131 40 3 19 23 26 28 41 43 44 47 48 53 54 55 60 77 93 97 98 101 110 112 114 115 116 117 118 119 127 132 134 143 145 147 149 152 153 174 187 190 191 
132 42 1 12 14 26 42 44 45 53 62 75 81 84 89 95 99 100 101 108 111 116 121 122 125 129 130 131 144 147 151 160 162 165 166 167 171 175 178 185 188 189 194 195 
133 46 0 3 7 10 12 13 17 22 23 28 31 39 43 47 48 50 57 67 77 78 79 80 82 94 95 96 97 101 110 113 115 117 121 138 142 148 152 165 167 168 177 185 189 192 195 196 
134 47 1 16 21 24 25 27 29 30 36 41 43 44 53 55 60 73 79 84 85 87 92 96 99 103 105 109 114 117 128 131 136 139 153 158 160 161 167 168 169 173 175 180 181 184 185 190 192 
135 45 1 5 10 20 23 31 32 36 40 45 48 55 59 69 71 76 79 90 92 98 101 107 113 117 122 126 130 139 145 146 147 151 154 155 156 158 164 170 174 176 182 185 189 196 199 
136 48 0 3 4 6 13 26 27 29 32 35 41 50 55 61 64 69 74 75 81 82 92 108 112 115 117 120 121 125 129 134 143 144 145 146 147 150 156 158 163 171 178 179 181 182 184 186 190 197 
137 35 7 12 13 22 25 27 30 31 52 57 75 77 78 81 84 89 93 94 96 101 102 109 129 141 143 147 151 154 155 156 161 169 172 179 183 
138 47 3 18 24 29 31 32 35 44 51 55 56 58 64 65 66 68 72 76 91 92 94 101 104 105 106 108 113 121 122 125 133 145 147 149 153 162 164 165 166 167 170 175 179 180 190 193 196 
139 49 4 12 14 22 25 31 34 39 45 47 49 57 58 61 62 67 68 71 83 85 86 95 96 104 114 116 121 124 125 127 130 134 135 148 149 157 159 161 163 164 165 168 170 173 175 183 184 196 199 
140 41 0 4 6 10 19 21 26 39 40 41 45 64 65 76 80 81 82 83 86 90 93 112 113 115 116 119 124 125 127 146 147 162 163 165 166 167 169 176 184 190 197 
141 43 3 8 11 19 29 31 37 38 40 43 49 52 55 62 64 72 73 80 82 84 101 102 104 111 112 115 116 121 122 126 127 137 144 146 154 161 162 171 178 190 191 193 197 
142 37 9 11 14 34 39 40 56 58 62 76 79 80 85 91 93 105 109 115 116 118 126 129 133 147 152 153 155 160 161 165 169 172 182 185 187 194 195 
143 37 9 11 17 26 27 29 31 34 54 58 60 75 76 79 89 90 96 108 110 117 125 127 129 131 136 137 148 150 155 164 165 167 170 177 188 192 194 
144 42 1 3 7 11 22 28 31 42 46 50 58 60 64 71 75 88 90 91 92 93 94 100 103 105 109 126 128 132 136 141 145 146 154 155 162 164 165 174 180 192 195 198 
145 36 2 6 8 14 27 32 33 34 39 43 46 63 84 93 104 121 124 127 131 135 136 138 144 148 164 167 172 175 176 177 184 185 189 190 191 195 
146 42 6 29 31 32 34 35 50 53 55 65 77 81 82 92 94 97 100 105 114 117 120 130 135 136 140 141 144 147 148 150 151 156 157 158 162 166 177 184 191 195 198 199 
147 36 7 9 12 17 32 37 46 55 60 62 73 80 86 90 99 111 112 118 124 128 129 131 132 135 136 137 138 140 142 146 151 152 161 162 171 196 
148 47 1 5 6 7 13 31 37 39 40 51 54 55 60 61 63 64 67 69 82 85 86 88 89 96 104 109 110 116 117 129 133 139 143 145 146 149 156 164 166 171 175 179 182 184 190 195 196 
149 46 0 3 7 10 16 17 22 26 32 33 34 53 54 56 59 62 69 70 77 78 79 80 92 96 107 112 116 120 129 130 131 138 139 148 151 154 157 163 166 172 175 180 184 190 198 199 
150 35 12 20 23 24 25 26 30 36 40 42 45 46 59 60 70 75 85 104 108 109 110 112 114 118 127 129 136 143 146 155 165 177 179 187 194 
151 43 5 6 8 14 16 21 27 28 36 45 54 58 59 64 73 85 86 87 88 94 98 100 103 105 108 115 119 122 132 135 137 146 147 149 153 161 164 169 173 179 180 182 199 
152 43 8 11 16 17 24 28 29 30 32 41 43 46 51 56 57 68 71 72 79 94 95 98 108 112 115 117 120 122 130 131 133 142 147 159 172 173 177 178 179 185 188 192 193 
153 47 1 3 4 16 18 20 21 23 26 27 32 35 38 39 46 50 52 53 59 60 61 66 72 82 85 87 89 92 96 98 100 104 113 117 120 121 130 131 134 138 142 151 156 163 178 191 193 
154 29 7 11 16 19 22 26 27 42 51 62 74 75 81 90 98 104 110 118 124 130 135 137 141 144 149 159 190 196 198 
155 44 4 8 15 16 17 20 28 29 63 72 73 75 78 83 86 91 92 99 105 114 116 117 118 121 122 125 135 137 142 143 144 150 160 162 178 181 185 191 192 193 194 195 196 197 
156 37 2 14 19 31 36 52 54 58 64 69 78 79 87 90 92 97 98 110 115 116 120 129 135 136 137 146 148 153 158 173 176 185 188 191 196 197 199 
157 39 6 7 16 21 29 30 31 34 43 46 52 53 56 57 58 61 69 70 74 77 84 90 91 96 104 111 112 117 128 139 146 149 160 164 166 172 178 188 189 
158 36 1 7 14 19 22 24 38 44 66 72 76 80 85 89 100 109 112 114 121 122 123 134 135 136 146 156 161 162 167 171 175 178 185 196 197 198 
159 29 7 12 13 19 20 31 50 51 55 56 64 77 92 97 99 112 114 118 125 128 129 139 152 154 161 163 185 194 195 
160 46 2 7 13 22 28 32 36 38 43 47 55 59 68 72 73 77 79 81 86 92 104 109 113 115 118 122 129 132 134 142 155 157 164 167 169 172 174 179 186 188 189 191 194 195 196 198 
161 39 3 9 16 19 32 36 37 41 52 64 67 81 82 88 98 101 107 110 113 118 122 125 127 129 134 137 139 141 142 147 151 158 159 172 176 185 189 192 194 
162 53 0 4 11 14 15 17 29 32 33 34 37 49 53 57 58 60 65 67 71 73 74 76 78 80 82 84 88 99 104 107 108 110 111 116 119 128 129 132 138 140 141 144 146 147 155 158 168 169 181 183 187 190 191 
163 35 0 19 20 23 26 30 36 39 44 59 64 72 80 88 93 102 110 112 115 116 123 136 139 140 149 153 159 170 174 178 185 192 194 195 196 
164 46 0 16 19 23 24 28 39 50 54 55 58 63 64 66 78 79 84 85 98 104 105 111 112 115 116 118 122 135 138 139 143 144 145 148 151 157 160 165 175 176 178 186 187 192 194 195 
165 40 1 6 16 20 34 37 43 48 51 60 63 71 72 75 78 85 86 90 92 96 108 111 114 128 130 132 133 138 139 140 142 143 144 150 164 169 184 188 192 194 
166 35 0 13 22 25 33 37 41 45 57 69 76 78 80 84 90 98 111 122 123 129 132 138 140 146 148 149 157 167 171 184 186 191 192 195 196 
167 45 4 5 7 9 10 15 26 36 39 44 48 52 59 64 67 78 86 97 107 108 123 124 127 128 130 132 133 134 138 140 143 145 158 160 166 168 173 179 180 181 184 188 189 190 191 
168 30 10 12 15 24 25 36 43 49 51 65 66 78 83 89 92 95 96 106 117 128 129 133 134 139 162 167 180 185 192 197 
169 47 7 11 14 16 20 22 23 24 27 28 33 50 64 65 66 71 78 80 84 86 90 95 97 99 104 111 113 114 119 122 123 128 129 130 134 137 140 142 151 160 162 165 172 173 196 197 198 
170 42 1 3 4 8 18 24 27 35 36 41 42 43 44 51 56 62 65 68 74 78 80 86 88 92 98 100 107 112 118 119 129 135 138 139 143 163 179 181 182 184 186 189 
171 35 5 17 18 24 27 28 30 42 43 53 58 63 67 84 85 93 103 106 108 120 125 126 132 136 141 147 148 158 166 179 186 187 193 194 196 
172 48 1 4 9 10 12 13 15 16 19 27 32 47 48 56 64 67 69 70 75 78 81 82 83 84 87 92 93 103 108 109 125 128 137 142 145 149 152 157 160 161 169 177 179 182 189 190 195 199 
173 41 0 7 33 35 36 37 56 61 62 67 71 73 76 79 84 86 89 90 93 95 104 106 107 109 111 118 127 129 134 139 151 152 156 167 169 176 181 184 191 197 198 
174 32 0 5 20 21 45 46 55 57 64 68 69 75 77 79 83 94 98 107 108 113 118 124 127 131 135 144 160 163 181 182 187 193 
175 33 0 6 17 18 22 24 41 47 63 67 75 76 79 88 93 94 109 116 121 122 129 132 134 138 139 145 148 149 158 164 179 189 192 
176 38 0 3 9 14 16 17 29 33 39 42 52 56 62 72 87 88 96 98 99 103 112 113 115 116 117 125 135 140 145 156 161 164 173 186 187 193 197 199 
177 26 3 16 30 34 35 46 54 58 59 62 77 96 97 98 104 116 130 133 143 145 146 150 152 172 185 199 
178 47 5 15 17 18 26 30 31 36 38 40 41 43 45 48 49 59 63 67 72 79 83 84 91 92 95 98 100 101 103 104 106 110 111 125 132 136 141 152 153 155 157 158 163 164 184 195 196 
179 48 1 3 16 19 22 23 29 32 33 41 46 51 57 70 74 78 87 88 89 91 94 95 96 102 109 116 118 119 124 127 128 136 137 138 148 150 151 152 160 167 170 171 172 175 181 186 188 193 
180 37 3 7 13 16 26 27 32 33 49 51 53 55 65 68 70 76 82 99 102 104 111 114 120 129 130 134 138 144 149 151 167 168 183 185 186 193 198 
181 43 0 1 3 10 13 15 16 24 28 32 45 50 52 53 54 59 68 71 79 81 85 86 92 95 100 102 103 107 109 116 118 122 128 134 136 155 162 167 170 173 174 179 189 
182 28 11 21 29 41 50 55 62 78 80 85 90 91 99 106 116 118 135 136 142 148 151 170 172 174 186 189 190 198 
183 43 0 7 13 14 22 23 24 26 31 33 34 41 43 49 58 60 61 63 65 66 68 76 77 78 82 85 86 87 88 95 97 103 111 112 116 124 126 137 139 162 180 190 191 
184 35 3 10 17 27 31 32 34 36 55 61 72 75 77 80 82 88 111 121 127 134 136 139 140 145 146 148 149 165 166 167 170 173 178 186 193 
185 46 0 9 11 14 16 17 18 21 23 30 37 38 50 58 65 66 79 83 93 94 104 116 118 121 124 130 132 133 134 135 142 145 152 155 156 158 159 161 163 168 177 180 195 196 197 199 
186 47 5 6 9 10 19 27 29 30 34 40 43 44 45 49 51 56 63 66 73 74 81 89 98 100 104 108 114 120 122 123 127 130 136 160 164 166 170 171 176 179 180 182 184 187 189 190 194 
187 28 11 23 31 33 42 54 55 64 73 85 96 98 100 107 114 119 130 131 142 150 162 164 171 174 176 186 191 196 
188 37 6 9 13 23 31 34 36 39 42 48 54 56 77 79 81 88 89 90 92 94 95 96 101 115 123 129 132 143 152 156 157 160 165 167 179 196 198 
189 39 14 18 26 31 34 39 40 44 52 56 81 82 83 84 93 99 101 111 112 117 118 121 127 130 132 133 135 145 157 160 161 167 170 172 175 181 182 186 192 
190 46 2 3 15 22 28 30 32 58 61 67 70 71 72 74 79 81 83 88 90 99 108 109 110 118 119 121 129 131 134 136 138 140 141 145 148 149 154 162 167 172 182 183 186 192 193 196 
191 31 14 21 22 25 37 43 49 63 64 67 69 77 79 90 131 141 145 146 153 155 156 160 162 166 167 173 183 187 192 193 199 
192 40 6 16 17 25 38 39 54 55 63 64 66 71 75 80 82 87 90 93 94 102 105 127 133 134 143 144 152 155 161 163 164 165 166 168 175 189 190 191 193 195 
193 42 6 13 14 15 23 24 41 44 50 53 55 61 67 70 77 92 99 103 106 114 115 117 119 120 122 123 138 141 152 153 155 171 174 176 179 180 184 190 191 192 197 198 
194 41 3 10 14 17 21 23 25 26 28 29 31 32 33 41 46 51 56 62 63 75 81 97 100 101 104 107 119 130 132 142 143 150 155 159 160 161 163 164 165 171 186 
195 36 9 12 24 30 32 43 50 57 62 65 68 69 73 78 85 100 102 104 125 132 133 142 144 145 146 148 155 159 160 163 164 166 172 178 185 192 
196 46 1 5 21 33 34 36 37 45 47 54 55 60 64 66 69 72 77 80 82 98 102 104 105 107 114 124 133 135 138 139 147 148 154 155 156 158 160 163 166 169 171 178 185 187 188 190 
197 41 0 1 2 16 21 27 31 32 36 39 40 45 47 50 58 61 72 73 76 79 82 87 89 90 92 104 106 117 136 140 141 155 156 158 168 169 173 176 185 193 199 
198 38 1 8 11 17 18 23 25 36 39 42 49 52 58 62 69 71 88 93 95 104 109 117 119 120 127 144 146 149 154 158 160 169 173 180 182 188 193 199 
199 30 15 18 35 40 48 51 54 57 66 69 91 96 102 109 112 115 121 135 139 146 149 151 156 172 176 177 185 191 197 198 
