220 488
0 3 81 173 175 
1 3 115 178 193 
2 2 65 171 
3 8 30 50 56 71 76 151 157 173 
4 1 179 
5 4 105 124 143 196 
6 2 160 168 
7 4 82 109 126 163 
8 5 10 38 41 86 111 
9 2 107 135 
10 6 8 23 58 113 116 129 
11 2 86 183 
12 4 17 30 61 72 
13 10 37 39 64 67 70 94 110 192 214 218 
14 3 25 103 137 
15 3 68 110 183 
16 1 138 
17 1 12 
18 6 35 41 76 102 109 208 
19 4 39 47 162 171 
20 2 83 219 
21 3 52 97 213 
22 3 40 120 154 
23 6 10 114 132 162 169 215 
24 3 114 140 211 
25 2 14 62 
26 4 78 95 122 155 
27 5 37 86 97 104 133 
28 6 48 82 93 131 141 215 
29 5 77 103 130 149 193 
30 9 3 12 46 50 106 156 177 178 181 
31 4 62 64 67 188 
32 4 78 105 186 191 
33 4 64 83 99 122 
34 1 123 
35 3 18 50 208 
36 1 200 
37 5 13 27 100 131 150 
38 7 8 148 171 175 187 201 216 
39 4 13 19 90 219 
40 4 22 105 154 212 
41 7 8 18 108 149 172 188 203 
42 1 176 
43 8 70 77 107 138 159 168 176 194 
44 2 94 173 
45 6 61 64 68 74 102 210 
46 4 30 134 153 214 
47 6 19 55 131 174 190 206 
48 5 28 56 124 150 187 
49 5 91 132 145 170 194 
50 6 3 30 35 67 78 93 
51 3 61 171 185 
52 4 21 55 111 184 
53 1 57 
54 3 104 114 146 
55 10 47 52 56 88 127 134 164 171 210 218 
56 10 3 48 55 63 99 101 129 132 136 216 
57 1 53 
58 4 10 100 145 161 
59 6 66 143 153 187 195 205 
60 6 78 122 134 162 172 208 
61 6 12 45 51 149 177 180 
62 6 25 31 66 87 140 155 
63 6 56 97 125 150 173 205 
64 7 13 31 33 45 119 169 185 
65 4 2 121 157 186 
66 2 59 62 
67 3 13 31 50 
68 6 15 45 96 136 175 179 
69 2 124 150 
70 6 13 43 80 113 125 177 
71 3 3 75 163 
72 5 12 105 163 170 184 
73 0 
74 6 45 81 82 90 111 207 
75 2 71 136 
76 4 3 18 198 217 
77 6 29 43 79 99 124 145 
78 5 26 32 50 60 165 
79 4 77 101 102 126 
80 1 70 
81 5 0 74 95 140 207 
82 5 7 28 74 107 213 
83 8 20 33 111 124 146 170 178 207 
84 4 94 115 125 135 
85 1 129 
86 5 8 11 27 132 151 
87 4 62 137 171 206 
88 1 55 
89 2 108 115 
90 7 39 74 143 162 177 199 215 
91 2 49 103 
92 1 181 
93 5 28 50 111 134 153 
94 5 13 44 84 141 197 
95 2 26 81 
96 3 68 143 214 
97 6 21 27 63 98 191 213 
98 6 97 120 123 162 195 202 
99 6 33 56 77 174 185 210 
100 2 37 58 
101 4 56 79 191 208 
102 4 18 45 79 201 
103 5 14 29 91 105 162 
104 3 27 54 131 
105 8 5 32 40 72 103 136 146 207 
106 5 30 107 135 165 181 
107 6 9 43 82 106 119 124 
108 6 41 89 118 164 179 198 
109 6 7 18 148 174 175 216 
110 8 13 15 116 119 130 142 172 174 
111 9 8 52 74 83 93 126 145 159 172 
112 1 208 
113 4 10 70 154 212 
114 5 23 24 54 115 160 
115 7 1 84 89 114 118 189 211 
116 5 10 110 135 174 211 
117 2 189 216 
118 4 108 115 165 174 
119 4 64 107 110 131 
120 2 22 98 
121 5 65 127 163 174 182 
122 6 26 33 60 153 201 213 
123 6 34 98 168 199 208 218 
124 9 5 48 69 77 83 107 126 133 139 
125 5 63 70 84 186 216 
126 8 7 79 111 124 178 179 214 217 
127 3 55 121 187 
128 1 210 
129 5 10 56 85 146 164 
130 4 29 110 138 199 
131 10 28 37 47 104 119 148 176 179 185 190 
132 7 23 49 56 86 149 174 176 
133 5 27 124 145 155 161 
134 5 46 55 60 93 180 
135 8 9 84 106 116 169 171 177 217 
136 5 56 68 75 105 219 
137 2 14 87 
138 3 16 43 130 
139 4 124 170 173 188 
140 4 24 62 81 205 
141 3 28 94 211 
142 4 110 178 195 200 
143 7 5 59 90 96 177 201 210 
144 4 165 181 187 204 
145 5 49 58 77 111 133 
146 6 54 83 105 129 150 163 
147 0 
148 3 38 109 131 
149 5 29 41 61 132 185 
150 6 37 48 63 69 146 201 
151 2 3 86 
152 1 194 
153 5 46 59 93 122 194 
154 4 22 40 113 216 
155 6 26 62 133 187 199 205 
156 4 30 158 161 174 
157 4 3 65 178 184 
158 3 156 177 190 
159 4 43 111 179 205 
160 4 6 114 181 211 
161 3 58 133 156 
162 6 19 23 60 90 98 103 
163 8 7 71 72 121 146 199 201 206 
164 3 55 108 129 
165 4 78 106 118 144 
166 0 
167 1 194 
168 3 6 43 123 
169 5 23 64 135 204 217 
170 4 49 72 83 139 
171 8 2 19 38 51 55 87 135 210 
172 4 41 60 110 111 
173 6 0 3 44 63 139 202 
174 11 47 99 109 110 116 118 121 132 156 192 202 
175 8 0 38 68 109 184 205 209 213 
176 5 42 43 131 132 211 
177 9 30 61 70 90 135 143 158 205 209 
178 8 1 30 83 126 142 157 188 197 
179 7 4 68 108 126 131 159 197 
180 3 61 134 188 
181 5 30 92 106 144 160 
182 3 121 199 200 
183 3 11 15 209 
184 7 52 72 157 175 185 186 207 
185 6 51 64 99 131 149 184 
186 4 32 65 125 184 
187 7 38 48 59 127 144 155 205 
188 5 31 41 139 178 180 
189 3 115 117 212 
190 3 47 131 158 
191 3 32 97 101 
192 2 13 174 
193 2 1 29 
194 5 43 49 152 153 167 
195 3 59 98 142 
196 1 5 
197 3 94 178 179 
198 2 76 108 
199 7 90 123 130 155 163 182 202 
200 3 36 142 182 
201 8 38 102 122 143 150 163 203 212 
202 4 98 173 174 199 
203 2 41 201 
204 2 144 169 
205 8 59 63 140 155 159 175 177 187 
206 4 47 87 163 212 
207 6 74 81 83 105 184 209 
208 6 18 35 60 101 112 123 
209 4 175 177 183 207 
210 6 45 55 99 128 143 171 
211 6 24 115 116 141 160 176 
212 5 40 113 189 201 206 
213 5 21 82 97 122 175 
214 4 13 46 96 126 
215 3 23 28 90 
216 6 38 56 109 117 125 154 
217 4 76 126 135 169 
218 3 13 55 123 
219 3 20 39 136 
