220 578
0 4 15 21 34 55 
1 3 2 60 87 
2 7 1 7 14 64 76 78 93 
3 3 136 186 212 
4 6 17 32 34 75 84 189 
5 9 23 25 33 68 101 121 127 180 195 
6 6 33 78 149 158 187 205 
7 7 2 75 78 91 164 181 186 
8 5 21 36 48 80 133 
9 2 123 146 
10 8 45 69 94 125 133 134 162 175 
11 4 48 63 90 175 
12 5 111 152 161 187 219 
13 8 62 104 132 142 163 182 198 206 
14 10 2 15 18 23 38 49 61 121 127 203 
15 5 0 14 33 37 163 
16 4 64 116 118 166 
17 6 4 51 91 148 213 219 
18 8 14 40 43 63 137 163 169 177 
19 3 38 64 208 
20 5 81 92 137 163 198 
21 6 0 8 26 87 107 111 
22 4 31 49 121 165 
23 5 5 14 100 107 189 
24 4 36 40 56 192 
25 7 5 54 102 106 154 177 216 
26 4 21 164 169 193 
27 6 51 61 89 93 114 149 
28 2 66 190 
29 2 97 114 
30 4 48 58 138 182 
31 6 22 59 67 79 173 200 
32 5 4 64 70 125 208 
33 7 5 6 15 43 73 94 192 
34 6 0 4 71 81 128 197 
35 5 46 96 118 124 216 
36 10 8 24 78 82 85 94 114 159 180 185 
37 3 15 137 145 
38 7 14 19 81 87 93 101 104 
39 2 195 196 
40 10 18 24 95 99 129 134 146 149 198 214 
41 5 59 109 116 214 219 
42 3 81 152 194 
43 9 18 33 69 72 139 162 175 189 210 
44 6 50 74 88 105 122 125 
45 9 10 56 94 102 121 122 125 196 200 
46 9 35 76 92 141 158 162 179 183 206 
47 3 70 76 84 
48 8 8 11 30 60 69 133 148 172 
49 4 14 22 81 119 
50 2 44 206 
51 7 17 27 83 132 152 166 169 
52 4 60 109 150 204 
53 8 76 84 97 99 137 142 177 200 
54 3 25 140 161 
55 5 0 76 108 129 196 
56 6 24 45 59 132 141 174 
57 1 138 
58 2 30 129 
59 12 31 41 56 65 99 100 109 132 136 148 193 198 
60 5 1 48 52 94 198 
61 5 14 27 76 144 186 
62 7 13 76 86 91 100 186 194 
63 6 11 18 78 98 109 123 
64 9 2 16 19 32 67 109 129 148 211 
65 2 59 86 
66 5 28 68 93 141 164 
67 5 31 64 78 120 201 
68 4 5 66 143 147 
69 4 10 43 48 182 
70 4 32 47 98 136 
71 7 34 72 86 117 151 154 173 
72 6 43 71 127 154 189 200 
73 4 33 84 95 167 
74 6 44 124 128 152 188 204 
75 5 4 7 111 119 148 
76 8 2 46 47 53 55 61 62 133 
77 2 116 135 
78 12 2 6 7 36 63 67 133 152 180 183 209 212 
79 6 31 121 132 158 186 189 
80 3 8 128 141 
81 10 20 34 38 42 49 84 106 107 166 170 
82 1 36 
83 5 51 87 106 128 195 
84 7 4 47 53 73 81 102 176 
85 6 36 107 123 132 167 208 
86 8 62 65 71 136 197 198 211 219 
87 7 1 21 38 83 136 155 201 
88 4 44 166 218 219 
89 5 27 114 117 133 179 
90 5 11 108 133 158 177 
91 7 7 17 62 112 160 182 199 
92 4 20 46 128 216 
93 8 2 27 38 66 102 106 128 211 
94 10 10 33 36 45 60 131 151 152 207 211 
95 4 40 73 179 219 
96 1 35 
97 4 29 53 131 192 
98 5 63 70 104 186 194 
99 7 40 53 59 109 131 202 205 
100 6 23 59 62 116 136 157 
101 3 5 38 198 
102 9 25 45 84 93 117 118 127 129 135 
103 1 179 
104 5 13 38 98 158 187 
105 6 44 110 119 143 151 154 
106 6 25 81 83 93 192 219 
107 6 21 23 81 85 139 170 
108 5 55 90 163 190 207 
109 9 41 52 59 63 64 99 211 213 214 
110 3 105 157 195 
111 6 12 21 75 124 193 211 
112 7 91 116 117 144 162 174 183 
113 1 145 
114 8 27 29 36 89 133 144 146 148 
115 3 137 151 198 
116 5 16 41 77 100 112 
117 4 71 89 102 112 
118 4 16 35 102 123 
119 3 49 75 105 
120 1 67 
121 11 5 14 22 45 79 124 153 172 194 197 210 
122 4 44 45 174 183 
123 6 9 63 85 118 145 163 
124 5 35 74 111 121 194 
125 7 10 32 44 45 130 153 186 
126 4 127 139 181 210 
127 8 5 14 72 102 126 170 181 206 
128 6 34 74 80 83 92 93 
129 9 40 55 58 64 102 141 150 180 216 
130 2 125 216 
131 4 94 97 99 202 
132 9 13 51 56 59 79 85 174 179 213 
133 9 8 10 48 76 78 89 90 114 159 
134 6 10 40 155 166 169 188 
135 4 77 102 136 165 
136 7 3 59 70 86 87 100 135 
137 7 18 20 37 53 115 150 205 
138 2 30 57 
139 4 43 107 126 196 
140 4 54 144 200 209 
141 7 46 56 66 80 129 144 157 
142 5 13 53 176 181 184 
143 2 68 105 
144 7 61 112 114 140 141 156 169 
145 3 37 113 123 
146 5 9 40 114 154 195 
147 1 68 
148 9 17 48 59 64 75 114 151 195 207 
149 7 6 27 40 166 177 180 194 
150 3 52 129 137 
151 6 71 94 105 115 148 180 
152 8 12 42 51 74 78 94 184 188 
153 5 121 125 189 200 214 
154 6 25 71 72 105 146 178 
155 3 87 134 219 
156 4 144 173 189 201 
157 4 100 110 141 169 
158 6 6 46 79 90 104 190 
159 3 36 133 161 
160 1 91 
161 5 12 54 159 165 188 
162 6 10 43 46 112 175 219 
163 8 13 15 18 20 108 123 208 212 
164 4 7 26 66 178 
165 3 22 135 161 
166 7 16 51 81 88 134 149 172 
167 4 73 85 198 205 
168 2 173 199 
169 7 18 26 51 134 144 157 188 
170 4 81 107 127 217 
171 1 211 
172 5 48 121 166 175 190 
173 5 31 71 156 168 198 
174 4 56 112 122 132 
175 6 10 11 43 162 172 201 
176 5 84 142 185 204 215 
177 7 18 25 53 90 149 188 203 
178 2 154 164 
179 7 46 89 95 103 132 195 218 
180 9 5 36 78 129 149 151 181 186 197 
181 5 7 126 127 142 180 
182 6 13 30 69 91 211 218 
183 5 46 78 112 122 217 
184 3 142 152 188 
185 2 36 176 
186 12 3 7 61 62 79 98 125 180 193 208 217 218 
187 3 6 12 104 
188 8 74 134 152 161 169 177 184 213 
189 7 4 23 43 72 79 153 156 
190 5 28 108 158 172 198 
191 0 
192 5 24 33 97 106 200 
193 6 26 59 111 186 201 218 
194 6 42 62 98 121 124 149 
195 7 5 39 83 110 146 148 179 
196 4 39 45 55 139 
197 5 34 86 121 180 214 
198 11 13 20 40 59 60 86 101 115 167 173 190 
199 3 91 168 214 
200 7 31 45 53 72 140 153 192 
201 5 67 87 156 175 193 
202 2 99 131 
203 2 14 177 
204 3 52 74 176 
205 4 6 99 137 167 
206 5 13 46 50 127 209 
207 3 94 108 148 
208 5 19 32 85 163 186 
209 3 78 140 206 
210 3 43 121 126 
211 8 64 86 93 94 109 111 171 182 
212 3 3 78 163 
213 4 17 109 132 188 
214 6 40 41 109 153 197 199 
215 1 176 
216 5 25 35 92 129 130 
217 3 170 183 186 
218 5 88 179 182 186 193 
219 9 12 17 41 86 88 95 106 155 162 
