220 597
0 5 7 76 81 173 175 
1 3 115 178 193 
2 2 65 171 
3 8 30 50 56 71 76 151 157 173 
4 2 18 179 
5 4 105 124 143 196 
6 4 37 86 160 168 
7 6 0 82 109 126 151 163 
8 5 10 38 41 86 111 
9 2 107 135 
10 6 8 23 58 113 116 129 
11 4 14 86 95 183 
12 5 17 30 61 72 112 
13 10 37 39 64 67 70 94 110 192 214 218 
14 7 11 25 103 116 137 155 169 
15 3 68 110 183 
16 3 101 138 181 
17 2 12 40 
18 7 4 35 41 76 102 109 208 
19 5 39 47 128 162 171 
20 4 58 83 171 219 
21 5 52 97 198 209 213 
22 3 40 120 154 
23 7 10 114 132 152 162 169 215 
24 3 114 140 211 
25 3 14 62 160 
26 5 78 95 122 148 155 
27 5 37 86 97 104 133 
28 7 48 82 93 106 131 141 215 
29 6 31 77 103 130 149 193 
30 10 3 12 46 50 106 156 177 178 181 192 
31 8 29 62 64 66 67 178 180 188 
32 5 78 105 131 186 191 
33 7 43 64 83 99 122 155 185 
34 2 123 128 
35 3 18 50 208 
36 2 200 211 
37 6 6 13 27 100 131 150 
38 8 8 125 148 171 175 187 201 216 
39 5 13 19 90 175 219 
40 5 17 22 105 154 212 
41 8 8 18 107 108 149 172 188 203 
42 2 63 176 
43 9 33 70 77 107 138 159 168 176 194 
44 2 94 173 
45 8 61 64 68 74 102 117 141 210 
46 4 30 134 153 214 
47 8 19 55 69 131 174 190 191 206 
48 7 28 56 68 124 139 150 187 
49 7 91 95 132 133 145 170 194 
50 7 3 30 35 67 78 83 93 
51 3 61 171 185 
52 4 21 55 111 184 
53 1 57 
54 3 104 114 146 
55 10 47 52 56 88 127 134 164 171 210 218 
56 10 3 48 55 63 99 101 129 132 136 216 
57 1 53 
58 7 10 20 59 100 145 161 197 
59 8 58 66 143 153 187 195 205 216 
60 6 78 122 134 162 172 208 
61 6 12 45 51 149 177 180 
62 7 25 31 66 87 140 146 155 
63 7 42 56 97 125 150 173 205 
64 8 13 31 33 45 119 169 185 194 
65 4 2 121 157 186 
66 3 31 59 62 
67 5 13 31 50 99 121 
68 8 15 45 48 96 136 144 175 179 
69 3 47 124 150 
70 6 13 43 80 113 125 177 
71 4 3 75 94 163 
72 6 12 105 163 170 184 211 
73 2 156 213 
74 6 45 81 82 90 111 207 
75 4 71 136 204 209 
76 5 0 3 18 198 217 
77 6 29 43 79 99 124 145 
78 6 26 32 50 60 139 165 
79 5 77 101 102 126 140 
80 1 70 
81 6 0 74 95 140 207 217 
82 5 7 28 74 107 213 
83 10 20 33 50 111 112 124 146 170 178 207 
84 4 94 115 125 135 
85 3 123 125 129 
86 8 6 8 11 27 132 133 151 156 
87 5 62 92 137 171 206 
88 2 55 129 
89 3 108 115 137 
90 7 39 74 143 162 177 199 215 
91 2 49 103 
92 2 87 181 
93 5 28 50 111 134 153 
94 8 13 44 71 84 141 197 214 219 
95 5 11 26 49 81 111 
96 4 68 143 169 214 
97 7 21 27 63 98 191 202 213 
98 7 97 120 123 158 162 195 202 
99 7 33 56 67 77 174 185 210 
100 3 37 58 189 
101 6 16 56 79 112 191 208 
102 4 18 45 79 201 
103 5 14 29 91 105 162 
104 3 27 54 131 
105 8 5 32 40 72 103 136 146 207 
106 6 28 30 107 135 165 181 
107 8 9 41 43 82 106 119 124 126 
108 6 41 89 118 164 179 198 
109 6 7 18 148 174 175 216 
110 9 13 15 116 119 130 142 170 172 174 
111 11 8 52 74 83 93 95 126 145 159 172 206 
112 4 12 83 101 208 
113 4 10 70 154 212 
114 5 23 24 54 115 160 
115 9 1 84 89 114 118 127 141 189 211 
116 6 10 14 110 135 174 211 
117 3 45 189 216 
118 4 108 115 165 174 
119 4 64 107 110 131 
120 3 22 98 206 
121 6 65 67 127 163 174 182 
122 6 26 33 60 153 201 213 
123 7 34 85 98 168 199 208 218 
124 9 5 48 69 77 83 107 126 133 139 
125 7 38 63 70 84 85 186 216 
126 9 7 79 107 111 124 178 179 214 217 
127 5 55 115 121 146 187 
128 4 19 34 169 210 
129 6 10 56 85 88 146 164 
130 4 29 110 138 199 
131 11 28 32 37 47 104 119 148 176 179 185 190 
132 7 23 49 56 86 149 174 176 
133 7 27 49 86 124 145 155 161 
134 5 46 55 60 93 180 
135 9 9 84 106 116 150 169 171 177 217 
136 6 56 68 75 105 216 219 
137 3 14 87 89 
138 4 16 43 130 159 
139 7 48 78 124 170 173 188 211 
140 6 24 62 79 81 203 205 
141 6 28 45 94 115 171 211 
142 4 110 178 195 200 
143 8 5 59 90 96 177 201 209 210 
144 5 68 165 181 187 204 
145 5 49 58 77 111 133 
146 8 54 62 83 105 127 129 150 163 
147 0 
148 4 26 38 109 131 
149 6 29 41 61 132 185 208 
150 7 37 48 63 69 135 146 201 
151 5 3 7 86 189 190 
152 2 23 194 
153 6 46 59 93 122 183 194 
154 4 22 40 113 216 
155 8 14 26 33 62 133 187 199 205 
156 6 30 73 86 158 161 174 
157 5 3 65 178 184 196 
158 4 98 156 177 190 
159 5 43 111 138 179 205 
160 5 6 25 114 181 211 
161 3 58 133 156 
162 6 19 23 60 90 98 103 
163 8 7 71 72 121 146 199 201 206 
164 3 55 108 129 
165 4 78 106 118 144 
166 0 
167 2 194 202 
168 3 6 43 123 
169 8 14 23 64 96 128 135 204 217 
170 5 49 72 83 110 139 
171 11 2 19 20 38 51 55 87 135 141 183 210 
172 4 41 60 110 111 
173 6 0 3 44 63 139 202 
174 11 47 99 109 110 116 118 121 132 156 192 202 
175 9 0 38 39 68 109 184 205 209 213 
176 5 42 43 131 132 211 
177 10 30 61 70 90 135 143 158 205 207 209 
178 10 1 30 31 83 126 142 157 188 197 215 
179 7 4 68 108 126 131 159 197 
180 4 31 61 134 188 
181 8 16 30 92 106 144 160 190 199 
182 3 121 199 200 
183 5 11 15 153 171 209 
184 7 52 72 157 175 185 186 207 
185 7 33 51 64 99 131 149 184 
186 4 32 65 125 184 
187 7 38 48 59 127 144 155 205 
188 5 31 41 139 178 180 
189 5 100 115 117 151 212 
190 5 47 131 151 158 181 
191 4 32 47 97 101 
192 3 13 30 174 
193 2 1 29 
194 6 43 49 64 152 153 167 
195 3 59 98 142 
196 2 5 157 
197 4 58 94 178 179 
198 3 21 76 108 
199 8 90 123 130 155 163 181 182 202 
200 3 36 142 182 
201 8 38 102 122 143 150 163 203 212 
202 8 97 98 167 173 174 199 205 218 
203 3 41 140 201 
204 3 75 144 169 
205 9 59 63 140 155 159 175 177 187 202 
206 6 47 87 111 120 163 212 
207 7 74 81 83 105 177 184 209 
208 7 18 35 60 101 112 123 149 
209 7 21 75 143 175 177 183 207 
210 6 45 55 99 128 143 171 
211 9 24 36 72 115 116 139 141 160 176 
212 5 40 113 189 201 206 
213 6 21 73 82 97 122 175 
214 5 13 46 94 96 126 
215 4 23 28 90 178 
216 8 38 56 59 109 117 125 136 154 
217 5 76 81 126 135 169 
218 4 13 55 123 202 
219 4 20 39 94 136 
