220 4847
0 41 4 7 10 26 27 38 46 48 53 55 61 65 76 81 84 102 116 121 126 133 136 140 149 162 163 164 166 173 174 175 176 181 183 185 197 200 202 205 214 216 217 
1 37 2 10 13 14 20 21 49 51 52 58 63 67 75 87 92 103 112 114 115 124 128 133 138 145 150 152 159 161 176 177 178 189 190 193 198 199 206 
2 32 1 10 12 23 33 35 36 42 50 56 57 58 60 65 72 79 80 86 105 116 120 150 157 161 171 173 180 182 190 202 203 212 
3 46 13 28 30 32 39 41 46 50 51 55 56 64 66 71 73 76 78 81 84 89 93 101 110 116 117 119 120 121 124 130 134 142 151 154 157 167 169 173 178 183 188 189 190 205 214 217 
4 46 0 9 16 17 18 25 27 30 36 38 40 45 46 49 50 56 59 60 73 75 82 87 90 92 130 135 141 145 149 156 158 159 163 164 166 173 176 178 179 180 184 185 205 206 208 217 
5 42 6 11 17 23 26 28 35 48 51 67 71 74 78 86 96 104 105 107 110 118 119 121 123 124 131 143 152 158 159 160 165 166 167 170 174 176 188 191 196 197 204 208 
6 54 5 7 16 20 25 26 28 31 37 45 55 66 68 72 73 80 84 86 88 94 96 97 98 99 104 112 114 123 124 131 132 133 136 139 146 154 156 160 164 168 169 177 178 179 181 184 187 197 200 202 205 209 216 219 
7 47 0 6 8 9 14 17 18 19 20 27 29 33 40 43 61 64 66 74 78 82 86 92 95 101 107 109 110 115 116 117 122 126 128 138 144 145 150 151 160 162 163 178 192 196 202 203 206 
8 27 7 10 38 41 47 86 94 95 100 109 111 116 130 132 134 145 155 172 173 177 191 197 202 206 215 216 218 
9 41 4 7 15 20 22 24 29 31 42 46 57 59 60 61 72 80 82 96 99 103 106 107 108 111 114 122 135 142 144 149 158 176 177 181 190 193 195 203 209 210 218 
10 37 0 1 2 8 14 23 28 35 37 39 58 61 62 70 73 74 75 79 107 108 113 116 129 130 131 132 140 142 150 157 170 173 175 186 210 212 214 
11 33 5 14 24 27 36 48 51 65 66 68 69 86 89 92 93 95 96 99 100 104 106 114 117 126 135 139 162 174 183 184 190 210 219 
12 42 2 17 30 31 36 39 44 50 61 68 72 73 75 79 82 83 94 105 106 112 118 126 127 129 134 139 147 148 158 163 171 176 188 190 206 207 209 211 215 216 217 219 
13 52 1 3 14 15 16 18 25 28 33 37 39 40 42 49 50 52 53 57 64 67 70 76 81 83 87 94 101 108 110 114 116 118 119 128 143 146 147 161 167 169 172 173 186 191 192 193 200 202 204 212 214 218 
14 45 1 7 10 11 13 23 25 28 29 59 66 71 72 76 82 85 94 97 103 108 111 112 115 116 120 122 125 136 137 149 153 154 155 166 169 177 187 191 195 202 203 207 208 210 217 
15 48 9 13 17 32 34 35 36 37 38 40 44 47 48 52 55 59 60 62 63 64 68 75 80 88 90 102 109 110 113 128 134 135 137 140 142 143 151 160 161 162 179 183 195 198 208 212 214 217 
16 43 4 6 13 17 24 33 37 38 40 46 47 54 56 60 63 64 69 74 76 81 93 97 98 101 121 122 129 132 136 138 139 156 157 158 159 164 166 169 181 196 213 214 218 
17 50 4 5 7 12 15 16 19 26 30 39 40 41 42 43 47 51 52 55 56 60 63 66 67 72 79 88 89 93 96 106 110 118 121 123 134 147 151 152 161 162 175 177 179 180 182 184 185 193 200 207 
18 40 4 7 13 33 34 35 40 41 43 49 65 71 76 81 88 92 95 100 102 109 111 112 116 117 118 120 122 128 134 149 152 154 158 162 164 168 173 201 208 214 
19 42 7 17 21 23 24 25 32 39 47 48 57 58 60 64 67 69 84 87 88 97 102 107 111 117 128 130 134 151 159 162 168 171 173 174 184 188 191 196 199 204 212 213 
20 51 1 6 7 9 21 23 31 32 40 41 43 44 50 52 53 55 58 73 74 75 83 85 88 92 94 99 104 109 113 115 121 124 130 134 138 145 146 159 161 171 177 178 183 184 185 188 210 211 217 218 219 
21 39 1 19 20 27 35 39 41 46 52 56 61 64 66 68 83 86 96 97 102 112 116 118 120 121 126 127 131 136 154 158 160 173 182 184 186 189 198 209 213 
22 36 9 31 40 45 49 61 63 69 75 79 80 81 82 86 92 94 104 106 117 120 121 125 135 148 151 154 168 170 172 174 175 183 195 203 206 219 
23 49 2 5 10 14 19 20 26 28 39 55 57 80 81 83 87 90 93 94 99 114 121 123 132 134 143 148 150 152 156 159 161 162 164 167 169 174 176 179 189 190 193 194 198 202 205 211 212 215 216 
24 44 9 11 16 19 30 34 45 47 50 56 61 74 75 90 91 98 103 104 111 114 116 124 128 131 139 140 150 156 163 166 169 173 175 176 182 184 190 192 193 208 209 210 211 219 
25 44 4 6 13 14 19 29 31 42 51 53 62 73 74 75 77 79 80 85 92 94 97 99 110 116 121 130 137 139 140 143 145 147 149 160 167 168 171 176 180 185 187 197 206 210 
26 43 0 5 6 17 23 28 36 37 39 40 41 46 53 56 71 78 83 89 95 109 113 120 122 127 129 131 134 136 139 145 148 150 155 169 172 175 179 187 196 202 206 211 217 
27 37 0 4 7 11 21 37 45 53 54 57 65 67 73 76 78 80 86 94 97 99 104 107 120 122 127 133 141 147 148 155 156 160 165 172 174 188 210 
28 49 3 5 6 10 13 14 23 26 31 39 41 46 48 54 55 58 80 82 84 85 86 88 90 91 93 95 103 104 106 125 130 131 134 135 136 141 144 157 161 174 178 186 197 205 208 211 213 215 218 
29 55 7 9 14 25 31 32 33 34 36 39 44 51 54 59 60 62 69 70 71 73 76 77 84 85 86 96 103 104 105 108 114 118 119 121 127 130 149 156 159 166 170 172 174 177 180 181 185 193 199 200 205 208 209 215 217 
30 46 3 4 12 17 24 46 50 63 67 70 74 77 80 81 84 88 95 97 102 106 109 121 123 125 127 138 139 156 165 169 173 174 177 178 179 181 188 190 192 195 205 208 209 211 212 215 
31 42 6 9 12 20 22 25 28 29 35 40 43 55 61 62 64 66 67 74 80 83 84 94 97 99 103 111 127 128 135 141 142 144 149 163 171 178 180 188 195 212 215 219 
32 41 3 15 19 20 29 54 55 63 78 80 85 89 90 92 99 105 106 110 121 126 131 139 152 153 168 169 174 178 179 181 185 186 188 191 196 202 206 214 215 216 219 
33 39 2 7 13 16 18 29 43 46 50 53 63 64 66 75 77 79 80 83 88 99 120 122 135 141 142 155 156 159 160 167 179 185 190 194 199 204 206 209 218 
34 29 15 18 24 29 70 71 74 80 81 90 91 111 123 128 130 148 155 162 175 179 187 189 199 202 205 209 212 215 218 
35 46 2 5 10 15 18 21 31 38 50 52 54 56 57 58 61 71 75 76 79 85 86 88 91 94 99 109 110 113 122 134 135 138 143 144 163 171 173 174 180 182 193 201 204 208 210 219 
36 35 2 4 11 12 15 26 29 40 45 57 62 63 64 70 72 100 108 111 119 121 133 142 157 161 174 175 183 184 194 200 202 208 211 214 216 
37 46 6 10 13 15 16 26 27 38 50 59 64 68 73 76 77 80 81 91 92 99 100 105 107 108 109 114 118 120 123 124 131 137 141 145 150 158 164 169 170 176 177 181 187 199 205 209 
38 39 0 4 8 15 16 35 37 44 45 50 61 62 72 74 84 89 94 112 114 125 126 130 148 159 161 163 164 171 175 182 187 190 195 198 200 201 208 213 216 
39 39 3 10 12 13 17 19 21 23 26 28 29 41 45 59 68 73 74 75 83 85 89 90 120 133 134 136 137 139 143 163 168 172 175 191 194 198 213 217 219 
40 53 4 7 13 15 16 17 18 20 22 26 31 36 46 50 52 53 57 60 61 70 80 82 83 87 88 91 99 103 105 110 112 115 119 120 130 131 146 154 158 161 166 176 177 180 187 191 198 199 200 208 212 217 219 
41 40 3 8 17 18 20 21 26 28 39 43 47 53 60 69 74 75 80 83 99 100 102 105 107 108 112 129 132 134 149 165 172 181 184 188 201 203 207 208 216 219 
42 37 2 9 13 17 25 43 47 48 49 50 53 59 61 63 69 90 102 105 126 127 132 137 154 163 173 176 183 188 189 191 195 197 208 209 212 214 216 
43 33 7 17 18 20 31 33 41 42 70 72 77 83 93 104 107 111 119 125 134 137 138 144 152 154 158 159 168 176 180 184 194 196 217 
44 39 12 15 20 29 38 48 58 60 63 66 71 78 80 84 87 94 97 101 102 103 105 112 114 117 126 139 141 153 162 165 173 175 182 188 193 198 210 211 214 
45 56 4 6 22 24 27 36 38 39 48 50 52 58 61 64 67 68 69 71 72 74 78 79 83 85 90 91 92 94 95 100 102 108 111 114 115 117 123 125 127 130 132 133 141 151 155 157 162 168 171 173 182 183 189 197 202 210 
46 48 0 3 4 9 16 21 26 28 30 33 40 49 51 59 69 73 77 78 79 81 85 87 88 89 90 91 92 106 114 118 130 133 134 138 144 153 158 166 175 177 180 183 195 208 209 212 214 215 
47 42 8 15 16 17 19 24 41 42 54 55 59 69 76 79 82 83 85 97 100 104 108 113 122 131 132 144 151 155 157 161 169 174 180 183 186 187 190 191 197 204 206 218 
48 48 0 5 11 15 19 28 42 44 45 50 56 68 73 74 76 81 89 102 106 112 113 117 121 124 125 129 130 139 140 144 150 152 155 160 177 180 185 187 195 200 203 204 205 207 210 215 216 217 
49 42 1 4 13 18 22 42 46 58 59 63 73 79 81 83 86 91 92 95 106 108 115 125 130 132 133 135 142 145 157 166 169 170 180 184 191 194 199 201 212 214 215 218 
50 43 2 3 4 12 13 20 24 30 33 35 37 38 40 42 45 48 59 61 62 67 75 78 80 83 93 100 102 111 115 134 135 141 148 152 154 167 172 177 181 189 194 210 214 
51 45 1 3 5 11 17 25 29 46 61 63 67 68 69 73 74 78 92 99 109 116 126 127 130 131 132 139 144 145 150 152 159 165 171 173 178 185 186 196 201 206 207 210 216 217 218 
52 38 1 13 15 17 20 21 35 40 45 55 59 63 68 80 83 89 96 110 111 112 114 121 124 128 138 139 142 164 179 181 184 192 198 199 201 211 217 219 
53 42 0 13 20 25 26 27 33 40 41 42 57 61 65 68 77 78 81 82 84 87 96 99 117 130 139 141 144 146 147 149 151 162 165 167 170 173 175 193 195 196 208 211 
54 41 16 27 28 29 32 35 47 55 60 64 80 90 91 97 100 104 112 114 115 124 126 135 138 144 146 149 152 153 159 161 163 167 176 183 185 186 191 193 198 214 217 
55 45 0 3 6 15 17 20 23 28 31 32 47 52 54 56 57 62 74 75 78 86 88 92 99 101 102 110 115 118 127 134 161 164 171 180 181 187 191 194 199 202 207 208 210 217 218 
56 55 2 3 4 16 17 21 24 26 35 48 55 63 70 71 78 88 90 93 94 96 97 99 101 102 103 105 106 114 115 116 117 124 126 128 129 132 136 139 144 147 149 151 152 155 157 160 162 175 179 180 184 191 200 208 216 
57 39 2 9 13 19 23 27 35 36 40 53 55 72 79 98 100 106 122 128 129 130 140 143 145 155 160 166 167 184 185 188 189 190 202 204 206 208 209 214 215 
58 44 1 2 10 19 20 28 35 44 45 49 59 61 62 70 85 90 96 100 101 115 117 118 124 128 131 135 139 141 142 145 147 148 152 154 158 161 172 176 180 181 186 197 203 212 
59 49 4 9 14 15 29 37 39 42 46 47 49 50 52 58 65 66 71 75 76 77 79 82 94 95 97 108 109 113 116 132 137 138 140 141 143 148 151 153 161 164 173 174 187 195 205 209 215 216 218 
60 42 2 4 9 15 16 17 19 29 40 41 44 54 71 78 86 94 100 111 112 119 122 125 128 130 131 132 134 141 142 154 155 162 163 172 178 180 197 201 202 204 205 208 
61 44 0 7 9 10 12 21 22 24 31 35 38 40 42 45 50 51 53 58 64 68 82 85 88 93 95 103 126 127 134 149 156 157 167 170 177 180 186 190 191 198 200 210 213 214 
62 39 10 15 25 29 31 36 38 50 55 58 64 66 83 87 92 100 110 113 117 121 129 138 140 146 149 155 167 173 183 186 190 191 193 194 201 203 204 213 216 
63 49 1 15 16 17 22 30 32 33 36 42 44 49 51 52 56 71 72 74 77 79 82 84 95 97 103 109 115 116 123 125 129 131 134 135 139 145 150 162 163 165 173 179 186 192 196 200 205 207 218 
64 41 3 7 13 15 16 19 21 31 33 36 37 45 54 61 62 76 77 85 87 95 98 106 108 109 113 114 119 129 131 137 141 145 151 169 172 177 185 194 201 205 218 
65 38 0 2 11 18 27 53 59 74 76 79 87 99 104 112 117 121 122 128 129 135 139 140 150 157 159 160 169 177 179 186 191 196 204 207 208 214 215 217 
66 44 3 6 7 11 14 17 21 31 33 44 59 62 68 71 74 76 84 90 93 95 97 98 113 117 121 128 130 135 138 152 155 163 170 173 175 179 190 192 195 196 197 208 210 214 
67 50 1 5 13 17 19 27 30 31 45 50 51 71 74 82 84 85 99 102 108 109 113 116 118 121 126 129 135 145 148 149 152 155 156 157 162 163 179 183 195 201 202 208 210 211 212 213 214 215 216 218 
68 53 6 11 12 15 21 37 39 45 48 51 52 53 61 66 74 77 78 90 96 97 100 105 110 117 124 126 127 131 136 138 142 143 144 148 149 150 157 158 164 167 171 175 179 188 189 190 193 196 200 203 205 206 212 
69 45 11 16 19 22 29 41 42 45 46 47 51 73 74 76 82 85 86 88 90 108 110 111 113 117 124 125 126 131 133 142 146 147 150 153 154 166 168 176 180 185 199 201 204 210 212 
70 46 10 13 29 30 34 36 40 43 56 58 71 75 78 80 81 85 89 90 93 99 107 113 114 125 134 139 141 142 143 147 153 161 165 173 174 177 190 192 193 195 203 206 210 211 216 218 
71 45 3 5 14 18 26 29 34 35 44 45 56 59 60 63 66 67 70 75 83 84 94 102 105 106 111 114 118 119 126 132 133 137 146 147 148 149 163 167 177 178 193 206 210 212 216 
72 46 2 6 9 12 14 17 36 38 43 45 57 63 76 80 81 94 99 101 105 106 110 114 122 124 125 129 130 131 138 140 143 147 151 163 168 170 172 175 177 178 179 184 195 211 212 216 
73 46 3 4 6 10 12 20 25 27 29 37 39 46 48 49 51 69 79 82 88 94 99 102 108 113 116 122 124 125 127 132 138 139 145 155 156 157 161 169 174 175 176 184 207 208 213 215 
74 51 5 7 10 16 20 24 25 30 31 34 38 39 41 45 48 51 55 63 65 66 67 68 69 81 82 89 90 93 97 102 107 109 111 112 115 123 125 150 154 156 158 159 166 170 174 178 181 188 205 207 210 
75 48 1 4 10 12 15 20 22 24 25 33 35 39 41 50 55 59 70 71 82 86 89 93 102 107 116 117 124 126 132 133 136 141 150 165 169 172 182 183 184 191 196 197 200 204 205 209 211 219 
76 43 0 3 13 14 16 18 27 29 35 37 47 48 59 64 65 66 69 72 107 109 111 116 120 125 131 136 141 146 156 161 167 174 176 185 194 196 198 204 211 212 214 215 217 
77 41 25 29 30 33 37 43 46 53 59 63 64 68 79 82 85 90 95 98 99 102 109 111 112 120 121 124 128 137 143 145 146 147 152 155 166 173 181 201 205 207 218 
78 48 3 5 7 26 27 32 44 45 46 50 51 53 55 56 60 68 70 79 100 101 104 121 134 139 148 151 155 156 158 163 164 165 167 173 175 178 182 184 185 188 189 194 197 199 201 207 210 217 
79 52 2 10 12 17 22 25 33 35 45 46 47 49 57 59 63 65 73 77 78 82 86 89 90 97 101 102 106 107 111 115 118 126 132 135 137 139 140 158 166 167 168 170 180 184 187 193 198 201 203 206 209 219 
80 48 2 6 9 15 22 23 25 27 28 30 31 32 33 34 37 40 41 44 50 52 54 70 72 82 91 94 98 99 105 107 112 113 135 136 140 146 149 153 162 166 172 179 183 190 197 198 204 217 
81 48 0 3 13 16 18 22 23 30 34 37 46 48 49 53 70 72 74 95 96 100 105 106 108 110 115 125 135 138 139 140 153 157 163 164 167 169 173 178 179 183 187 195 198 206 207 209 217 218 
82 44 4 7 9 12 14 22 28 40 47 53 59 61 63 67 69 73 74 75 77 79 80 92 96 105 107 111 115 119 126 128 141 151 154 162 164 172 178 189 195 197 202 204 213 219 
83 48 12 13 20 21 23 26 31 33 39 40 41 43 45 47 49 50 52 62 71 91 95 111 112 113 114 116 121 124 126 130 134 136 137 138 146 147 156 162 170 174 177 178 185 192 194 207 215 219 
84 46 0 3 6 19 28 29 30 31 38 44 53 63 66 67 71 87 94 101 105 107 114 115 118 125 126 127 129 135 137 138 150 153 154 156 168 170 175 177 182 194 202 205 210 211 218 219 
85 41 14 20 25 28 29 32 35 39 45 46 47 58 61 64 67 69 70 77 94 95 108 114 115 118 119 120 121 123 125 126 129 149 166 176 177 182 188 190 208 210 214 
86 40 2 5 6 7 8 11 21 22 27 28 29 35 49 55 60 69 75 79 89 93 115 131 132 133 144 147 148 151 153 156 164 165 166 168 169 175 182 192 199 219 
87 52 1 4 13 19 23 40 44 46 53 62 64 65 84 88 92 94 97 99 109 120 122 123 124 129 137 149 150 152 156 159 161 164 165 168 171 173 175 180 184 188 189 191 196 197 205 206 207 208 209 213 217 218 
88 33 6 15 17 18 19 20 28 30 33 35 40 46 55 56 61 69 73 87 108 112 116 118 120 125 129 138 166 170 177 178 187 195 205 
89 39 3 11 17 26 32 38 39 46 48 52 70 74 75 79 86 105 108 110 115 119 130 134 137 138 139 142 143 149 158 164 178 190 191 196 199 202 203 210 216 
90 48 4 15 23 24 28 32 34 39 42 45 46 54 56 58 66 68 69 70 74 77 79 94 96 102 104 117 123 127 129 134 141 142 143 153 156 158 162 163 165 177 181 191 196 197 199 207 215 218 
91 39 24 28 34 35 37 40 45 46 49 54 80 83 95 97 101 103 111 113 125 126 128 132 134 143 151 152 154 164 169 173 175 185 190 192 196 198 203 204 205 
92 46 1 4 7 11 18 20 22 25 32 37 45 46 49 51 55 62 82 87 93 105 116 117 120 121 122 135 144 150 160 165 167 168 169 172 176 181 183 186 187 192 203 208 212 214 215 217 
93 46 3 11 16 17 23 28 43 50 56 61 66 70 74 75 86 92 95 100 104 105 111 113 114 116 121 122 123 127 128 134 140 147 153 163 166 167 168 177 183 185 188 190 203 210 211 219 
94 47 6 8 12 13 14 20 22 23 25 27 31 35 38 44 45 56 59 60 71 72 73 80 84 85 87 90 99 101 141 144 149 156 160 165 168 169 175 179 190 196 197 203 206 211 214 218 219 
95 53 7 8 11 18 26 28 30 45 49 59 61 63 64 66 77 81 83 85 91 93 96 99 101 103 106 110 111 112 121 122 126 130 133 134 146 158 163 169 174 179 184 185 192 193 194 195 201 202 208 209 215 216 217 
96 45 5 6 9 11 17 21 29 52 53 56 58 68 81 82 90 95 105 106 107 109 111 112 113 115 139 143 145 146 147 148 155 158 160 164 165 167 169 180 188 201 205 209 210 214 216 
97 49 6 14 16 19 21 25 27 30 31 44 47 54 56 59 63 66 68 74 79 87 91 98 99 102 113 118 121 125 126 130 131 132 135 141 144 145 150 152 153 156 160 161 171 173 176 182 191 202 213 
98 34 6 16 24 57 64 66 77 80 97 99 100 109 117 120 123 124 128 130 131 135 145 155 158 161 162 165 180 189 195 202 207 212 214 219 
99 62 6 9 11 20 23 25 27 31 32 33 35 37 40 41 51 53 55 56 65 67 70 72 73 77 80 87 94 95 97 98 100 103 105 106 108 112 120 122 125 142 151 152 156 157 166 168 169 174 176 179 182 185 195 196 199 202 204 205 208 210 213 219 
100 35 8 11 18 36 37 41 45 47 50 54 57 58 60 62 68 78 81 93 98 99 106 111 118 159 164 167 168 170 187 189 194 202 205 215 216 
101 39 3 7 13 16 44 55 56 58 72 78 79 84 91 94 95 103 105 112 125 132 137 141 143 154 158 159 164 168 170 171 172 175 187 191 193 203 204 208 210 
102 39 0 15 18 19 21 30 41 42 44 45 48 50 55 56 67 71 73 74 75 77 79 90 97 110 117 123 129 130 132 159 171 190 191 199 200 201 203 205 210 
103 40 1 9 14 24 28 29 31 40 44 56 61 63 91 95 99 101 105 111 117 118 123 128 130 133 136 142 149 159 162 172 174 177 180 182 183 184 187 194 196 217 
104 51 5 6 11 20 22 24 27 28 29 43 47 54 65 78 90 93 106 107 112 113 117 118 119 120 126 129 130 131 132 136 138 139 140 143 145 150 158 160 171 174 178 185 188 191 192 193 204 206 208 216 219 
105 45 2 5 12 29 32 37 40 41 42 44 56 68 71 72 80 81 82 84 89 92 93 96 99 101 103 110 111 112 114 119 125 127 136 138 140 142 145 146 167 180 183 184 204 207 211 
106 51 9 11 12 17 22 28 30 32 46 48 49 56 57 64 71 72 79 81 95 96 99 100 104 107 109 112 113 114 118 122 125 132 135 136 141 142 151 155 161 165 178 180 181 190 198 202 205 208 209 214 217 
107 51 5 7 9 10 19 27 37 41 43 70 74 75 76 79 80 82 84 96 104 106 119 124 126 127 133 134 135 139 141 146 147 150 151 156 158 169 175 176 177 181 184 185 186 188 194 200 204 206 212 215 219 
108 51 9 10 13 14 29 36 37 41 45 47 49 59 64 67 69 73 81 85 88 89 99 115 118 125 126 127 128 129 132 138 140 145 153 160 161 163 164 166 168 172 179 185 187 191 195 198 199 200 205 213 216 
109 46 7 8 15 18 20 26 30 35 37 51 59 63 64 67 74 76 77 87 96 98 106 113 117 140 142 144 148 157 159 160 161 162 165 170 174 175 185 188 191 203 204 212 214 216 218 219 
110 45 3 5 7 13 15 17 25 32 35 40 52 55 62 68 69 72 81 89 95 102 105 111 114 116 119 121 129 130 142 145 151 152 167 168 170 171 172 174 181 189 195 202 207 209 217 
111 54 8 9 14 18 19 24 31 34 36 43 45 50 52 60 69 71 74 76 77 79 82 83 91 93 95 96 100 103 105 110 116 117 126 133 145 146 148 152 159 164 165 167 172 173 177 181 184 194 197 199 206 207 216 218 
112 49 1 6 12 14 18 21 38 40 41 44 48 52 54 60 65 74 77 80 83 88 95 96 99 101 104 105 106 116 125 126 128 131 138 149 153 155 161 162 170 171 178 180 181 190 196 208 211 214 218 
113 51 10 15 20 26 35 47 48 59 62 64 66 67 69 70 73 80 83 91 93 96 97 104 106 109 128 131 136 139 140 141 148 149 153 154 155 159 164 165 167 168 173 174 175 179 183 194 201 208 212 215 216 
114 47 1 6 9 11 13 23 24 29 37 38 44 45 46 52 54 56 64 70 71 72 83 84 85 93 105 106 110 115 116 125 126 135 160 164 171 179 181 186 190 194 197 199 205 210 211 216 219 
115 42 1 7 14 20 40 45 49 50 54 55 56 58 63 74 79 81 82 84 85 86 89 96 108 114 118 124 127 133 136 141 145 151 159 160 165 175 187 189 197 204 211 219 
116 47 0 2 3 7 8 10 13 14 18 21 24 25 51 56 59 63 67 73 75 76 83 88 92 93 110 111 112 114 119 124 128 134 135 137 154 161 174 175 179 180 181 187 190 194 195 204 211 
117 37 3 7 11 18 19 22 44 45 48 53 56 58 62 65 66 68 69 75 90 92 98 102 103 104 109 111 124 137 139 150 181 187 189 195 197 213 216 
118 48 5 12 13 17 18 21 29 37 46 55 58 67 71 79 84 85 88 97 100 103 104 106 108 115 119 125 126 127 128 129 130 131 135 150 153 162 165 168 173 174 176 179 183 185 191 197 207 208 
119 40 3 5 13 29 36 40 43 60 64 71 82 85 89 104 105 107 110 116 118 121 122 127 131 135 138 145 156 157 158 161 163 185 194 195 203 206 208 211 213 218 
120 42 2 3 14 18 21 22 26 27 33 37 39 40 76 77 85 87 88 92 98 99 104 126 128 129 131 134 135 136 138 150 154 163 167 170 172 183 184 196 198 202 205 206 
121 52 0 3 5 16 17 20 21 22 23 25 29 30 32 36 48 52 62 65 66 67 77 78 83 85 92 93 95 97 110 119 123 127 131 138 145 147 148 149 153 163 164 166 174 175 180 182 183 191 206 210 214 216 
122 44 7 9 14 16 18 26 27 33 35 47 57 60 65 72 73 87 92 93 95 99 106 119 125 129 142 144 149 150 153 154 158 163 169 170 171 174 178 179 180 181 201 206 213 218 
123 37 5 6 17 23 30 34 37 45 63 74 85 87 90 93 98 102 103 121 127 128 151 152 153 163 165 166 168 170 173 191 198 199 205 206 208 216 218 
124 43 1 3 5 6 20 24 37 48 52 54 56 58 68 69 72 73 75 77 83 87 98 107 115 116 117 126 133 134 139 143 146 151 154 161 167 168 176 177 182 188 198 208 211 
125 49 14 22 28 30 38 43 45 48 49 60 63 69 70 72 73 74 76 81 84 85 88 91 97 99 101 105 106 108 112 114 118 122 134 135 141 145 147 155 169 175 186 187 192 197 199 204 213 215 216 
126 52 0 7 11 12 21 32 38 42 44 51 54 56 61 67 68 69 71 75 79 82 83 84 85 91 95 97 104 107 108 111 112 114 118 120 124 130 135 144 158 161 162 170 178 179 189 196 212 213 214 216 217 219 
127 45 12 21 26 27 29 30 31 42 45 51 55 61 68 73 84 90 93 105 107 108 115 118 119 121 123 128 132 141 146 157 159 163 172 173 176 180 181 187 188 190 198 199 214 215 218 
128 43 1 7 13 15 18 19 24 31 34 52 56 57 58 60 65 66 77 82 91 93 98 103 108 112 113 116 118 120 123 127 140 158 167 169 179 185 196 197 198 200 210 213 214 
129 40 10 12 16 26 41 48 56 57 62 63 64 65 67 72 84 85 87 88 90 102 104 108 110 118 120 122 131 132 134 137 146 152 154 164 181 182 183 196 206 219 
130 50 3 4 8 10 19 20 25 28 29 34 38 40 45 46 48 49 51 53 57 60 66 72 83 89 95 97 98 102 103 104 110 118 126 133 136 138 139 147 148 153 155 160 163 164 167 170 185 193 195 199 
131 55 5 6 10 21 24 26 28 32 37 40 47 51 58 60 63 64 68 69 72 76 86 97 98 104 112 113 118 119 120 121 129 132 134 137 140 147 148 151 152 153 160 164 168 169 171 176 179 182 185 187 190 192 197 202 209 
132 48 6 8 10 16 23 41 42 45 47 49 51 56 59 60 71 73 75 79 86 91 97 101 102 104 106 108 127 129 131 133 135 140 141 149 156 161 171 174 175 176 185 188 191 204 206 208 211 217 
133 44 0 1 6 27 36 39 45 46 49 69 71 75 86 95 103 107 111 115 124 130 132 139 142 145 155 156 161 165 170 171 172 174 182 188 189 191 192 193 196 204 207 209 214 218 
134 47 3 8 12 15 17 18 19 20 23 26 28 35 39 41 43 46 50 55 60 61 63 70 78 83 89 90 91 93 95 107 116 120 124 125 129 131 140 143 145 165 175 180 198 207 209 210 219 
135 56 4 9 11 15 22 28 31 33 35 49 50 54 58 63 65 66 67 79 80 81 84 92 97 98 106 107 114 116 118 119 120 125 126 132 136 139 144 146 150 157 158 162 167 168 169 171 173 177 186 189 192 195 199 212 216 217 
136 41 0 6 14 16 21 26 28 39 56 68 75 76 80 83 103 104 105 106 113 115 120 130 135 139 140 152 159 160 169 170 177 179 192 194 200 202 211 213 215 216 219 
137 34 14 15 25 37 39 42 43 59 64 71 77 79 83 84 87 89 101 116 117 129 131 138 140 151 163 165 168 179 190 200 201 203 207 212 
138 42 1 7 16 20 30 35 43 46 52 54 59 62 66 68 72 73 81 83 84 88 89 104 105 108 112 119 120 121 130 137 147 148 149 150 159 163 170 182 195 199 206 209 
139 62 6 11 12 16 24 25 26 30 32 39 44 48 51 52 53 56 58 63 65 70 73 78 79 81 89 96 104 107 113 117 124 130 133 135 136 140 141 145 146 154 161 163 165 170 171 173 174 176 177 184 188 189 194 197 198 199 202 203 208 209 211 213 
140 43 0 10 15 24 25 48 57 59 62 65 72 79 80 81 93 104 105 108 109 113 128 131 132 134 136 137 139 142 145 147 166 171 175 180 182 191 194 196 203 205 210 212 219 
141 46 4 27 28 31 33 37 44 45 50 53 58 59 60 64 70 75 76 82 90 94 97 101 106 107 113 115 125 127 132 139 147 151 154 162 165 170 171 179 180 181 184 199 205 211 215 219 
142 42 3 9 10 15 31 33 36 49 52 58 60 68 69 70 89 90 99 103 105 106 109 110 122 133 140 148 149 155 162 166 172 178 184 185 190 194 195 196 200 204 205 218 
143 41 5 13 15 23 25 35 39 57 59 68 70 72 77 89 90 91 96 101 104 124 134 144 152 154 155 156 158 166 176 177 178 186 190 192 194 201 205 207 208 209 210 
144 37 7 9 28 31 35 43 46 47 48 51 53 54 56 68 86 92 94 97 109 122 126 135 143 146 152 165 170 181 183 185 187 188 204 206 212 218 219 
145 45 1 4 7 8 20 25 26 37 49 51 57 58 63 64 67 73 77 96 97 98 104 105 108 110 111 115 119 121 125 133 134 139 140 149 154 155 159 172 173 185 188 196 207 208 212 
146 36 6 13 20 40 53 54 62 69 71 76 77 80 83 95 96 105 107 111 124 127 129 135 139 144 150 151 160 163 164 165 174 183 185 199 200 209 
147 35 12 13 17 25 27 53 56 58 69 70 71 72 77 83 86 93 96 107 121 125 130 131 138 140 141 155 161 164 167 168 172 175 181 186 215 
148 38 12 22 23 26 27 34 38 50 58 59 67 68 71 78 86 96 109 111 113 121 130 131 138 142 149 156 163 169 175 178 182 186 187 198 200 202 204 205 
149 45 0 4 9 14 18 25 29 31 41 53 54 56 61 62 67 68 71 80 85 87 89 94 103 112 113 121 122 132 138 142 145 148 160 163 164 176 178 179 182 185 188 195 206 208 219 
150 43 1 2 7 10 23 24 26 37 48 51 63 65 68 69 74 75 84 87 92 97 104 107 117 118 120 122 135 138 146 158 161 167 168 169 174 179 192 200 201 203 207 210 217 
151 46 3 7 15 17 19 22 45 47 53 56 59 64 72 78 82 86 91 99 106 107 110 115 123 124 131 137 141 146 152 154 162 166 174 176 178 180 188 189 190 193 196 199 202 204 214 215 
152 40 1 5 17 18 23 32 43 48 50 51 54 56 58 66 67 77 87 91 97 99 110 111 123 129 131 136 143 144 151 157 161 164 169 185 189 194 197 199 202 212 
153 37 14 32 44 46 54 59 69 70 80 81 84 86 90 93 97 108 112 113 118 121 122 123 130 131 157 160 161 176 181 183 188 190 191 194 207 208 217 
154 42 3 6 14 18 21 22 40 42 43 50 58 60 69 74 82 84 91 101 113 116 120 122 124 129 139 141 143 145 151 156 157 158 171 174 176 177 194 195 203 210 213 216 
155 50 8 14 26 27 33 34 45 47 48 56 57 60 62 66 67 73 77 78 96 98 106 112 113 125 130 133 142 143 145 147 158 159 162 165 167 169 170 176 177 180 187 191 195 197 198 199 200 205 206 208 
156 41 4 6 16 23 24 27 29 30 33 61 67 73 74 76 78 83 84 86 87 90 94 97 99 107 119 132 133 143 148 154 157 158 161 164 174 182 189 192 203 214 216 
157 37 2 3 10 16 28 36 45 47 49 56 61 65 67 68 73 81 99 109 119 127 135 152 153 154 156 160 163 167 170 175 177 178 184 196 208 214 219 
158 43 4 5 9 12 16 18 21 37 40 43 46 58 68 74 78 79 89 90 95 96 98 101 104 107 119 122 126 128 135 143 150 154 155 156 172 173 175 177 187 190 191 208 217 
159 42 1 4 5 16 19 20 23 29 33 38 43 51 54 65 74 87 100 101 102 103 109 111 113 115 127 136 138 145 155 160 174 179 181 182 185 188 194 200 203 205 214 215 
160 39 5 6 7 15 21 25 27 33 48 56 57 65 92 94 96 97 104 108 109 114 115 130 131 136 146 149 153 157 159 162 166 170 180 181 200 201 202 211 218 
161 49 1 2 13 15 17 20 23 28 36 38 40 47 54 55 58 59 70 73 76 87 97 98 106 108 109 112 116 119 124 126 132 133 139 147 150 152 153 156 173 181 182 184 192 193 194 199 205 209 212 
162 44 0 7 11 15 17 18 19 23 34 44 45 53 56 60 63 67 80 82 83 90 98 103 109 112 118 126 135 141 142 151 155 160 164 168 169 171 183 192 197 206 212 214 216 217 
163 46 0 4 7 12 24 31 35 38 39 42 54 60 63 66 67 71 72 78 81 90 93 95 108 119 120 121 122 123 127 130 137 138 139 146 148 149 157 165 184 199 201 206 207 209 216 218 
164 42 0 4 6 16 18 23 37 38 52 55 59 68 78 81 82 86 87 89 91 96 100 101 108 111 113 114 121 129 130 131 146 147 149 152 156 162 166 180 188 190 201 202 
165 43 5 27 30 41 44 51 53 63 70 75 78 86 87 90 92 94 96 98 106 109 111 113 115 118 123 133 134 137 139 141 144 146 155 163 170 174 176 177 179 182 200 216 218 
166 37 0 4 5 14 16 24 29 40 46 49 57 69 74 77 79 80 85 86 88 93 99 108 121 123 140 142 143 151 160 164 167 172 179 182 187 192 207 
167 46 3 5 13 23 25 33 50 53 54 57 61 62 68 71 76 78 79 81 92 93 96 100 105 110 111 113 120 124 128 130 135 147 150 155 157 166 175 180 181 182 194 195 200 202 204 213 
168 45 6 18 19 22 25 32 39 43 45 69 72 79 84 86 87 92 93 94 99 100 101 108 110 113 118 123 124 131 135 137 147 150 162 170 178 181 188 195 196 202 206 208 214 216 217 
169 53 3 6 13 14 16 23 24 26 30 32 37 47 49 64 65 73 75 81 86 91 92 94 95 96 99 107 122 125 128 131 135 136 148 150 152 155 162 181 182 184 194 196 200 204 205 208 210 212 215 216 217 218 219 
170 39 5 10 22 29 37 49 53 61 66 72 74 79 83 84 88 100 101 109 110 112 120 122 123 126 130 133 136 138 139 141 144 155 157 160 165 168 187 206 209 
171 37 2 12 19 20 25 31 35 38 45 51 55 68 87 97 101 102 104 110 112 114 122 131 132 133 135 139 140 141 154 162 179 183 187 190 196 208 210 
172 38 8 13 22 26 27 29 39 41 50 58 60 64 72 75 80 82 92 101 103 108 110 111 120 127 133 142 145 147 158 166 181 182 197 199 201 209 212 215 
173 51 0 2 3 4 8 10 13 18 19 21 24 30 35 42 44 45 51 53 59 62 63 66 70 77 78 81 87 91 97 111 113 118 123 127 135 139 145 158 161 174 186 188 190 197 202 205 206 209 213 215 216 
174 52 0 5 11 19 22 23 27 28 29 30 32 35 36 47 59 70 73 74 76 83 95 99 103 104 109 110 113 116 118 121 122 132 133 139 146 150 151 154 156 159 165 173 177 187 191 192 193 200 202 207 209 213 
175 55 0 10 17 22 24 26 34 36 38 39 44 46 53 56 66 68 72 73 78 84 86 87 91 94 101 107 109 113 115 116 121 125 132 134 140 147 148 157 158 167 180 181 184 187 189 199 201 205 209 211 212 213 214 217 219 
176 44 0 1 4 5 9 12 23 24 25 37 40 42 43 54 58 69 73 76 85 92 97 99 107 118 124 127 131 132 139 143 149 151 153 154 155 165 182 192 195 199 209 211 214 216 
177 49 1 6 8 9 14 17 20 29 30 37 40 46 48 50 61 64 65 70 71 72 83 84 85 88 90 93 103 107 111 124 135 136 139 143 154 155 157 158 165 174 179 188 190 201 205 207 209 210 218 
178 44 1 3 4 6 7 20 28 30 31 32 51 60 71 72 74 78 81 82 83 88 89 104 106 112 122 126 142 143 148 149 151 157 168 181 185 186 188 197 207 211 212 215 216 219 
179 48 4 6 15 17 23 26 30 32 33 34 52 56 63 65 66 67 68 72 80 81 94 95 99 108 113 114 116 118 122 126 128 131 136 137 141 149 150 159 165 166 171 177 185 188 189 195 197 215 
180 46 2 4 17 25 29 31 35 40 43 46 47 48 49 55 56 58 60 61 69 79 87 96 98 103 105 106 112 116 121 122 127 134 140 141 151 155 160 164 167 175 184 185 188 195 200 215 
181 47 0 6 9 16 29 30 32 37 41 50 52 55 58 74 77 90 92 106 107 110 111 112 114 116 117 122 127 129 141 144 147 153 159 160 161 167 168 169 172 175 178 184 190 193 199 208 211 
182 44 2 17 21 24 35 38 44 45 75 78 84 85 86 97 99 103 121 124 129 131 133 138 140 148 149 156 159 161 165 166 167 169 172 176 189 195 196 197 199 200 207 208 214 218 
183 38 0 3 11 15 20 22 36 42 45 46 47 54 62 67 75 80 81 92 93 103 105 113 118 120 121 129 144 146 153 162 171 197 201 202 208 209 217 218 
184 45 4 6 11 17 19 20 21 24 36 41 43 49 52 56 57 72 73 75 78 79 87 95 103 105 107 111 120 139 141 142 157 161 163 169 175 180 181 185 186 187 199 204 207 209 218 
185 47 0 4 17 20 25 29 32 33 48 51 54 57 64 69 76 78 83 91 93 95 99 104 107 108 109 118 119 128 130 131 132 142 144 145 146 149 152 159 178 179 180 184 191 204 206 207 209 
186 31 10 13 21 28 32 47 51 54 58 61 62 63 65 92 107 114 125 135 143 147 148 173 178 184 196 202 207 208 209 215 216 
187 42 6 14 25 26 34 37 38 40 47 48 55 59 79 81 88 92 100 101 103 108 115 116 117 125 127 131 144 148 155 158 166 170 171 174 175 184 192 199 205 209 210 211 
188 47 3 5 12 19 20 27 30 31 32 41 42 44 57 68 74 78 85 87 93 96 104 107 109 124 127 132 133 139 144 145 149 151 153 159 164 168 173 177 178 179 180 198 201 210 211 215 219 
189 37 1 3 21 23 34 42 45 50 57 68 78 82 87 98 100 110 115 117 126 133 135 139 151 152 156 175 179 182 199 200 205 207 208 212 216 217 219 
190 45 1 2 3 9 11 12 23 24 30 33 38 47 57 61 62 66 68 70 80 85 89 91 93 94 102 106 112 114 116 127 131 137 142 143 151 153 158 164 171 173 177 181 194 200 206 
191 43 5 8 13 14 19 32 39 40 42 47 49 54 55 56 61 62 65 75 87 89 90 97 101 102 104 108 109 118 121 123 132 133 140 153 155 158 174 185 193 195 197 208 211 
192 33 7 13 24 30 52 63 66 70 83 86 91 92 95 104 125 131 133 135 136 143 150 156 161 162 166 174 176 187 195 203 217 218 219 
193 29 1 9 13 17 23 24 29 35 44 53 54 62 68 70 71 79 95 101 104 130 133 151 161 174 181 191 213 215 219 
194 43 23 33 36 39 43 49 50 55 62 64 76 78 83 84 95 100 103 107 111 113 114 116 119 136 139 140 142 143 152 153 154 159 161 167 169 190 196 197 200 203 207 216 219 
195 46 9 14 15 22 30 31 38 42 46 48 53 59 66 67 70 72 81 82 88 95 98 99 108 110 116 117 119 130 135 138 142 149 154 155 167 168 176 179 180 182 191 192 204 208 209 217 
196 41 5 7 16 19 26 32 43 51 53 63 65 66 68 75 76 87 89 90 91 94 99 103 112 120 126 128 129 133 140 142 145 151 157 168 169 171 182 186 194 199 203 
197 43 0 5 6 8 25 28 42 45 47 58 60 66 75 78 80 82 87 90 94 111 114 115 117 118 125 128 131 139 152 155 162 172 173 178 179 182 183 191 194 210 211 213 216 
198 32 1 15 21 23 38 39 40 44 52 54 61 76 79 80 81 91 106 108 120 123 124 127 128 134 139 148 155 188 200 202 204 214 
199 47 1 19 29 33 34 37 40 49 52 55 69 78 86 89 90 99 102 108 111 114 123 125 127 130 135 138 139 141 146 151 152 155 161 163 172 175 176 181 182 184 187 189 196 202 211 213 215 
200 39 0 6 13 17 29 36 38 40 48 56 61 63 68 75 102 107 108 128 136 137 142 146 148 150 155 159 160 165 167 169 174 180 182 189 190 194 198 208 212 
201 36 18 35 38 41 49 51 52 60 62 64 67 69 77 78 79 95 96 102 113 122 137 143 150 160 163 164 172 175 177 183 188 203 212 213 217 219 
202 50 0 2 6 7 8 13 14 23 26 32 34 36 45 55 57 60 67 82 84 89 95 97 98 99 100 106 110 120 131 136 139 148 151 152 160 164 167 168 173 174 183 186 198 199 204 205 208 210 216 218 
203 36 2 7 9 14 22 41 48 58 62 68 70 79 89 91 92 93 94 101 102 109 119 137 139 140 150 154 156 159 192 194 196 201 207 208 210 214 
204 40 5 13 19 33 35 47 48 57 60 62 65 69 75 76 80 82 91 99 101 104 105 107 109 115 116 125 132 133 142 144 148 151 167 169 184 185 195 198 202 216 
205 49 0 3 4 6 23 28 29 30 34 37 48 59 60 63 64 68 74 75 77 84 87 88 91 96 99 100 102 106 108 114 120 123 140 141 142 143 148 155 159 161 169 173 175 177 187 189 202 207 212 
206 43 1 4 7 8 12 22 25 26 32 33 47 51 57 68 70 71 79 81 87 94 104 107 111 119 120 121 122 123 129 132 138 144 149 155 162 163 168 170 173 185 190 208 212 
207 46 12 14 17 41 48 51 55 63 65 73 74 77 78 81 83 87 90 98 105 110 111 118 133 134 137 143 145 150 153 163 166 174 177 178 182 184 185 186 189 194 203 205 209 211 214 218 
208 64 4 5 14 15 18 24 28 29 30 35 36 38 40 41 42 46 53 55 56 57 60 65 66 67 73 85 87 92 95 99 101 104 106 112 113 118 119 123 124 132 139 143 145 149 153 155 157 158 168 169 171 181 182 183 186 189 191 195 200 202 203 206 210 216 
209 47 6 9 12 21 24 29 30 33 34 37 42 46 57 59 75 79 81 87 95 96 106 110 131 133 134 138 139 143 146 161 163 170 172 173 174 175 176 177 183 184 185 186 187 195 207 213 214 
210 48 9 10 11 14 20 24 25 27 35 44 45 48 50 51 55 61 66 67 69 70 71 74 78 84 85 89 93 96 99 101 102 114 121 128 134 140 143 150 154 169 171 177 187 188 197 202 203 208 
211 41 12 20 23 24 26 28 30 36 44 52 53 67 70 72 75 76 84 93 94 105 112 114 115 116 119 124 132 136 139 141 160 175 176 178 181 187 188 191 197 199 207 
212 45 2 10 13 15 19 23 30 31 34 40 42 46 49 58 67 68 69 71 72 76 92 98 107 109 113 126 135 137 140 144 145 152 161 162 169 172 175 178 189 200 201 205 206 217 219 
213 37 16 19 21 28 38 39 61 62 67 73 82 87 97 99 108 117 119 122 125 126 128 136 139 154 167 173 174 175 193 197 199 201 209 215 216 217 218 
214 49 0 3 10 13 15 16 18 32 36 42 44 46 49 50 54 57 61 65 66 67 76 85 92 94 96 98 106 109 112 121 126 127 128 133 151 156 157 159 162 168 175 176 182 198 203 207 209 215 217 
215 46 8 12 23 28 29 30 31 32 34 46 48 49 57 59 65 67 73 76 83 90 92 95 100 107 113 125 127 136 141 147 151 159 169 172 173 178 179 180 186 188 193 199 213 214 216 219 
216 56 0 6 8 12 23 32 36 38 41 42 48 51 56 59 62 67 70 71 72 89 95 96 100 104 108 109 111 113 114 117 121 123 125 126 135 136 154 156 162 163 165 168 169 173 176 178 186 189 194 197 202 204 208 213 215 219 
217 46 0 3 4 12 14 15 20 26 29 39 40 43 48 51 52 54 55 65 76 78 80 81 87 92 95 103 106 110 126 132 135 150 153 158 162 168 169 175 183 189 192 195 201 212 213 214 
218 45 8 9 13 16 20 28 33 34 47 49 51 55 59 63 64 67 70 77 81 84 87 90 94 109 111 112 119 122 123 127 133 142 144 160 163 165 169 177 182 183 184 192 202 207 213 
219 49 6 11 12 20 22 24 31 32 35 39 40 41 52 75 79 82 83 84 86 93 94 98 99 104 107 109 114 115 126 129 134 136 140 141 144 149 157 169 175 178 188 189 192 193 194 201 212 215 216 
