220 2437
0 16 4 7 61 76 81 121 140 163 173 175 176 183 200 202 216 217 
1 18 2 21 49 51 67 103 115 133 145 159 176 177 178 189 190 193 199 206 
2 21 1 10 12 23 33 50 56 57 60 65 72 79 80 86 105 116 161 171 180 190 202 
3 29 30 32 39 41 46 50 55 56 71 73 76 78 81 89 93 101 110 116 117 119 121 151 157 169 173 183 205 214 217 
4 20 0 16 18 25 27 38 50 56 59 73 87 90 135 141 145 158 159 163 164 179 
5 17 6 17 28 67 74 105 107 118 121 124 143 158 159 160 170 196 204 
6 25 5 26 37 68 80 86 94 96 99 104 124 131 133 139 154 156 160 164 168 169 178 184 187 216 219 
7 24 0 18 33 40 43 61 66 74 78 82 92 107 109 115 116 117 122 126 128 151 162 163 192 196 
8 17 10 38 41 47 86 94 100 109 111 130 132 172 197 202 206 215 216 
9 18 20 29 31 57 60 72 96 99 106 107 108 135 144 177 181 190 203 218 
10 21 2 8 14 23 35 37 39 58 62 70 73 74 107 108 113 116 129 131 140 157 170 
11 16 14 27 48 51 65 68 86 92 93 95 96 100 106 126 183 210 
12 21 2 17 30 36 39 61 68 72 73 79 83 105 106 112 129 147 158 171 188 209 216 
13 29 14 16 18 37 39 49 57 64 67 70 83 94 101 108 110 114 118 119 128 146 169 172 186 192 202 204 212 214 218 
14 21 10 11 13 23 25 28 72 94 103 111 116 122 137 153 155 166 169 195 207 208 217 
15 21 17 34 36 47 60 68 75 80 109 110 113 135 142 160 161 162 183 195 198 212 217 
16 20 4 13 37 54 76 81 93 101 121 122 138 139 156 159 164 166 169 181 214 218 
17 18 5 12 15 30 39 40 43 55 56 72 93 96 110 118 134 162 179 180 
18 19 4 7 13 33 35 41 65 76 81 102 109 111 112 120 152 154 164 168 208 
19 18 23 24 39 47 48 69 102 128 134 151 159 162 168 171 174 191 196 204 
20 26 9 23 32 41 53 55 58 83 85 94 104 109 113 138 145 146 159 171 177 183 184 188 210 217 218 219 
21 21 1 35 39 41 46 52 56 61 68 96 97 102 112 127 131 158 160 186 198 209 213 
22 10 40 69 80 81 120 154 170 183 203 219 
23 27 2 10 14 19 20 83 87 90 94 99 114 132 134 148 150 152 159 161 162 167 169 174 176 189 198 215 216 
24 25 19 34 45 56 74 90 91 103 104 114 124 128 131 140 150 169 173 175 176 182 184 192 193 209 211 
25 24 4 14 29 62 73 75 77 79 80 85 94 97 99 130 139 140 143 145 147 149 160 167 168 197 
26 17 6 39 41 56 78 95 113 122 129 131 134 145 148 155 179 206 211 
27 18 4 11 37 45 65 73 78 86 97 99 104 133 148 156 160 174 188 210 
28 22 5 14 41 46 48 54 82 85 86 93 106 131 135 136 141 161 178 208 211 213 215 218 
29 25 9 25 31 32 33 51 71 76 77 85 103 105 108 118 119 121 130 149 177 180 193 200 205 215 217 
30 21 3 12 17 46 50 80 97 106 121 127 139 156 165 173 177 178 179 181 192 211 215 
31 23 9 29 40 55 62 64 66 67 74 83 84 99 111 141 144 149 163 171 178 180 188 195 215 
32 26 3 20 29 63 78 80 85 90 92 99 105 110 121 126 131 139 168 178 181 185 186 191 196 206 214 216 
33 22 2 7 18 29 43 50 53 63 64 66 83 99 122 141 142 155 179 185 190 194 204 209 
34 17 15 24 70 71 74 90 123 128 148 162 179 187 199 202 212 215 218 
35 27 10 18 21 38 50 52 54 56 57 58 61 71 75 79 85 88 94 109 135 143 163 171 180 182 193 201 208 
36 18 12 15 57 62 64 72 100 108 111 121 157 174 175 184 194 200 211 216 
37 28 6 10 13 16 27 38 59 64 68 73 81 91 99 100 105 107 120 131 145 150 158 170 176 177 187 199 205 209 
38 24 4 8 35 37 45 50 72 89 94 114 125 126 148 161 164 171 175 187 195 198 201 208 213 216 
39 20 3 10 12 13 17 19 21 26 73 74 83 85 89 90 120 163 168 175 217 219 
40 25 7 17 22 31 46 50 52 53 60 70 80 83 87 103 105 130 154 166 177 187 191 198 199 212 219 
41 22 3 8 18 20 21 26 28 53 99 102 107 108 134 149 165 172 184 188 201 203 207 208 
42 13 48 53 61 63 90 105 173 176 183 189 195 212 214 
43 19 7 17 33 70 77 93 107 111 119 125 137 138 144 154 159 168 176 180 194 
44 15 58 87 94 102 103 117 126 139 141 165 173 175 182 193 214 
45 32 24 27 38 52 61 64 68 69 71 74 78 79 83 90 92 94 95 100 102 108 111 114 117 130 132 133 141 151 162 171 183 210 
46 26 3 21 28 30 40 49 51 59 69 77 79 85 91 130 133 134 138 144 153 158 175 180 208 212 214 215 
47 22 8 15 19 54 55 69 82 97 108 122 131 132 144 174 183 187 190 191 197 204 206 218 
48 19 11 19 28 42 56 68 73 76 89 112 124 125 139 140 150 160 187 203 210 
49 23 1 13 46 58 59 81 86 91 92 95 106 132 133 142 145 169 170 184 191 194 201 212 218 
50 22 2 3 4 30 33 35 38 40 62 67 78 83 93 100 115 135 141 148 152 181 189 210 
51 19 1 11 29 46 61 67 68 69 78 92 127 131 132 145 152 171 173 185 206 
52 19 21 35 40 45 55 63 110 111 112 121 124 139 142 164 179 181 184 199 211 
53 19 20 33 40 41 42 57 68 77 81 82 96 99 139 147 165 167 175 193 211 
54 20 16 28 35 47 80 91 100 104 112 114 135 138 144 146 152 161 167 185 186 214 
55 26 3 17 20 31 47 52 56 62 78 86 88 92 101 118 127 134 161 164 171 187 194 207 208 210 217 218 
56 37 2 3 4 17 21 24 26 35 48 55 63 78 88 93 96 97 99 101 103 105 115 116 117 124 129 132 136 139 151 157 160 162 179 184 191 200 216 
57 11 2 9 13 35 36 53 106 145 204 206 215 
58 20 10 20 35 44 49 59 100 101 115 117 124 135 145 147 148 161 172 180 197 203 
59 24 4 37 46 49 58 66 75 79 82 108 109 116 137 138 143 153 164 173 187 195 205 215 216 218 
60 20 2 9 15 40 71 78 86 94 112 122 125 128 134 142 162 172 178 197 204 208 
61 21 0 7 12 21 35 42 45 51 68 93 127 149 156 157 177 180 191 200 210 213 214 
62 20 10 25 31 36 50 55 64 66 87 117 140 146 155 183 186 190 193 194 201 203 
63 24 32 33 42 52 56 71 72 74 77 82 97 115 116 125 129 131 145 150 162 173 192 196 205 218 
64 20 13 31 33 36 37 45 62 77 98 108 109 119 129 131 145 169 185 194 205 218 
65 16 2 11 18 27 76 104 112 121 128 157 169 186 191 196 208 215 
66 18 7 31 33 59 62 68 71 76 95 97 113 117 152 170 175 195 197 210 
67 26 1 5 13 31 50 51 71 84 85 99 102 108 109 121 129 135 145 148 156 157 183 202 210 211 214 216 
68 31 6 11 12 15 21 37 45 48 51 53 61 66 77 96 100 124 126 127 131 136 144 150 171 175 179 188 190 196 200 203 206 
69 21 19 22 45 46 47 51 76 82 90 108 124 126 133 150 153 154 166 180 185 201 204 
70 21 10 13 34 40 43 78 80 89 90 107 113 114 125 147 161 173 174 177 192 206 210 
71 25 3 29 34 35 45 60 63 66 67 75 84 94 111 118 119 126 132 133 147 148 163 177 193 206 216 
72 28 2 9 12 14 17 36 38 63 80 94 99 101 105 106 114 122 130 131 143 163 168 170 175 179 184 211 212 216 
73 22 3 4 10 12 25 27 37 39 48 82 94 116 122 127 156 161 169 174 175 176 213 215 
74 25 5 7 10 24 31 34 39 45 63 81 82 90 102 109 111 112 115 156 159 166 170 178 188 207 210 
75 18 15 25 35 59 71 102 107 124 126 132 136 141 169 196 197 200 204 209 
76 23 0 3 16 18 29 48 65 66 69 107 116 136 156 174 176 185 194 196 198 204 211 215 217 
77 20 25 29 43 46 53 63 64 68 79 82 95 99 109 121 124 145 166 181 205 207 
78 24 3 7 26 27 32 45 50 51 55 56 60 70 100 101 134 139 151 156 158 165 173 182 188 197 
79 19 2 12 25 35 45 46 59 77 101 102 126 137 140 158 167 180 198 206 209 
80 25 2 6 15 22 25 30 32 40 54 70 72 82 105 112 113 140 149 153 166 172 179 183 197 204 217 
81 23 0 3 16 18 22 37 49 53 74 95 96 105 110 125 139 140 157 178 183 195 207 217 218 
82 22 7 28 47 53 59 63 69 73 74 77 80 105 107 126 128 141 154 172 189 195 213 219 
83 28 12 13 20 23 31 33 39 40 45 50 95 111 112 114 116 121 124 126 134 136 146 147 156 162 170 178 192 207 
84 16 31 67 71 94 105 107 115 125 129 135 138 175 194 205 210 219 
85 20 20 25 28 29 32 35 39 46 67 94 108 114 123 125 129 176 177 190 210 214 
86 22 2 6 8 11 27 28 49 55 60 93 131 132 133 148 151 156 165 168 169 182 192 219 
87 22 4 23 40 44 62 92 97 99 120 122 124 137 149 159 161 164 171 173 175 189 197 206 
88 11 35 55 56 125 129 138 170 178 187 195 205 
89 13 3 38 39 48 70 108 115 137 139 143 178 196 202 
90 20 4 23 24 32 34 39 42 45 69 70 74 102 141 143 158 162 177 196 199 215 
91 15 24 37 46 49 54 103 113 125 132 152 169 175 190 203 204 
92 17 7 11 32 45 49 51 55 87 120 150 160 168 169 181 186 214 215 
93 24 3 11 16 17 28 43 50 56 61 86 100 104 105 111 122 134 147 153 166 168 177 190 210 211 
94 26 6 8 13 14 20 23 25 35 38 44 45 60 71 72 73 84 85 141 160 168 175 179 197 211 214 219 
95 25 11 26 45 49 66 77 81 83 101 106 111 112 130 133 169 174 184 185 194 201 202 208 209 216 217 
96 23 6 9 11 17 21 53 56 68 81 106 112 113 143 160 164 165 169 180 201 205 209 214 216 
97 26 21 25 27 30 47 56 63 66 87 98 113 118 121 125 126 131 141 144 150 152 153 156 173 191 202 213 
98 17 64 97 100 120 123 128 130 131 135 155 158 161 162 195 202 207 214 
99 36 6 9 23 25 27 31 32 33 37 41 53 56 67 72 77 87 103 105 108 112 122 152 156 166 169 174 179 185 195 196 202 204 205 208 210 219 
100 20 8 11 36 37 45 50 54 58 68 78 93 98 118 159 168 189 194 202 205 216 
101 19 3 13 16 55 56 58 72 78 79 95 103 112 158 168 172 191 203 204 208 
102 20 18 19 21 41 44 45 67 74 75 79 90 110 117 132 171 191 199 200 201 205 
103 24 1 14 24 29 40 44 56 91 99 101 105 117 118 123 133 136 142 149 159 162 174 177 187 196 
104 23 6 20 24 27 54 65 93 107 112 126 131 136 138 139 145 158 160 171 188 191 193 216 219 
105 27 2 5 12 29 32 37 40 42 56 72 80 81 82 84 93 99 103 114 119 136 138 140 142 146 167 184 207 
106 25 9 11 12 28 30 49 57 72 95 96 107 113 122 125 135 141 151 155 165 180 181 190 205 208 209 
107 37 5 7 9 10 37 41 43 70 75 76 82 84 104 106 119 124 126 133 134 139 141 151 156 158 175 176 177 181 184 185 188 200 204 206 212 215 219 
108 30 9 10 13 29 36 41 45 47 59 64 67 69 85 89 99 115 118 126 128 129 138 140 145 160 164 166 179 185 191 198 
109 24 7 8 15 18 20 35 59 64 67 74 77 140 148 157 160 162 165 174 175 185 188 214 216 219 
110 21 3 13 15 17 32 52 81 102 116 119 129 130 142 151 168 170 172 174 181 195 209 
111 29 8 14 18 31 36 43 45 52 71 74 83 93 95 116 117 126 145 148 152 159 165 172 181 184 194 197 206 207 216 
112 25 12 18 21 48 52 54 60 65 74 80 83 95 96 99 101 104 126 128 131 138 155 171 190 208 214 
113 22 10 15 20 26 66 70 80 91 96 97 106 128 136 140 154 155 164 175 179 183 212 215 
114 19 13 23 24 38 45 54 70 72 83 85 105 115 135 160 171 179 190 199 219 
115 24 1 7 50 56 58 63 74 84 89 108 114 118 124 127 133 141 145 151 160 165 175 189 204 211 
116 21 2 3 7 10 14 56 59 63 73 76 83 110 111 119 124 134 135 154 174 181 211 
117 18 3 7 44 45 56 58 62 66 102 103 111 124 137 150 181 189 213 216 
118 24 5 13 17 29 55 71 97 100 103 108 115 125 127 130 150 153 165 168 173 174 176 183 185 197 
119 19 3 13 29 43 64 71 105 107 110 116 121 122 131 135 145 161 195 206 213 
120 17 18 22 37 39 87 92 98 126 129 134 135 138 170 172 202 205 206 
121 30 0 3 5 16 29 30 32 36 52 65 67 77 83 97 119 127 131 147 148 153 163 164 166 174 175 180 182 206 214 216 
122 24 7 14 16 26 33 47 60 72 73 87 93 99 106 119 150 153 158 171 174 178 179 180 201 213 
123 17 34 85 98 103 151 152 153 163 166 168 173 191 198 199 206 208 218 
124 25 5 6 24 48 52 56 58 68 69 75 77 83 87 107 115 116 117 126 133 134 139 176 182 198 211 
125 24 38 43 48 60 63 70 81 84 85 88 91 97 106 118 134 135 141 147 186 187 192 197 213 216 
126 33 7 11 32 38 44 68 69 71 75 79 82 83 97 104 107 108 111 112 120 124 135 144 158 162 170 178 179 189 212 213 214 216 217 
127 18 21 30 51 55 61 68 73 115 118 121 128 146 157 163 173 176 180 187 
128 19 7 13 19 24 34 60 65 82 98 108 112 113 127 167 169 179 185 198 210 
129 19 10 12 26 56 63 64 67 84 85 88 108 110 120 131 134 146 152 154 164 
130 20 8 25 29 40 45 46 72 95 98 110 118 136 138 139 155 164 167 185 195 199 
131 34 6 10 21 24 26 28 32 37 47 51 63 64 68 72 86 97 98 104 112 119 121 129 140 147 148 151 164 168 176 179 182 185 190 202 
132 21 8 23 45 47 49 51 56 71 75 86 91 102 135 140 149 171 174 175 176 191 208 
133 28 1 6 27 45 46 49 69 71 86 95 103 107 115 124 145 155 156 161 165 170 171 182 188 189 191 192 207 218 
134 23 17 19 23 26 41 46 55 60 78 83 93 107 116 120 124 125 129 140 143 175 180 210 219 
135 33 4 9 15 28 35 50 54 58 67 84 98 106 114 116 119 120 125 126 132 139 144 150 157 167 168 169 171 177 186 195 212 216 217 
136 18 28 56 68 75 76 83 103 104 105 113 130 140 159 177 179 200 216 219 
137 10 14 43 59 79 87 89 117 200 201 203 
138 19 16 20 43 46 54 59 84 88 104 105 108 112 120 130 148 159 170 195 206 
139 36 6 16 25 30 32 44 48 52 53 56 78 81 89 104 107 124 130 135 140 145 163 165 170 171 173 174 176 184 188 197 198 199 203 208 211 213 
140 25 0 10 24 25 48 62 79 80 81 105 108 109 113 131 132 134 136 139 166 180 182 191 196 203 205 
141 20 4 28 31 33 44 45 50 75 82 90 94 97 106 107 115 125 162 171 211 219 
142 17 15 33 49 52 60 103 105 110 148 155 166 178 184 194 195 200 218 
143 20 5 25 35 59 72 89 90 96 134 154 156 158 177 186 190 201 205 208 209 210 
144 18 9 31 43 46 47 54 68 97 126 135 146 165 181 183 187 188 204 212 
145 26 1 4 20 25 26 37 49 51 57 58 63 64 67 77 104 108 111 115 119 133 139 149 155 159 173 188 
146 13 13 20 54 62 83 105 127 129 144 150 160 163 200 
147 15 12 25 53 58 70 71 83 93 121 125 131 168 175 181 186 
148 22 23 26 27 34 38 50 58 67 71 86 109 111 121 131 138 142 149 156 187 198 204 205 
149 16 25 29 31 41 61 80 87 103 132 145 148 160 178 182 185 208 
150 19 23 24 37 48 63 68 69 92 97 117 118 122 135 146 169 174 179 192 201 
151 23 3 7 19 45 56 78 86 106 107 110 115 123 131 152 174 178 180 188 189 190 199 202 204 
152 18 18 23 50 51 54 66 91 97 99 111 123 129 151 161 189 194 202 212 
153 17 14 46 59 69 80 93 97 118 121 122 123 181 183 188 194 207 217 
154 20 6 18 22 40 43 69 82 113 116 129 143 157 158 171 176 195 203 210 213 216 
155 27 14 26 33 62 98 106 112 113 130 133 142 145 158 159 165 167 169 170 176 177 187 191 197 199 200 205 206 
156 28 6 16 27 30 61 67 73 74 76 78 83 86 97 99 107 133 143 148 157 158 161 164 174 182 189 192 203 214 
157 20 3 10 36 56 61 65 67 81 109 127 135 154 156 160 175 177 178 184 196 208 
158 25 4 5 12 21 37 46 78 79 90 98 101 104 107 122 126 143 154 155 156 173 177 187 190 208 217 
159 24 1 4 5 16 19 20 23 43 74 87 100 103 111 136 138 145 155 160 174 179 185 200 205 215 
160 24 5 6 15 21 25 27 48 56 92 94 96 104 108 109 114 115 146 149 157 159 170 181 200 211 
161 21 2 15 23 28 38 54 55 58 70 73 87 98 119 133 152 156 173 193 199 205 209 
162 24 7 15 17 19 23 34 45 56 60 63 83 90 98 103 109 126 141 164 168 169 171 214 216 217 
163 19 0 4 7 31 35 39 71 72 121 123 127 139 146 165 199 201 206 216 218 
164 19 4 6 16 18 38 52 55 59 87 96 108 113 121 129 130 131 156 162 190 
165 20 30 41 44 53 78 86 96 106 109 111 115 118 133 139 144 155 163 176 200 218 
166 17 14 16 40 69 74 77 80 93 99 108 121 123 140 142 172 182 192 
167 13 23 25 53 54 79 105 128 130 135 155 180 194 202 
168 26 6 18 19 25 32 39 43 72 86 92 93 94 100 101 110 118 123 131 135 147 162 170 181 195 206 216 
169 32 3 6 13 14 16 23 24 49 64 65 73 75 86 91 92 95 96 99 128 135 150 155 162 181 194 196 200 204 205 208 212 217 
170 20 5 10 22 37 49 66 72 74 83 88 110 120 126 133 138 139 155 160 168 209 
171 30 2 12 19 20 31 35 38 45 51 55 68 87 102 104 112 114 122 132 133 135 139 141 154 162 179 183 190 196 208 210 
172 16 8 13 41 58 60 80 82 101 110 111 120 166 181 201 209 215 
173 28 0 3 24 30 42 44 51 59 63 70 78 87 97 118 123 127 139 145 158 161 174 186 188 190 202 205 209 215 
174 28 19 23 27 36 47 70 73 76 95 99 103 109 110 116 118 121 122 132 139 150 151 156 159 173 191 192 202 209 
175 34 0 24 36 38 39 44 46 53 66 68 72 73 84 87 91 94 107 109 113 115 121 132 134 147 157 184 189 199 201 205 209 213 214 219 
176 26 0 1 23 24 37 42 43 73 76 85 107 118 124 127 131 132 139 154 155 165 192 195 199 209 211 214 
177 28 1 9 20 29 30 37 40 61 70 71 85 90 93 103 107 135 136 143 155 157 158 179 188 205 207 209 210 218 
178 25 1 6 28 30 31 32 60 74 81 83 88 89 122 126 142 149 151 157 186 188 197 207 211 212 215 
179 28 4 17 26 30 33 34 52 56 68 72 80 94 99 108 113 114 122 126 128 131 136 150 159 171 177 185 188 197 
180 24 2 17 29 31 35 43 46 58 61 69 79 96 106 121 122 127 134 140 151 167 184 185 188 195 
181 26 9 16 30 32 50 52 77 92 106 107 110 111 116 117 144 147 153 160 168 169 172 184 190 199 208 211 
182 19 24 35 44 78 86 121 124 131 133 140 149 156 166 189 195 196 197 199 200 
183 21 0 3 11 15 20 22 42 45 47 62 67 80 81 113 118 144 153 171 197 202 209 
184 24 6 20 24 36 41 49 52 56 72 95 105 107 111 139 142 157 175 180 181 185 186 199 207 209 
185 23 32 33 51 54 64 69 76 95 99 107 108 109 118 128 130 131 149 159 179 180 184 206 207 
186 18 13 21 32 54 62 65 92 125 135 143 147 173 178 184 196 202 209 216 
187 21 6 34 37 38 40 47 48 55 59 88 103 125 127 144 148 155 158 199 205 209 210 
188 24 12 20 27 31 41 68 74 78 104 107 109 133 139 144 145 151 153 173 177 178 179 180 201 210 
189 22 1 23 42 50 82 87 100 115 117 126 133 151 152 156 175 182 199 200 207 212 216 217 
190 23 1 2 9 33 47 62 68 85 91 93 106 112 114 131 143 151 158 164 171 173 181 194 206 
191 21 19 32 40 47 49 56 61 65 97 101 102 104 108 123 132 133 140 155 174 197 208 
192 17 7 13 24 30 63 70 83 86 125 133 150 156 166 174 176 203 217 
193 13 1 24 29 35 44 53 62 71 104 161 213 215 219 
194 19 33 36 43 49 55 62 64 76 84 95 100 111 142 152 153 167 169 190 200 
195 24 14 15 31 38 42 59 66 81 82 88 98 99 110 119 130 135 138 142 154 168 176 180 182 204 
196 21 5 7 19 32 63 65 68 75 76 89 90 99 103 140 157 169 171 182 186 199 203 
197 22 8 25 47 58 60 66 75 78 80 87 94 111 118 125 139 155 178 179 182 183 191 213 
198 14 15 21 23 38 40 76 79 108 123 124 128 139 148 202 
199 27 1 34 37 40 52 90 102 114 123 130 139 151 155 161 163 175 176 181 182 184 187 189 196 202 211 213 215 
200 21 0 29 36 56 61 68 75 102 107 136 137 142 146 155 159 160 165 169 182 189 194 
201 19 35 38 41 49 62 69 95 96 102 122 137 143 150 163 172 175 188 203 212 
202 26 0 2 8 13 34 67 89 95 97 98 99 100 120 131 151 152 167 173 174 183 186 198 199 205 210 218 
203 19 9 22 41 48 58 62 68 91 101 137 139 140 154 156 192 196 201 208 214 
204 22 5 13 19 33 47 57 60 69 75 76 80 91 99 101 107 115 144 148 151 169 195 216 
205 27 3 29 37 59 63 64 77 84 88 96 99 100 102 106 120 140 143 148 155 159 161 169 173 175 177 187 202 
206 25 1 8 26 32 47 51 57 68 70 71 79 87 107 111 119 120 121 123 138 155 163 168 185 190 212 
207 18 14 41 55 74 77 81 83 98 105 111 133 153 177 178 184 185 189 209 
208 28 14 18 28 35 38 41 46 55 60 65 95 99 101 106 112 123 132 139 143 149 157 158 169 171 181 191 203 216 
209 25 12 21 24 33 37 75 79 95 96 106 110 143 161 170 172 173 174 175 176 177 183 184 186 187 207 
210 25 11 20 27 45 48 50 55 61 66 67 70 74 84 85 93 99 128 134 143 154 171 177 187 188 202 
211 22 24 26 28 30 36 52 53 67 72 76 93 94 115 116 124 139 141 160 176 178 181 199 
212 21 13 15 34 40 42 46 49 72 107 113 126 135 144 152 169 178 189 201 206 217 219 
213 21 21 28 38 61 73 82 97 117 119 122 125 126 139 154 175 193 197 199 215 216 218 
214 24 3 13 16 32 42 44 46 54 61 67 85 92 94 96 98 109 112 121 126 156 162 175 176 203 
215 25 8 23 28 29 30 31 34 46 57 59 65 73 76 90 92 107 113 159 172 173 178 193 199 213 219 
216 34 0 6 8 12 23 32 36 38 56 59 67 71 72 95 96 100 104 109 111 117 121 125 126 135 136 154 162 163 168 186 189 204 208 213 
217 21 0 3 14 15 20 29 39 55 76 80 81 95 126 135 153 158 162 169 189 192 212 
218 21 9 13 16 20 28 34 47 49 55 59 63 64 81 123 133 142 163 165 177 202 213 
219 21 6 20 22 39 40 82 84 86 94 99 104 107 109 114 134 136 141 175 193 212 215 
