220 1600
0 9 1 3 15 21 34 38 55 127 213 
1 18 0 2 34 41 42 51 52 59 60 61 70 79 87 90 106 153 173 187 
2 17 1 7 14 30 62 64 76 78 88 93 101 138 145 182 190 214 217 
3 16 0 10 14 31 44 99 100 105 117 131 136 186 192 207 212 218 
4 15 12 17 18 32 34 39 75 82 84 123 181 186 189 191 195 
5 19 23 25 33 55 58 66 68 77 101 109 114 121 127 138 178 180 195 199 208 
6 10 33 58 78 118 149 158 186 187 200 205 
7 13 2 55 75 76 78 90 91 164 181 186 190 195 212 
8 10 21 36 48 64 67 80 124 133 138 167 
9 13 87 99 118 123 134 143 146 149 158 186 203 206 207 
10 21 3 12 21 45 69 94 105 116 118 123 125 133 134 136 157 159 162 175 203 212 219 
11 11 23 48 63 84 90 106 175 187 211 213 217 
12 10 4 10 73 111 122 148 152 161 187 219 
13 17 36 52 54 62 98 104 107 132 134 142 163 182 183 188 194 198 206 
14 15 2 3 15 18 23 31 38 49 61 68 90 121 127 144 203 
15 18 0 14 21 29 33 34 37 73 99 111 112 122 128 139 151 155 163 208 
16 11 19 59 64 102 116 118 166 186 203 211 212 
17 14 4 51 63 64 72 78 91 98 122 148 196 213 218 219 
18 15 4 14 40 43 63 78 92 137 143 150 163 164 169 177 178 
19 12 16 34 38 64 96 136 142 171 208 209 213 216 
20 10 81 92 118 137 163 173 181 198 210 211 
21 11 0 8 10 15 26 87 107 111 122 155 216 
22 15 30 31 42 46 49 57 77 88 112 121 130 138 147 165 216 
23 13 5 11 14 47 77 95 100 107 148 189 196 204 218 
24 14 26 27 31 36 40 56 71 86 90 106 144 192 201 218 
25 15 5 50 54 63 74 77 102 105 106 119 154 177 188 197 216 
26 9 21 24 101 105 164 169 191 193 197 
27 18 24 51 59 61 66 69 84 89 93 96 114 132 143 149 158 164 167 215 
28 10 66 70 113 127 138 141 154 187 190 192 
29 12 15 30 97 114 142 146 160 176 191 214 216 219 
30 17 2 22 29 47 48 58 70 76 94 103 126 138 146 172 182 201 207 
31 11 3 14 22 24 33 59 67 79 109 173 200 
32 16 4 64 68 70 86 110 112 125 143 168 171 184 191 207 208 218 
33 17 5 6 15 31 43 44 67 73 94 107 126 127 133 155 176 184 192 
34 15 0 1 4 15 19 48 59 71 80 81 126 128 129 182 197 
35 12 41 46 76 96 118 124 131 140 159 190 197 216 
36 21 8 13 24 46 60 76 78 82 84 85 94 108 114 152 159 167 180 185 195 201 219 
37 11 15 50 86 109 124 128 137 145 175 192 214 
38 15 0 14 19 81 83 87 93 101 104 115 136 176 179 184 188 
39 14 4 49 51 68 69 78 122 134 162 176 195 196 203 212 
40 17 18 24 52 95 99 114 129 134 146 149 157 163 170 175 198 207 214 
41 15 1 35 59 63 68 109 116 123 131 143 169 180 210 214 219 
42 11 1 22 58 81 121 131 151 152 180 194 209 
43 15 18 33 45 69 72 81 94 139 146 162 172 175 181 189 210 
44 16 3 33 50 56 66 70 71 74 88 105 109 111 122 125 181 190 
45 14 10 43 56 58 72 94 102 106 121 122 125 179 196 200 
46 21 22 35 36 48 76 82 85 92 105 131 141 158 162 174 177 179 181 183 185 199 206 
47 14 23 30 66 70 76 78 84 104 122 151 164 169 177 219 
48 19 8 11 30 34 46 60 69 76 82 84 133 148 172 178 179 187 204 207 209 
49 9 14 22 39 65 81 119 191 197 206 
50 8 25 37 44 110 118 121 124 206 
51 19 1 17 27 39 83 98 102 106 110 116 132 134 136 141 152 166 169 172 207 
52 9 1 13 40 60 109 150 179 204 219 
53 14 76 84 97 99 130 137 142 147 148 167 176 177 189 200 
54 8 13 25 86 140 154 161 185 200 
55 14 0 5 7 76 80 108 112 114 129 141 196 205 217 218 
56 11 24 44 45 59 60 114 132 141 174 200 205 
57 11 22 93 96 104 112 138 152 159 170 191 219 
58 11 5 6 30 42 45 96 116 129 137 161 185 
59 20 1 16 27 31 34 41 56 65 67 70 99 100 109 110 132 136 146 148 193 198 
60 12 1 36 48 52 56 64 80 94 112 182 198 216 
61 15 1 14 27 65 74 76 91 111 118 121 127 144 182 186 198 
62 17 2 13 74 76 80 86 87 91 100 104 146 147 184 185 186 194 204 
63 17 11 17 18 25 41 65 78 85 86 98 109 123 133 148 155 157 181 
64 16 2 8 16 17 19 32 60 67 86 92 109 129 148 167 196 211 
65 15 49 59 61 63 82 83 86 112 123 125 160 161 175 176 183 
66 12 5 27 28 44 47 68 93 131 141 154 164 172 
67 16 8 31 33 59 64 72 78 87 96 120 138 140 148 199 201 216 
68 19 5 14 32 39 41 66 85 88 95 99 113 143 147 153 159 160 171 174 186 
69 11 10 27 39 43 48 144 145 171 182 206 212 
70 18 1 28 30 32 44 47 59 86 88 98 103 136 137 141 147 167 206 211 
71 15 24 34 44 72 86 112 117 127 140 151 154 173 174 196 210 
72 15 17 43 45 67 71 106 119 127 131 154 167 172 184 189 200 
73 17 12 15 33 75 84 93 95 101 103 118 125 132 147 155 167 173 194 
74 18 25 44 61 62 75 104 120 124 128 152 161 171 176 181 188 192 204 205 
75 12 4 7 73 74 88 106 111 119 148 149 171 204 
76 15 2 7 30 35 36 46 47 48 53 55 61 62 133 183 196 
77 15 5 22 23 25 100 111 113 116 117 130 135 146 179 194 201 
78 22 2 6 7 17 18 36 39 47 63 67 81 94 133 152 158 180 183 190 201 209 212 217 
79 12 1 31 121 129 132 134 138 154 158 171 186 189 
80 12 8 34 55 60 62 104 114 119 128 141 154 212 
81 14 20 34 38 42 43 49 78 84 106 107 157 166 170 190 
82 12 4 36 46 48 65 118 121 125 135 195 196 216 
83 9 38 51 65 87 98 106 128 155 195 
84 19 4 11 27 36 47 48 53 73 81 86 98 102 157 158 165 167 176 212 219 
85 11 36 46 63 68 99 107 123 132 167 205 208 
86 24 24 32 37 54 62 63 64 65 70 71 84 119 128 136 143 173 194 196 197 198 206 211 216 219 
87 21 1 9 21 38 62 67 83 92 100 112 121 124 127 136 145 151 155 171 190 198 201 
88 18 2 22 44 68 70 75 104 124 126 166 171 179 183 188 194 201 218 219 
89 9 27 114 117 123 133 179 186 201 205 
90 16 1 7 11 14 24 95 108 125 128 133 155 158 177 215 216 218 
91 18 7 17 61 62 112 125 137 139 140 143 160 165 169 182 190 195 199 208 
92 11 18 20 46 64 87 128 129 137 155 216 218 
93 16 2 27 38 57 66 73 102 106 113 118 128 150 152 164 165 211 
94 16 10 30 33 36 43 45 60 78 131 146 147 151 152 203 207 211 
95 9 23 40 68 73 90 131 179 199 219 
96 14 19 27 35 57 58 67 106 137 144 152 174 178 200 214 
97 11 29 53 100 103 104 111 131 134 161 187 192 
98 17 13 17 51 63 70 83 84 104 106 108 171 180 186 194 201 207 216 
99 16 3 9 15 40 53 59 68 85 109 123 131 190 202 203 205 215 
100 15 3 23 59 62 77 87 97 116 118 136 150 157 187 201 217 
101 10 2 5 26 38 73 113 129 141 198 217 
102 15 16 25 45 51 84 93 117 118 127 129 131 135 186 193 214 
103 15 30 70 73 97 114 121 129 140 156 166 174 179 184 198 217 
104 15 13 38 47 57 62 74 80 88 97 98 137 158 178 187 189 
105 12 3 10 25 26 44 46 110 119 143 151 154 156 
106 19 1 11 24 25 45 51 72 75 81 83 93 96 98 116 131 138 192 203 219 
107 17 13 21 23 33 81 85 124 139 156 160 170 174 195 198 201 215 217 
108 14 36 55 90 98 110 113 141 148 156 163 188 190 207 213 
109 14 5 31 37 41 44 52 59 63 64 99 196 211 213 214 
110 12 32 50 51 59 105 108 137 142 157 163 178 195 
111 16 12 15 21 44 61 75 77 97 117 124 171 180 187 193 211 217 
112 17 15 22 32 55 57 60 65 71 87 91 116 117 144 162 174 183 205 
113 10 28 68 77 93 101 108 145 174 179 201 
114 19 5 27 29 36 40 55 56 80 89 103 133 139 144 146 148 175 183 195 202 
115 11 38 121 137 151 152 158 176 181 190 198 216 
116 13 10 16 41 51 58 77 100 106 112 178 182 186 190 
117 11 3 71 77 89 102 111 112 123 176 182 213 
118 19 6 9 10 16 20 35 50 61 73 82 93 100 102 123 132 137 140 169 189 
119 12 25 49 72 75 80 86 105 146 162 167 174 182 
120 8 67 74 144 174 176 194 203 216 
121 23 5 14 22 42 45 50 61 79 82 87 103 115 124 127 140 153 172 186 189 194 197 210 217 
122 12 12 15 17 21 39 44 45 47 137 174 183 197 
123 20 4 9 10 41 63 65 85 89 99 117 118 124 138 143 145 157 163 173 193 194 
124 17 8 35 37 50 74 87 88 107 111 121 123 126 127 173 176 194 212 
125 19 10 32 44 45 65 73 82 90 91 130 137 152 153 164 165 174 186 202 215 
126 12 30 33 34 88 124 127 139 160 163 181 190 210 
127 20 0 5 14 28 33 61 71 72 87 102 121 124 126 136 137 152 167 170 181 206 
128 14 15 34 37 74 80 83 86 90 92 93 169 196 197 205 
129 21 34 40 55 58 64 79 92 101 102 103 141 150 157 159 173 180 195 207 209 211 216 
130 10 22 53 77 125 132 163 168 182 216 218 
131 14 3 35 41 42 46 66 72 94 95 97 99 102 106 202 
132 19 13 27 51 56 59 73 79 85 118 130 139 149 167 174 176 179 197 213 219 
133 14 8 10 33 48 63 76 78 89 90 114 159 161 180 185 
134 13 9 10 13 39 40 51 79 97 155 166 169 187 188 
135 11 77 82 102 136 165 177 183 186 194 203 212 
136 18 3 10 19 38 51 59 70 86 87 100 127 135 144 157 162 171 212 213 
137 18 18 20 37 53 58 70 91 92 96 104 110 115 118 122 125 127 150 205 
138 16 2 5 8 22 28 30 57 67 79 106 123 157 159 164 180 184 
139 12 15 43 91 107 114 126 132 141 175 183 192 196 
140 12 35 54 67 71 91 103 118 121 144 156 200 209 
141 17 28 46 51 55 56 66 70 80 101 108 129 139 142 144 157 191 212 
142 15 13 19 29 53 110 141 168 169 173 176 181 182 184 186 211 
143 17 9 18 27 32 41 68 86 91 105 123 147 160 163 175 191 216 219 
144 16 14 24 61 69 96 112 114 120 136 140 141 156 161 162 169 172 
145 8 2 37 69 87 113 123 165 184 
146 14 9 29 30 40 43 59 62 77 94 114 119 154 158 195 
147 11 22 53 62 68 70 73 94 143 158 195 214 
148 19 12 17 23 48 53 59 63 64 67 75 108 114 151 174 178 180 192 195 207 
149 11 6 9 27 40 75 132 166 177 180 194 202 
150 7 18 52 93 100 129 137 169 
151 12 15 42 47 71 87 94 105 115 148 180 210 212 
152 17 12 36 42 51 57 74 78 93 94 96 115 125 127 184 188 215 218 
153 9 1 68 121 125 164 166 189 200 214 
154 13 25 28 54 66 71 72 79 80 105 146 159 178 204 
155 15 15 21 33 63 73 83 87 90 92 134 158 165 175 213 219 
156 13 103 105 107 108 140 144 164 168 173 189 201 204 219 
157 14 10 40 63 81 84 100 110 123 129 136 138 141 163 169 
158 15 6 9 27 46 78 79 84 90 104 115 146 147 155 190 195 
159 13 10 35 36 57 68 129 133 138 154 161 186 192 208 
160 8 29 65 68 91 107 126 143 166 
161 11 12 54 58 65 74 97 133 144 159 165 188 
162 13 10 39 43 46 112 119 136 144 175 184 205 213 219 
163 16 13 15 18 20 40 108 110 123 126 130 143 157 165 190 208 212 
164 14 7 18 26 27 47 66 93 125 138 153 156 167 172 178 
165 13 22 84 91 93 125 135 145 155 161 163 195 199 213 
166 13 16 51 81 88 103 134 149 153 160 172 185 194 219 
167 21 8 27 36 53 64 70 72 73 84 85 119 127 132 164 169 190 191 198 202 205 208 
168 9 32 130 142 156 173 184 199 215 218 
169 20 18 26 41 47 51 91 118 128 134 142 144 150 157 167 185 188 202 205 211 212 
170 8 40 57 81 107 127 210 215 217 
171 15 19 32 68 69 74 75 79 87 88 98 111 136 181 186 211 
172 15 30 43 48 51 66 72 121 144 164 166 175 190 206 213 218 
173 16 1 20 31 71 73 86 123 124 129 142 156 168 176 189 198 209 
174 18 46 56 68 71 96 103 107 112 113 119 120 122 125 132 148 186 200 205 
175 15 10 11 37 40 43 65 114 139 143 155 162 172 180 190 201 
176 20 29 33 38 39 53 65 74 84 115 117 120 124 132 142 173 185 194 204 210 215 
177 14 18 25 46 47 53 90 135 149 182 188 197 203 216 219 
178 10 5 18 48 96 104 110 116 148 154 164 
179 14 38 45 46 48 52 77 88 89 95 103 113 132 195 218 
180 18 5 36 41 42 78 98 111 129 133 138 148 149 151 175 181 186 194 197 
181 15 4 7 20 43 44 46 63 74 115 126 127 142 171 180 193 
182 18 2 13 30 34 60 61 69 91 116 117 119 130 142 177 191 210 211 218 
183 13 13 46 65 76 78 88 112 114 122 135 139 205 217 
184 16 32 33 38 62 72 103 138 142 145 152 162 168 188 189 203 219 
185 10 36 46 54 58 62 133 166 169 176 210 
186 28 3 4 6 7 9 16 61 62 68 79 89 98 102 116 121 125 135 142 159 171 174 180 193 195 208 211 217 218 
187 17 1 6 11 12 28 48 97 100 104 111 134 193 199 200 210 212 218 
188 14 13 25 38 74 88 108 134 152 161 169 177 184 209 213 
189 14 4 23 43 53 72 79 104 118 121 153 156 173 184 217 
190 20 2 7 28 35 44 78 81 87 91 99 108 115 116 126 158 163 167 172 175 198 
191 13 4 26 29 32 49 57 141 143 167 182 194 201 203 
192 15 3 24 28 33 37 74 97 106 139 148 159 200 201 212 219 
193 10 26 59 102 111 123 181 186 187 201 218 
194 19 13 42 62 73 77 86 88 98 120 121 123 124 135 149 166 176 180 191 208 
195 19 4 5 7 36 39 82 83 91 107 110 114 129 146 147 148 158 165 179 186 
196 13 17 23 39 45 55 64 71 76 82 86 109 128 139 
197 15 25 26 34 35 49 86 121 122 128 132 177 180 198 214 215 
198 17 13 20 40 59 60 61 86 87 101 103 107 115 167 173 190 197 215 
199 13 5 46 67 91 95 165 168 187 207 208 212 214 215 
200 13 6 31 45 53 54 56 72 96 140 153 174 187 192 
201 20 24 30 36 67 77 78 87 88 89 98 100 107 113 156 175 191 192 193 209 219 
202 9 99 114 125 131 149 167 169 210 214 
203 14 9 10 14 16 39 94 99 106 120 135 177 184 191 219 
204 9 23 48 52 62 74 75 154 156 176 
205 15 6 55 56 74 85 89 99 112 128 137 162 167 169 174 183 
206 12 9 13 46 49 50 69 70 86 127 172 207 209 
207 16 3 9 30 32 40 48 51 94 98 108 129 148 199 206 211 217 
208 13 5 15 19 32 85 91 159 163 167 186 194 199 216 
209 10 19 42 48 78 129 140 173 188 201 206 
210 13 20 41 43 71 121 126 151 170 176 182 185 187 202 
211 17 11 16 20 64 70 86 93 94 109 111 129 142 169 171 182 186 207 
212 19 3 7 10 16 39 69 78 80 84 124 135 136 141 151 163 169 187 192 199 
213 14 0 11 17 19 108 109 117 132 136 155 162 165 172 188 
214 13 2 29 37 40 41 96 102 109 147 153 197 199 202 
215 12 27 90 99 107 125 152 168 170 176 197 198 199 
216 20 19 21 22 25 29 35 60 67 82 86 90 92 98 115 120 129 130 143 177 208 
217 15 2 11 55 78 100 101 103 107 111 121 170 183 186 189 207 
218 18 3 17 23 24 32 55 88 90 92 130 152 168 172 179 182 186 187 193 
219 25 10 12 17 29 36 41 47 52 57 84 86 88 95 106 132 143 155 156 162 166 177 184 192 201 203 
