240 42
0 0 
1 1 67 
2 0 
3 0 
4 0 
5 1 95 
6 0 
7 1 119 
8 1 196 
9 0 
10 0 
11 0 
12 0 
13 0 
14 0 
15 1 156 
16 1 95 
17 1 24 
18 0 
19 0 
20 0 
21 0 
22 0 
23 0 
24 2 17 76 
25 0 
26 1 167 
27 0 
28 0 
29 0 
30 0 
31 0 
32 0 
33 0 
34 0 
35 0 
36 2 97 151 
37 1 192 
38 1 148 
39 0 
40 0 
41 0 
42 1 64 
43 0 
44 0 
45 1 161 
46 0 
47 0 
48 0 
49 0 
50 0 
51 0 
52 0 
53 1 108 
54 0 
55 1 106 
56 0 
57 1 75 
58 0 
59 0 
60 1 183 
61 0 
62 0 
63 1 226 
64 1 42 
65 0 
66 1 131 
67 1 1 
68 0 
69 2 134 197 
70 2 82 163 
71 0 
72 0 
73 0 
74 0 
75 1 57 
76 1 24 
77 0 
78 1 104 
79 0 
80 1 218 
81 0 
82 1 70 
83 0 
84 0 
85 1 145 
86 1 173 
87 0 
88 0 
89 0 
90 1 169 
91 0 
92 1 115 
93 0 
94 0 
95 2 5 16 
96 0 
97 2 36 236 
98 1 142 
99 0 
100 0 
101 0 
102 1 165 
103 0 
104 1 78 
105 0 
106 1 55 
107 0 
108 1 53 
109 0 
110 0 
111 0 
112 0 
113 0 
114 0 
115 1 92 
116 0 
117 0 
118 0 
119 1 7 
120 0 
121 0 
122 0 
123 0 
124 0 
125 0 
126 0 
127 0 
128 0 
129 0 
130 0 
131 1 66 
132 1 195 
133 0 
134 1 69 
135 0 
136 0 
137 0 
138 0 
139 0 
140 0 
141 0 
142 1 98 
143 0 
144 0 
145 1 85 
146 0 
147 0 
148 1 38 
149 0 
150 0 
151 1 36 
152 0 
153 0 
154 0 
155 0 
156 1 15 
157 0 
158 0 
159 0 
160 0 
161 1 45 
162 0 
163 1 70 
164 0 
165 1 102 
166 0 
167 1 26 
168 0 
169 2 90 216 
170 1 229 
171 0 
172 1 236 
173 1 86 
174 0 
175 0 
176 0 
177 0 
178 0 
179 0 
180 0 
181 0 
182 0 
183 2 60 239 
184 0 
185 1 195 
186 0 
187 0 
188 0 
189 0 
190 0 
191 0 
192 1 37 
193 0 
194 0 
195 2 132 185 
196 1 8 
197 1 69 
198 0 
199 0 
200 1 218 
201 0 
202 0 
203 0 
204 0 
205 0 
206 0 
207 0 
208 0 
209 0 
210 0 
211 0 
212 0 
213 0 
214 0 
215 0 
216 1 169 
217 0 
218 2 80 200 
219 0 
220 0 
221 0 
222 1 223 
223 1 222 
224 0 
225 0 
226 1 63 
227 0 
228 0 
229 1 170 
230 0 
231 0 
232 0 
233 0 
234 0 
235 0 
236 2 97 172 
237 0 
238 0 
239 1 183 
