240 2906
0 18 4 7 61 76 81 121 140 163 173 175 176 183 200 202 216 217 220 239 
1 20 29 31 47 83 95 113 125 139 156 157 158 169 170 173 179 186 207 209 220 230 
2 24 10 16 17 20 25 32 39 40 46 65 76 121 131 140 150 162 206 208 215 217 222 226 231 232 
3 30 11 13 16 18 21 29 33 41 50 56 57 59 61 91 97 109 113 123 145 154 157 171 173 180 182 193 205 211 214 228 
4 17 0 7 10 55 61 65 78 79 83 84 99 140 151 162 201 208 239 
5 21 7 18 21 24 43 58 59 60 70 96 104 139 150 181 193 199 207 209 212 217 237 
6 32 11 13 19 34 36 40 44 48 49 58 64 67 96 99 110 125 132 135 153 158 166 170 174 184 199 201 207 208 209 214 218 220 
7 19 0 4 5 11 22 23 52 56 81 109 112 118 157 165 171 180 182 201 203 
8 21 12 37 42 46 55 56 70 79 81 107 110 122 146 149 156 157 158 185 194 227 231 
9 22 10 23 38 43 52 64 66 68 87 91 99 102 103 136 137 142 145 158 160 169 186 199 
10 20 2 4 9 22 35 56 59 73 76 94 100 101 103 104 108 114 134 191 218 232 
11 27 3 6 7 17 23 26 48 55 59 60 66 70 92 93 99 116 134 145 158 175 196 203 207 209 211 230 232 
12 28 8 15 23 30 33 36 49 60 67 74 76 80 84 85 94 112 135 138 152 158 168 170 178 180 184 194 196 199 
13 25 3 6 17 39 48 56 61 67 82 98 100 111 114 140 152 153 162 166 183 185 196 209 217 224 229 
14 19 33 34 37 59 66 84 85 86 107 119 122 136 141 164 181 203 208 220 228 
15 25 12 24 25 41 42 59 62 67 69 72 84 117 121 135 144 145 148 160 161 177 198 201 215 223 239 
16 18 2 3 44 61 62 116 118 124 148 159 164 185 192 194 195 203 235 237 
17 21 2 11 13 25 29 69 84 85 100 108 109 130 163 189 195 212 220 223 229 232 235 
18 26 3 5 31 36 44 62 71 80 92 94 97 122 124 133 143 148 152 177 184 185 198 210 216 222 223 227 
19 25 6 29 36 37 38 52 56 58 63 69 73 78 85 113 114 119 129 144 148 175 177 203 215 226 230 
20 11 2 35 64 75 76 115 149 165 178 198 214 
21 27 3 5 56 60 63 67 72 87 105 107 121 123 125 132 134 135 140 142 147 149 162 171 188 189 202 213 224 
22 32 7 10 25 41 42 54 55 65 75 79 82 91 101 120 124 126 127 133 135 143 144 160 162 174 207 218 220 222 224 225 230 239 
23 23 7 9 11 12 26 28 59 68 69 72 74 76 78 89 96 97 126 161 163 178 200 217 235 
24 22 5 15 29 36 38 41 52 55 62 86 113 118 136 144 164 172 177 185 196 198 203 232 
25 24 2 15 17 22 33 41 45 59 73 95 117 122 124 130 158 161 162 169 182 207 211 212 217 237 
26 26 11 23 41 71 74 76 78 81 84 85 86 104 124 129 130 138 156 158 161 171 172 174 183 202 230 233 
27 21 34 41 46 56 58 76 80 110 127 136 151 157 169 186 195 203 207 208 209 211 222 
28 24 23 30 34 47 62 69 71 73 74 81 90 91 106 118 148 151 156 170 178 185 187 195 202 222 
29 34 1 3 17 19 24 47 62 64 69 74 76 83 89 94 105 110 115 123 152 162 165 169 170 175 180 190 198 200 213 220 223 233 234 236 
30 18 12 28 44 60 83 102 103 116 140 146 151 155 165 170 216 217 220 236 
31 28 1 18 61 66 86 100 117 125 137 140 150 153 156 160 172 174 176 178 179 180 183 193 197 201 207 210 216 231 
32 18 2 50 58 78 86 95 97 108 116 123 155 160 162 170 198 206 209 219 
33 28 3 12 14 25 49 66 67 76 86 92 103 108 112 133 138 142 147 155 165 173 174 179 181 194 205 219 224 232 
34 25 6 14 27 28 39 45 46 56 68 74 78 95 100 122 139 144 164 175 176 198 211 214 221 225 237 
35 18 10 20 41 44 47 54 59 62 99 100 109 111 115 116 146 189 194 201 
36 29 6 12 18 19 24 40 42 48 52 54 55 62 72 82 85 89 105 107 132 156 168 179 189 193 200 201 214 221 233 
37 21 8 14 19 77 80 85 86 112 127 143 150 162 166 179 181 185 186 203 208 216 218 
38 16 9 19 24 44 59 127 130 137 143 149 166 168 200 207 223 237 
39 22 2 13 34 41 49 55 67 68 74 84 89 98 106 110 124 163 192 199 207 208 222 231 
40 36 2 6 36 45 47 71 79 81 88 99 120 132 141 144 148 149 151 154 158 159 163 170 172 174 175 180 182 188 191 194 197 210 212 213 221 231 
41 30 3 15 22 24 25 26 27 35 39 44 53 65 92 104 106 114 124 132 134 140 146 185 188 189 193 199 208 213 230 235 
42 26 8 15 22 36 66 70 72 73 84 85 99 112 127 138 152 161 162 174 204 213 217 220 221 227 234 236 
43 20 5 9 52 61 73 78 81 94 117 129 130 144 145 155 165 192 208 215 233 234 
44 29 6 16 18 30 35 38 41 61 66 71 72 75 86 112 113 122 125 149 150 164 171 174 181 192 198 211 216 227 232 
45 19 25 34 40 48 55 70 90 96 103 107 136 144 165 184 190 191 192 201 215 
46 22 2 8 27 34 57 61 62 75 82 101 103 115 136 152 160 207 208 209 218 221 236 239 
47 22 1 28 29 35 40 69 84 86 89 104 116 128 139 148 152 153 167 170 210 218 236 238 
48 23 6 11 13 36 45 55 73 91 125 136 145 149 157 159 180 183 189 191 197 206 212 230 231 
49 25 6 12 33 39 69 75 81 97 105 107 111 120 137 146 153 180 183 190 206 213 226 227 229 236 237 
50 29 3 32 56 71 81 86 89 90 92 94 96 98 108 109 110 117 122 125 129 132 144 150 153 155 172 177 184 193 209 
51 8 73 112 171 173 182 187 228 229 
52 27 7 9 19 24 36 43 56 58 65 76 86 88 89 102 113 121 138 144 167 176 180 183 209 210 217 238 239 
53 22 41 58 68 79 88 102 110 120 130 131 133 145 152 160 168 186 196 199 202 208 216 236 
54 17 22 35 36 61 67 86 93 97 115 140 174 196 203 204 224 227 238 
55 27 4 8 11 22 24 36 39 45 48 63 73 76 77 84 86 107 137 160 166 175 203 206 210 213 214 221 223 
56 31 3 7 8 10 13 19 21 27 34 50 52 64 65 67 70 75 90 108 109 118 122 124 138 143 155 166 185 189 198 211 225 
57 17 3 46 64 74 75 85 95 97 111 135 151 160 171 184 196 224 232 
58 23 5 6 19 27 32 52 53 60 67 96 108 125 130 135 147 154 160 163 168 187 189 205 209 
59 30 3 5 10 11 14 15 23 25 35 38 64 82 87 107 109 122 135 148 149 163 166 172 173 185 193 199 209 212 220 221 
60 30 5 11 12 21 30 58 68 87 95 96 99 101 113 132 136 160 162 163 167 172 180 186 207 211 215 224 226 232 236 239 
61 28 0 3 4 13 16 31 43 44 46 54 64 84 90 98 116 132 134 141 158 161 162 174 188 193 209 212 235 237 
62 27 15 16 18 24 28 29 35 36 46 69 70 87 93 94 105 127 141 153 154 157 172 186 190 203 212 222 239 
63 25 19 21 55 70 71 78 84 85 99 100 115 129 145 158 168 179 193 198 200 204 205 213 221 229 230 
64 26 6 9 20 29 56 57 59 61 67 87 92 94 99 103 108 135 136 140 152 164 186 192 197 226 231 239 
65 25 2 4 22 41 52 56 70 71 72 109 111 122 123 131 143 150 152 153 156 197 200 207 211 219 229 
66 22 9 11 14 31 33 42 44 75 78 114 119 136 138 144 148 153 181 208 209 212 216 221 
67 30 6 12 13 15 21 33 39 54 56 58 64 90 99 119 139 157 159 168 177 179 181 187 194 198 200 204 207 220 224 234 
68 17 9 23 34 39 53 60 75 78 99 120 135 159 161 195 196 229 234 
69 24 15 17 19 23 28 29 47 49 62 76 81 83 90 98 107 113 122 166 167 191 202 205 223 232 
70 26 5 8 11 42 45 56 62 63 65 76 94 102 105 117 140 147 148 175 184 188 201 207 214 218 232 239 
71 23 18 26 28 40 44 50 63 65 84 100 101 110 115 130 144 145 162 183 188 200 212 222 223 
72 26 15 21 23 36 42 44 65 80 82 101 103 116 129 147 164 170 188 194 206 222 223 225 227 232 235 237 
73 27 10 19 25 28 42 43 48 51 55 79 81 91 92 101 107 115 123 137 152 174 185 187 195 205 209 215 218 
74 22 12 23 26 28 29 34 39 57 90 109 120 125 134 143 157 163 172 174 178 225 226 239 
75 24 20 22 44 46 49 56 57 66 68 95 99 111 149 150 151 166 169 174 183 186 187 200 210 237 
76 31 0 2 10 12 20 23 26 27 29 33 52 55 69 70 79 84 86 107 109 111 124 136 146 148 151 158 160 162 176 184 193 
77 15 37 55 81 85 94 126 134 143 151 161 194 201 223 225 229 
78 19 4 19 23 26 32 34 43 63 66 68 103 121 127 156 195 197 212 216 231 
79 20 4 8 22 40 53 73 76 90 93 109 125 135 147 154 174 191 197 212 225 226 
80 19 12 18 27 37 72 110 140 150 158 159 171 176 204 205 216 220 221 227 238 
81 22 0 7 8 26 28 40 43 49 50 69 73 77 92 105 111 124 126 135 148 168 169 224 
82 24 13 22 36 46 59 72 86 94 101 105 123 137 140 145 151 156 161 162 180 183 219 224 234 235 
83 27 1 4 29 30 69 88 95 96 102 103 110 111 123 129 130 160 177 181 182 186 197 218 222 226 231 233 237 
84 36 4 12 14 15 17 26 39 42 47 55 61 63 71 76 97 102 105 109 110 115 125 128 134 136 137 140 157 175 186 197 205 225 228 233 235 236 
85 28 12 14 17 19 26 36 37 42 57 63 77 86 106 109 112 113 146 153 158 165 174 176 179 183 193 223 227 237 
86 34 14 24 26 31 32 33 37 44 47 50 52 54 55 76 82 85 87 92 97 103 113 114 120 122 123 126 128 137 155 196 205 226 231 239 
87 20 9 21 59 60 62 64 86 90 101 106 115 161 171 175 194 206 207 211 230 237 
88 19 40 52 53 83 101 140 160 168 169 170 174 190 202 203 208 218 221 227 234 
89 25 23 29 36 39 47 50 52 94 97 109 112 122 131 157 162 176 181 186 188 189 195 208 210 221 238 
90 25 28 45 50 56 61 67 69 74 79 87 92 94 117 120 129 134 151 153 155 157 161 182 199 222 235 
91 27 3 9 22 28 48 73 93 102 105 115 121 131 135 145 160 161 170 185 188 189 211 216 218 225 226 231 233 
92 38 11 18 33 41 50 64 73 81 86 90 96 101 103 120 121 122 126 129 130 133 145 149 151 157 160 164 171 174 182 184 185 194 196 201 216 220 222 235 
93 21 11 54 62 79 91 95 101 108 160 168 177 180 182 185 194 195 205 208 234 236 239 
94 30 10 12 18 29 43 50 62 64 70 77 82 89 90 100 103 113 114 126 135 152 154 156 158 165 179 193 208 209 218 237 
95 27 1 25 32 34 57 60 75 83 93 96 100 107 113 120 129 132 142 145 154 155 164 181 183 186 193 210 226 
96 25 5 6 23 45 50 58 60 83 92 95 102 120 126 146 154 158 172 173 182 193 197 201 230 233 238 
97 24 3 18 23 32 49 54 57 84 86 89 116 141 152 160 171 180 200 203 209 212 218 226 230 236 
98 18 13 39 50 61 69 104 109 119 133 148 155 166 171 181 182 201 221 228 
99 23 4 6 9 11 35 40 42 60 63 64 67 68 75 118 133 146 159 190 198 222 225 235 237 
100 27 10 13 17 31 34 35 63 71 94 95 101 121 124 136 139 144 145 147 154 156 168 192 193 202 206 216 232 
101 26 10 22 46 60 71 72 73 82 87 88 92 93 100 128 139 146 158 161 166 167 170 202 204 234 237 238 
102 24 9 30 52 53 70 83 84 91 96 120 124 140 141 146 156 157 159 167 168 173 175 199 207 209 
103 30 9 10 30 33 45 46 64 72 78 83 86 92 94 104 107 112 125 128 132 133 134 155 167 201 202 203 213 216 218 223 
104 23 5 10 26 41 47 98 103 106 113 114 121 123 133 136 143 144 149 186 192 208 221 238 239 
105 23 21 29 36 49 62 70 81 82 84 91 111 117 156 157 162 167 183 186 198 207 221 225 233 
106 22 28 39 41 85 87 104 108 109 119 142 143 144 146 147 150 168 179 185 195 198 202 209 
107 25 8 14 21 36 45 49 55 59 69 73 76 95 103 148 150 160 166 179 191 202 205 217 223 225 235 
108 19 10 17 32 33 50 56 58 64 93 106 165 167 168 184 193 196 214 224 228 
109 31 3 7 17 35 50 56 59 65 74 76 79 84 85 89 98 106 127 134 135 138 151 155 163 166 169 172 177 189 209 214 223 
110 30 6 8 27 29 39 50 53 71 80 83 84 116 119 120 121 136 153 176 186 187 192 196 201 202 213 219 220 222 223 238 
111 22 13 35 49 57 65 75 76 81 83 105 121 128 131 163 168 198 207 211 216 222 229 239 
112 24 7 12 33 37 42 44 51 85 89 103 113 114 116 122 131 140 157 161 162 168 187 205 207 228 
113 22 1 3 19 24 44 52 60 69 85 86 94 95 104 112 118 121 184 185 187 213 224 235 
114 29 10 13 19 41 66 86 94 104 112 135 146 160 165 183 185 190 191 193 194 196 204 208 217 218 219 223 228 231 233 
115 20 20 29 35 46 54 63 71 73 84 87 91 141 155 157 166 171 178 180 215 224 
116 24 11 16 30 32 35 47 61 72 97 110 112 141 149 155 162 173 185 191 201 202 207 225 237 239 
117 23 15 25 31 43 50 70 90 105 119 138 147 151 162 166 169 170 171 182 201 217 219 223 224 
118 17 7 16 24 28 56 99 113 119 127 138 144 148 162 177 212 222 225 
119 15 14 19 66 67 98 106 110 117 118 142 182 189 195 200 234 
120 22 22 40 49 53 68 74 86 90 92 95 96 102 110 122 153 164 170 171 196 214 218 221 
121 23 0 2 15 21 52 78 91 92 100 104 110 111 113 126 156 161 166 179 188 207 229 233 235 
122 27 8 14 18 25 34 44 50 56 59 65 69 86 89 92 112 120 126 127 128 137 140 142 166 194 199 207 217 
123 25 3 21 29 32 65 73 82 83 86 104 136 138 143 149 162 172 177 178 191 196 215 223 230 233 236 
124 36 16 18 22 25 26 39 41 56 76 81 100 102 127 128 134 136 138 139 145 146 156 160 166 168 169 174 175 189 190 193 196 206 214 221 224 235 
125 24 1 6 21 31 44 48 50 58 74 79 84 103 132 140 155 157 158 164 176 188 214 218 228 231 
126 21 22 23 77 81 86 92 94 96 121 122 136 145 148 162 167 173 188 193 203 217 228 
127 22 22 27 37 38 42 62 78 109 118 122 124 135 146 166 186 192 198 202 214 218 219 221 
128 17 47 84 86 101 103 111 122 124 153 155 156 160 194 196 201 211 213 
129 17 19 26 43 50 63 72 83 90 92 95 130 170 194 212 219 229 239 
130 17 17 25 26 38 43 53 58 71 83 92 129 170 184 192 211 222 236 
131 18 2 53 65 89 91 111 112 139 149 164 177 179 183 187 188 191 195 200 
132 22 6 21 36 40 41 50 60 61 95 103 125 134 152 156 163 169 181 183 201 221 229 235 
133 23 18 22 33 53 92 98 99 103 104 134 146 148 150 162 165 169 175 196 197 207 214 233 238 
134 33 10 11 21 41 61 74 77 84 90 103 109 124 132 133 143 145 149 153 157 158 163 179 182 186 196 198 201 208 217 234 236 238 239 
135 31 6 12 15 21 22 57 58 59 64 68 79 81 91 94 109 114 127 143 152 154 163 173 177 178 181 191 194 203 229 230 233 
136 30 9 14 24 27 45 46 48 60 64 66 76 84 100 104 110 123 124 126 137 164 170 179 188 191 206 212 213 214 216 217 
137 21 9 31 38 49 55 73 82 84 86 122 136 148 153 160 171 172 185 193 195 226 227 
138 22 12 26 33 42 52 56 66 109 117 118 123 124 148 154 161 168 183 189 193 194 216 225 
139 20 1 5 34 47 67 100 101 124 131 144 145 152 157 161 162 168 180 199 210 232 
140 27 0 2 4 13 21 30 31 41 54 64 70 80 82 84 88 102 112 122 125 147 169 171 175 181 209 227 231 
141 15 14 40 61 62 97 102 115 116 165 175 195 204 206 208 233 
142 16 9 21 33 95 106 119 122 145 155 160 168 174 180 197 220 229 
143 23 18 22 37 38 56 65 74 77 104 106 123 134 135 151 186 188 190 191 193 203 215 218 234 
144 32 15 19 22 24 34 40 43 45 50 52 66 71 100 104 106 118 139 145 152 154 155 166 177 182 188 200 203 205 206 226 236 237 
145 26 3 9 11 15 43 48 53 63 71 82 91 92 95 100 124 126 134 139 142 144 148 153 168 192 224 235 
146 26 8 30 35 41 49 76 85 96 99 101 102 106 114 124 127 133 154 159 167 174 183 189 200 201 219 226 
147 15 21 33 58 70 72 79 100 106 117 140 156 172 177 205 228 
148 24 15 16 18 19 28 40 47 59 66 70 76 81 98 107 118 126 133 137 138 145 175 187 192 226 
149 22 8 20 21 38 40 44 48 59 75 92 104 116 123 131 134 152 168 169 175 207 211 234 
150 25 2 5 31 37 44 50 65 75 80 106 107 133 152 158 165 177 182 184 186 188 200 215 233 238 239 
151 20 4 27 28 30 40 57 75 76 77 82 90 92 109 117 143 186 204 210 231 238 
152 25 12 13 18 29 42 46 47 53 64 65 73 94 97 132 135 139 144 149 150 164 176 189 213 216 222 
153 26 6 13 31 47 49 50 62 65 66 85 90 110 120 128 134 137 145 155 171 175 180 198 207 218 222 224 
154 23 3 40 58 62 79 94 95 96 100 135 138 144 146 155 162 175 181 210 213 215 224 229 236 
155 26 30 32 33 43 50 56 86 90 95 98 103 109 115 116 125 128 142 144 153 154 162 179 197 205 209 235 
156 29 1 8 26 28 31 36 65 78 82 94 100 102 105 121 124 128 132 147 161 169 172 173 182 186 201 203 207 213 220 
157 29 1 3 7 8 27 48 62 67 74 84 89 90 92 102 105 112 115 125 134 139 163 170 177 195 213 220 225 227 229 
158 29 1 6 8 9 11 12 25 26 40 61 63 76 80 85 94 96 101 125 134 150 159 177 191 193 197 217 223 234 239 
159 25 16 40 48 67 68 80 99 102 146 158 171 173 174 178 185 194 199 203 204 208 211 229 232 233 235 
160 33 9 15 22 31 32 46 53 55 57 58 60 76 83 88 91 92 93 97 107 114 124 128 137 142 161 166 174 176 191 196 212 223 227 
161 26 15 23 25 26 42 61 68 77 82 87 90 91 101 112 121 138 139 156 160 163 171 187 188 194 195 201 
162 36 2 4 13 21 22 25 29 32 37 42 60 61 71 76 82 89 105 112 116 117 118 123 126 133 139 154 155 170 173 175 193 196 218 232 236 238 
163 22 0 17 23 39 40 58 59 60 74 109 111 132 134 135 157 161 188 199 209 219 233 239 
164 24 14 16 24 34 44 64 72 92 95 120 125 131 136 152 186 196 197 200 205 213 223 225 228 229 
165 21 7 20 29 30 33 43 45 85 94 108 114 133 141 150 192 203 217 219 227 230 233 
166 29 6 13 37 38 55 56 59 69 75 98 101 107 109 115 117 121 122 124 127 144 160 169 174 175 191 200 223 225 236 
167 25 47 52 60 69 101 102 103 105 108 126 146 171 188 190 192 195 199 200 204 209 214 215 217 219 228 
168 27 12 36 38 53 58 63 67 81 88 93 100 102 106 108 111 112 124 138 139 142 145 149 171 176 188 227 229 
169 25 1 9 25 27 29 75 81 88 109 117 124 132 133 140 149 156 166 171 181 187 194 208 228 230 239 
170 28 1 6 12 28 29 30 32 40 47 72 88 91 101 117 120 129 130 136 157 162 174 209 210 214 215 220 224 235 
171 33 3 7 21 26 44 51 57 80 87 92 97 98 115 117 120 137 140 153 159 161 167 168 169 176 195 200 203 208 213 219 227 231 235 
172 24 24 26 31 40 50 59 60 62 74 96 109 123 137 147 156 176 180 193 194 197 202 203 217 218 
173 23 0 1 3 33 51 59 96 102 116 126 135 156 159 162 185 189 208 218 219 228 230 233 234 
174 31 6 22 26 31 33 40 42 44 54 61 73 74 75 79 85 88 92 124 142 146 159 160 166 170 176 195 205 223 224 228 229 
175 30 0 11 19 29 34 40 55 70 84 87 102 124 133 140 141 148 149 153 154 162 166 182 184 196 202 209 221 229 236 237 
176 21 0 31 34 52 76 80 85 89 110 125 152 160 168 171 172 174 178 179 213 233 239 
177 23 15 18 19 24 50 67 83 93 109 118 123 131 135 144 147 150 157 158 178 197 200 237 238 
178 20 12 20 23 28 31 74 115 123 135 159 176 177 181 189 191 206 208 212 216 223 
179 22 1 31 33 36 37 63 67 85 94 106 107 121 131 134 136 155 176 206 213 227 229 238 
180 22 3 7 12 29 31 40 48 49 52 60 82 93 97 115 139 142 153 172 195 212 214 235 
181 26 5 14 33 37 44 66 67 83 89 95 98 132 135 140 154 169 178 186 189 195 196 204 209 212 232 235 
182 31 3 7 25 40 51 83 90 92 93 96 98 117 119 134 144 150 156 175 183 186 195 213 214 215 217 219 224 228 229 230 232 
183 26 0 13 26 31 48 49 52 71 75 82 85 95 105 114 131 132 138 146 182 191 199 203 209 214 233 236 
184 19 6 12 18 45 50 57 70 76 92 108 113 130 150 175 197 205 210 214 219 
185 27 8 13 16 18 24 28 37 41 56 59 73 91 92 93 106 113 114 116 137 159 173 188 189 191 209 220 239 
186 32 1 9 27 37 53 60 62 64 75 83 84 89 95 104 105 110 127 134 143 150 151 156 164 181 182 193 203 206 209 232 235 237 
187 20 28 51 58 67 73 75 110 112 113 131 148 161 169 188 194 206 218 219 224 236 
188 28 21 40 41 61 70 71 72 89 91 121 125 126 131 136 143 144 150 161 163 167 168 185 187 190 193 196 199 216 
189 26 17 21 35 36 41 48 56 58 89 91 109 119 124 138 146 152 173 178 181 185 192 203 214 216 229 234 
190 18 29 45 49 62 88 99 114 124 143 167 188 192 193 197 204 205 219 222 
191 24 10 40 45 48 69 79 107 114 116 123 131 135 136 143 158 160 166 178 183 185 193 204 236 237 
192 19 16 39 43 44 45 64 100 104 110 127 130 145 148 165 167 189 190 214 233 
193 31 3 5 31 36 41 50 59 61 63 76 85 94 95 96 100 108 114 124 126 137 138 143 158 162 172 186 188 190 191 203 206 
194 27 8 12 16 33 35 40 67 72 77 87 92 93 114 122 128 129 135 138 159 161 169 172 187 204 209 231 236 
195 27 16 17 27 28 68 73 78 89 93 106 119 131 137 141 157 161 167 171 174 180 181 182 200 204 224 233 239 
196 28 11 12 13 24 53 54 57 68 86 92 108 110 114 120 123 124 128 133 134 160 162 164 175 181 188 206 213 223 
197 21 31 40 48 64 65 78 79 83 84 96 133 142 155 158 164 172 177 184 190 203 226 
198 24 15 18 20 24 29 32 34 44 56 63 67 99 105 106 111 127 134 153 199 222 224 233 234 235 
199 21 5 6 9 12 39 41 53 59 90 102 122 139 159 163 167 183 188 198 211 227 232 
200 26 0 23 29 36 38 63 65 67 71 75 97 119 131 144 146 150 164 166 167 171 177 195 201 206 213 228 
201 29 4 6 7 15 31 35 36 45 70 77 92 96 98 103 110 116 117 128 132 134 146 156 161 200 206 210 224 232 239 
202 20 0 21 26 28 53 69 88 100 101 103 106 107 110 116 127 172 175 203 216 231 
203 32 7 11 14 16 19 24 27 37 54 55 62 88 97 103 126 135 143 144 156 159 165 171 172 183 186 189 193 197 202 208 223 231 
204 21 42 54 63 67 80 101 114 141 151 159 167 181 190 191 194 195 209 220 230 234 235 
205 22 3 33 58 63 69 73 80 84 86 93 107 112 144 147 155 164 174 184 190 208 229 236 
206 24 2 32 48 49 55 72 87 100 124 136 141 144 178 179 186 187 193 196 200 201 225 226 232 235 
207 28 1 5 6 11 22 25 27 31 38 39 46 60 65 67 70 87 102 105 111 112 116 121 122 133 149 153 156 225 
208 33 2 4 6 14 27 37 39 41 43 46 53 66 88 89 93 94 104 114 134 141 159 169 171 173 178 203 205 223 228 229 230 231 238 
209 33 1 5 6 11 13 27 32 46 50 52 58 59 61 66 73 94 97 102 106 109 140 155 163 167 170 175 181 183 185 186 194 204 233 
210 18 18 31 40 47 52 55 75 89 95 139 151 154 170 184 201 214 217 225 
211 17 3 11 25 27 34 44 56 60 65 87 91 111 128 130 149 159 199 
212 21 5 17 25 40 48 59 61 62 66 71 78 79 97 118 129 136 160 178 180 181 230 
213 25 21 29 40 41 42 49 55 63 103 110 113 128 136 152 154 156 157 164 171 176 179 182 196 200 232 
214 26 3 6 20 34 36 55 70 108 109 120 124 125 127 133 136 167 170 180 182 183 184 189 192 210 218 238 
215 15 2 15 19 43 45 60 73 115 123 143 150 154 167 170 182 
216 22 0 18 30 31 37 44 53 66 78 80 91 92 100 103 111 136 138 152 178 188 189 202 
217 22 0 2 5 13 23 25 30 42 52 107 114 117 122 126 134 136 158 165 167 172 182 210 
218 26 6 10 22 37 46 47 70 73 83 88 91 94 97 103 114 120 125 127 143 153 162 172 173 187 214 232 
219 22 32 33 65 82 110 114 117 127 129 146 163 165 167 171 173 182 184 187 190 220 229 230 
220 22 0 1 6 14 17 22 29 30 42 59 67 80 92 110 142 156 157 170 185 204 219 238 
221 23 34 36 40 42 46 55 59 63 66 80 88 89 98 104 105 120 124 127 132 175 223 226 230 
222 22 2 18 22 27 28 39 62 71 72 83 90 92 99 110 111 118 130 152 153 190 198 233 
223 29 15 17 18 29 38 55 69 71 72 77 85 103 107 109 110 114 117 123 158 160 164 166 174 178 196 203 208 221 232 
224 26 13 21 22 33 54 57 60 67 81 82 108 113 115 117 124 145 153 154 170 174 182 187 195 198 201 229 
225 22 22 34 56 72 74 77 79 84 91 99 105 107 116 118 138 157 164 166 206 207 210 231 
226 21 2 19 49 60 64 74 79 83 86 91 95 97 137 144 146 148 197 206 221 227 232 
227 21 8 18 42 44 49 54 72 80 85 88 137 140 157 160 165 168 171 179 199 226 232 
228 19 3 14 51 84 98 108 112 114 125 126 147 164 167 169 173 174 182 200 208 
229 29 13 17 49 51 63 65 68 77 111 121 129 132 135 142 154 157 159 164 168 174 175 179 182 189 205 208 219 224 231 
230 22 1 11 19 22 26 41 48 63 87 96 97 123 135 165 169 173 182 204 208 212 219 221 
231 24 2 8 31 39 40 48 64 78 83 86 91 114 125 140 151 171 194 202 203 208 225 229 232 238 
232 28 2 10 11 17 24 33 44 57 60 69 70 72 100 139 159 162 181 182 186 199 201 206 213 218 223 226 227 231 
233 27 26 29 36 43 83 84 91 96 105 114 121 123 133 135 141 150 159 163 165 173 176 183 192 195 198 209 222 
234 18 29 42 43 67 68 82 88 93 101 119 134 143 149 158 173 189 198 204 
235 27 16 17 23 41 61 72 82 84 90 92 99 107 113 121 124 132 145 155 159 170 171 180 181 186 198 204 206 
236 24 29 30 42 46 47 49 53 60 84 93 97 123 130 134 144 154 162 166 175 183 187 191 194 205 
237 22 5 16 25 34 38 49 61 72 75 83 85 87 94 99 101 116 144 175 177 186 191 238 
238 21 47 52 54 80 89 96 101 104 110 133 134 150 151 162 177 179 208 214 220 231 237 
239 26 0 4 15 22 46 52 60 62 64 70 74 86 93 104 111 116 129 134 150 158 163 169 176 185 195 201 
