240 710
0 5 7 76 81 173 175 
1 3 95 158 173 
2 5 25 131 206 226 232 
3 6 11 16 91 97 113 173 
4 2 99 239 
5 5 24 43 96 150 199 
6 5 40 48 174 201 218 
7 8 0 11 23 81 109 112 157 182 
8 2 157 185 
9 5 52 87 142 145 158 
10 5 22 94 103 191 232 
11 8 3 7 17 48 59 99 230 232 
12 9 30 33 36 60 76 158 180 184 196 
13 6 48 61 82 100 114 217 
14 3 34 107 228 
15 3 41 84 145 
16 6 3 118 124 159 185 192 
17 7 11 69 100 108 189 223 232 
18 3 97 122 210 
19 6 38 69 114 215 226 230 
20 3 35 115 149 
21 6 87 105 125 135 142 188 
22 5 10 65 91 162 207 
23 4 7 89 200 217 
24 9 5 29 55 62 136 185 196 203 232 
25 7 2 124 158 169 182 207 217 
26 6 78 84 130 156 183 202 
27 9 34 76 80 136 186 207 208 211 222 
28 7 69 71 73 74 185 187 195 
29 8 24 62 89 115 170 175 213 234 
30 6 12 44 60 83 116 146 
31 3 61 66 172 
32 1 123 
33 6 12 92 103 174 205 224 
34 7 14 27 175 198 221 225 237 
35 5 20 47 62 116 201 
36 5 12 42 107 156 214 
37 7 85 86 127 150 166 181 218 
38 5 19 130 200 207 237 
39 6 68 89 98 106 124 199 
40 9 6 79 141 144 148 154 182 197 221 
41 4 15 92 189 208 
42 9 36 72 85 99 161 204 220 221 236 
43 7 5 61 73 129 144 155 192 
44 11 30 71 75 112 113 125 150 174 216 227 232 
45 2 48 184 
46 4 101 115 152 208 
47 3 35 89 128 
48 7 6 11 13 45 149 159 191 
49 8 75 107 146 153 183 190 229 237 
50 7 56 92 94 122 125 129 209 
51 2 187 228 
52 5 9 86 102 138 167 
53 10 58 68 102 110 120 131 152 196 208 236 
54 5 61 97 196 224 227 
55 6 24 86 107 160 166 175 
56 6 50 90 118 143 166 198 
57 4 85 135 151 160 
58 4 53 60 96 125 
59 3 11 163 185 
60 8 12 30 58 132 172 180 211 215 
61 7 13 31 43 54 132 158 237 
62 8 24 29 35 93 105 157 203 222 
63 2 115 204 
64 5 87 94 108 135 226 
65 6 22 109 122 123 131 152 
66 5 31 75 148 216 221 
67 4 181 200 204 224 
68 5 39 53 78 99 234 
69 8 17 19 28 90 166 167 191 205 
70 0 
71 6 28 44 100 145 212 222 
72 6 42 82 188 222 223 235 
73 10 28 43 91 115 123 152 174 195 205 215 
74 4 28 172 174 178 
75 7 44 49 66 150 151 169 174 
76 7 0 12 27 79 124 158 193 
77 4 85 194 201 223 
78 5 26 68 197 216 231 
79 5 40 76 93 109 125 
80 3 27 171 227 
81 5 0 7 92 111 224 
82 6 13 72 123 140 145 161 
83 5 30 160 186 231 237 
84 7 15 26 175 186 197 225 228 
85 8 37 42 57 77 109 113 146 153 
86 7 37 52 55 92 103 128 226 
87 6 9 21 64 115 194 211 
88 2 170 190 
89 6 23 29 39 47 97 181 
90 6 56 69 151 161 222 235 
91 9 3 22 73 115 145 161 211 216 218 
92 8 33 41 50 81 86 174 220 235 
93 7 62 79 108 168 194 195 236 
94 12 10 50 64 100 103 114 126 154 156 158 218 237 
95 4 1 107 120 154 
96 6 5 58 120 172 230 238 
97 8 3 18 54 89 141 203 212 226 
98 5 39 133 155 182 221 
99 7 4 11 42 68 118 198 225 
100 7 13 17 71 94 136 145 202 
101 2 46 238 
102 6 52 53 120 156 167 175 
103 8 10 33 86 94 107 155 167 218 
104 6 114 123 133 136 143 149 
105 4 21 62 156 186 
106 7 39 108 109 144 147 168 209 
107 10 14 36 49 55 95 103 150 191 217 235 
108 6 17 64 93 106 167 228 
109 11 7 65 79 85 106 135 163 166 172 177 223 
110 6 53 119 121 176 186 192 
111 3 81 168 222 
112 6 7 44 114 116 122 162 
113 6 3 44 85 118 121 224 
114 9 13 19 94 104 112 190 193 208 231 
115 10 20 29 46 63 73 87 91 178 180 224 
116 7 30 35 112 141 185 202 207 
117 7 138 162 170 171 201 217 223 
118 7 16 56 99 113 119 212 225 
119 2 110 118 
120 5 53 95 96 102 221 
121 4 110 113 126 188 
122 7 18 50 65 112 127 128 199 
123 8 32 65 73 82 104 138 149 236 
124 10 16 25 39 76 156 168 174 190 193 206 
125 10 21 44 50 58 79 158 164 176 218 231 
126 5 94 121 167 193 228 
127 3 37 122 146 
128 6 47 86 122 194 196 201 
129 2 43 50 
130 4 26 38 184 192 
131 5 2 53 65 187 200 
132 4 60 61 156 183 
133 6 98 104 162 197 207 233 
134 7 149 153 157 198 234 236 238 
135 9 21 57 64 109 154 163 181 203 233 
136 8 24 27 100 104 170 179 216 217 
137 4 160 171 172 193 
138 4 52 117 123 189 
139 1 157 
140 1 82 
141 5 40 97 116 195 233 
142 7 9 21 145 155 168 220 229 
143 2 56 104 
144 6 40 43 106 152 206 236 
145 7 9 15 71 82 91 100 142 
146 7 30 49 85 127 154 174 183 
147 3 106 177 228 
148 2 40 66 
149 7 20 48 104 123 134 175 211 
150 7 5 37 44 75 107 152 215 
151 4 57 75 90 204 
152 8 46 53 65 73 144 150 176 189 
153 4 49 85 134 207 
154 8 40 94 95 135 146 213 224 229 
155 6 43 98 103 142 162 197 
156 8 26 36 94 102 105 124 132 186 
157 6 7 8 62 134 139 195 
158 10 1 9 12 25 61 76 94 125 193 197 
159 6 16 48 173 178 211 229 
160 6 55 57 83 137 174 176 
161 5 42 82 90 91 171 
162 9 22 112 117 133 155 175 193 218 232 
163 3 59 109 135 
164 4 125 196 213 225 
165 0 
166 9 37 55 56 69 109 174 191 223 236 
167 7 52 69 102 103 108 126 200 
168 5 93 106 111 124 142 
169 4 25 75 208 228 
170 6 29 88 117 136 209 210 
171 6 80 117 137 161 203 219 
172 9 31 60 74 96 109 137 194 203 217 
173 9 0 1 3 159 185 189 219 228 234 
174 11 6 33 44 73 74 75 92 124 146 160 166 
175 10 0 29 34 55 84 102 149 162 229 237 
176 4 110 125 152 160 
177 3 109 147 197 
178 5 74 115 159 208 212 
179 2 136 213 
180 4 12 60 115 212 
181 11 37 67 89 135 186 196 204 209 212 232 235 
182 9 7 25 40 98 183 214 215 219 230 
183 7 26 49 132 146 182 203 209 
184 4 12 45 130 197 
185 9 8 16 24 28 59 116 173 188 220 
186 9 27 83 84 105 110 156 181 235 237 
187 6 28 51 131 218 219 224 
188 6 21 72 121 185 196 199 
189 6 17 41 138 152 173 234 
190 5 49 88 114 124 219 
191 7 10 48 69 107 166 204 236 
192 4 16 43 110 130 
193 7 76 114 124 126 137 158 162 
194 6 77 87 93 128 172 231 
195 5 28 73 93 141 157 
196 9 12 24 53 54 128 164 181 188 206 
197 8 40 78 84 133 155 158 177 184 
198 4 34 56 99 134 
199 6 5 39 122 188 211 232 
200 6 23 38 67 131 167 201 
201 7 6 35 77 117 128 200 232 
202 3 26 100 116 
203 8 24 62 97 135 171 172 183 231 
204 7 42 63 67 151 181 191 209 
205 3 33 69 73 
206 6 2 124 144 196 226 232 
207 8 22 25 27 38 116 133 153 225 
208 9 27 41 46 53 114 169 178 230 231 
209 6 50 106 170 181 183 204 
210 3 18 170 214 
211 7 27 60 87 91 149 159 199 
212 6 71 97 118 178 180 181 
213 4 29 154 164 179 
214 4 36 182 210 238 
215 5 19 60 73 150 182 
216 5 44 66 78 91 136 
217 7 13 23 25 107 117 136 172 
218 8 6 37 91 94 103 125 162 187 
219 6 171 173 182 187 190 230 
220 4 42 92 142 185 
221 7 34 40 42 66 98 120 226 
222 7 27 62 71 72 90 111 233 
223 6 17 72 77 109 117 166 
224 9 33 54 67 81 113 115 154 187 229 
225 6 34 84 99 118 164 207 
226 8 2 19 64 86 97 206 221 227 
227 4 44 54 80 226 
228 8 14 51 84 108 126 147 169 173 
229 6 49 142 154 159 175 224 
230 6 11 19 96 182 208 219 
231 7 78 83 114 125 194 203 208 
232 11 2 10 11 17 24 44 162 181 199 201 206 
233 4 133 135 141 222 
234 5 29 68 134 173 189 
235 6 72 90 92 107 181 186 
236 8 42 53 93 123 134 144 166 191 
237 8 34 38 49 61 83 94 175 186 
238 4 96 101 134 214 
239 1 4 
