240 5778
0 47 4 7 10 26 27 38 46 48 53 55 61 65 76 81 84 102 116 121 126 133 136 140 149 162 163 164 166 173 174 175 176 181 183 185 197 200 202 205 214 216 217 220 228 231 232 238 239 
1 38 29 31 32 38 43 47 55 67 72 83 92 94 95 104 108 113 118 125 130 132 139 141 156 157 158 169 170 173 178 179 186 207 209 220 230 232 233 239 
2 35 10 16 17 18 20 25 32 39 40 46 65 76 80 110 117 121 131 133 140 142 150 162 163 172 189 204 206 208 215 217 222 226 227 231 232 
3 55 4 6 11 13 16 18 21 24 29 33 41 50 56 57 59 60 61 64 70 74 82 91 94 97 107 109 113 118 123 128 129 130 145 154 157 164 171 172 173 180 182 185 191 193 195 200 201 204 205 211 214 215 228 230 237 
4 44 0 3 7 10 12 50 55 61 65 69 76 78 79 83 84 86 93 96 98 99 100 104 105 125 126 128 137 140 145 151 157 160 162 169 182 185 201 205 208 212 220 230 238 239 
5 53 7 10 18 19 21 23 24 31 43 52 58 59 60 65 66 67 70 74 76 88 91 96 97 104 108 120 129 133 138 139 141 144 150 158 168 179 181 185 186 193 197 199 201 207 209 210 211 212 217 225 227 236 237 
6 60 3 11 12 13 16 19 26 34 36 40 44 48 49 57 58 59 61 64 67 77 80 82 85 89 96 99 100 101 106 109 110 111 112 119 121 125 132 135 153 156 158 166 170 174 178 184 187 193 199 201 202 207 208 209 214 218 220 230 236 237 
7 30 0 4 5 10 11 20 22 23 38 52 56 62 63 66 81 109 112 118 157 165 166 171 180 182 187 201 203 205 216 226 
8 42 12 13 17 31 37 42 46 55 56 58 65 70 72 74 79 81 92 96 107 109 110 111 122 130 132 146 149 153 156 157 158 161 164 172 185 192 194 199 208 226 227 231 
9 38 10 13 15 23 29 30 38 43 52 57 64 66 68 87 90 91 99 102 103 104 108 136 137 142 145 158 159 160 161 169 171 179 186 199 202 204 215 239 
10 41 0 2 4 5 7 9 12 14 22 32 35 44 56 59 73 74 76 77 94 97 100 101 103 104 107 108 112 114 122 125 134 143 147 170 182 191 192 198 218 227 232 
11 54 3 6 7 17 18 23 26 31 37 48 55 59 60 62 66 69 70 81 92 93 99 105 113 114 116 121 126 134 135 145 150 158 163 175 177 193 194 196 198 202 203 204 206 207 208 209 211 218 221 226 230 232 233 235 
12 49 4 6 8 10 15 16 18 19 23 30 33 36 42 47 49 53 60 67 74 76 80 82 84 85 94 109 112 113 127 133 135 138 139 152 157 158 159 166 168 170 178 180 184 194 196 199 200 230 237 
13 61 3 6 8 9 16 17 21 27 30 39 42 48 53 56 57 60 61 65 67 70 81 82 94 98 99 100 111 114 122 132 136 140 147 148 152 153 155 162 166 181 183 184 185 186 187 189 193 196 197 201 204 208 209 211 212 213 217 224 229 237 239 
14 45 10 26 33 34 37 52 58 59 61 64 66 67 75 84 85 86 103 107 119 122 132 136 138 141 144 151 160 164 165 167 173 174 181 183 187 190 191 196 201 203 208 220 224 225 228 
15 50 9 12 24 25 32 35 39 41 42 59 60 61 62 67 69 72 84 99 116 117 121 124 131 135 144 145 146 147 148 152 156 157 160 161 165 168 171 172 177 184 193 194 198 201 211 215 223 226 228 239 
16 49 2 3 6 12 13 29 33 34 43 44 57 59 61 62 64 66 67 75 82 89 116 117 118 123 124 126 132 148 154 159 164 171 175 178 183 185 192 194 195 199 200 201 203 205 211 217 232 235 237 
17 44 2 8 11 13 19 23 25 29 34 62 69 75 82 84 85 86 93 100 108 109 118 119 121 125 128 130 145 148 149 158 163 168 172 178 189 191 195 212 220 223 229 232 234 235 
18 55 2 3 5 11 12 24 28 31 36 39 44 52 53 60 62 70 71 79 80 82 83 89 91 92 94 97 112 113 114 122 124 127 131 133 138 143 148 152 154 160 163 169 173 177 184 185 198 200 210 216 217 222 223 224 227 
19 45 5 6 12 17 29 30 36 37 38 44 52 56 58 63 69 73 78 81 83 85 100 103 113 114 119 129 133 135 137 138 143 144 148 153 171 175 177 190 199 201 203 206 215 226 230 
20 40 2 7 26 35 40 44 56 58 64 70 74 75 76 77 81 87 89 99 101 112 115 116 120 130 143 146 149 163 165 167 169 170 178 190 198 201 214 217 219 230 
21 50 3 5 13 28 30 53 54 56 60 63 66 67 72 87 94 96 105 107 116 121 123 125 129 132 134 135 137 140 142 147 149 152 162 163 166 167 171 175 178 184 185 188 189 198 202 213 215 218 224 229 
22 50 7 10 25 26 41 42 49 54 55 62 65 67 75 79 82 90 91 101 107 114 117 120 124 126 127 133 135 141 143 144 159 160 161 162 170 174 176 187 196 198 207 218 219 220 222 224 225 230 237 239 
23 46 5 7 9 11 12 17 26 28 39 45 50 59 66 68 69 72 74 76 78 89 96 97 100 105 109 114 116 126 135 139 150 158 159 161 162 163 168 175 178 193 200 205 211 217 231 235 
24 47 3 5 15 18 27 29 34 36 38 41 43 46 52 55 57 62 76 79 82 86 94 103 109 113 118 124 136 144 152 153 156 164 166 172 175 177 179 185 193 196 198 203 206 219 221 226 232 
25 46 2 15 17 22 26 32 33 40 41 45 50 57 59 73 95 107 115 117 122 124 130 131 134 156 158 160 161 162 164 166 167 169 171 179 180 182 201 206 207 210 211 212 217 220 233 237 
26 61 0 6 11 14 20 22 23 25 37 41 49 60 68 71 74 76 78 81 84 85 86 87 89 92 97 104 107 112 113 115 122 123 124 126 129 130 137 138 139 149 156 157 158 161 167 171 172 174 180 183 202 209 212 219 223 225 227 230 233 234 238 
27 49 0 13 24 34 40 41 46 49 50 56 58 76 80 93 97 100 104 107 110 111 114 118 125 127 132 136 139 151 153 155 157 168 169 186 195 199 203 204 207 208 209 211 218 220 222 225 235 238 239 
28 40 18 21 23 30 31 34 42 47 50 62 68 69 71 73 74 81 87 90 91 101 104 106 110 118 134 135 142 148 149 151 156 170 178 185 187 195 202 219 222 226 
29 50 1 3 9 16 17 19 24 38 39 47 62 64 69 73 74 76 83 89 90 94 105 110 115 123 136 137 152 153 158 162 163 165 169 170 172 175 180 186 190 198 199 200 203 213 216 220 223 233 234 236 
30 39 9 12 13 19 21 28 36 38 40 41 44 49 60 81 83 96 102 103 116 117 120 121 128 140 146 151 155 160 165 167 170 179 216 217 220 226 227 236 237 
31 45 1 5 8 11 18 28 49 61 66 68 86 93 100 113 117 125 127 137 140 143 147 150 153 156 160 172 174 176 178 179 180 183 193 197 198 201 207 208 210 213 216 221 231 232 235 
32 37 1 2 10 15 25 37 49 50 53 58 59 78 86 88 89 95 97 108 116 119 123 125 134 138 143 155 160 161 162 168 170 198 206 209 217 219 231 
33 49 3 12 14 16 25 34 49 53 66 67 75 76 86 92 94 100 103 106 108 112 124 133 138 142 147 150 151 154 155 165 166 173 174 179 181 182 183 188 192 194 197 198 205 211 215 219 224 232 238 
34 41 6 14 16 17 24 27 28 33 38 39 45 46 50 56 68 74 78 94 95 100 111 112 122 124 134 139 144 162 164 175 176 180 198 209 211 213 214 221 225 232 237 
35 37 10 15 20 36 41 44 46 47 54 59 62 67 71 85 94 99 100 101 109 111 115 116 146 159 160 162 163 165 169 189 194 198 201 217 220 224 239 
36 53 6 12 18 19 24 30 35 40 42 48 52 54 55 59 62 63 72 82 84 85 89 90 93 101 105 107 112 114 117 121 122 132 133 148 156 160 163 168 178 179 182 189 193 200 201 202 210 214 219 221 223 227 233 
37 44 8 11 14 19 26 32 38 47 52 53 58 61 77 78 80 83 85 86 90 107 110 112 127 143 150 159 162 166 179 181 185 186 194 197 198 202 203 204 205 208 214 216 218 224 
38 39 0 1 7 9 19 24 29 30 34 37 44 56 59 80 81 86 91 108 117 127 130 137 142 143 145 149 151 162 163 166 168 170 200 202 207 213 223 234 237 
39 45 2 13 15 18 23 29 34 41 49 55 64 67 68 74 82 84 88 89 98 106 110 114 124 126 147 153 163 165 168 171 176 183 185 189 192 199 202 206 207 208 210 217 219 222 231 
40 59 2 6 20 25 27 30 36 45 47 59 68 71 79 81 88 94 99 104 116 117 120 128 130 132 138 141 144 147 148 149 151 152 154 158 159 163 165 170 171 172 174 175 180 182 188 191 194 195 197 203 205 207 210 212 213 221 231 235 237 
41 51 3 15 22 24 25 26 27 30 35 39 44 50 53 55 64 65 71 79 84 92 104 106 114 124 128 132 133 134 136 140 142 143 144 145 146 147 161 169 173 185 188 189 193 199 208 213 221 230 232 235 238 
42 46 8 12 13 15 22 28 36 53 66 67 70 72 73 84 85 89 99 106 109 112 113 115 127 130 134 138 143 152 161 162 174 181 185 187 191 199 204 210 213 216 217 220 221 227 234 236 
43 48 1 5 9 16 24 52 55 61 73 78 79 81 86 94 107 111 117 118 122 126 129 130 134 135 144 145 149 155 157 160 165 182 185 190 192 200 205 208 209 210 212 215 220 221 222 233 234 238 
44 50 6 10 16 18 19 20 30 35 38 41 53 59 61 63 66 71 72 75 86 88 95 105 110 112 113 115 122 125 137 146 149 150 160 164 171 174 179 181 192 194 195 198 208 210 211 216 224 227 229 232 
45 35 23 25 34 40 48 55 57 66 70 89 90 96 103 107 109 122 127 132 136 144 149 165 169 184 186 190 191 192 196 197 201 215 222 232 239 
46 50 0 2 8 24 27 34 35 56 57 60 61 62 69 74 75 80 82 89 95 101 103 108 115 116 126 131 136 137 140 146 147 148 152 156 160 165 177 180 186 193 207 208 209 211 218 221 225 235 236 239 
47 42 1 12 28 29 35 37 40 69 84 86 89 97 103 104 106 116 122 124 128 132 136 139 148 149 152 153 155 158 167 170 188 201 210 212 215 217 218 220 222 233 236 238 
48 45 0 6 11 13 36 45 50 53 55 73 75 76 88 91 100 105 109 125 135 136 142 145 149 157 159 160 169 171 180 183 189 191 194 197 198 204 206 208 212 221 228 230 231 236 238 
49 45 6 12 22 26 27 30 31 32 33 39 53 69 72 75 76 81 93 94 97 105 107 111 118 120 121 129 134 137 146 153 180 183 190 199 200 206 210 213 218 221 226 227 229 236 237 
50 56 3 4 23 25 27 28 32 34 41 48 56 63 64 71 81 83 86 87 89 90 92 94 95 96 98 99 107 108 109 110 117 119 121 122 125 129 132 137 140 142 144 145 148 150 153 155 168 172 173 177 184 193 201 209 227 234 
51 35 65 67 73 89 95 96 97 107 110 112 122 127 133 134 151 152 155 156 157 169 171 173 175 176 181 182 187 189 190 198 213 218 224 228 229 
52 53 5 7 9 14 18 19 24 36 37 43 56 58 59 65 69 72 76 80 82 83 86 88 89 93 95 99 102 113 117 121 122 127 138 144 153 166 167 172 176 177 178 180 183 195 196 198 209 210 214 217 233 238 239 
53 51 0 12 13 18 21 32 33 37 41 42 44 48 49 55 56 58 63 66 68 76 79 88 89 102 110 120 124 130 131 133 145 152 160 168 174 185 186 193 196 199 202 204 205 206 208 215 216 228 229 236 237 
54 34 21 22 35 36 61 67 69 86 90 91 93 94 97 111 115 129 132 135 140 142 150 173 174 181 196 203 204 214 217 224 227 233 237 238 
55 48 0 1 4 8 11 22 24 36 39 41 43 45 48 53 61 63 73 76 77 84 86 103 107 112 120 130 133 137 141 149 158 160 166 169 175 187 193 203 206 210 211 213 214 221 223 224 233 236 
56 53 3 7 8 10 13 19 20 21 27 34 38 46 50 52 53 64 65 67 70 72 75 77 88 90 96 102 108 109 116 118 122 124 127 128 132 138 143 155 156 158 166 172 179 185 189 193 198 200 211 224 225 233 235 
57 39 3 6 9 13 16 24 25 45 46 61 64 72 74 75 79 80 85 95 97 103 107 111 117 135 138 143 151 160 167 171 184 194 196 199 207 219 224 232 237 
58 51 5 6 8 14 19 20 27 32 37 52 53 60 61 67 68 74 78 79 89 96 98 99 108 116 118 125 130 135 143 146 147 153 154 156 160 163 166 168 176 182 185 187 189 190 205 209 213 220 222 227 230 
59 57 3 5 6 10 11 14 15 16 23 25 32 35 36 38 40 44 52 64 67 75 82 85 87 91 102 104 107 108 109 120 122 126 135 138 146 148 149 163 166 172 173 177 180 182 185 190 193 199 209 212 213 216 219 220 221 226 227 
60 62 3 5 11 12 13 15 18 21 26 30 46 58 64 68 80 86 87 93 95 96 97 98 99 100 101 103 110 113 114 126 132 133 136 141 146 153 160 162 163 167 172 174 178 179 180 184 185 186 193 194 200 203 207 211 215 224 225 226 229 232 236 239 
61 59 0 3 4 6 13 14 15 16 31 37 43 44 46 54 55 57 58 63 64 70 81 82 84 90 93 94 96 98 116 118 119 121 125 132 133 134 139 141 150 154 155 158 161 162 174 176 184 188 193 207 209 212 218 220 228 232 235 237 238 
62 52 7 11 15 16 17 18 22 24 28 29 35 36 46 65 69 70 73 79 87 93 94 105 114 119 121 122 123 127 133 141 145 153 154 157 170 172 173 175 183 186 190 191 196 198 203 211 212 222 230 233 234 239 
63 47 7 19 21 36 44 50 53 55 61 66 70 71 78 84 85 89 98 99 100 101 115 119 129 130 145 158 162 164 168 175 179 180 193 198 200 204 205 209 213 221 223 224 228 229 230 237 239 
64 53 3 6 9 14 16 20 29 39 41 50 56 57 59 60 61 67 71 75 87 92 94 96 99 101 102 103 108 119 135 136 140 149 152 158 164 169 172 178 183 186 192 194 195 197 202 208 209 215 225 226 227 231 239 
65 45 0 2 4 5 8 13 22 41 51 52 56 62 70 71 72 80 103 104 109 111 122 123 130 131 134 138 143 148 150 152 153 156 164 166 191 195 197 199 200 207 211 215 219 222 229 
66 48 5 7 9 11 14 16 21 23 31 33 42 44 45 53 63 73 75 78 94 98 101 105 114 119 128 129 136 138 144 145 148 153 162 177 181 184 194 195 196 203 208 209 212 216 217 221 223 231 
67 56 1 5 6 12 13 14 15 16 21 22 33 35 39 42 51 54 56 58 59 64 90 92 94 99 103 108 114 119 124 129 139 144 150 157 159 168 177 179 181 187 194 195 197 198 200 204 207 210 215 220 223 224 227 234 236 237 
68 36 9 23 26 28 31 34 39 40 53 58 60 74 75 78 82 91 97 99 100 101 106 109 120 127 135 155 159 161 172 174 195 196 199 216 229 234 
69 61 4 11 15 17 19 23 28 29 46 47 49 52 54 62 73 76 80 81 83 88 89 90 92 98 100 103 107 109 110 113 114 119 122 124 126 132 135 142 147 151 154 155 162 166 167 171 172 176 180 183 191 197 200 202 204 205 223 231 232 233 235 
70 48 3 5 8 11 13 18 20 42 45 56 61 62 63 65 76 80 83 89 94 97 99 102 105 115 117 126 129 133 134 140 142 147 148 170 171 175 181 184 188 197 201 207 214 218 225 232 233 239 
71 45 18 26 28 35 40 41 44 50 63 64 65 84 100 101 105 110 111 113 115 120 130 140 143 144 145 158 162 168 169 172 174 178 183 184 188 192 200 203 211 212 214 222 223 234 238 
72 44 1 8 15 21 23 36 42 44 49 52 56 57 65 80 82 86 90 94 101 103 116 126 129 137 139 147 153 164 170 172 177 179 188 194 202 206 222 223 224 225 227 232 235 237 
73 51 10 19 25 28 29 42 43 48 51 55 62 66 69 75 79 81 82 83 91 92 101 107 115 119 122 123 130 137 139 152 160 164 167 174 181 185 187 194 195 198 205 206 207 209 215 217 218 230 233 234 236 
74 48 3 5 8 10 12 20 23 26 28 29 34 39 46 57 58 68 83 85 90 92 97 109 117 120 125 126 133 134 143 144 157 163 164 167 168 169 170 172 174 175 178 198 215 225 226 231 237 239 
75 43 14 16 17 20 22 33 44 46 48 49 56 57 59 64 66 68 73 93 95 99 107 111 133 149 150 151 162 165 166 169 171 174 182 183 184 186 187 193 200 210 217 237 238 
76 63 0 2 4 5 10 12 20 23 24 26 27 29 33 48 49 52 53 55 69 70 79 81 84 86 96 107 109 110 111 116 124 136 137 139 143 146 148 151 152 155 158 160 162 167 171 175 176 178 183 184 192 193 194 195 196 200 204 205 226 230 234 236 238 
77 29 6 10 20 37 55 56 81 85 94 122 126 133 134 143 151 161 191 194 196 201 205 216 220 223 224 225 228 229 235 
78 43 4 19 23 26 32 34 37 43 58 63 66 68 83 89 103 115 116 121 124 127 128 135 141 148 150 156 158 171 177 181 183 188 195 196 197 207 210 212 216 217 219 231 235 
79 48 4 8 18 22 24 40 41 43 53 57 58 62 73 76 85 90 91 93 101 109 112 117 119 123 125 133 135 147 148 150 154 156 165 173 174 176 186 191 195 197 207 212 214 218 220 225 226 227 
80 54 2 6 12 18 27 37 38 46 52 57 60 65 69 70 72 83 95 106 107 110 111 112 125 134 140 150 155 157 158 159 162 166 171 173 176 177 182 193 198 202 204 205 207 211 216 220 221 227 229 230 232 237 238 239 
81 45 0 7 8 11 13 19 20 26 28 30 38 40 43 49 50 61 69 73 76 77 85 86 92 98 105 111 121 124 125 126 135 141 143 146 148 161 168 169 177 182 184 224 227 232 239 
82 55 3 6 12 13 16 17 18 22 24 36 39 46 52 59 61 68 72 73 86 91 94 95 101 105 116 122 123 129 132 137 140 144 145 146 149 151 153 156 160 161 162 171 172 176 180 183 184 196 208 213 219 224 229 234 235 
83 57 1 4 18 19 29 30 37 50 52 69 70 73 74 78 80 86 87 88 89 95 96 102 103 109 110 111 122 123 124 126 128 129 130 132 156 160 162 163 164 165 172 175 177 181 182 184 186 197 205 218 222 226 227 231 233 237 238 
84 53 0 4 12 14 15 17 26 36 39 41 42 47 55 61 63 71 76 86 97 102 105 109 110 114 115 116 119 125 128 129 134 136 137 140 144 145 155 157 160 166 175 186 197 204 205 214 222 225 228 229 233 235 236 
85 48 6 12 14 17 19 26 35 36 37 42 57 59 63 74 77 79 81 86 96 106 109 112 113 116 131 140 146 153 158 163 165 170 171 174 176 177 179 183 191 193 196 213 222 223 227 228 237 239 
86 53 4 14 17 24 26 31 32 33 37 38 43 44 47 50 52 54 55 60 72 76 81 82 83 84 85 87 92 94 97 100 103 113 114 117 120 122 123 126 128 131 137 143 148 155 196 201 204 205 207 224 226 231 239 
87 41 9 20 21 26 28 50 59 60 62 64 83 86 90 100 101 106 108 115 128 135 140 144 146 157 161 162 167 171 173 174 175 178 190 194 196 206 207 211 213 230 237 
88 36 5 32 39 40 44 48 52 53 56 69 83 92 98 99 101 128 140 159 160 168 169 170 172 174 179 190 196 202 203 208 213 215 218 221 227 234 
89 64 6 16 18 20 23 26 29 32 36 39 42 45 46 47 50 51 52 53 58 63 69 70 78 83 94 97 107 109 112 115 117 118 119 122 129 131 152 156 157 162 163 167 168 169 170 176 179 180 181 182 186 188 189 190 193 195 200 208 210 221 224 228 235 238 
90 47 9 22 28 29 36 37 45 50 54 56 61 67 69 72 74 79 87 92 93 94 105 107 109 117 120 125 126 127 129 134 140 142 151 153 155 157 160 161 182 195 198 199 219 222 226 235 237 
91 51 3 5 9 18 22 28 38 48 54 59 68 73 79 82 92 93 94 98 102 105 112 115 116 121 122 131 135 141 145 158 160 161 170 178 182 185 188 189 194 197 211 216 218 219 225 226 227 231 233 238 239 
92 58 1 8 11 18 26 33 41 50 64 67 69 73 74 81 86 88 90 91 95 96 101 103 114 120 121 122 126 129 130 131 133 139 145 149 151 157 160 164 171 174 181 182 183 184 185 188 194 196 201 209 216 217 219 220 222 224 228 235 
93 51 4 11 17 27 31 36 49 52 54 60 61 62 75 79 90 91 95 97 101 105 108 109 110 115 123 126 133 137 160 162 164 168 177 179 180 181 182 185 190 194 195 205 208 211 223 224 232 234 236 238 239 
94 60 1 3 10 12 13 18 21 24 29 33 34 35 40 43 49 50 54 61 62 64 66 67 70 72 77 82 86 89 90 91 95 98 100 103 105 113 114 126 129 135 136 151 152 154 155 156 158 165 173 179 186 191 193 201 208 209 218 225 237 238 
95 52 1 25 32 34 44 46 50 51 52 57 60 75 80 82 83 92 93 94 96 100 107 112 113 115 120 121 125 129 132 142 145 147 154 155 164 166 171 180 181 183 186 193 204 208 210 216 217 225 226 233 235 236 
96 55 4 5 6 8 21 23 30 45 50 51 56 58 60 61 64 76 83 85 92 95 102 108 120 123 126 130 146 149 154 157 158 159 166 167 171 172 173 177 182 183 185 186 191 192 193 197 201 212 219 226 230 233 234 238 239 
97 47 3 5 10 18 23 26 27 32 47 49 51 54 57 60 68 70 74 84 86 89 93 106 107 116 141 145 152 160 162 167 171 175 178 180 186 191 192 197 200 203 209 212 218 221 226 230 236 
98 39 4 13 39 50 58 60 61 63 66 69 81 88 91 94 103 104 109 119 131 133 141 148 155 163 166 171 175 181 182 184 201 208 221 222 226 227 228 234 237 
99 42 4 6 9 11 13 15 20 35 40 42 50 52 58 60 63 64 67 68 70 75 88 101 102 111 118 133 146 148 159 190 196 198 204 206 222 225 229 235 236 237 238 239 
100 52 4 6 10 13 17 19 23 27 31 33 34 35 48 60 63 68 69 71 86 87 94 95 101 102 106 121 124 133 136 139 144 145 147 150 154 156 162 168 178 179 192 193 198 202 206 209 216 227 228 229 232 234 
101 54 6 10 20 22 28 35 36 46 60 63 64 66 68 71 72 73 79 82 87 88 92 93 99 100 118 127 128 136 139 141 144 146 151 158 160 161 163 166 167 168 170 182 186 195 199 202 204 215 216 228 230 234 237 238 
102 42 0 9 30 52 53 56 59 64 70 83 84 91 96 99 100 116 120 124 131 138 140 141 142 146 156 157 159 167 168 173 175 176 184 199 203 207 209 215 219 232 234 239 
103 52 9 10 14 19 24 30 33 45 46 47 55 57 60 64 65 67 69 72 78 83 86 92 94 98 104 107 108 112 117 123 124 125 128 132 133 134 135 155 160 167 172 177 178 201 202 203 213 215 216 218 220 223 
104 43 1 4 5 9 10 26 27 28 40 41 47 59 65 98 103 106 113 114 120 121 123 131 133 136 143 144 149 153 156 161 164 171 177 178 186 187 192 198 208 218 221 238 239 
105 42 4 11 21 23 29 36 44 48 49 62 66 70 71 81 82 84 90 91 93 94 111 115 117 125 139 145 156 157 162 167 169 174 183 185 186 193 198 207 221 224 225 233 
106 43 6 28 33 39 41 42 47 68 80 85 87 97 100 104 108 109 119 126 142 143 144 146 147 149 150 154 163 168 179 181 185 194 195 198 202 203 209 210 212 220 221 236 237 
107 51 3 8 10 14 21 22 25 26 27 36 37 43 45 49 50 51 55 57 59 69 73 75 76 80 89 90 95 97 103 108 121 139 148 150 160 166 177 178 179 181 191 194 195 202 203 205 208 217 223 225 235 
108 44 1 5 9 10 17 32 33 38 46 50 56 58 59 64 67 87 93 96 103 106 107 121 122 123 136 146 159 162 165 167 168 176 177 182 184 189 192 193 196 199 214 222 224 228 
109 60 3 6 7 8 12 17 23 24 35 42 45 48 50 56 59 65 68 69 74 76 79 83 84 85 89 90 93 98 106 119 121 124 127 134 135 138 139 140 147 151 155 156 158 163 166 169 172 174 177 179 184 189 196 207 209 214 215 223 230 235 
110 52 2 6 8 27 28 29 37 39 44 50 51 53 60 69 71 76 80 83 84 93 116 119 120 121 130 133 136 149 151 153 156 162 170 173 176 186 187 192 196 201 202 203 205 213 219 220 222 223 224 227 235 238 
111 42 6 8 13 27 34 35 43 49 54 57 65 71 75 76 80 81 83 99 105 112 117 121 128 131 133 153 163 168 186 195 197 198 207 208 211 216 218 222 229 230 234 239 
112 50 6 7 10 12 18 20 26 33 34 36 37 42 44 51 55 79 80 85 89 91 95 103 111 113 114 116 118 122 131 134 137 140 144 157 161 162 167 168 180 187 188 197 198 205 207 220 222 228 230 239 
113 45 1 3 11 12 18 19 24 26 31 42 44 52 60 69 71 85 86 94 95 104 112 115 117 118 121 122 124 135 147 149 152 163 174 184 185 187 191 196 212 213 214 215 224 228 235 
114 54 10 11 13 18 19 22 23 27 36 39 41 60 62 66 67 69 84 86 92 94 104 112 122 135 139 146 149 160 161 165 166 174 181 183 185 190 191 193 194 196 197 204 208 209 214 217 218 219 222 223 228 229 231 233 
115 49 20 25 26 29 35 42 44 46 54 63 70 71 73 78 84 87 89 91 93 95 105 113 117 120 122 141 146 150 155 157 166 169 171 178 180 185 187 194 200 204 207 215 218 223 224 232 233 234 237 
116 54 0 11 15 16 20 21 23 30 32 35 40 46 47 56 58 61 72 76 78 82 84 85 91 97 102 110 112 129 135 141 145 149 155 156 162 169 173 179 185 191 192 197 201 202 203 207 211 212 225 227 235 237 238 239 
117 49 2 15 16 22 25 30 31 36 38 40 43 50 52 57 70 74 79 86 89 90 103 105 111 113 115 119 127 137 138 139 147 151 153 155 162 166 168 169 170 171 182 188 201 206 217 219 221 223 224 
118 42 1 3 7 16 17 24 27 28 43 49 56 58 61 89 99 101 112 113 119 121 127 133 134 138 143 144 148 161 162 174 177 185 196 197 201 212 213 222 225 226 227 236 
119 39 6 14 17 19 32 50 61 62 63 64 66 67 69 73 79 84 89 98 106 109 110 117 118 125 127 141 142 151 169 175 178 181 182 186 189 195 200 229 234 
120 44 5 20 22 30 40 49 53 55 59 68 71 74 86 90 92 95 96 102 104 110 115 122 129 135 141 144 148 152 153 164 166 168 170 171 196 199 200 212 214 215 218 221 224 231 
121 53 0 2 6 11 15 17 21 30 36 49 50 52 61 62 78 81 91 92 95 100 104 107 108 109 110 111 113 118 124 126 137 145 148 154 155 156 161 166 179 187 188 190 194 197 204 207 209 217 221 229 231 233 235 
122 59 8 10 13 14 18 25 26 34 36 43 44 45 47 50 51 52 56 59 62 65 69 73 77 82 83 86 89 91 92 108 112 113 114 115 120 126 127 128 131 134 137 140 142 152 153 162 166 169 174 190 194 199 202 204 207 217 228 231 232 
123 41 3 16 21 26 29 32 62 65 73 79 82 83 86 93 96 103 104 108 131 136 138 143 145 146 149 162 163 172 176 177 178 191 194 196 197 214 215 223 230 233 236 
124 55 15 16 18 22 24 25 26 33 34 39 41 47 53 56 67 69 76 78 81 83 100 102 103 109 113 121 127 128 131 134 136 138 139 145 146 149 156 160 164 166 167 168 169 174 175 177 189 190 193 196 206 214 221 224 235 
125 45 1 4 6 10 17 21 27 31 32 44 48 50 58 61 74 79 80 81 84 90 95 103 105 119 132 134 140 143 147 150 155 157 158 164 176 188 194 199 213 214 216 218 228 231 232 
126 48 0 4 11 16 22 23 26 39 43 46 59 60 69 70 72 74 77 81 83 86 90 92 93 94 96 106 121 122 136 145 148 162 167 169 170 173 176 182 188 191 193 202 203 209 213 217 227 228 
127 44 12 18 22 27 31 37 38 42 45 51 52 56 62 68 78 90 101 109 117 118 119 122 124 135 136 137 146 153 166 174 175 177 185 186 187 192 198 202 205 214 218 219 221 233 
128 39 3 4 17 30 40 41 47 56 66 78 83 84 86 87 88 101 103 111 122 124 131 136 145 151 153 155 156 160 179 194 196 201 202 204 211 213 216 230 238 
129 42 3 5 19 21 26 43 49 50 54 63 66 67 70 72 82 83 84 89 90 92 94 95 116 120 130 141 142 164 168 170 171 173 176 194 210 212 214 219 226 229 234 239 
130 40 1 3 8 17 20 25 26 38 40 42 43 53 55 58 63 65 71 73 83 92 96 110 129 145 165 170 171 172 184 185 190 192 194 203 211 219 222 229 236 237 
131 45 2 15 18 25 46 53 65 85 86 89 91 92 98 102 104 111 112 122 123 124 128 135 139 141 147 149 150 164 165 167 177 179 183 187 188 191 193 195 198 199 200 201 202 219 238 
132 40 1 6 8 13 14 16 21 27 36 40 41 45 47 50 54 56 60 61 69 82 83 95 103 125 134 152 156 160 163 169 181 183 201 202 217 219 221 229 232 235 
133 58 0 2 5 12 18 19 22 33 36 41 51 53 55 60 61 62 70 74 75 77 79 92 93 98 99 100 103 104 110 111 118 134 146 148 150 157 162 165 166 169 173 175 176 182 192 196 197 198 205 207 212 214 218 229 230 233 236 238 
134 55 10 11 21 25 28 32 34 41 42 43 49 51 61 65 70 74 77 80 84 90 103 109 112 118 122 124 125 132 133 143 145 149 153 155 156 157 158 161 163 169 179 182 186 196 198 201 203 208 217 219 230 234 236 238 239 
135 53 6 11 12 15 19 21 22 23 28 43 48 54 57 58 59 64 68 69 78 79 81 87 91 94 103 109 113 114 116 120 127 131 143 147 151 152 154 163 173 177 178 181 182 185 191 194 195 201 203 221 229 230 233 
136 47 0 9 13 14 24 27 29 41 45 46 47 48 60 64 66 76 84 94 100 101 104 108 110 123 124 126 127 128 137 142 157 164 170 173 179 188 191 206 212 213 214 216 217 224 225 231 235 
137 46 4 9 19 21 26 29 31 38 44 46 49 50 55 72 73 76 82 84 86 93 112 117 121 122 127 136 148 152 153 159 160 168 169 171 172 173 185 190 193 195 204 211 224 226 227 229 
138 41 5 12 14 18 19 26 32 33 40 42 52 56 57 59 65 66 102 109 117 118 123 124 148 154 159 160 161 167 168 176 183 189 193 194 195 213 216 225 226 230 234 
139 42 1 5 12 23 26 27 34 47 61 67 72 73 76 92 100 101 105 107 109 114 117 124 131 144 145 150 152 153 157 161 162 164 168 174 180 195 197 199 210 213 224 232 
140 45 0 2 4 13 21 30 31 41 46 50 54 64 70 71 80 82 84 85 87 88 90 102 109 112 122 125 147 148 149 169 171 175 177 178 181 184 188 197 200 209 213 214 222 227 231 
141 37 1 5 14 22 40 55 60 61 62 78 81 91 97 98 101 102 115 116 119 120 129 131 162 163 165 168 173 175 177 187 195 204 206 208 220 224 233 
142 43 2 9 21 28 33 38 41 48 50 54 69 70 90 95 102 106 119 122 129 136 145 146 150 152 154 155 158 160 166 168 173 174 176 180 197 202 207 216 220 229 231 234 238 
143 47 10 18 19 20 22 31 32 37 38 41 42 56 57 58 65 71 74 76 77 81 86 104 106 118 123 125 134 135 145 151 158 159 186 188 190 191 192 193 195 197 200 203 206 214 215 218 234 
144 54 5 14 15 19 22 24 34 40 41 43 45 50 52 66 67 71 74 82 84 87 100 101 104 106 112 118 120 139 145 152 154 155 161 162 166 177 178 182 183 186 188 193 200 202 203 204 205 206 209 210 218 226 236 237 
145 54 3 4 9 11 15 17 38 41 43 48 50 53 62 63 66 71 82 84 91 92 95 97 100 105 116 121 123 124 126 128 130 134 139 142 143 144 147 148 153 167 168 169 170 171 173 180 186 192 217 220 223 224 231 235 
146 51 8 15 20 30 35 41 44 46 49 58 59 60 76 81 82 85 87 96 99 101 102 106 108 114 115 123 124 127 133 142 154 159 167 168 170 173 174 183 187 189 196 200 201 206 209 211 214 219 223 226 233 
147 41 10 13 15 21 31 33 39 40 41 46 58 69 70 72 79 95 100 106 109 113 117 125 131 135 140 145 156 172 176 177 180 185 189 205 207 209 217 228 232 234 239 
148 52 13 15 16 17 18 19 28 36 40 46 47 50 59 65 66 70 76 78 79 81 86 98 99 107 118 120 121 126 133 137 138 140 145 151 160 164 165 167 168 173 175 181 185 186 187 192 193 223 226 228 229 231 
149 47 0 8 17 20 21 26 28 38 40 43 44 45 47 48 55 59 64 75 82 92 96 104 106 110 113 114 116 123 124 131 134 140 152 158 168 169 175 179 183 191 207 211 214 234 235 237 238 
150 47 2 5 11 23 31 33 37 44 50 54 61 65 67 75 78 79 80 100 106 107 115 125 131 133 139 142 152 158 165 172 177 179 182 184 186 188 192 193 200 211 215 226 231 232 233 238 239 
151 43 4 14 27 28 30 33 38 40 51 57 69 75 76 77 82 90 92 94 101 109 110 117 119 128 135 143 148 160 178 186 187 188 192 196 198 204 205 210 214 218 231 233 238 
152 49 12 13 15 18 21 24 29 40 42 46 47 51 53 64 65 73 76 89 94 97 113 120 122 132 135 137 139 142 144 149 150 154 156 159 164 165 176 181 182 189 203 205 213 215 216 222 226 230 238 
153 55 6 8 13 19 24 27 29 31 39 47 49 50 52 58 60 62 65 66 72 82 85 90 104 110 111 117 120 122 127 128 134 137 139 145 155 158 171 174 175 180 183 198 207 208 209 212 214 215 218 221 222 224 226 230 232 
154 40 3 16 18 33 40 58 61 62 69 79 94 95 96 100 106 121 135 138 142 144 146 152 155 159 162 163 164 175 181 187 205 210 211 213 215 224 226 228 229 236 
155 46 13 27 30 32 33 43 47 50 51 56 61 68 69 76 80 84 86 90 94 95 98 103 109 115 116 117 121 125 128 134 142 144 153 154 157 160 162 179 197 201 205 209 211 219 227 235 
156 55 1 6 8 15 24 25 26 28 31 36 46 51 56 58 65 78 79 82 83 89 94 100 102 104 105 109 110 116 121 124 128 132 134 147 152 158 161 163 169 172 173 179 180 182 186 189 201 203 204 207 213 220 222 230 239 
157 44 1 3 4 7 8 12 15 26 27 43 48 51 62 67 74 80 84 87 89 90 92 96 102 105 112 115 125 133 134 136 139 155 163 170 177 195 202 213 216 220 225 227 229 236 
158 51 1 5 6 8 9 11 12 17 23 25 26 29 40 47 55 56 61 63 64 71 76 78 80 85 91 94 96 101 109 125 134 142 143 149 150 153 156 159 164 170 177 185 191 193 197 204 215 217 223 234 239 
159 47 9 12 16 22 23 35 37 40 48 67 68 80 88 96 99 102 108 137 138 143 146 152 154 158 162 171 173 174 177 178 179 184 185 194 199 200 203 204 208 211 219 220 227 229 232 233 235 
160 62 4 9 14 15 18 22 25 30 31 32 35 36 43 44 46 48 53 55 57 58 60 73 76 82 83 84 88 90 91 92 93 97 101 103 107 114 124 128 132 137 138 142 148 151 155 161 163 166 168 170 174 176 182 191 193 195 196 212 223 225 227 234 
161 44 8 9 15 22 23 25 26 32 41 42 61 68 77 81 82 87 90 91 101 104 112 114 118 121 134 138 139 144 156 160 162 163 171 187 188 194 195 201 209 216 220 235 237 238 
162 67 0 2 4 13 21 22 23 25 29 32 34 35 37 38 42 60 61 63 66 69 71 75 76 80 82 83 87 89 93 97 100 105 108 110 112 116 117 118 122 123 126 133 139 141 144 154 155 159 161 170 171 173 175 185 186 191 193 196 201 205 217 218 222 232 234 236 238 
163 50 0 2 11 17 18 20 21 23 29 35 36 38 39 40 58 59 60 74 83 85 89 98 101 106 109 111 113 123 132 134 135 141 154 156 157 160 161 182 188 190 191 199 205 209 219 226 227 233 236 239 
164 51 0 3 8 14 16 24 25 34 44 63 64 65 72 73 74 83 92 93 95 104 120 124 125 129 131 136 139 148 152 154 158 186 187 189 196 197 200 202 205 213 218 223 225 226 227 228 229 231 232 234 235 
165 46 7 14 15 20 29 30 33 35 39 40 43 45 46 75 79 83 85 94 108 114 130 131 133 141 148 150 152 170 174 176 191 192 194 195 196 203 210 212 215 217 219 227 230 233 236 239 
166 57 0 6 7 12 13 21 24 25 33 37 38 52 55 56 58 59 65 69 75 80 84 95 96 98 101 107 109 114 115 117 120 121 122 124 127 133 142 144 160 169 174 175 177 179 182 191 196 198 200 206 215 216 219 223 225 236 239 
167 52 14 20 21 25 26 30 47 52 57 60 69 73 74 76 87 89 96 97 101 102 103 105 108 112 124 126 131 138 145 146 148 169 171 172 179 188 190 192 195 199 200 203 204 207 209 213 214 215 217 219 224 228 
168 53 5 12 15 17 23 27 32 36 38 39 50 53 58 63 67 71 74 81 88 89 93 100 101 102 106 108 111 112 117 120 124 129 137 138 139 141 142 145 146 148 149 160 171 173 174 176 182 188 226 227 229 231 233 
169 54 1 4 9 18 20 25 27 29 35 41 45 48 51 55 64 71 74 75 81 88 89 105 109 115 116 117 119 122 124 126 132 133 134 137 140 145 149 156 166 167 170 171 178 181 183 187 190 194 205 208 213 228 230 239 
170 53 1 6 10 12 20 22 28 29 30 32 38 40 47 62 70 72 74 85 88 89 91 101 110 117 120 126 129 130 136 145 146 157 158 160 162 165 169 174 179 182 195 198 201 203 204 209 210 214 215 220 221 224 235 
171 57 3 7 9 15 16 19 21 25 26 39 40 44 48 51 57 69 70 75 76 78 80 82 85 87 92 95 96 97 98 104 115 117 120 129 130 137 140 145 153 159 161 162 167 168 169 176 184 192 195 200 203 208 213 219 227 231 235 
172 47 2 3 8 15 17 24 26 29 31 40 50 52 56 59 60 62 64 68 69 71 72 74 82 83 88 96 103 109 123 130 137 147 150 156 167 176 180 193 194 197 198 202 203 217 218 223 224 
173 48 0 1 3 14 18 33 41 50 51 54 59 62 79 80 87 94 96 102 110 116 126 129 133 135 136 137 141 142 145 146 148 156 159 162 168 185 188 189 190 208 218 219 227 228 230 233 234 235 
174 54 0 6 14 22 26 31 33 40 42 44 53 54 60 61 68 71 73 74 75 79 85 87 88 92 105 109 113 114 118 122 124 127 139 142 146 153 159 160 165 166 168 170 176 177 180 184 195 200 205 223 224 228 229 230 
175 46 0 11 16 19 21 23 24 29 34 40 51 55 62 63 70 74 76 83 84 87 97 98 102 119 124 127 133 140 141 148 149 153 154 162 166 182 184 190 196 202 209 215 221 229 236 237 
176 44 0 22 31 34 39 51 52 58 61 69 76 79 80 82 85 89 102 108 110 123 125 126 129 133 138 142 147 152 160 165 168 171 172 174 178 179 180 199 208 213 227 233 237 239 
177 51 11 15 18 19 24 46 50 52 59 66 67 72 78 80 81 83 85 93 96 103 104 107 108 109 118 123 124 127 131 135 140 141 144 147 150 157 158 159 166 174 178 197 200 201 206 220 221 222 226 237 238 
178 47 1 6 12 16 17 20 21 23 28 31 36 52 60 64 71 74 76 87 91 97 100 103 104 107 115 119 123 135 140 144 151 159 169 176 177 181 189 191 195 206 208 212 216 223 224 226 228 
179 48 1 5 9 24 25 30 31 33 36 37 44 56 60 63 67 72 85 88 89 93 94 100 106 107 109 116 121 128 131 134 136 149 150 155 156 159 166 167 170 176 201 206 213 221 227 229 233 238 
180 41 3 7 12 25 26 29 31 34 40 46 48 49 52 59 60 63 69 82 89 93 95 97 112 115 139 142 145 147 153 156 172 174 176 192 195 200 201 212 214 220 235 
181 51 0 5 13 14 33 37 42 44 51 54 66 67 70 73 78 83 89 92 93 95 98 106 107 114 119 132 135 140 148 152 154 169 178 186 187 189 191 194 195 196 199 200 204 209 212 215 216 231 232 234 235 
182 56 3 4 7 10 25 33 36 40 43 51 58 59 75 80 81 83 89 90 91 92 93 96 98 101 108 117 119 126 133 134 135 144 150 152 156 160 163 166 168 170 175 183 186 188 195 197 213 214 215 217 219 224 228 229 230 232 
183 47 0 13 14 16 26 31 33 39 48 49 52 62 64 69 71 75 76 78 82 85 92 95 96 105 114 131 132 138 144 146 149 153 169 182 185 191 199 203 209 210 214 215 222 232 233 235 236 
184 41 6 12 13 15 18 21 45 50 57 60 61 66 70 71 75 76 81 82 83 92 98 102 108 109 113 130 140 150 159 171 174 175 194 197 205 210 214 219 220 221 224 
185 52 0 3 4 5 8 13 16 18 21 24 28 37 39 41 42 43 53 56 58 59 60 73 91 92 93 96 105 106 113 114 115 116 118 127 130 135 137 147 148 158 159 162 173 183 188 189 191 206 209 219 220 239 
186 56 1 5 9 13 27 29 37 45 46 53 60 62 64 75 79 83 84 89 94 95 96 97 101 104 105 110 111 119 127 134 143 144 145 148 150 151 156 162 164 181 182 188 193 197 199 203 206 209 210 216 218 226 231 232 235 237 
187 43 6 7 13 14 22 28 42 51 55 58 67 73 75 104 110 112 113 115 121 127 131 141 146 148 151 154 161 164 169 181 188 194 196 199 206 214 215 218 219 224 236 238 239 
188 45 21 33 40 41 47 61 70 71 72 78 89 91 92 112 117 121 125 126 131 136 140 143 144 150 151 161 163 167 168 173 182 185 186 187 190 193 196 197 199 205 208 211 216 219 225 
189 42 2 13 17 21 35 36 39 41 48 51 56 58 89 91 108 109 119 124 138 146 147 152 156 164 173 178 181 185 192 196 201 203 208 209 214 216 224 225 229 230 232 234 
190 38 14 19 20 29 43 45 49 51 58 59 62 87 88 89 93 99 114 121 122 124 130 137 143 163 167 169 173 175 188 192 193 196 197 204 205 207 219 222 
191 43 3 10 14 17 40 42 45 48 62 65 69 77 79 85 94 96 97 107 113 114 116 123 126 131 135 136 143 149 158 160 162 163 165 166 178 181 183 185 193 204 216 236 237 
192 40 8 10 16 33 39 43 44 45 64 71 76 96 97 100 104 108 110 116 127 130 133 143 145 148 150 151 165 167 171 180 189 190 193 213 214 224 231 233 234 235 
193 60 3 5 6 11 13 15 23 24 31 36 41 46 50 53 55 56 59 60 61 63 75 76 80 85 89 94 95 96 100 105 108 114 124 126 131 137 138 143 144 148 150 158 160 162 172 186 188 190 191 192 196 199 200 203 206 214 215 218 224 230 
194 51 8 11 12 15 16 33 35 37 40 44 48 57 60 64 66 67 72 73 76 77 87 91 92 93 106 107 114 115 121 122 123 125 128 129 130 135 138 159 161 165 169 172 181 184 187 195 204 209 218 231 236 
195 54 3 16 17 27 28 40 44 52 64 65 66 67 68 73 76 78 79 89 90 93 101 106 107 111 119 131 135 137 138 139 141 143 157 160 161 165 167 170 171 174 178 180 181 182 194 200 204 215 217 218 224 233 238 239 
196 59 11 12 13 14 22 24 45 52 53 54 57 62 66 68 76 77 78 82 85 86 87 88 92 99 108 109 110 113 114 118 120 123 124 128 133 134 146 151 160 162 164 165 166 175 181 187 188 189 190 193 198 206 210 213 220 223 224 227 229 
197 50 0 5 13 31 33 37 40 45 48 64 65 67 69 70 78 79 83 84 91 96 97 111 112 114 116 118 121 123 133 139 140 142 143 155 158 164 172 177 182 184 186 188 190 198 203 205 213 220 225 226 
198 54 10 11 15 18 20 21 22 24 29 31 32 33 34 35 37 44 48 51 52 56 62 63 67 73 74 80 90 99 100 104 105 106 111 112 127 131 133 134 151 153 166 170 172 196 197 199 208 209 220 222 224 233 234 235 
199 45 5 6 8 9 12 16 19 27 29 39 41 42 49 53 57 59 65 68 90 101 102 108 120 122 125 131 139 159 163 167 176 181 183 186 187 188 193 198 211 212 223 227 232 234 239 
200 51 0 3 12 16 18 23 29 36 38 43 49 56 60 63 65 67 69 71 75 76 89 97 115 119 120 131 140 143 144 146 150 159 164 166 167 171 174 177 180 181 193 195 201 204 206 213 216 222 228 235 239 
201 54 3 4 5 6 7 13 14 15 16 19 20 25 31 35 36 45 47 50 70 77 86 92 94 96 98 103 110 116 117 118 128 131 132 134 135 146 155 156 161 162 170 177 179 180 189 200 206 209 210 218 221 224 232 239 
202 45 0 6 9 11 21 26 28 36 37 38 39 53 64 69 72 80 88 100 101 103 106 107 110 116 122 126 127 128 131 132 142 144 157 164 172 175 203 210 214 216 217 223 226 231 236 
203 55 7 11 14 16 19 24 27 29 37 40 54 55 60 62 66 71 88 97 102 103 106 107 110 116 126 130 134 135 143 144 152 156 159 165 167 170 171 172 183 186 189 193 197 202 208 209 211 219 221 223 230 231 235 237 238 
204 48 2 3 9 11 13 27 37 42 48 53 54 63 67 69 76 80 84 86 95 99 101 114 115 121 122 128 137 141 144 151 156 158 159 167 170 181 190 191 194 195 200 209 214 220 230 232 234 235 
205 49 0 3 4 7 16 23 33 37 40 43 53 58 63 69 73 76 77 80 83 84 86 93 107 110 112 127 133 144 147 151 152 154 155 162 163 164 169 174 184 188 190 197 208 222 228 229 232 236 238 
206 41 2 11 19 24 25 32 39 48 49 53 55 72 73 87 99 100 117 124 136 141 143 144 146 166 177 178 179 185 186 187 193 196 200 201 208 224 225 226 227 232 235 
207 46 1 5 6 11 22 25 27 31 38 39 40 46 57 60 61 65 67 70 73 78 79 80 86 87 102 105 109 111 112 115 116 121 122 133 142 147 149 153 156 167 190 208 217 219 224 225 
208 56 2 4 6 8 11 13 14 27 31 37 39 41 43 44 46 48 53 64 66 82 88 89 93 94 95 98 104 107 111 114 134 141 153 159 169 171 173 176 178 188 189 198 203 205 206 207 218 222 223 225 228 229 230 231 235 238 
209 56 1 5 6 11 13 26 27 32 34 43 46 50 52 58 59 61 63 64 66 73 92 94 97 100 102 106 109 114 121 126 140 144 146 147 153 155 161 163 167 170 175 181 183 185 186 189 194 198 201 203 204 216 217 228 231 233 
210 36 5 18 25 31 36 39 40 42 43 44 47 49 52 55 67 75 78 89 95 106 129 139 144 151 154 165 170 183 184 186 196 201 202 214 217 225 
211 39 3 5 11 13 15 16 23 25 27 33 34 44 46 55 56 60 62 65 71 80 87 91 93 111 116 128 130 137 146 149 150 154 155 159 188 199 203 230 237 
212 40 4 5 13 17 25 26 40 43 47 48 59 61 62 66 71 78 79 96 97 106 113 116 118 120 129 133 136 153 160 165 178 180 181 199 220 222 226 230 231 238 
213 48 13 21 29 31 34 38 40 41 42 49 51 55 58 59 63 82 85 87 88 103 110 113 118 125 126 128 136 138 139 140 152 154 156 157 164 167 169 171 176 179 182 192 196 197 200 223 232 236 
214 49 0 3 6 20 34 36 37 52 54 55 70 71 79 84 108 109 113 114 120 123 124 125 127 129 133 136 140 143 146 149 151 153 167 170 180 182 183 184 187 189 192 193 202 204 210 216 218 237 238 
215 46 2 3 9 15 19 21 33 43 45 47 53 60 64 65 67 73 74 88 101 102 103 109 113 115 120 123 143 150 152 153 154 158 165 166 167 170 175 181 182 183 187 193 195 220 221 226 
216 44 0 7 18 29 30 31 37 42 44 53 59 66 68 77 78 80 91 92 95 100 101 103 111 125 128 136 138 142 152 157 161 166 178 181 186 188 189 191 200 202 209 214 228 238 
217 49 0 2 5 13 16 18 20 23 25 30 32 35 39 42 47 52 54 66 73 75 78 92 95 107 114 117 121 122 126 132 134 136 145 147 158 162 165 167 172 182 195 202 207 209 210 225 229 233 236 
218 50 6 10 11 21 22 27 37 46 47 49 51 61 70 73 79 83 88 91 94 97 103 104 111 114 115 120 125 127 133 143 144 151 153 162 164 172 173 186 187 193 194 195 201 208 214 221 223 231 232 237 
219 49 20 22 24 26 28 32 33 36 39 57 59 65 78 82 90 91 92 96 102 110 114 117 127 129 130 131 132 134 146 155 159 163 165 166 167 171 173 182 184 185 187 188 190 203 207 220 223 229 230 
220 48 0 1 4 6 14 17 22 25 27 29 30 35 42 43 47 58 59 61 67 77 79 80 92 103 106 110 112 141 142 145 156 157 159 161 170 177 180 184 185 196 197 198 204 212 215 219 233 238 
221 46 11 24 31 34 36 40 41 42 43 46 48 49 55 59 63 66 80 88 89 97 98 104 105 106 117 120 121 124 127 132 135 153 170 175 177 179 184 201 203 215 218 223 226 227 230 236 
222 45 2 18 22 27 28 39 43 45 47 58 62 65 71 72 83 84 85 90 92 98 99 108 110 111 112 114 118 130 140 152 153 156 162 177 183 190 198 200 205 208 212 227 230 232 233 
223 48 15 17 18 26 29 36 38 55 63 66 67 69 71 72 77 85 93 103 107 109 110 114 115 117 123 145 146 148 158 160 164 166 172 174 178 196 199 202 203 208 213 218 219 221 225 232 233 236 
224 62 13 14 18 21 22 33 35 37 44 51 54 55 56 57 60 63 67 72 77 81 82 86 89 92 93 105 108 110 113 115 117 120 124 136 137 139 141 145 153 154 167 170 172 174 178 182 184 187 189 192 193 195 196 198 201 206 207 225 226 227 229 232 
225 42 5 14 22 26 27 34 46 56 60 64 70 72 74 77 79 84 91 94 95 99 105 107 116 118 136 138 157 160 164 166 188 189 197 206 207 208 210 217 223 224 231 234 
226 54 2 7 8 11 15 19 24 28 30 49 59 60 64 74 76 79 83 86 90 91 95 96 97 98 118 129 137 138 144 146 148 150 152 153 154 163 164 168 177 178 186 197 202 206 212 215 221 224 227 230 232 233 234 238 
227 54 2 5 8 10 18 26 30 36 42 44 49 50 54 58 59 64 67 72 79 80 81 83 85 88 91 98 100 110 116 118 126 137 140 155 157 159 160 163 164 165 168 171 173 176 179 196 199 206 221 222 224 226 232 235 
228 40 0 3 14 15 48 51 53 61 63 77 84 85 89 92 98 100 101 108 112 113 114 122 125 126 147 148 154 164 167 169 173 174 178 182 200 205 208 209 216 237 
229 46 13 17 21 44 49 51 53 60 63 65 68 77 80 82 84 99 100 111 114 119 121 129 130 132 133 135 137 142 148 154 157 159 164 168 174 175 179 182 189 196 205 208 217 219 224 231 
230 52 1 3 4 6 11 12 19 20 22 26 41 48 58 62 63 73 76 80 87 96 97 101 109 111 112 123 128 133 134 135 138 152 153 156 165 169 173 174 182 189 193 203 204 208 211 212 219 221 222 226 232 237 
231 47 0 2 8 23 31 32 39 40 48 64 66 69 74 78 83 86 91 114 120 121 122 125 136 140 142 145 148 150 151 164 168 171 181 186 192 194 202 203 208 209 212 218 225 229 232 236 238 
232 56 0 1 2 10 11 16 17 24 31 33 34 41 44 45 57 60 61 69 70 72 80 81 93 100 102 115 122 125 132 139 147 150 153 159 162 164 181 182 183 186 189 199 201 204 205 206 213 218 222 223 224 226 227 230 231 233 
233 51 1 11 25 26 29 36 43 47 52 54 55 56 62 69 70 73 83 84 91 95 96 105 114 115 121 123 127 133 135 141 146 150 151 159 163 165 168 173 176 179 183 192 195 198 209 217 220 222 223 226 232 
234 44 17 26 29 38 42 43 50 62 67 68 71 73 76 82 88 93 96 98 100 101 102 111 115 119 129 134 138 142 143 147 149 158 160 162 164 173 181 189 192 198 199 204 225 226 
235 52 11 16 17 23 27 31 40 41 46 56 61 69 72 77 78 82 84 89 90 92 95 99 107 109 110 113 116 121 124 132 136 145 149 155 159 161 164 170 171 173 180 181 183 186 192 198 200 203 204 206 208 227 
236 45 5 6 29 30 42 46 47 48 49 53 55 60 67 73 76 84 93 95 97 99 106 118 123 130 133 134 144 154 157 162 163 165 166 175 183 187 191 194 202 205 213 217 221 223 231 
237 50 3 5 6 12 13 16 22 25 30 34 38 40 49 53 54 57 61 63 67 72 74 75 80 83 85 87 90 94 98 99 101 106 115 116 130 144 149 161 175 176 177 186 191 203 211 214 218 228 230 238 
238 52 0 4 26 27 33 41 43 47 48 52 54 61 71 75 76 80 83 89 91 93 94 96 99 101 104 110 116 128 131 133 134 142 149 150 151 152 161 162 177 179 187 195 203 205 208 212 214 216 220 226 231 237 
239 48 0 1 4 9 13 15 22 27 35 45 46 52 60 62 63 64 70 74 80 81 85 86 91 93 96 99 102 104 111 112 116 129 134 147 150 156 158 163 165 166 169 176 185 187 195 199 200 201 
