240 1836
0 12 4 7 61 76 81 163 173 175 183 200 202 216 
1 10 47 95 139 157 158 169 173 186 207 230 
2 16 17 20 25 39 40 76 131 140 150 162 206 208 222 226 231 232 
3 16 11 16 29 59 61 91 97 113 145 157 171 173 180 205 211 228 
4 9 0 7 65 78 79 84 99 162 239 
5 13 7 21 24 43 58 96 150 181 193 199 207 209 237 
6 19 11 19 34 36 40 44 48 49 58 64 99 125 158 166 174 201 207 214 218 
7 16 0 4 5 11 23 52 81 109 112 157 165 171 180 182 201 203 
8 13 12 42 55 70 79 107 122 146 149 157 158 185 227 
9 18 10 23 38 52 66 87 91 99 102 136 137 142 145 158 160 169 186 199 
10 12 9 22 35 59 73 94 101 103 134 191 218 232 
11 16 3 6 7 17 48 55 59 60 99 116 134 196 203 207 230 232 
12 20 8 15 30 33 36 60 67 76 94 112 135 138 152 158 168 170 180 184 196 199 
13 17 17 39 48 56 61 82 98 100 114 152 153 162 183 185 209 217 224 
14 11 33 34 37 86 107 119 181 203 208 220 228 
15 14 12 41 42 62 67 84 121 135 144 145 160 177 198 201 
16 10 3 44 61 118 124 159 185 192 194 235 
17 17 2 11 13 25 29 69 84 100 108 130 163 189 195 220 223 232 235 
18 10 36 62 80 92 97 122 124 198 210 223 
19 15 6 37 38 52 56 69 73 85 113 114 175 177 215 226 230 
20 8 2 35 75 76 115 149 178 198 
21 17 5 56 63 87 105 107 123 125 134 135 142 147 171 188 202 213 224 
22 16 10 25 41 55 65 75 91 126 127 143 162 174 207 218 225 230 
23 14 7 9 26 28 59 69 72 76 89 97 161 200 217 235 
24 13 5 29 36 52 55 62 113 136 172 185 196 203 232 
25 16 2 17 22 33 41 45 73 95 117 122 124 158 169 182 207 217 
26 13 23 78 84 85 104 124 130 156 158 161 183 202 230 
27 13 34 56 58 76 80 136 157 169 186 207 208 211 222 
28 16 23 47 62 69 71 73 74 81 106 118 151 156 170 185 187 195 
29 17 3 17 24 62 69 76 83 89 115 123 165 170 175 213 233 234 236 
30 12 12 44 60 83 103 116 146 155 170 217 220 236 
31 16 61 66 117 125 153 160 172 174 178 179 180 183 193 197 207 231 
32 13 78 86 95 97 108 116 123 155 160 162 170 209 219 
33 18 12 14 25 49 67 86 92 103 112 147 173 174 179 181 194 205 224 232 
34 14 6 14 27 45 74 100 122 144 175 176 198 221 225 237 
35 12 10 20 41 47 62 99 115 116 146 189 194 201 
36 20 6 12 18 24 40 42 48 52 54 62 82 89 107 132 156 168 179 189 201 214 
37 15 14 19 80 85 86 127 150 166 181 185 186 203 208 216 218 
38 11 9 19 59 130 137 143 149 166 200 207 237 
39 17 2 13 49 55 67 68 74 84 89 98 106 124 163 192 199 208 231 
40 25 2 6 36 47 71 79 81 99 141 144 148 154 158 159 163 170 174 182 191 197 210 212 213 221 231 
41 17 15 22 25 35 92 104 114 124 132 134 146 185 188 189 208 213 230 
42 18 8 15 36 72 73 85 99 138 152 161 162 204 213 217 220 221 227 236 
43 13 5 61 73 117 129 130 144 145 155 192 215 233 234 
44 23 6 16 30 61 66 71 72 75 86 112 113 122 125 149 150 164 171 174 181 198 216 227 232 
45 8 25 34 48 103 184 190 191 201 
46 10 57 75 101 115 152 160 208 209 236 239 
47 13 1 28 35 40 89 116 128 139 152 153 167 210 218 
48 16 6 11 13 36 45 55 73 145 149 157 159 183 189 191 206 212 
49 21 6 33 39 69 75 81 97 105 107 111 120 137 146 153 183 190 206 213 226 229 237 
50 15 56 89 92 94 96 117 122 125 129 144 150 153 155 193 209 
51 5 112 171 182 187 228 
52 20 7 9 19 24 36 56 65 76 86 88 102 121 138 144 167 176 180 183 209 217 
53 16 58 68 79 88 102 110 120 130 131 133 145 152 160 196 208 236 
54 9 36 61 67 86 97 140 196 224 227 
55 19 8 11 22 24 39 48 73 76 86 107 137 160 166 175 203 213 214 221 223 
56 18 13 19 21 27 50 52 70 90 109 118 122 124 138 143 155 166 198 211 
57 10 46 74 85 95 111 135 151 160 171 224 
58 18 5 6 27 53 60 67 96 125 130 147 154 160 163 168 187 189 205 209 
59 14 3 10 11 23 38 107 109 163 172 173 185 193 212 221 
60 17 11 12 30 58 68 87 95 96 132 160 172 180 186 211 215 224 232 
61 17 0 3 13 16 31 43 44 54 90 132 158 161 188 193 212 235 237 
62 23 15 18 24 28 29 35 36 69 87 93 94 105 127 141 154 157 172 186 190 203 212 222 239 
63 15 21 70 71 78 85 100 115 158 168 193 200 204 205 229 230 
64 12 6 67 87 92 94 99 108 135 164 197 226 239 
65 15 4 22 52 71 72 109 122 123 131 150 152 207 211 219 229 
66 12 9 31 44 75 78 144 148 153 181 209 216 221 
67 20 12 15 33 39 54 58 64 119 157 159 168 177 179 181 187 198 200 204 220 224 
68 9 39 53 60 78 99 120 135 195 234 
69 16 17 19 23 28 29 49 62 76 81 83 90 166 167 191 205 232 
70 11 8 56 63 76 94 147 148 188 201 207 218 
71 15 28 40 44 63 65 100 101 110 115 145 162 200 212 222 223 
72 16 23 42 44 65 82 103 116 129 164 170 188 194 222 223 232 235 
73 19 10 19 25 28 42 43 48 55 91 92 101 115 123 152 174 185 195 205 215 
74 10 28 34 39 57 120 163 172 174 178 226 
75 15 20 22 44 46 49 66 95 99 150 151 166 169 174 183 237 
76 21 0 2 12 20 23 27 29 52 55 69 70 79 84 109 124 136 151 158 160 176 193 
77 7 81 85 143 161 194 201 223 
78 14 4 26 32 63 66 68 103 121 127 156 197 212 216 231 
79 11 4 8 40 53 76 90 93 109 125 174 197 
80 10 18 27 37 150 171 205 220 221 227 238 
81 16 0 7 28 40 49 69 77 92 105 111 124 126 135 148 168 224 
82 12 13 36 72 86 101 105 123 140 145 161 224 234 
83 16 29 30 69 88 102 110 111 129 130 160 182 186 218 222 231 237 
84 20 4 15 17 26 39 76 97 102 109 110 125 137 175 186 197 205 225 228 233 235 
85 16 19 26 37 42 57 63 77 86 109 113 146 153 158 179 183 193 
86 20 14 32 33 37 44 52 54 55 82 85 92 103 113 114 120 122 128 196 226 231 
87 14 9 21 60 62 64 101 115 161 171 175 194 207 211 237 
88 12 52 53 83 101 140 160 170 174 190 202 208 227 
89 17 23 29 36 39 47 50 97 122 131 162 176 181 186 195 210 221 238 
90 12 56 61 69 79 94 134 151 153 161 199 222 235 
91 20 3 9 22 73 93 102 105 115 121 145 160 161 170 185 211 216 218 225 226 233 
92 25 18 33 41 50 64 73 81 86 96 101 103 121 122 129 130 145 149 151 157 174 184 194 216 220 235 
93 13 62 79 91 108 168 177 182 185 194 195 205 234 236 
94 22 10 12 50 62 64 70 90 100 103 113 114 126 152 154 156 158 165 179 193 209 218 237 
95 19 1 25 32 57 60 75 96 100 107 120 132 142 145 154 155 181 183 193 210 
96 16 5 50 58 60 92 95 120 126 146 172 173 193 201 230 233 238 
97 17 3 18 23 32 49 54 84 89 141 171 180 203 209 212 218 226 236 
98 10 13 39 109 119 133 155 171 182 201 221 
99 15 4 6 9 11 35 40 42 64 68 75 118 133 190 198 225 
100 16 13 17 34 63 71 94 95 124 136 144 145 147 156 202 206 216 
101 17 10 46 71 73 82 87 88 92 128 139 146 158 166 167 204 237 238 
102 13 9 52 53 83 84 91 120 124 146 156 157 167 175 
103 19 10 30 33 45 72 78 86 92 94 107 112 132 133 155 167 202 216 218 223 
104 12 26 41 114 123 133 136 143 144 149 186 208 239 
105 13 21 49 62 81 82 91 117 156 162 186 207 221 225 
106 16 28 39 108 109 119 142 144 146 147 150 168 179 195 198 202 209 
107 19 8 14 21 36 49 55 59 95 103 148 150 166 179 191 202 205 217 225 235 
108 12 17 32 64 93 106 165 167 168 193 214 224 228 
109 23 7 56 59 65 76 79 84 85 98 106 134 135 138 151 163 166 169 172 177 189 209 214 223 
110 18 53 71 83 84 116 119 121 153 176 186 192 196 201 202 213 219 220 223 
111 11 49 57 81 83 121 131 168 198 211 222 229 
112 16 7 12 33 44 51 103 113 114 116 122 131 157 162 168 187 228 
113 14 3 19 24 44 85 86 94 112 118 121 185 187 224 235 
114 18 13 19 41 86 94 104 112 165 185 190 193 196 204 208 218 219 223 231 
115 15 20 29 35 46 63 71 73 87 91 141 171 178 180 215 224 
116 16 11 30 32 35 47 72 110 112 141 155 173 185 191 201 202 207 
117 19 25 31 43 50 105 119 138 147 151 162 166 169 170 171 201 217 219 223 224 
118 13 16 28 56 99 113 119 138 144 162 177 212 222 225 
119 9 14 67 98 106 110 117 118 189 195 
120 13 49 53 68 74 86 95 96 102 122 153 170 214 221 
121 16 15 52 78 91 92 110 111 113 126 156 161 166 179 188 229 235 
122 20 8 18 25 34 44 50 56 65 86 89 92 112 120 126 127 128 140 166 199 217 
123 17 21 29 32 65 73 82 104 136 138 149 172 177 178 191 223 230 236 
124 24 16 18 25 26 39 41 56 76 81 100 102 127 136 138 139 145 156 166 168 174 175 190 193 206 
125 16 6 21 31 44 50 58 79 84 155 157 158 164 176 188 218 231 
126 12 22 81 94 96 121 122 136 162 167 193 217 228 
127 13 22 37 62 78 122 124 146 166 192 198 202 214 218 
128 9 47 86 101 122 153 194 196 201 213 
129 10 43 50 72 83 92 130 212 219 229 239 
130 13 17 26 38 43 53 58 83 92 129 170 184 192 236 
131 12 2 53 65 89 111 112 149 183 187 191 195 200 
132 12 36 41 60 61 95 103 134 152 156 163 183 229 
133 15 53 98 99 103 104 134 148 150 162 175 196 197 207 214 233 
134 24 10 11 21 41 90 109 132 133 145 149 153 157 158 179 186 196 198 201 208 217 234 236 238 239 
135 18 12 15 21 57 64 68 81 109 152 154 163 177 178 181 191 194 203 233 
136 18 9 24 27 76 100 104 123 124 126 164 170 179 206 212 213 214 216 217 
137 11 9 38 49 55 84 148 160 171 172 193 227 
138 14 12 42 52 56 109 117 118 123 124 168 189 193 216 225 
139 10 1 47 101 124 152 157 168 199 210 232 
140 10 2 54 82 88 122 169 175 181 209 231 
141 10 40 62 97 115 116 195 204 206 208 233 
142 11 9 21 95 106 145 155 160 168 197 220 229 
143 10 22 38 56 77 104 188 193 215 218 234 
144 21 15 34 40 43 50 52 66 100 104 106 118 152 155 166 182 188 203 205 206 226 236 
145 17 3 9 15 43 48 53 71 82 91 92 95 100 124 134 142 153 192 
146 17 8 30 35 41 49 85 96 101 102 106 127 154 174 183 189 219 226 
147 10 21 33 58 70 100 106 117 172 177 228 
148 10 40 66 70 81 107 133 137 187 192 226 
149 15 8 20 38 44 48 92 104 123 131 134 168 175 207 211 234 
150 16 2 5 37 44 50 65 75 80 106 107 133 152 186 200 215 238 
151 10 28 57 75 76 90 92 109 117 204 238 
152 16 12 13 42 46 47 53 65 73 94 132 135 139 144 150 176 189 
153 19 13 31 47 49 50 66 85 90 110 120 128 134 145 155 180 198 207 222 224 
154 12 40 58 62 94 95 135 146 155 213 224 229 236 
155 18 30 32 43 50 56 95 98 103 116 125 142 144 153 154 162 179 197 209 
156 18 26 28 36 78 94 100 102 105 121 124 132 169 173 182 186 203 213 220 
157 21 1 3 7 8 27 48 62 67 92 102 112 125 134 139 170 177 195 213 220 227 229 
158 24 1 6 8 9 12 25 26 40 61 63 76 85 94 101 125 134 159 177 193 197 217 223 234 239 
159 14 16 40 48 67 158 171 173 178 194 203 204 211 229 232 
160 22 9 15 31 32 46 53 55 57 58 60 76 83 88 91 137 142 161 166 174 176 196 212 
161 14 23 26 42 61 77 82 87 90 91 121 160 171 195 201 
162 20 2 4 13 22 32 42 71 89 105 112 117 118 126 133 155 173 175 193 218 232 
163 12 0 17 39 40 58 59 74 109 132 135 209 233 
164 12 44 64 72 125 136 196 197 200 213 223 225 229 
165 7 7 29 94 108 114 217 233 
166 22 6 37 38 55 56 69 75 101 107 109 117 121 122 124 127 144 160 169 174 191 223 236 
167 15 47 52 69 101 102 103 108 126 171 199 200 204 215 219 228 
168 18 12 36 58 63 67 81 93 106 108 111 112 124 138 139 142 149 188 227 
169 15 1 9 25 27 75 109 117 140 156 166 194 208 228 230 239 
170 20 12 28 29 30 32 40 72 88 91 117 120 130 136 157 174 209 210 215 220 235 
171 21 3 7 21 44 51 57 80 87 97 98 115 117 137 159 161 167 203 208 219 227 231 
172 16 24 31 59 60 62 74 96 109 123 137 147 180 194 203 217 218 
173 17 0 1 3 33 59 96 116 156 159 162 185 189 208 219 228 233 234 
174 19 6 22 31 33 40 44 73 74 75 79 88 92 124 146 160 166 170 195 223 
175 18 0 19 29 34 55 84 87 102 124 133 140 149 162 196 221 229 236 237 
176 11 34 52 76 89 110 125 152 160 178 179 239 
177 13 15 19 67 93 109 118 123 135 147 157 158 197 238 
178 13 20 31 74 115 123 135 159 176 191 206 208 212 216 
179 14 31 33 36 67 85 94 106 107 121 134 136 155 176 213 
180 14 3 7 12 31 52 60 97 115 153 172 195 212 214 235 
181 20 5 14 33 37 44 66 67 89 95 135 140 186 189 195 196 204 209 212 232 235 
182 21 7 25 40 51 83 93 98 144 156 183 186 195 213 214 215 217 219 224 229 230 232 
183 20 0 13 26 31 48 49 52 75 85 95 131 132 146 182 199 203 209 214 233 236 
184 6 12 45 92 130 197 214 
185 19 8 13 16 24 28 37 41 59 73 91 93 113 114 116 173 188 189 191 220 
186 21 1 9 27 37 60 62 83 84 89 104 105 110 134 150 156 181 182 206 209 235 237 
187 14 28 51 58 67 112 113 131 148 188 194 206 218 219 224 
188 16 21 41 61 70 72 121 125 143 144 168 185 187 193 196 199 216 
189 20 17 35 36 41 48 58 109 119 138 146 152 173 181 185 192 203 214 216 229 234 
190 12 45 49 62 88 99 114 124 192 193 204 205 219 
191 16 10 40 45 48 69 107 116 123 131 135 166 178 185 193 204 236 
192 11 16 39 43 110 127 130 145 148 189 190 214 
193 24 5 31 50 59 61 63 76 85 94 95 96 108 114 124 126 137 138 143 158 162 188 190 191 206 
194 17 16 33 35 72 77 87 92 93 128 135 159 169 172 187 209 231 236 
195 16 17 28 68 73 89 93 106 119 131 141 157 161 174 180 181 182 
196 17 11 12 24 53 54 86 110 114 128 133 134 160 164 175 181 188 206 
197 14 31 40 64 78 79 84 133 142 155 158 164 177 184 203 
198 15 15 18 20 34 44 56 67 99 106 111 127 134 153 224 235 
199 12 5 9 12 39 90 122 139 167 183 188 211 232 
200 13 0 23 38 63 67 71 131 150 164 167 201 213 228 
201 22 6 7 15 35 36 45 70 77 96 98 110 116 117 128 134 161 200 206 210 224 232 239 
202 13 0 21 26 88 100 103 106 107 110 116 127 203 231 
203 21 7 11 14 24 37 55 62 97 135 144 156 159 171 172 183 189 197 202 208 223 231 
204 13 42 63 67 101 114 141 151 159 167 181 190 191 209 
205 15 3 33 58 63 69 73 80 84 93 107 144 190 208 229 236 
206 17 2 48 49 100 124 136 141 144 178 186 187 193 196 201 226 232 235 
207 18 1 5 6 11 22 25 27 31 38 65 70 87 105 116 133 149 153 225 
208 24 2 14 27 37 39 41 46 53 88 104 114 134 141 169 171 173 178 203 205 228 229 230 231 238 
209 21 5 13 32 46 50 52 58 66 94 97 106 109 140 155 163 170 181 183 186 194 204 
210 10 18 40 47 89 95 139 170 201 214 217 
211 11 3 27 56 60 65 87 91 111 149 159 199 
212 16 40 48 59 61 62 71 78 97 118 129 136 160 178 180 181 230 
213 17 21 29 40 41 42 49 55 110 128 136 154 156 157 164 179 182 200 
214 18 6 36 55 108 109 120 127 133 136 180 182 183 184 189 192 210 218 238 
215 10 19 43 60 73 115 143 150 167 170 182 
216 14 0 37 44 66 78 91 92 100 103 136 138 178 188 189 
217 17 13 23 25 30 42 52 107 117 122 126 134 136 158 165 172 182 210 
218 20 6 10 22 37 47 70 83 91 94 97 103 114 125 127 143 162 172 187 214 232 
219 16 32 65 110 114 117 129 146 167 171 173 182 187 190 220 229 230 
220 15 14 17 30 42 67 80 92 110 142 156 157 170 185 219 238 
221 14 34 40 42 55 59 66 80 89 98 105 120 175 226 230 
222 11 2 27 62 71 72 83 90 111 118 153 233 
223 17 17 18 55 71 72 77 103 109 110 114 117 123 158 164 166 174 203 
224 20 13 21 33 54 57 60 67 81 82 108 113 115 117 153 154 182 187 198 201 229 
225 12 22 34 84 91 99 105 107 118 138 164 207 231 
226 14 2 19 49 64 74 86 91 97 144 146 148 206 221 227 
227 12 8 42 44 54 80 88 137 157 168 171 226 232 
228 13 3 14 51 84 108 112 126 147 167 169 173 200 208 
229 20 49 63 65 111 121 129 132 142 154 157 159 164 175 182 189 205 208 219 224 231 
230 15 1 11 19 22 26 41 63 96 123 169 182 208 212 219 221 
231 18 2 31 39 40 78 83 86 114 125 140 171 194 202 203 208 225 229 232 
232 21 2 10 11 17 24 33 44 60 69 72 139 159 162 181 182 199 201 206 218 227 231 
233 13 29 43 84 91 96 133 135 141 163 165 173 183 222 
234 11 29 43 68 82 93 134 143 149 158 173 189 
235 17 16 17 23 61 72 84 90 92 107 113 121 170 180 181 186 198 206 
236 18 29 30 42 46 53 93 97 123 130 134 144 154 166 175 183 191 194 205 
237 13 5 34 38 49 61 75 83 87 94 101 175 186 238 
238 12 80 89 96 101 134 150 151 177 208 214 220 237 
239 11 4 46 62 64 104 129 134 158 169 176 201 
