240 525
0 3 81 173 175 
1 3 95 158 173 
2 4 131 206 226 232 
3 5 11 16 91 97 113 
4 2 99 239 
5 2 43 96 
6 5 40 48 174 201 218 
7 5 23 81 109 112 182 
8 1 185 
9 5 52 87 142 145 158 
10 2 94 191 
11 6 3 17 48 59 230 232 
12 9 30 33 36 60 76 158 180 184 196 
13 3 48 82 217 
14 1 34 
15 0 
16 6 3 118 124 159 185 192 
17 6 11 69 100 108 223 232 
18 1 122 
19 3 38 69 230 
20 2 35 149 
21 5 87 105 135 142 188 
22 4 65 91 162 207 
23 3 7 200 217 
24 6 29 62 136 185 196 203 
25 5 124 158 169 207 217 
26 5 78 130 156 183 202 
27 7 34 76 136 186 207 208 211 
28 4 69 71 74 195 
29 5 24 62 170 175 234 
30 3 12 44 60 
31 1 172 
32 1 123 
33 5 12 92 174 205 224 
34 5 14 27 198 225 237 
35 3 20 47 62 
36 4 12 42 107 156 
37 5 86 127 150 166 181 
38 4 19 130 200 237 
39 5 68 89 98 106 199 
40 6 6 141 144 148 154 182 
41 2 189 208 
42 7 36 72 85 161 204 220 236 
43 5 5 61 129 155 192 
44 7 30 71 112 125 150 174 227 
45 2 48 184 
46 4 101 115 152 208 
47 3 35 89 128 
48 6 6 11 13 45 149 191 
49 7 75 107 146 153 183 229 237 
50 7 56 92 94 122 125 129 209 
51 1 228 
52 3 9 86 167 
53 9 58 68 102 110 120 152 196 208 236 
54 5 61 97 196 224 227 
55 4 86 107 160 175 
56 5 50 90 143 166 198 
57 3 85 135 151 
58 3 53 96 125 
59 1 11 
60 6 12 30 132 172 211 215 
61 5 43 54 132 158 237 
62 7 24 29 35 93 105 157 203 
63 2 115 204 
64 3 87 94 108 
65 5 22 122 123 131 152 
66 2 75 148 
67 3 181 200 204 
68 4 39 53 78 99 
69 5 17 19 28 166 167 
70 0 
71 5 28 44 100 145 212 
72 5 42 82 188 222 235 
73 8 91 115 123 152 174 195 205 215 
74 2 28 178 
75 4 49 66 150 169 
76 4 12 27 124 158 
77 2 194 201 
78 5 26 68 197 216 231 
79 3 93 109 125 
80 1 227 
81 4 0 7 92 111 
82 3 13 72 123 
83 2 160 231 
84 4 175 197 225 228 
85 5 42 57 113 146 153 
86 6 37 52 55 92 103 128 
87 5 9 21 64 194 211 
88 2 170 190 
89 4 39 47 97 181 
90 4 56 151 161 235 
91 8 3 22 73 115 145 161 211 216 
92 7 33 50 81 86 174 220 235 
93 6 62 79 108 168 195 236 
94 11 10 50 64 100 103 114 126 156 158 218 237 
95 3 1 107 120 
96 6 5 58 120 172 230 238 
97 5 3 54 89 141 203 
98 4 39 155 182 221 
99 5 4 68 118 198 225 
100 6 17 71 94 136 145 202 
101 1 46 
102 5 53 120 156 167 175 
103 6 86 94 107 155 167 218 
104 5 114 123 136 143 149 
105 4 21 62 156 186 
106 6 39 108 109 144 147 209 
107 7 36 49 55 95 103 217 235 
108 6 17 64 93 106 167 228 
109 8 7 79 106 135 163 166 172 177 
110 6 53 119 121 176 186 192 
111 2 81 168 
112 6 7 44 114 116 122 162 
113 3 3 85 121 
114 6 94 104 112 190 193 208 
115 5 46 63 73 91 180 
116 5 112 141 185 202 207 
117 6 138 162 171 201 217 223 
118 4 16 99 212 225 
119 1 110 
120 5 53 95 96 102 221 
121 3 110 113 188 
122 5 18 50 65 112 199 
123 6 32 65 73 82 104 149 
124 9 16 25 76 156 168 174 190 193 206 
125 8 44 50 58 79 158 164 218 231 
126 4 94 167 193 228 
127 1 37 
128 5 47 86 194 196 201 
129 2 43 50 
130 3 26 38 184 
131 3 2 65 187 
132 3 60 61 183 
133 3 197 207 233 
134 6 149 153 157 198 234 238 
135 6 21 57 109 154 163 233 
136 6 24 27 100 104 216 217 
137 4 160 171 172 193 
138 2 117 189 
139 1 157 
140 0 
141 5 40 97 116 195 233 
142 5 9 21 145 220 229 
143 2 56 104 
144 5 40 106 152 206 236 
145 5 9 71 91 100 142 
146 5 49 85 154 174 183 
147 3 106 177 228 
148 2 40 66 
149 7 20 48 104 123 134 175 211 
150 4 37 44 75 152 
151 3 57 90 204 
152 8 46 53 65 73 144 150 176 189 
153 3 49 85 134 
154 5 40 135 146 213 229 
155 3 43 98 103 
156 7 26 36 94 102 105 124 186 
157 4 62 134 139 195 
158 10 1 9 12 25 61 76 94 125 193 197 
159 4 16 173 178 211 
160 5 55 83 137 174 176 
161 4 42 90 91 171 
162 5 22 112 117 175 232 
163 2 109 135 
164 2 125 213 
165 0 
166 6 37 56 69 109 174 223 
167 6 52 69 102 103 108 126 
168 3 93 111 124 
169 2 25 75 
170 4 29 88 209 210 
171 3 117 137 161 
172 7 31 60 96 109 137 194 203 
173 8 0 1 159 185 189 219 228 234 
174 9 6 33 44 73 92 124 146 160 166 
175 9 0 29 55 84 102 149 162 229 237 
176 3 110 152 160 
177 3 109 147 197 
178 4 74 159 208 212 
179 1 213 
180 2 12 115 
181 10 37 67 89 186 196 204 209 212 232 235 
182 5 7 40 98 215 230 
183 6 26 49 132 146 203 209 
184 4 12 45 130 197 
185 6 8 16 24 116 173 188 
186 7 27 105 110 156 181 235 237 
187 3 131 218 219 
188 6 21 72 121 185 196 199 
189 5 41 138 152 173 234 
190 4 88 114 124 219 
191 3 10 48 204 
192 3 16 43 110 
193 5 114 124 126 137 158 
194 5 77 87 128 172 231 
195 5 28 73 93 141 157 
196 8 12 24 53 54 128 181 188 206 
197 6 78 84 133 158 177 184 
198 4 34 56 99 134 
199 4 39 122 188 211 
200 4 23 38 67 201 
201 6 6 77 117 128 200 232 
202 3 26 100 116 
203 6 24 62 97 172 183 231 
204 7 42 63 67 151 181 191 209 
205 2 33 73 
206 5 2 124 144 196 226 
207 6 22 25 27 116 133 225 
208 7 27 41 46 53 114 178 231 
209 6 50 106 170 181 183 204 
210 2 170 214 
211 7 27 60 87 91 149 159 199 
212 4 71 118 178 181 
213 3 154 164 179 
214 1 210 
215 3 60 73 182 
216 3 78 91 136 
217 6 13 23 25 107 117 136 
218 5 6 94 103 125 187 
219 4 173 187 190 230 
220 3 42 92 142 
221 3 98 120 226 
222 2 72 233 
223 3 17 117 166 
224 2 33 54 
225 5 34 84 99 118 207 
226 4 2 206 221 227 
227 4 44 54 80 226 
228 6 51 84 108 126 147 173 
229 4 49 142 154 175 
230 5 11 19 96 182 219 
231 6 78 83 125 194 203 208 
232 6 2 11 17 162 181 201 
233 4 133 135 141 222 
234 4 29 134 173 189 
235 6 72 90 92 107 181 186 
236 4 42 53 93 144 
237 7 34 38 49 61 94 175 186 
238 2 96 134 
239 1 4 
