260 706
0 3 81 173 175 
1 4 75 138 153 242 
2 6 91 166 186 192 207 212 
3 3 31 37 53 
4 5 19 159 178 197 250 
5 3 50 173 181 
6 7 54 81 98 135 193 221 224 
7 3 17 42 248 
8 6 25 122 157 212 215 228 
9 3 143 152 240 
10 5 32 45 76 87 258 
11 10 12 37 40 43 67 83 165 187 191 203 
12 5 11 34 68 203 245 
13 2 72 230 
14 1 28 
15 8 41 47 82 108 115 214 245 253 
16 4 125 134 220 245 
17 4 7 139 170 215 
18 4 90 114 194 228 
19 6 4 144 162 192 199 245 
20 4 100 126 197 242 
21 3 213 230 257 
22 7 46 53 127 176 187 194 223 
23 5 93 127 138 176 186 
24 8 25 77 103 130 149 193 235 239 
25 12 8 24 61 111 132 133 136 147 205 207 209 210 
26 3 98 175 202 
27 7 51 56 94 115 134 150 173 
28 4 14 128 133 239 
29 1 167 
30 5 113 124 195 226 245 
31 6 3 196 219 223 235 249 
32 4 10 37 91 220 
33 5 59 108 166 239 240 
34 5 12 56 79 95 110 
35 9 36 106 113 143 174 195 204 212 230 
36 7 35 82 161 223 226 230 236 
37 6 3 11 32 42 150 247 
38 7 45 106 119 195 238 254 255 
39 5 50 71 139 165 202 
40 9 11 57 98 111 136 160 202 213 228 
41 3 15 146 256 
42 7 7 37 53 90 146 219 258 
43 2 11 254 
44 6 49 81 155 187 226 233 
45 12 10 38 49 56 95 103 111 147 149 177 180 184 
46 3 22 51 258 
47 7 15 91 107 143 172 249 259 
48 8 82 90 100 132 176 188 216 226 
49 8 44 45 52 151 179 182 225 246 
50 7 5 39 90 105 203 231 256 
51 7 27 46 71 103 172 222 238 
52 4 49 121 157 186 
53 3 3 22 42 
54 5 6 141 181 220 224 
55 4 115 141 220 253 
56 7 27 34 45 62 114 160 248 
57 5 40 135 193 200 214 
58 4 201 202 210 231 
59 3 33 127 200 
60 4 206 225 229 249 
61 5 25 76 97 232 258 
62 4 56 137 138 162 
63 2 212 257 
64 2 129 166 
65 9 78 112 125 147 171 179 208 230 251 
66 3 68 78 206 
67 3 11 150 169 
68 5 12 66 96 130 165 
69 2 138 145 
70 6 113 132 147 169 185 201 
71 3 39 51 218 
72 5 13 87 110 129 242 
73 1 112 
74 3 120 191 197 
75 8 1 106 128 156 159 198 231 238 
76 5 10 61 147 158 183 
77 3 24 219 236 
78 5 65 66 165 185 242 
79 2 34 146 
80 7 86 96 157 170 198 228 244 
81 6 0 6 44 116 121 226 
82 10 15 36 48 95 110 129 189 215 216 257 
83 12 11 90 93 104 116 144 146 148 208 227 241 254 
84 1 222 
85 4 100 158 166 211 
86 7 80 100 109 171 193 220 259 
87 5 10 72 124 204 231 
88 3 110 119 176 
89 4 199 235 246 254 
90 8 18 42 48 50 83 153 201 213 
91 10 2 32 47 96 127 136 146 149 156 162 
92 5 136 166 221 222 257 
93 4 23 83 94 156 
94 6 27 93 105 131 149 212 
95 11 34 45 82 109 146 174 177 183 188 234 259 
96 7 68 80 91 98 153 163 169 
97 6 61 111 184 186 192 232 
98 5 6 26 40 96 156 
99 3 190 193 208 
100 6 20 48 85 86 145 229 
101 8 115 132 137 190 214 222 223 253 
102 5 112 118 135 228 241 
103 3 24 45 51 
104 3 83 165 250 
105 3 50 94 224 
106 6 35 38 75 137 224 259 
107 9 47 119 125 141 144 157 223 229 241 
108 7 15 33 132 145 194 220 255 
109 3 86 95 135 
110 7 34 72 82 88 145 147 152 
111 5 25 40 45 97 206 
112 6 65 73 102 170 183 246 
113 7 30 35 70 127 212 247 257 
114 10 18 56 138 159 163 167 208 244 246 248 
115 9 15 27 55 101 124 133 173 203 243 
116 8 81 83 146 147 192 203 204 225 
117 2 180 248 
118 1 102 
119 7 38 88 107 202 240 249 259 
120 3 74 185 194 
121 5 52 81 170 224 254 
122 4 8 222 242 251 
123 2 201 252 
124 4 30 87 115 245 
125 6 16 65 107 147 177 240 
126 4 20 184 243 256 
127 5 22 23 59 91 113 
128 6 28 75 188 199 204 221 
129 4 64 72 82 198 
130 5 24 68 160 239 243 
131 6 94 171 176 209 251 253 
132 6 25 48 70 101 108 199 
133 6 25 28 115 154 197 211 
134 4 16 27 218 230 
135 7 6 57 102 109 202 219 251 
136 4 25 40 91 92 
137 3 62 101 106 
138 8 1 23 62 69 114 153 154 215 
139 10 17 39 153 162 176 210 214 244 253 259 
140 0 
141 6 54 55 107 146 154 239 
142 3 194 198 259 
143 8 9 35 47 233 243 251 256 259 
144 10 19 83 107 164 167 172 204 219 248 254 
145 6 69 100 108 110 183 228 
146 14 41 42 79 83 91 95 116 141 147 215 217 250 251 256 
147 12 25 45 65 70 76 110 116 125 146 167 170 255 
148 3 83 178 211 
149 4 24 45 91 94 
150 5 27 37 67 157 219 
151 2 49 239 
152 4 9 110 161 230 
153 7 1 90 96 138 139 196 209 
154 8 133 138 141 188 194 219 255 256 
155 2 44 194 
156 5 75 91 93 98 221 
157 7 8 52 80 107 150 221 254 
158 4 76 85 177 229 
159 4 4 75 114 243 
160 7 40 56 130 189 194 200 216 
161 5 36 152 164 209 240 
162 7 19 62 91 139 213 237 241 
163 3 96 114 209 
164 4 144 161 215 216 
165 8 11 39 68 78 104 185 191 253 
166 5 2 33 64 85 92 
167 6 29 114 144 147 205 244 
168 4 173 189 212 252 
169 3 67 70 96 
170 5 17 80 112 121 147 
171 5 65 86 131 182 211 
172 7 47 51 144 177 246 253 259 
173 5 0 5 27 115 168 
174 3 35 95 249 
175 4 0 26 192 256 
176 6 22 23 48 88 131 139 
177 7 45 95 125 158 172 186 190 
178 4 4 148 224 240 
179 2 49 65 
180 3 45 117 197 
181 2 5 54 
182 4 49 171 236 249 
183 4 76 95 112 145 
184 7 45 97 126 190 205 244 250 
185 5 70 78 120 165 229 
186 6 2 23 52 97 177 241 
187 4 11 22 44 197 
188 6 48 95 128 154 247 253 
189 5 82 160 168 245 254 
190 8 99 101 177 184 232 241 247 259 
191 4 11 74 165 212 
192 6 2 19 97 116 175 220 
193 5 6 24 57 86 99 
194 10 18 22 108 120 142 154 155 160 243 248 
195 4 30 35 38 243 
196 4 31 153 225 239 
197 7 4 20 74 133 180 187 212 
198 5 75 80 129 142 236 
199 5 19 89 128 132 253 
200 3 57 59 160 
201 4 58 70 90 123 
202 6 26 39 40 58 119 135 
203 7 11 12 50 115 116 218 227 
204 6 35 87 116 128 144 207 
205 4 25 167 184 243 
206 5 60 66 111 209 228 
207 3 2 25 204 
208 4 65 83 99 114 
209 8 25 131 153 161 163 206 215 255 
210 3 25 58 139 
211 4 85 133 148 171 
212 10 2 8 35 63 94 113 168 191 197 247 
213 5 21 40 90 162 248 
214 7 15 57 101 139 219 223 232 
215 8 8 17 82 138 146 164 209 222 
216 6 48 82 160 164 244 256 
217 2 146 240 
218 3 71 134 203 
219 8 31 42 77 135 144 150 154 214 
220 7 16 32 54 55 86 108 192 
221 5 6 92 128 156 157 
222 7 51 84 92 101 122 215 229 
223 7 22 31 36 101 107 214 241 
224 8 6 54 105 106 121 178 253 259 
225 4 49 60 116 196 
226 5 30 36 44 48 81 
227 3 83 203 254 
228 9 8 18 40 80 102 145 206 232 233 
229 6 60 100 107 158 185 222 
230 7 13 21 35 36 65 134 152 
231 4 50 58 75 87 
232 6 61 97 190 214 228 248 
233 4 44 143 228 251 
234 1 95 
235 4 24 31 89 259 
236 5 36 77 182 198 256 
237 1 162 
238 4 38 51 75 253 
239 8 24 28 33 130 141 151 196 243 
240 7 9 33 119 125 161 178 217 
241 7 83 102 107 162 186 190 223 
242 5 1 20 72 78 122 
243 9 115 126 130 143 159 194 195 205 239 
244 6 80 114 139 167 184 216 
245 7 12 15 16 19 30 124 189 
246 5 49 89 112 114 172 
247 6 37 113 188 190 212 258 
248 10 7 56 114 117 144 194 213 232 254 259 
249 6 31 47 60 119 174 182 
250 4 4 104 146 184 
251 9 65 122 131 135 143 146 233 254 256 
252 2 123 168 
253 11 15 55 101 131 139 165 172 188 199 224 238 
254 11 38 43 83 89 121 144 157 189 227 248 251 
255 5 38 108 147 154 209 
256 10 41 50 126 143 146 154 175 216 236 251 
257 5 21 63 82 92 113 
258 5 10 42 46 61 247 
259 13 47 86 95 106 119 139 142 143 172 190 224 235 248 
