260 2095
0 11 4 7 61 76 81 163 173 175 183 202 216 
1 15 27 75 119 137 138 149 153 166 187 210 234 237 242 256 257 
2 16 36 91 100 110 122 166 168 182 186 191 192 207 212 225 255 257 
3 16 31 37 53 85 97 111 113 120 145 151 168 182 240 253 254 259 
4 9 0 19 82 159 161 178 197 212 250 
5 19 50 81 93 99 107 109 137 144 152 167 169 173 177 181 182 191 197 232 258 
6 12 38 46 54 81 87 94 98 123 135 193 221 224 
7 19 0 17 25 31 40 42 61 63 103 133 146 161 170 198 213 237 240 248 249 
8 19 25 67 80 93 108 122 136 157 161 169 172 206 207 212 215 228 230 239 256 
9 10 19 71 84 108 122 143 150 152 183 240 
10 14 18 32 45 76 83 87 88 127 144 162 224 231 235 258 
11 18 12 22 37 40 43 67 74 83 119 142 159 165 175 177 187 191 203 250 
12 20 11 25 34 42 47 68 84 86 100 138 139 148 169 171 195 203 210 244 245 248 
13 12 51 72 84 146 168 173 185 193 230 231 251 256 
14 11 28 65 79 88 89 104 121 142 145 211 228 
15 13 41 47 82 108 115 117 158 170 174 214 229 245 253 
16 13 32 91 97 122 125 134 137 159 203 215 220 245 247 
17 12 7 79 91 104 138 139 157 170 174 186 214 215 
18 12 10 35 37 75 86 90 114 154 155 194 228 257 
19 17 4 9 37 113 120 144 162 164 180 182 191 192 199 204 228 245 259 
20 15 31 42 60 76 90 100 110 126 161 162 178 197 209 242 253 
21 15 22 27 39 41 72 82 85 89 102 110 174 213 230 248 257 
22 16 11 21 27 43 46 53 104 127 163 176 187 194 223 238 246 250 
23 10 42 64 86 91 93 127 138 151 176 186 
24 17 25 31 32 51 71 77 103 105 108 130 149 177 193 215 217 235 239 
25 19 7 8 12 24 61 82 94 111 132 133 136 147 183 205 207 209 210 217 242 
26 13 54 59 73 88 90 98 175 182 189 196 202 228 236 
27 17 1 21 22 46 51 56 94 114 115 117 134 150 173 193 206 236 245 
28 17 14 29 76 79 95 128 133 184 192 220 227 239 241 245 246 247 250 
29 16 28 30 44 68 122 130 139 141 152 160 167 199 204 206 214 253 
30 17 29 34 70 88 107 113 124 133 168 194 195 200 202 215 226 245 253 
31 17 3 7 20 24 43 72 98 120 142 173 174 196 219 223 235 243 249 
32 17 10 16 24 37 74 90 91 121 164 169 176 218 220 226 230 232 240 
33 13 34 41 59 84 108 120 131 141 153 166 234 239 240 
34 14 12 30 33 56 79 95 110 114 115 132 137 145 147 189 
35 19 18 36 43 49 55 72 106 113 143 155 161 173 174 180 190 195 204 212 230 
36 21 2 35 46 75 82 91 114 129 153 161 163 181 223 226 230 236 240 241 245 252 256 
37 23 3 11 18 19 32 42 51 57 70 72 73 81 91 150 162 172 182 190 192 204 243 246 247 
38 17 6 45 50 67 106 107 119 133 172 186 195 196 238 247 251 254 255 
39 14 21 41 50 71 83 127 139 140 154 165 202 225 243 244 
40 23 7 11 47 52 57 58 61 72 98 99 108 111 135 136 150 157 160 167 184 202 213 218 228 
41 12 15 21 33 39 65 146 152 153 163 212 230 256 
42 15 7 12 20 23 37 53 90 98 146 147 174 177 219 246 258 
43 13 11 22 31 35 53 66 67 81 124 132 160 178 254 
44 19 29 47 49 73 79 81 96 102 149 155 161 177 185 187 191 200 217 226 233 
45 23 10 38 49 56 72 79 92 95 103 111 144 147 149 151 172 177 180 184 199 205 208 210 248 
46 10 6 22 27 36 51 142 201 212 217 258 
47 21 12 15 40 44 61 70 81 91 93 107 126 143 149 172 181 185 188 214 222 249 259 
48 16 59 68 82 90 100 110 111 113 125 132 176 188 216 226 232 251 
49 12 35 44 45 52 95 151 179 182 212 215 225 246 
50 20 5 38 39 67 90 96 105 133 143 144 151 153 183 203 222 231 235 237 251 256 
51 16 13 24 27 37 46 60 71 103 116 161 172 182 222 238 247 258 
52 14 40 49 104 121 128 157 186 191 208 221 224 229 248 250 
53 13 3 22 42 43 60 64 142 198 207 208 220 228 256 
54 15 6 26 77 96 104 105 141 169 181 189 195 220 224 233 241 
55 14 35 73 115 141 144 171 176 195 218 220 229 247 253 254 
56 20 27 34 45 62 84 98 111 114 129 143 147 160 169 179 203 204 211 218 233 248 
57 17 37 40 89 99 124 131 135 136 160 161 173 193 198 200 205 214 241 
58 13 40 69 102 131 144 150 151 188 201 202 210 229 231 
59 12 26 33 48 86 90 98 108 127 130 200 205 233 
60 18 20 51 53 62 69 74 144 182 184 193 202 204 206 223 225 229 245 249 
61 15 0 7 25 40 47 76 97 118 133 193 232 244 249 251 258 
62 9 56 60 137 138 162 176 203 216 234 
63 12 7 91 92 132 145 151 162 212 213 222 227 257 
64 12 23 53 117 129 139 140 166 187 200 213 248 254 
65 17 14 41 78 84 112 113 122 125 147 148 157 171 179 208 230 241 251 
66 8 43 68 78 148 191 200 202 206 
67 16 8 11 38 43 50 95 99 150 151 166 169 174 183 237 242 247 
68 14 12 29 48 66 81 96 108 123 130 132 148 165 215 219 
69 10 58 60 87 105 138 145 167 208 226 232 
70 13 30 37 47 72 113 128 132 147 166 169 185 201 250 
71 8 9 24 39 51 85 197 218 252 
72 20 13 21 31 35 37 40 45 70 80 81 87 98 110 123 129 142 153 166 186 242 
73 16 26 37 44 55 90 94 112 129 134 150 213 223 233 247 255 256 
74 17 11 32 60 89 90 120 142 146 178 182 191 197 212 224 225 240 252 
75 17 1 18 36 106 117 128 136 156 159 164 166 171 194 198 231 238 243 
76 16 0 10 20 28 61 81 85 95 147 158 168 169 175 177 183 251 
77 12 24 54 99 104 126 140 186 196 200 219 232 236 
78 13 65 66 81 96 135 155 165 169 185 197 203 222 242 
79 18 14 17 28 34 44 45 87 96 127 141 146 151 160 175 186 203 208 248 
80 16 8 72 86 96 134 157 170 176 185 188 198 204 228 243 244 253 
81 31 0 5 6 37 43 44 47 68 72 76 78 90 116 121 123 130 131 138 148 153 155 173 174 181 197 201 203 209 226 236 246 
82 19 4 15 21 25 36 48 91 95 110 129 189 198 203 206 215 216 226 255 257 
83 22 10 11 39 90 93 103 104 116 142 144 146 148 155 169 183 199 208 227 230 234 241 254 
84 17 9 12 13 33 56 65 91 101 104 113 114 140 142 152 169 222 248 
85 14 3 21 71 76 100 101 121 129 158 161 166 211 241 250 
86 19 12 18 23 59 80 100 106 109 115 123 133 147 157 171 193 209 220 239 259 
87 10 6 10 69 72 79 124 139 196 204 231 
88 16 10 14 26 30 98 110 118 119 121 130 176 180 190 240 251 258 
89 17 14 21 57 74 100 108 109 146 179 180 199 203 225 235 236 246 254 
90 18 18 20 26 32 42 48 50 59 73 74 81 83 153 158 178 179 201 213 
91 24 2 16 17 23 32 36 37 47 63 82 84 94 96 101 127 136 146 149 156 157 162 199 221 252 
92 14 45 63 97 136 142 166 187 201 221 222 232 255 257 259 
93 15 5 8 23 47 83 94 97 115 126 142 149 156 229 245 258 
94 17 6 25 27 73 91 93 105 116 119 131 139 149 210 212 213 238 259 
95 23 28 34 45 49 67 76 82 105 109 145 146 149 162 174 177 180 183 188 200 220 234 256 259 
96 21 44 50 54 68 78 79 80 91 98 130 153 163 169 173 178 179 190 196 197 200 226 
97 19 3 16 61 92 93 111 141 154 165 172 183 184 186 192 201 227 232 238 257 
98 16 6 26 31 40 42 56 59 72 88 96 137 153 156 220 222 259 
99 17 5 40 57 67 77 110 165 185 190 193 196 204 208 218 219 223 231 
100 15 2 12 20 48 85 86 89 106 136 143 145 180 189 229 243 
101 18 84 85 91 103 115 121 132 137 171 190 199 203 214 218 221 222 223 253 
102 14 21 44 58 112 114 118 119 135 154 160 178 193 228 241 
103 10 7 24 45 51 83 101 169 175 221 252 
104 16 14 17 22 52 54 77 83 84 114 158 165 188 218 228 241 250 
105 15 24 50 54 69 94 95 137 143 151 152 153 165 191 224 242 
106 19 35 38 75 86 100 126 137 160 165 166 179 211 218 224 239 241 242 248 259 
107 17 5 30 38 47 117 119 125 126 141 144 157 220 222 223 229 241 253 
108 16 8 9 15 24 33 40 59 68 89 132 145 189 194 220 244 255 
109 12 5 86 89 95 135 155 181 187 191 203 207 253 
110 14 2 20 21 34 48 72 82 88 99 145 147 152 164 191 
111 14 3 25 40 45 48 56 97 125 132 142 152 206 214 258 
112 12 65 73 102 132 166 170 178 183 224 242 246 253 
113 18 3 19 30 35 48 65 70 84 127 173 184 198 200 212 225 246 247 257 
114 25 18 27 34 36 56 84 102 104 138 155 159 163 167 168 189 196 206 208 211 218 227 244 246 248 249 
115 20 15 27 34 55 86 93 101 122 124 133 147 148 151 161 164 173 203 237 243 252 
116 16 51 81 83 94 136 142 143 144 146 147 180 192 203 204 225 259 
117 13 15 27 64 75 107 159 180 184 207 216 243 248 259 
118 10 61 88 102 149 160 182 218 224 230 258 
119 15 1 11 38 88 94 102 107 140 202 211 213 215 240 249 259 
120 12 3 19 31 33 74 125 133 162 185 194 249 254 
121 20 14 32 52 81 85 88 101 138 141 157 170 173 184 200 206 221 223 224 244 254 
122 13 2 8 9 16 29 65 115 128 167 222 242 251 257 
123 10 6 68 72 81 86 151 158 196 201 252 
124 9 30 43 57 87 115 167 172 206 245 
125 13 16 48 65 107 111 120 143 147 170 177 211 225 240 
126 11 20 47 77 93 106 107 130 184 218 243 256 
127 13 10 22 23 39 59 79 91 113 176 201 228 243 245 
128 13 28 52 70 75 122 130 188 199 204 211 221 238 256 
129 15 36 56 64 72 73 82 85 138 181 185 194 198 215 225 232 
130 20 24 29 59 68 81 88 96 126 128 135 142 160 178 185 192 194 205 223 239 243 
131 22 33 57 58 81 94 135 141 152 157 169 171 176 192 201 202 209 227 230 238 243 251 253 
132 15 25 34 43 48 63 68 70 101 108 111 112 162 199 223 229 
133 15 7 25 28 30 38 50 61 86 115 120 152 154 172 197 211 
134 13 16 27 73 80 139 163 201 202 205 218 228 230 234 
135 14 6 40 57 78 102 109 130 131 172 188 197 202 219 251 
136 18 8 25 40 57 75 91 92 100 116 141 148 176 177 181 192 196 205 236 
137 16 1 5 16 34 62 98 101 105 106 153 190 204 224 226 235 239 
138 21 1 12 17 23 62 69 81 114 121 129 153 154 159 164 179 215 220 231 239 243 259 
139 19 12 17 29 39 64 87 94 134 153 162 176 177 210 214 233 244 253 258 259 
140 9 39 64 77 84 119 166 194 231 256 
141 16 29 33 54 55 79 97 107 121 131 136 146 153 154 159 219 239 
142 21 11 14 31 46 53 72 74 83 84 92 93 111 116 130 163 177 192 194 198 202 259 
143 20 9 35 47 50 56 100 105 116 125 184 201 203 224 233 236 242 243 251 256 259 
144 29 5 10 19 45 50 55 58 60 83 107 116 164 167 172 175 184 202 203 204 206 208 213 218 219 221 244 248 254 259 
145 16 3 14 34 63 69 95 100 108 110 164 167 183 200 228 229 231 
146 22 7 13 41 42 74 79 83 89 91 95 116 141 147 189 215 217 220 226 238 250 251 256 
147 23 25 34 42 45 56 65 70 76 86 110 115 116 125 146 164 167 170 187 213 235 237 250 255 
148 16 12 65 66 68 81 83 115 136 151 152 163 164 178 200 211 243 
149 13 1 24 44 45 47 91 93 94 95 118 158 196 244 
150 11 9 27 37 40 58 67 73 157 162 219 258 
151 16 3 23 45 49 50 58 63 67 79 105 115 123 148 212 223 239 
152 21 5 9 29 41 84 105 110 111 131 133 148 153 161 173 188 204 208 222 230 237 238 
153 22 1 33 36 41 50 72 81 90 96 98 105 137 138 139 141 152 160 173 188 196 209 242 
154 17 18 39 97 102 133 138 141 158 165 188 194 197 219 253 254 255 256 
155 11 18 35 44 78 81 83 109 114 159 194 197 
156 7 75 91 93 98 162 201 221 
157 19 8 17 40 52 65 80 86 91 107 121 131 150 203 211 220 221 248 254 258 
158 13 15 76 85 90 104 123 149 154 177 204 220 229 246 
159 14 4 11 16 75 114 117 138 141 155 166 184 217 230 243 
160 20 29 40 43 56 57 79 102 106 118 130 153 164 189 194 200 207 214 216 237 245 
161 18 4 7 8 20 35 36 44 51 57 85 115 152 164 207 209 240 245 256 
162 20 10 19 20 37 62 63 91 95 120 132 139 150 156 183 205 208 213 233 237 241 
163 17 0 22 36 41 96 114 134 142 148 174 179 193 209 212 228 234 256 
164 19 19 32 75 110 115 138 144 145 147 148 160 161 188 194 199 215 216 249 259 
165 14 11 39 68 78 97 99 104 105 106 154 185 191 208 253 
166 16 1 2 33 64 67 70 72 75 85 92 106 112 140 159 175 187 
167 17 5 29 40 69 114 122 124 144 145 147 176 186 201 205 206 234 244 
168 13 2 3 13 30 76 114 169 171 173 189 212 232 252 
169 19 5 8 12 32 54 56 67 70 76 78 83 84 96 103 131 168 213 226 246 
170 17 7 15 17 80 112 121 125 147 173 185 200 209 218 223 240 243 258 
171 13 12 55 65 75 86 101 131 168 182 210 211 250 259 
172 19 8 37 38 45 47 51 97 124 133 135 144 176 177 204 214 243 246 253 259 
173 19 0 5 13 27 31 35 57 81 96 113 115 121 152 153 168 170 174 207 226 
174 17 15 17 21 31 35 42 67 81 95 163 173 187 188 216 222 249 252 
175 12 0 11 26 76 79 103 144 166 192 226 241 256 
176 17 22 23 32 48 55 62 80 88 127 131 136 139 167 172 213 243 257 
177 18 5 11 24 42 44 45 76 95 125 136 139 142 158 172 186 190 200 243 
178 15 4 20 43 74 90 96 102 112 130 148 213 224 228 240 247 
179 14 49 56 65 89 90 96 106 138 163 183 192 221 225 248 
180 12 19 35 45 88 89 95 100 116 117 185 197 244 
181 11 5 36 47 54 81 109 129 136 212 215 225 
182 17 2 3 5 19 26 37 49 51 60 74 118 171 204 222 233 236 249 
183 19 0 9 25 50 67 76 83 95 97 112 145 162 179 218 219 232 237 250 252 
184 20 28 40 45 60 97 113 117 121 126 143 144 159 190 205 208 209 233 244 250 251 
185 18 13 44 47 70 78 80 99 120 129 130 165 170 180 204 206 227 229 230 
186 13 2 17 23 38 52 72 77 79 97 167 177 241 258 
187 14 1 11 22 44 64 92 109 147 166 174 197 200 207 242 
188 15 47 48 58 80 95 104 128 135 152 153 154 164 174 247 253 
189 15 26 34 54 82 100 108 114 146 160 168 215 221 245 254 258 
190 18 35 37 88 96 99 101 137 177 184 195 208 223 224 225 232 241 247 259 
191 17 2 5 11 19 44 52 66 74 105 109 110 165 212 223 239 247 258 
192 18 2 19 28 37 97 116 130 131 136 142 175 179 194 211 220 224 244 255 
193 14 6 13 24 27 57 60 61 86 99 102 163 201 211 253 
194 19 18 22 30 75 108 120 129 130 140 142 154 155 160 164 192 216 243 248 252 
195 9 12 30 35 38 54 55 190 199 243 
196 16 26 31 38 77 87 96 99 114 123 136 149 153 225 239 242 243 
197 16 4 5 20 71 74 78 81 96 133 135 154 155 180 187 212 222 
198 13 7 53 57 75 80 82 113 129 142 209 217 236 253 
199 15 19 29 45 83 89 91 101 128 132 164 195 219 243 247 253 
200 18 30 44 57 59 64 66 77 95 96 113 121 145 148 160 170 177 187 204 
201 15 46 58 70 81 90 92 97 123 127 131 134 143 156 167 193 
202 18 0 26 30 39 40 58 60 66 119 131 134 135 142 144 229 233 251 258 
203 22 11 12 16 50 56 62 78 79 81 82 89 101 109 115 116 143 144 157 206 218 227 252 
204 22 19 29 35 37 56 60 80 87 99 116 128 137 144 152 158 172 182 185 200 207 215 256 
205 12 25 45 57 59 130 134 136 162 167 184 243 255 
206 19 8 27 29 60 66 82 111 114 121 124 144 167 185 203 209 210 211 219 228 
207 16 2 8 25 53 109 117 160 161 173 187 204 208 211 219 220 253 
208 19 45 52 53 65 69 79 83 99 114 144 152 162 165 184 190 207 230 250 257 
209 17 20 25 81 86 131 153 161 163 170 184 198 206 215 227 244 252 255 
210 11 1 12 25 45 58 94 139 171 206 216 243 
211 17 14 56 85 106 114 119 125 128 133 148 157 171 192 193 206 207 250 
212 20 2 4 8 35 41 46 49 63 74 94 113 151 163 168 181 191 197 235 247 251 
213 17 7 21 40 63 64 73 90 94 119 144 147 162 169 176 178 240 248 
214 18 15 17 29 47 57 101 111 139 160 172 219 221 222 223 232 239 250 259 
215 19 8 16 17 24 30 49 68 82 119 129 138 146 164 181 189 204 209 222 229 
216 14 0 48 62 82 117 160 164 174 194 210 217 225 244 256 
217 13 24 25 44 46 146 159 198 216 240 242 246 247 248 
218 18 32 40 55 56 71 99 101 104 106 114 118 126 134 144 170 183 203 253 
219 21 31 42 68 77 99 135 141 144 150 154 183 199 206 207 214 239 240 243 245 246 252 
220 19 16 28 32 53 54 55 86 95 98 107 108 138 146 157 158 192 207 253 259 
221 16 6 52 91 92 101 103 121 128 144 156 157 179 189 214 253 255 
222 19 47 50 51 63 78 84 92 98 101 107 122 152 174 182 197 214 215 229 259 
223 19 22 31 36 60 73 99 101 107 121 130 132 151 170 190 191 214 241 247 257 
224 18 6 10 52 54 74 105 106 112 118 121 137 143 178 190 192 225 253 259 
225 17 2 39 49 60 74 89 113 116 125 129 179 181 190 196 216 224 251 
226 16 30 32 36 44 48 69 81 82 96 137 146 169 173 175 245 256 
227 10 28 63 83 97 114 131 185 203 209 254 
228 19 8 14 18 19 26 40 53 80 102 104 127 134 145 163 178 206 232 233 238 
229 17 15 52 55 58 60 93 100 107 132 145 158 185 202 215 222 236 246 
230 16 8 13 21 32 35 36 41 65 83 118 131 134 152 159 185 208 
231 11 10 13 50 58 75 87 99 138 140 145 245 
232 15 5 32 48 61 69 77 92 97 129 168 183 190 214 228 248 
233 15 44 54 56 59 73 139 143 162 182 184 202 228 245 246 251 
234 8 1 33 62 83 95 134 163 167 
235 9 10 24 31 50 89 137 147 212 259 
236 13 26 27 36 77 81 89 136 143 182 198 229 243 256 
237 11 1 7 50 67 115 147 152 160 162 183 248 
238 12 22 38 51 75 94 97 128 131 146 152 228 253 
239 16 8 24 28 33 86 106 130 137 138 141 151 191 196 214 219 243 
240 18 3 7 9 32 33 36 74 88 119 125 161 170 178 213 217 219 244 259 
241 17 28 36 54 57 65 83 85 102 104 106 107 162 175 186 190 223 242 
242 16 1 20 25 67 72 78 105 106 112 122 143 153 187 196 217 241 
243 29 31 37 39 75 80 100 115 117 126 127 130 131 138 143 148 159 170 172 176 177 194 195 196 199 205 210 219 236 239 
244 17 12 39 61 80 108 114 121 139 144 149 167 180 184 192 209 216 240 
245 19 12 15 16 19 27 28 30 36 60 93 124 127 160 161 189 219 226 231 233 
246 17 22 28 37 42 49 81 89 112 113 114 158 169 172 217 219 229 233 
247 20 16 28 37 38 51 55 67 73 113 178 188 190 191 199 212 217 223 253 255 258 
248 23 7 12 21 45 52 56 64 79 84 106 114 117 144 157 179 194 213 217 232 237 253 254 259 
249 11 7 31 47 60 61 114 119 120 164 174 182 
250 17 4 11 22 28 52 70 85 104 146 147 171 183 184 208 211 214 251 
251 21 13 38 48 50 61 65 76 88 122 131 135 143 146 184 202 212 225 233 250 254 256 
252 14 36 71 74 91 103 115 123 168 174 183 194 203 209 219 
253 28 3 15 20 29 30 55 80 101 107 109 112 131 139 154 165 172 188 193 198 199 207 218 220 221 224 238 247 248 
254 16 3 38 43 55 64 83 89 120 121 144 154 157 189 227 248 251 
255 13 2 38 73 82 92 108 147 154 192 205 209 221 247 
256 23 1 8 13 36 41 50 53 73 95 126 128 140 143 146 154 161 163 175 204 216 226 236 251 
257 13 1 2 18 21 63 82 92 97 113 122 176 208 223 
258 19 5 10 42 46 51 61 88 93 111 118 139 150 157 170 186 189 191 202 247 
259 28 3 19 47 86 92 94 95 98 106 116 117 119 138 139 142 143 144 164 171 172 190 214 220 222 224 235 240 248 
