260 3425
0 18 4 7 61 76 81 121 140 163 173 175 176 183 200 202 216 217 220 239 
1 28 9 11 27 63 75 93 105 119 136 137 138 149 150 153 159 166 187 189 200 210 227 233 234 237 242 249 256 257 
2 29 6 25 36 81 91 100 110 122 166 168 175 177 182 186 191 192 207 209 212 214 217 225 229 237 246 252 253 255 257 
3 26 31 37 49 53 63 85 94 97 111 113 120 122 133 145 151 154 168 182 185 230 236 240 253 254 258 259 
4 19 0 19 60 71 82 121 128 159 161 172 175 178 197 212 213 214 224 250 258 
5 26 39 50 81 93 99 107 109 112 117 137 144 146 152 167 169 173 177 181 182 191 197 200 229 232 243 258 
6 26 2 12 15 33 38 46 50 54 64 79 81 87 88 89 94 98 100 123 134 135 164 168 193 221 224 230 
7 25 0 17 25 31 40 42 61 63 103 128 133 137 146 147 161 170 172 198 201 213 237 240 247 248 249 
8 25 25 34 67 71 80 93 108 113 122 134 136 138 157 161 169 172 173 206 207 212 215 228 230 239 256 
9 17 1 19 71 84 105 108 122 125 143 149 150 152 153 157 163 183 240 
10 25 18 32 45 51 54 76 83 87 88 94 98 120 121 127 144 162 173 186 203 224 231 235 237 239 258 
11 30 1 12 22 30 37 40 43 56 67 74 81 83 87 91 92 101 119 142 145 159 165 175 177 185 187 191 201 203 206 250 
12 27 6 11 25 34 42 47 53 68 84 86 97 100 126 138 139 148 152 169 171 182 195 203 210 215 244 245 248 
13 24 24 31 49 50 51 72 84 87 101 106 129 146 168 173 185 193 213 214 230 231 248 251 256 258 
14 19 16 28 61 65 79 88 89 92 104 105 121 142 145 159 167 183 211 228 229 
15 22 6 39 41 47 71 82 87 108 115 117 118 126 158 160 170 174 214 229 230 245 253 254 
16 23 14 32 65 91 97 114 122 125 131 134 137 154 159 167 185 194 203 215 217 220 245 247 256 
17 31 7 24 29 33 58 65 66 79 91 97 103 104 108 130 137 138 139 153 157 159 164 170 174 179 186 214 215 220 230 245 249 
18 15 10 35 37 63 75 86 90 114 143 154 155 194 228 244 257 
19 27 4 9 37 53 113 117 120 124 129 144 162 164 178 180 182 189 191 192 197 199 204 206 219 228 245 246 259 
20 29 31 42 60 76 77 89 90 100 110 114 117 126 136 155 159 161 162 168 170 178 179 195 197 209 242 253 255 257 259 
21 23 22 27 36 39 41 72 81 82 85 87 89 91 102 109 110 139 174 176 191 213 230 248 257 
22 24 11 21 27 29 32 43 46 53 77 104 109 127 135 155 163 168 176 187 189 194 223 238 246 250 
23 21 28 42 64 86 91 93 99 127 130 131 138 151 176 180 181 186 206 223 253 256 258 
24 29 13 17 25 28 31 32 33 51 71 76 77 85 103 105 108 118 119 121 130 149 177 180 193 200 205 215 217 235 239 
25 32 2 7 8 12 24 35 52 61 76 82 94 111 120 128 132 133 134 136 147 166 170 183 198 205 207 209 210 217 226 227 242 254 
26 23 51 54 59 73 81 88 90 98 105 125 160 175 177 182 187 189 196 202 207 218 223 228 236 
27 30 1 21 22 33 43 46 50 51 56 61 71 79 81 94 101 104 114 115 117 134 150 173 192 193 206 230 236 241 245 255 
28 27 14 23 24 29 75 76 79 95 128 133 153 167 184 192 204 207 217 220 223 227 239 241 243 245 246 247 250 
29 26 17 22 28 30 34 38 44 47 53 68 94 102 122 130 139 141 152 160 167 199 204 206 214 242 250 253 
30 27 11 29 34 70 87 88 97 107 113 124 129 133 154 159 163 168 176 186 194 195 200 202 215 226 240 245 253 
31 30 3 7 13 20 24 37 43 44 54 66 72 76 93 98 120 137 142 162 173 174 196 209 212 219 223 235 243 246 249 256 
32 24 10 16 22 24 34 37 74 75 84 86 90 91 121 164 169 176 218 220 226 230 232 233 240 250 
33 24 6 17 24 27 34 37 41 57 59 84 108 120 131 141 145 152 153 166 173 185 231 234 239 240 
34 23 8 12 29 30 32 33 41 56 72 79 91 95 108 110 114 115 132 137 145 147 174 189 257 
35 24 18 25 36 43 49 55 72 74 106 113 129 143 147 155 161 173 174 180 190 195 204 212 216 230 
36 32 2 21 35 46 75 82 90 91 105 114 127 129 153 161 163 170 181 202 214 223 226 230 231 233 236 240 241 245 252 254 256 257 
37 35 3 11 18 19 31 32 33 40 42 48 51 54 57 70 72 73 81 91 102 111 123 150 162 164 172 182 190 192 198 204 243 246 247 251 257 
38 25 6 29 45 50 67 72 100 104 106 107 118 119 133 146 161 172 186 195 196 208 238 247 251 254 255 
39 24 5 15 21 41 48 50 62 71 83 88 91 104 127 139 140 154 155 165 175 202 218 225 243 244 
40 28 7 11 37 47 52 57 58 61 72 98 99 108 111 135 136 150 157 160 167 178 184 197 202 213 218 228 235 250 
41 25 15 21 33 34 39 52 58 65 69 98 106 127 146 152 153 154 163 177 212 216 217 230 237 256 258 
42 23 7 12 20 23 37 53 74 90 98 145 146 147 156 159 174 177 199 214 216 219 234 246 258 
43 22 11 22 27 31 35 53 62 66 67 81 84 124 132 150 152 160 178 196 230 241 250 254 
44 24 29 31 47 49 70 73 79 81 87 96 102 120 121 149 155 161 177 185 187 191 200 217 226 233 
45 38 10 38 46 49 56 72 79 92 93 95 102 103 111 126 136 141 144 145 147 149 151 153 163 164 165 172 177 180 184 187 199 205 208 210 227 232 239 248 
46 14 6 22 27 36 45 51 103 142 201 203 212 217 258 259 
47 28 12 15 29 40 44 61 63 70 81 91 93 94 107 118 126 143 149 172 181 185 188 214 215 222 243 244 249 259 
48 25 37 39 59 68 82 90 100 110 111 113 125 132 140 148 166 176 179 182 188 196 216 226 232 251 258 
49 22 3 13 35 44 45 52 70 95 129 151 158 159 179 182 193 202 212 215 216 223 225 246 
50 30 5 6 13 27 38 39 67 90 96 105 133 136 140 143 144 151 153 177 178 180 183 188 203 221 222 231 235 237 251 256 
51 25 10 13 24 26 27 37 46 60 71 90 94 103 116 130 151 161 162 172 182 184 198 222 238 247 258 
52 22 25 40 41 49 64 76 104 112 121 128 157 169 186 191 196 208 215 221 224 229 248 250 
53 29 3 12 19 22 29 42 43 60 64 99 117 122 142 144 157 170 183 184 198 201 207 208 220 228 234 244 247 255 256 
54 30 6 10 26 31 37 77 96 104 105 108 110 122 141 145 169 171 172 176 181 189 195 216 220 224 233 235 241 245 248 251 
55 23 35 67 73 81 99 115 117 124 141 144 145 157 171 176 192 195 218 220 229 230 247 253 254 
56 25 11 27 34 45 62 84 98 110 111 114 129 143 147 160 169 179 196 203 204 211 217 218 232 233 248 
57 28 33 37 40 60 76 89 99 110 124 129 131 135 136 144 152 160 161 173 193 198 200 205 209 214 241 242 246 258 
58 23 17 40 41 69 91 97 102 131 136 144 149 150 151 188 190 201 202 210 222 229 231 232 235 
59 19 26 33 48 76 79 86 90 98 108 127 130 166 171 188 190 196 200 205 233 
60 29 4 20 51 53 57 61 62 65 69 74 115 124 144 164 182 184 193 202 204 206 212 219 223 225 229 232 245 249 259 
61 23 0 7 14 25 27 40 47 60 73 76 97 118 133 157 159 193 194 227 232 244 249 251 258 
62 20 39 43 56 60 69 78 84 93 137 138 162 173 176 194 203 216 234 242 245 257 
63 25 1 3 7 18 47 84 91 92 119 128 132 145 151 158 162 176 183 196 212 213 222 227 242 256 257 
64 20 6 23 52 53 79 100 105 117 129 139 140 164 166 185 187 200 213 231 248 254 
65 29 14 16 17 41 60 78 84 96 112 113 115 117 122 125 127 135 137 147 148 157 163 171 179 193 208 230 241 243 251 
66 20 17 31 43 68 72 78 81 118 137 148 153 162 171 185 191 200 202 206 253 254 
67 25 8 11 38 43 50 55 75 95 99 111 149 150 151 166 169 174 183 186 187 200 210 237 242 247 249 
68 21 12 29 48 66 79 81 83 96 108 118 120 123 130 132 134 148 156 165 215 219 228 
69 17 41 58 60 62 70 78 87 95 105 138 145 167 169 173 208 226 232 
70 20 30 37 44 47 49 69 72 111 113 128 132 147 166 169 185 201 211 223 230 250 
71 22 4 8 9 15 24 27 39 51 79 85 100 113 114 157 187 197 205 206 218 223 251 252 
72 26 13 21 31 34 35 37 38 40 45 66 70 76 80 81 87 98 110 123 129 142 144 153 166 186 187 242 
73 30 26 37 44 55 61 75 83 90 94 112 126 129 134 140 145 150 151 169 172 208 213 223 224 233 240 241 247 248 255 256 
74 32 11 32 35 42 60 83 89 90 120 137 141 142 146 157 178 182 186 191 193 197 212 217 220 224 225 230 240 243 249 251 252 255 
75 27 1 18 28 32 36 67 73 88 106 117 128 136 156 159 164 166 167 171 191 194 197 198 231 238 243 250 259 
76 33 0 10 20 24 25 28 31 52 57 59 61 72 78 81 85 95 125 129 139 142 147 152 158 168 169 175 177 178 181 183 192 210 251 
77 20 20 22 24 54 78 99 104 112 115 126 131 140 186 196 200 219 231 232 236 255 
78 26 62 65 66 69 76 77 81 96 135 155 163 164 165 169 185 197 198 203 213 216 222 229 239 242 254 257 
79 32 6 14 17 27 28 34 44 45 59 64 68 71 87 96 122 127 141 146 151 153 154 160 173 175 186 203 206 208 231 234 243 248 
80 22 8 72 86 88 90 92 96 117 134 157 170 176 185 188 198 204 214 218 228 243 244 253 
81 52 0 2 5 6 11 21 26 27 37 43 44 47 55 66 68 72 76 78 90 93 94 116 121 123 130 131 136 138 148 153 155 172 173 174 178 181 182 185 197 201 203 209 212 216 223 226 234 236 237 246 248 253 
82 25 4 15 21 25 36 48 91 95 97 110 116 122 129 181 189 198 201 203 206 215 216 226 229 255 257 
83 29 10 11 39 68 73 74 84 90 93 103 104 116 125 142 144 146 148 155 169 183 198 199 208 227 230 234 241 247 254 
84 29 9 12 13 32 33 43 56 62 63 65 83 88 91 101 104 113 114 123 140 142 145 152 169 185 204 222 228 248 256 
85 21 3 21 24 71 76 86 100 101 110 121 125 129 158 161 166 186 211 222 230 241 250 
86 27 12 18 23 32 59 80 85 97 100 106 109 115 123 127 133 142 147 157 171 186 193 204 209 219 220 239 259 
87 23 6 10 11 13 15 21 30 44 69 72 79 94 124 139 152 165 196 204 228 231 241 243 246 
88 28 6 10 14 26 30 39 75 80 84 95 98 110 113 118 119 121 128 130 142 166 167 176 180 190 206 240 251 258 
89 28 6 14 20 21 57 74 100 103 108 109 112 144 146 176 179 180 199 203 219 220 225 235 236 238 246 247 252 254 
90 32 18 20 26 32 36 42 48 50 51 59 73 74 80 81 83 109 117 119 150 153 158 171 174 178 179 180 201 213 247 248 249 259 
91 36 2 11 16 17 21 23 32 34 36 37 39 47 58 63 82 84 94 96 101 119 126 127 134 136 146 149 156 157 162 199 205 221 234 251 252 258 
92 24 11 14 45 63 80 97 136 137 142 147 163 166 178 187 201 205 213 221 222 232 255 256 257 259 
93 24 1 5 8 23 31 45 47 62 81 83 94 97 115 126 132 142 145 149 156 227 229 239 245 258 
94 27 3 6 10 25 27 29 47 51 73 81 87 91 93 105 116 119 131 137 139 149 210 212 213 229 238 241 259 
95 28 28 34 45 49 67 69 76 82 88 105 109 138 145 146 149 162 166 174 177 180 183 188 200 220 225 234 256 259 
96 29 44 50 54 65 68 78 79 80 91 97 98 113 130 153 163 164 169 173 178 179 190 196 197 199 200 215 226 233 236 
97 32 3 12 16 17 30 58 61 82 86 92 93 96 106 111 141 150 154 159 165 172 182 183 184 186 192 201 210 227 231 232 238 257 
98 22 6 10 26 31 40 41 42 56 59 72 88 96 114 116 137 153 156 219 220 222 248 259 
99 29 5 23 40 53 55 57 67 77 110 135 146 160 165 183 185 190 191 193 194 196 204 208 217 218 219 223 228 231 233 
100 24 2 6 12 20 38 48 64 71 85 86 89 106 120 122 131 136 143 145 180 189 229 237 243 250 
101 26 11 13 27 84 85 91 103 115 121 131 132 137 155 167 169 171 190 199 203 214 218 221 222 223 234 253 
102 20 21 29 37 44 45 58 112 114 118 119 135 143 154 160 164 178 193 228 238 241 
103 17 7 17 24 45 46 51 83 89 101 122 162 169 175 180 214 221 252 
104 24 14 17 22 27 38 39 52 54 77 83 84 108 114 115 140 158 162 165 188 218 223 228 241 250 
105 27 1 9 14 24 26 36 50 54 64 69 94 95 115 137 141 143 151 152 153 162 165 167 191 219 224 232 242 
106 32 13 35 38 41 75 86 97 100 124 126 131 137 150 160 165 166 179 184 203 211 218 221 224 230 231 237 239 241 242 248 249 259 
107 27 5 30 38 47 111 117 119 120 125 126 140 141 144 147 157 165 172 175 186 197 205 220 222 223 229 241 253 
108 28 8 9 15 17 24 33 34 40 54 59 68 89 104 128 132 142 145 163 172 175 189 194 200 215 220 230 244 255 
109 21 5 21 22 86 89 90 95 124 135 155 175 181 187 191 203 207 208 210 253 255 256 
110 22 2 20 21 34 48 54 56 57 72 82 85 88 99 111 145 147 152 162 164 191 231 255 
111 22 3 25 37 40 45 48 56 67 70 97 107 110 125 132 142 152 192 206 214 233 244 258 
112 23 5 52 65 73 77 89 102 122 132 147 160 162 166 170 171 174 178 183 224 242 246 253 259 
113 29 3 8 19 30 35 48 65 70 71 84 88 96 125 127 145 165 173 179 184 196 198 200 212 215 219 225 246 247 257 
114 35 16 18 20 27 34 36 56 71 84 98 102 104 119 138 143 153 155 159 163 167 168 173 189 192 196 206 208 211 218 227 244 246 248 249 257 
115 29 15 27 34 55 60 65 77 86 93 101 104 105 122 124 133 143 147 148 151 161 164 173 199 200 203 210 237 243 252 
116 24 51 81 82 83 94 98 118 121 136 142 143 144 146 147 180 185 192 203 204 217 225 227 258 259 
117 30 5 15 19 20 27 53 55 64 65 75 80 90 107 139 145 152 159 174 180 184 185 207 216 235 236 243 248 252 253 259 
118 20 15 24 38 47 61 66 68 88 102 116 130 149 160 182 196 218 220 224 230 258 
119 23 1 11 24 38 63 88 90 91 94 102 107 114 136 140 172 182 202 211 213 215 240 249 259 
120 24 3 10 19 25 31 33 44 68 74 100 107 125 133 139 145 162 185 194 212 247 249 251 252 254 
121 32 0 4 10 14 24 32 44 52 81 85 88 101 116 126 138 141 157 163 170 172 173 184 195 200 206 218 221 223 224 244 254 255 
122 27 2 3 8 9 16 29 53 54 65 79 82 100 103 112 115 123 128 143 167 199 210 222 227 235 242 251 257 
123 17 6 37 68 72 81 84 86 122 132 133 151 158 180 196 201 229 252 
124 18 19 30 43 55 57 60 87 106 109 115 155 167 172 206 222 238 239 245 
125 26 9 16 26 48 65 76 83 85 107 111 113 120 143 147 170 177 183 190 202 207 209 211 213 225 240 258 
126 22 12 15 20 45 47 73 77 91 93 106 107 121 130 131 166 184 190 211 218 231 243 256 
127 24 10 22 23 36 39 41 59 65 79 86 91 113 148 151 157 176 192 196 201 219 228 239 243 245 
128 24 4 7 25 28 52 63 70 75 88 108 122 130 137 150 156 185 188 190 199 204 211 221 238 256 
129 29 13 19 30 35 36 49 56 57 64 72 73 76 82 85 134 138 164 173 181 184 185 194 198 213 215 219 225 232 257 
130 26 17 23 24 29 51 59 68 81 88 96 118 126 128 135 142 160 178 185 190 192 194 205 223 237 239 243 
131 35 16 23 33 57 58 77 81 94 100 101 106 126 135 141 152 157 169 171 172 176 183 192 197 201 202 206 209 227 230 231 233 238 243 251 253 
132 25 25 34 43 48 63 68 70 93 101 108 111 112 123 141 146 162 173 177 191 199 215 216 222 223 229 
133 23 3 7 25 28 30 38 50 61 86 115 120 123 149 152 154 172 175 197 211 215 217 243 254 
134 24 6 8 16 25 27 68 73 80 91 129 139 149 163 169 191 201 202 205 210 218 228 230 233 234 
135 25 6 22 40 57 65 78 99 102 109 130 131 147 158 172 174 182 185 188 197 202 203 219 228 251 253 
136 34 1 8 20 25 40 45 50 57 58 75 81 91 92 100 116 119 141 148 165 167 169 172 176 177 181 186 191 192 194 196 205 219 224 236 
137 29 1 5 7 16 17 31 34 62 65 66 74 92 94 98 101 105 106 128 153 155 167 177 183 190 204 224 226 235 239 
138 31 1 8 12 17 23 62 69 81 95 114 121 129 153 154 158 159 164 168 179 188 207 212 215 220 225 231 239 243 247 255 259 
139 28 12 17 21 29 39 64 76 87 94 117 120 134 152 153 156 161 162 176 177 210 214 233 243 244 253 255 258 259 
140 24 0 39 48 50 64 73 77 84 104 107 119 147 166 176 194 195 199 200 217 219 231 237 244 256 
141 25 29 33 45 54 55 74 79 97 105 107 121 131 132 136 146 153 154 158 159 193 213 219 220 239 242 
142 30 11 14 31 46 53 72 74 76 83 84 86 88 92 93 108 111 116 130 162 163 167 175 177 192 194 198 202 209 252 259 
143 28 9 18 35 47 50 56 100 102 105 114 115 116 122 125 157 159 168 184 201 203 224 233 236 242 243 251 256 259 
144 35 5 10 19 45 50 53 55 57 58 60 72 83 89 107 116 164 167 172 175 184 202 203 204 206 208 213 217 218 219 221 236 244 248 254 259 
145 32 3 11 14 33 34 42 45 54 55 63 69 73 84 93 95 100 108 110 113 117 120 164 167 183 191 196 200 205 228 229 231 249 
146 31 5 7 13 38 41 42 74 79 83 89 91 95 99 116 132 141 147 166 173 183 186 189 212 215 217 220 226 238 250 251 256 
147 33 7 25 34 35 42 45 56 65 70 76 86 92 107 110 112 115 116 125 135 140 146 156 161 164 167 170 187 213 224 235 237 250 255 
148 21 12 48 65 66 68 81 83 115 127 136 151 152 156 163 164 178 181 200 211 243 244 
149 21 1 9 24 44 45 47 58 67 91 93 94 95 118 133 134 158 177 193 196 239 244 
150 24 1 9 27 37 40 43 58 67 73 90 97 106 128 157 162 170 174 194 203 209 219 226 236 258 
151 25 3 23 45 49 50 51 58 63 67 73 79 105 115 123 127 148 173 187 210 212 221 222 223 239 255 
152 31 5 9 12 29 33 41 43 57 76 84 87 105 110 111 117 131 133 139 148 153 161 166 173 188 204 208 222 230 237 238 251 
153 33 1 9 17 28 33 36 41 45 50 66 72 79 81 90 96 98 105 114 137 138 139 141 152 160 173 188 196 209 220 230 234 235 242 
154 24 3 16 18 30 39 41 79 97 102 133 138 141 158 165 187 188 194 197 219 248 253 254 255 256 
155 19 18 20 22 35 39 44 78 81 83 101 109 114 124 137 159 184 194 197 205 
156 14 42 68 75 91 93 98 128 139 147 148 162 190 201 221 
157 28 8 9 17 40 52 53 55 61 65 71 74 80 86 91 107 121 127 131 143 150 203 211 220 221 248 251 254 258 
158 20 15 49 63 76 85 90 104 123 135 138 141 149 154 177 192 204 220 229 234 246 
159 26 1 4 11 14 16 17 20 30 42 49 61 75 97 114 117 138 141 143 155 166 184 190 217 223 230 243 
160 29 15 26 29 40 43 56 57 79 99 102 106 112 118 130 153 164 168 180 188 189 194 200 207 214 216 229 237 245 251 
161 22 4 7 8 20 35 36 38 44 51 57 85 115 139 147 152 164 204 207 209 240 245 256 
162 32 10 19 20 31 37 51 62 63 66 91 95 103 104 105 110 112 120 132 139 142 150 156 163 183 191 205 208 213 219 233 237 241 
163 28 0 9 22 30 36 41 45 65 78 92 96 108 114 121 134 142 148 162 174 178 179 193 209 212 228 234 256 259 
164 35 6 17 19 32 37 45 60 64 75 78 96 102 110 115 129 138 144 145 147 148 160 161 186 188 194 199 208 215 216 225 239 249 253 258 259 
165 26 11 39 45 68 78 87 97 99 104 105 106 107 113 136 154 166 185 191 199 200 203 208 210 224 240 253 
166 28 1 2 25 33 48 59 64 67 70 72 75 85 88 92 95 106 112 126 140 146 152 159 165 175 187 214 219 225 
167 31 5 14 16 28 29 40 69 75 88 101 105 114 122 124 136 137 142 144 145 147 176 186 201 205 206 217 219 223 234 237 244 
168 23 2 3 6 13 20 22 30 76 114 138 143 160 169 171 173 174 189 211 212 221 230 232 252 
169 27 5 8 12 32 52 54 56 67 69 70 73 76 78 83 84 96 101 103 131 134 136 168 213 214 226 236 246 
170 25 7 15 17 20 25 36 53 80 112 121 125 147 150 173 185 188 191 200 209 218 223 240 243 244 258 
171 22 12 54 55 59 65 66 75 86 90 101 112 131 168 182 188 198 210 211 241 246 250 259 
172 33 4 7 8 37 38 45 47 51 54 73 81 97 107 108 119 121 124 131 133 135 136 144 176 177 187 204 207 214 232 243 246 253 259 
173 37 0 5 8 10 13 27 31 33 35 57 62 69 79 81 96 113 114 115 121 129 132 146 151 152 153 168 170 174 201 203 204 206 207 226 236 250 259 
174 28 15 17 21 31 34 35 42 67 81 90 95 112 117 135 150 163 168 173 187 188 216 222 239 240 249 250 252 256 
175 21 0 2 4 11 26 39 76 79 103 107 108 109 133 142 144 166 192 226 241 247 256 
176 28 0 21 22 23 30 32 48 54 55 62 63 80 88 89 127 131 136 139 140 167 172 179 213 220 223 239 243 257 
177 26 2 5 11 24 26 41 42 44 45 50 76 95 125 132 136 137 139 142 149 158 172 186 190 200 234 243 
178 24 4 19 20 40 43 50 74 76 81 90 92 96 102 112 130 148 163 213 224 228 240 247 252 255 
179 22 17 20 48 49 56 65 89 90 96 106 113 138 163 176 182 183 187 192 221 225 248 249 
180 21 19 23 24 35 45 50 88 89 90 95 100 103 116 117 123 160 185 197 227 240 244 
181 19 5 23 36 47 54 76 81 82 109 129 136 148 212 215 221 225 227 231 257 
182 28 2 3 5 12 19 26 37 48 49 51 60 74 81 97 118 119 135 171 179 204 216 221 222 233 236 245 249 252 
183 30 0 9 14 25 50 53 63 67 76 83 95 97 99 112 125 131 137 145 146 162 179 190 197 218 219 232 237 250 252 259 
184 29 28 40 45 51 53 60 97 106 113 117 121 126 129 143 144 155 159 190 193 205 208 209 217 226 233 244 250 251 252 
185 34 3 11 13 16 33 44 47 64 66 70 78 80 81 84 99 116 117 120 128 129 130 135 165 170 180 204 206 220 223 227 229 230 232 241 
186 26 2 10 17 23 30 38 52 67 72 74 77 79 85 86 97 107 136 146 164 167 177 202 208 241 257 258 
187 29 1 11 22 26 44 45 64 67 71 72 92 109 147 151 154 166 172 174 179 191 197 200 202 207 213 225 228 232 242 
188 27 47 48 50 58 59 80 95 104 128 135 138 152 153 154 160 164 170 171 174 193 204 221 229 236 247 248 253 
189 21 1 19 22 26 34 54 82 100 108 114 146 160 168 215 221 222 231 245 250 254 258 
190 30 35 37 58 59 88 96 99 101 125 126 128 130 137 156 159 177 183 184 191 195 208 223 224 225 231 232 239 241 247 259 
191 28 2 5 11 19 21 44 52 66 74 75 99 105 109 110 132 134 136 145 162 165 170 187 190 212 223 239 247 258 
192 27 2 19 27 28 37 55 76 97 111 114 116 127 130 131 136 142 158 175 179 194 211 220 224 226 244 247 255 
193 23 6 13 24 27 49 57 60 61 65 74 86 99 102 141 149 163 184 188 201 211 237 247 253 
194 28 16 18 22 30 61 62 75 99 108 120 129 130 136 140 142 150 154 155 160 164 192 200 216 219 222 243 248 252 
195 15 12 20 30 35 38 54 55 121 140 190 199 212 219 230 243 
196 29 26 31 38 43 48 52 56 59 63 77 87 96 99 113 114 118 123 127 136 145 149 153 204 213 225 231 239 242 243 
197 22 4 5 19 20 40 71 74 75 78 81 96 107 131 133 135 154 155 180 183 187 212 222 
198 21 7 25 37 51 53 57 75 78 80 82 83 113 129 142 171 204 209 217 229 236 253 
199 25 19 29 42 45 83 89 91 96 101 115 122 128 132 140 164 165 195 202 214 219 240 243 247 250 253 
200 31 0 1 5 24 30 44 57 59 64 66 67 77 95 96 108 113 115 121 140 145 148 160 165 170 177 187 194 204 213 227 257 
201 22 7 11 46 53 58 70 81 82 90 92 97 123 127 131 134 143 156 167 173 193 209 251 
202 26 0 26 30 36 39 40 49 58 60 66 119 125 131 134 135 142 144 186 187 199 229 233 249 250 251 258 
203 29 10 11 12 16 46 50 56 62 78 79 81 82 89 101 106 109 115 116 135 143 144 150 157 165 173 206 218 227 252 
204 35 19 28 29 35 37 56 60 80 84 86 87 99 116 128 137 144 152 158 161 172 173 182 185 188 196 198 200 207 215 225 237 241 246 255 256 
205 22 24 25 45 57 59 71 91 92 107 130 134 136 145 155 162 167 184 217 243 251 255 257 
206 28 8 11 19 23 27 29 60 66 71 79 82 88 111 114 121 124 131 144 167 173 185 203 209 210 211 219 228 244 
207 23 2 8 25 26 28 53 109 117 125 138 160 161 172 173 187 204 208 211 219 220 247 253 257 
208 25 38 45 52 53 65 69 73 79 83 99 109 114 144 152 162 164 165 184 186 190 207 224 230 250 257 
209 28 2 20 25 31 57 81 86 125 131 142 150 153 161 163 170 184 198 201 206 213 215 221 227 244 252 255 258 259 
210 21 1 12 25 45 58 67 76 94 97 109 115 122 134 139 151 165 171 206 216 243 245 
211 21 14 56 70 85 106 114 119 125 126 128 133 148 157 168 171 192 193 206 207 229 250 
212 28 2 4 8 31 35 41 46 49 60 63 74 81 94 113 120 138 146 151 163 168 181 191 195 197 235 244 247 251 
213 30 4 7 13 21 40 63 64 73 78 90 92 94 119 125 129 141 144 147 162 169 176 178 187 196 200 209 238 240 248 258 
214 28 2 4 13 15 17 29 36 42 47 57 80 101 103 111 139 160 166 169 172 199 219 221 222 223 232 239 250 259 
215 30 8 12 16 17 24 30 47 49 52 68 82 96 108 113 119 129 132 133 138 146 164 181 189 204 209 220 222 224 229 245 
216 26 0 35 41 42 48 49 54 62 78 81 82 117 132 160 164 174 182 194 210 217 218 225 237 244 250 256 
217 30 0 2 16 24 25 28 41 44 46 56 74 99 116 133 140 144 146 159 167 184 198 205 216 239 240 242 246 247 248 255 
218 25 26 32 39 40 55 56 71 80 99 101 104 106 114 118 121 126 134 144 170 183 203 216 233 241 253 
219 39 19 31 42 60 68 77 86 89 98 99 105 113 127 129 135 136 140 141 144 150 154 162 166 167 183 194 195 199 206 207 214 234 237 239 240 243 245 246 252 
220 31 0 16 17 28 32 53 54 55 74 86 89 95 98 107 108 118 138 141 146 153 157 158 176 185 192 207 215 228 239 253 259 
221 25 6 50 52 91 92 101 103 106 121 128 144 151 156 157 168 179 181 182 188 189 209 214 243 253 255 
222 28 47 50 51 58 63 78 84 85 92 98 101 107 122 124 132 151 152 174 182 189 194 197 214 215 229 235 253 259 
223 32 22 23 26 28 31 36 49 60 70 71 73 81 99 101 104 107 121 130 132 151 159 167 170 176 185 190 191 214 233 241 247 257 
224 26 4 6 10 52 54 73 74 105 106 112 118 121 136 137 143 147 165 178 190 192 208 215 225 235 253 259 
225 26 2 39 49 60 74 89 95 113 116 125 129 138 164 166 179 181 187 190 196 204 216 224 235 251 252 258 
226 21 25 30 32 36 44 48 69 81 82 96 137 146 150 169 173 175 184 192 245 254 256 
227 21 1 25 28 45 61 63 83 93 97 114 116 122 131 180 181 185 200 203 209 254 256 
228 27 8 14 18 19 26 40 53 68 80 84 87 99 102 104 127 134 135 145 163 178 187 206 220 232 233 238 257 
229 28 2 5 14 15 52 55 58 60 78 82 93 94 100 107 123 132 145 158 160 185 188 198 202 211 215 222 236 246 
230 33 3 6 8 13 15 17 21 27 32 35 36 41 43 55 65 70 74 83 85 106 108 118 131 134 152 153 159 168 185 195 208 246 250 
231 28 10 13 33 36 50 58 64 75 77 79 87 97 99 106 110 126 131 138 140 145 181 189 190 196 241 242 245 251 
232 27 5 32 45 48 56 58 60 61 69 77 92 97 105 129 168 172 183 185 187 190 214 228 235 236 244 248 250 
233 26 1 32 36 44 54 56 59 73 96 99 111 131 134 139 143 162 182 184 202 218 223 228 237 245 246 251 
234 18 1 33 42 53 62 79 81 83 91 95 101 134 153 158 163 167 177 219 
235 21 10 24 31 40 50 54 58 89 117 122 137 147 153 212 222 224 225 232 246 256 259 
236 22 3 26 27 36 77 81 89 96 117 136 143 144 150 169 173 182 188 198 229 232 243 256 
237 27 1 2 7 10 41 50 67 81 100 106 115 130 140 147 152 160 162 167 183 193 204 216 219 233 238 248 258 
238 18 22 38 51 75 89 94 97 102 124 128 131 146 152 213 228 237 240 253 
239 31 0 8 10 24 28 33 45 78 86 93 106 124 127 130 137 138 141 149 151 164 174 176 190 191 196 214 217 219 220 243 248 
240 25 3 7 9 30 32 33 36 73 74 88 119 125 161 165 170 174 178 180 199 213 217 219 238 244 259 
241 28 27 28 36 43 54 57 65 73 83 85 87 94 102 104 106 107 162 171 175 185 186 190 204 218 223 231 242 247 
242 23 1 20 25 29 57 62 63 67 72 78 105 106 112 122 141 143 153 187 196 217 231 241 256 
243 39 5 28 31 37 39 47 65 74 75 79 80 87 100 115 117 126 127 130 131 133 138 139 143 148 159 170 172 176 177 194 195 196 199 205 210 219 221 236 239 
244 27 12 18 39 47 53 61 80 108 111 114 121 139 140 144 148 149 167 170 180 184 192 206 209 212 216 232 240 
245 26 12 15 16 17 19 27 28 30 36 54 60 62 93 124 127 160 161 182 189 210 215 219 226 231 233 249 
246 28 2 19 22 28 31 37 42 49 57 81 87 89 112 113 114 158 169 171 172 204 217 219 229 230 233 235 256 259 
247 32 7 16 28 37 38 51 53 55 67 73 83 89 90 113 120 138 175 178 188 190 191 192 193 199 207 212 217 223 241 253 255 258 
248 32 7 12 13 21 45 52 54 56 64 73 79 81 84 90 98 106 114 117 144 154 157 179 188 194 213 217 232 237 239 253 254 259 
249 21 1 7 17 31 47 60 61 67 74 90 106 114 119 120 145 164 174 179 182 202 245 
250 32 4 11 22 28 29 32 40 43 52 70 75 85 100 104 146 147 171 173 174 183 184 189 199 202 208 211 214 216 230 232 251 254 
251 33 13 37 38 48 50 54 61 65 71 74 76 88 91 120 122 131 135 143 146 152 157 160 184 201 202 205 212 225 231 233 250 254 256 
252 24 2 36 71 74 89 91 103 115 117 120 123 142 168 174 178 182 183 184 194 203 209 219 225 253 
253 38 2 3 15 20 23 29 30 55 66 80 81 101 107 109 112 117 131 135 139 154 164 165 172 188 193 198 199 207 218 220 221 222 224 238 247 248 252 259 
254 24 3 15 25 36 38 43 55 64 66 78 83 89 120 121 133 144 154 157 189 226 227 248 250 251 
255 27 2 20 27 38 53 73 74 77 82 92 108 109 110 121 138 139 147 151 154 178 192 204 205 209 217 221 247 
256 36 1 8 13 16 23 31 36 41 50 53 63 73 84 92 95 109 126 128 140 143 146 154 161 163 174 175 204 216 226 227 235 236 242 246 251 258 
257 27 1 2 18 20 21 34 36 37 62 63 78 82 92 97 113 114 122 129 176 181 186 200 205 207 208 223 228 
258 35 3 4 5 10 13 23 41 42 46 48 51 57 61 88 91 93 111 116 118 125 139 150 157 164 170 186 189 191 202 209 213 225 237 247 256 
259 40 3 19 20 46 47 60 75 86 90 92 94 95 98 106 112 116 117 119 138 139 142 143 144 163 164 171 172 173 183 190 209 214 220 222 224 235 240 246 248 253 
