260 563
0 3 81 173 175 
1 3 75 138 153 
2 6 91 166 186 192 207 212 
3 3 31 37 53 
4 4 19 159 197 250 
5 2 173 181 
6 7 54 81 98 135 193 221 224 
7 1 42 
8 6 25 122 157 212 215 228 
9 2 143 240 
10 4 45 76 87 258 
11 9 12 37 40 43 67 83 187 191 203 
12 5 11 34 68 203 245 
13 0 
14 0 
15 8 41 47 82 108 115 214 245 253 
16 2 125 134 
17 1 170 
18 3 90 114 228 
19 6 4 144 162 192 199 245 
20 3 126 197 242 
21 2 213 257 
22 5 53 127 176 187 194 
23 5 93 127 138 176 186 
24 6 25 103 130 149 193 235 
25 9 8 24 61 111 132 133 136 205 207 
26 2 98 175 
27 5 51 56 115 134 150 
28 1 239 
29 1 167 
30 4 113 195 226 245 
31 5 3 196 223 235 249 
32 2 37 220 
33 2 59 240 
34 5 12 56 79 95 110 
35 7 36 106 143 174 195 204 212 
36 5 35 82 226 230 236 
37 5 3 11 32 42 247 
38 6 45 106 119 195 238 254 
39 3 71 139 202 
40 7 11 57 98 111 136 213 228 
41 3 15 146 256 
42 6 7 37 53 90 146 258 
43 2 11 254 
44 4 81 155 187 233 
45 10 10 38 49 95 111 147 149 177 180 184 
46 2 51 258 
47 4 15 172 249 259 
48 8 82 90 100 132 176 188 216 226 
49 7 45 52 151 179 182 225 246 
50 4 90 105 203 256 
51 7 27 46 71 103 172 222 238 
52 3 49 157 186 
53 3 3 22 42 
54 5 6 141 181 220 224 
55 3 115 141 253 
56 5 27 34 114 160 248 
57 4 40 135 193 214 
58 3 202 210 231 
59 3 33 127 200 
60 2 206 225 
61 3 25 76 97 
62 2 137 138 
63 1 212 
64 2 129 166 
65 8 78 112 125 147 171 179 208 251 
66 2 68 206 
67 3 11 150 169 
68 4 12 66 96 130 
69 2 138 145 
70 6 113 132 147 169 185 201 
71 2 39 51 
72 3 87 110 129 
73 1 112 
74 2 120 191 
75 8 1 106 128 156 159 198 231 238 
76 5 10 61 147 158 183 
77 2 219 236 
78 4 65 165 185 242 
79 2 34 146 
80 4 96 198 228 244 
81 6 0 6 44 116 121 226 
82 9 15 36 48 95 110 129 189 216 257 
83 11 11 90 93 104 116 146 148 208 227 241 254 
84 1 222 
85 3 100 166 211 
86 3 193 220 259 
87 5 10 72 124 204 231 
88 3 110 119 176 
89 4 199 235 246 254 
90 8 18 42 48 50 83 153 201 213 
91 7 2 96 127 136 149 156 162 
92 5 136 166 221 222 257 
93 4 23 83 94 156 
94 4 93 131 149 212 
95 10 34 45 82 109 146 174 177 183 188 259 
96 7 68 80 91 98 153 163 169 
97 6 61 111 184 186 192 232 
98 5 6 26 40 96 156 
99 3 190 193 208 
100 4 48 85 145 229 
101 7 115 132 137 190 214 223 253 
102 4 112 118 228 241 
103 2 24 51 
104 2 83 165 
105 2 50 224 
106 5 35 38 75 137 259 
107 6 119 141 144 157 223 229 
108 4 15 145 194 255 
109 1 95 
110 7 34 72 82 88 145 147 152 
111 5 25 40 45 97 206 
112 3 65 73 102 
113 5 30 70 127 247 257 
114 9 18 56 138 159 163 167 208 244 248 
115 7 15 27 55 101 124 133 203 
116 8 81 83 146 147 192 203 204 225 
117 2 180 248 
118 1 102 
119 6 38 88 107 202 240 249 
120 3 74 185 194 
121 4 81 170 224 254 
122 4 8 222 242 251 
123 2 201 252 
124 3 87 115 245 
125 4 16 65 147 177 
126 4 20 184 243 256 
127 5 22 23 59 91 113 
128 3 75 188 204 
129 4 64 72 82 198 
130 4 24 68 160 243 
131 6 94 171 176 209 251 253 
132 5 25 48 70 101 199 
133 4 25 115 154 211 
134 3 16 27 218 
135 4 6 57 202 251 
136 4 25 40 91 92 
137 3 62 101 106 
138 7 1 23 62 69 114 153 154 
139 8 39 153 162 210 214 244 253 259 
140 0 
141 5 54 55 107 146 154 
142 3 194 198 259 
143 7 9 35 233 243 251 256 259 
144 8 19 107 164 167 204 219 248 254 
145 6 69 100 108 110 183 228 
146 11 41 42 79 83 95 116 141 215 217 250 251 
147 10 45 65 70 76 110 116 125 167 170 255 
148 2 83 178 
149 4 24 45 91 94 
150 4 27 67 157 219 
151 2 49 239 
152 3 110 161 230 
153 7 1 90 96 138 139 196 209 
154 6 133 138 141 188 219 256 
155 2 44 194 
156 4 75 91 93 98 
157 6 8 52 107 150 221 254 
158 3 76 177 229 
159 4 4 75 114 243 
160 6 56 130 189 194 200 216 
161 4 152 164 209 240 
162 5 19 91 139 213 237 
163 3 96 114 209 
164 3 144 161 216 
165 5 78 104 185 191 253 
166 4 2 64 85 92 
167 5 29 114 144 147 205 
168 4 173 189 212 252 
169 3 67 70 96 
170 3 17 121 147 
171 4 65 131 182 211 
172 5 47 51 177 246 259 
173 3 0 5 168 
174 3 35 95 249 
175 3 0 26 192 
176 5 22 23 48 88 131 
177 7 45 95 125 158 172 186 190 
178 3 148 224 240 
179 2 49 65 
180 3 45 117 197 
181 2 5 54 
182 4 49 171 236 249 
183 3 76 95 145 
184 4 45 97 126 244 
185 4 70 78 120 165 
186 5 2 23 52 97 177 
187 4 11 22 44 197 
188 5 48 95 128 154 253 
189 5 82 160 168 245 254 
190 6 99 101 177 232 241 247 
191 3 11 74 165 
192 6 2 19 97 116 175 220 
193 5 6 24 57 86 99 
194 8 22 108 120 142 155 160 243 248 
195 3 30 35 38 
196 4 31 153 225 239 
197 4 4 20 180 187 
198 5 75 80 129 142 236 
199 4 19 89 132 253 
200 2 59 160 
201 3 70 90 123 
202 4 39 58 119 135 
203 7 11 12 50 115 116 218 227 
204 5 35 87 116 128 144 
205 2 25 167 
206 5 60 66 111 209 228 
207 2 2 25 
208 4 65 83 99 114 
209 6 131 153 161 163 206 215 
210 2 58 139 
211 3 85 133 171 
212 7 2 8 35 63 94 168 247 
213 4 21 40 90 162 
214 6 15 57 101 139 223 232 
215 4 8 146 209 222 
216 6 48 82 160 164 244 256 
217 2 146 240 
218 2 134 203 
219 4 77 144 150 154 
220 4 32 54 86 192 
221 3 6 92 157 
222 6 51 84 92 122 215 229 
223 5 31 101 107 214 241 
224 7 6 54 105 121 178 253 259 
225 4 49 60 116 196 
226 4 30 36 48 81 
227 2 83 203 
228 9 8 18 40 80 102 145 206 232 233 
229 4 100 107 158 222 
230 2 36 152 
231 3 58 75 87 
232 5 97 190 214 228 248 
233 3 44 143 228 
234 0 
235 3 24 31 89 
236 4 36 77 182 198 
237 1 162 
238 4 38 51 75 253 
239 4 28 151 196 243 
240 6 9 33 119 161 178 217 
241 4 83 102 190 223 
242 3 20 78 122 
243 6 126 130 143 159 194 239 
244 5 80 114 139 184 216 
245 6 12 15 19 30 124 189 
246 3 49 89 172 
247 5 37 113 190 212 258 
248 7 56 114 117 144 194 232 259 
249 5 31 47 119 174 182 
250 2 4 146 
251 8 65 122 131 135 143 146 254 256 
252 2 123 168 
253 10 15 55 101 131 139 165 188 199 224 238 
254 9 38 43 83 89 121 144 157 189 251 
255 2 108 147 
256 7 41 50 126 143 154 216 251 
257 4 21 82 92 113 
258 4 10 42 46 247 
259 10 47 86 95 106 139 142 143 172 224 248 
