260 6742
0 39 1 3 15 21 26 29 34 38 50 55 71 79 82 92 121 127 131 136 142 144 153 166 169 174 180 202 206 213 216 218 220 224 226 230 248 251 252 256 259 
1 45 0 2 4 11 12 19 20 21 24 30 35 39 40 43 47 49 50 65 66 79 86 94 104 113 118 133 134 147 150 155 183 184 186 189 191 204 207 218 235 239 241 245 252 253 255 
2 52 1 8 9 13 21 22 23 40 41 44 49 52 55 57 58 65 68 85 102 107 110 122 126 134 137 139 141 144 146 149 150 151 157 159 165 167 174 175 179 180 189 207 213 217 233 235 236 241 244 247 250 253 
3 50 0 10 11 16 26 40 51 58 59 63 66 67 68 72 76 81 84 87 92 93 94 98 105 107 112 113 115 120 121 123 125 127 129 134 148 151 152 170 175 177 179 185 187 188 195 196 218 237 255 257 
4 66 1 11 17 20 21 22 26 29 31 35 41 49 51 56 62 64 72 77 79 80 82 85 87 88 90 92 106 109 112 120 122 125 126 131 141 142 147 155 161 163 164 168 173 175 180 181 187 191 192 194 195 199 207 208 218 220 223 228 229 232 234 236 240 245 249 253 
5 45 7 8 29 31 37 39 45 46 50 52 54 64 71 76 91 95 103 121 128 131 133 140 142 147 148 160 162 170 171 177 179 192 199 200 202 208 213 217 218 229 235 238 239 254 255 
6 56 10 11 12 14 21 27 31 34 42 47 48 50 54 57 61 62 63 65 67 68 77 90 92 93 97 102 105 106 110 112 118 122 126 129 136 143 153 158 162 167 172 182 183 184 187 194 204 206 211 219 231 238 247 248 250 251 
7 44 5 8 11 19 20 24 29 33 35 37 38 48 55 56 57 59 63 64 68 69 78 98 107 111 117 122 144 145 175 196 198 199 201 207 209 214 228 233 235 240 243 247 253 259 
8 64 2 5 7 13 15 24 26 29 33 36 39 41 48 59 63 68 76 89 93 95 96 97 101 105 106 107 111 120 126 127 144 156 158 167 168 177 186 189 193 196 198 203 204 207 211 213 215 217 219 220 222 224 225 228 232 233 235 249 251 252 254 256 258 259 
9 52 2 11 12 16 19 20 21 23 24 52 57 60 61 68 77 80 81 83 88 89 101 105 108 110 120 124 127 129 139 141 143 147 153 163 168 178 179 182 190 191 196 197 200 209 224 226 232 235 241 244 245 259 
10 48 3 6 18 19 21 25 31 32 45 47 49 63 79 88 105 108 113 122 126 127 128 134 137 140 142 145 154 157 163 167 169 174 175 176 182 191 192 193 202 205 217 228 234 243 249 254 255 257 
11 64 1 3 4 6 7 9 19 25 26 27 29 35 39 46 47 62 70 71 72 76 77 80 86 88 99 102 105 107 114 115 126 127 130 136 153 155 156 161 167 171 176 179 188 189 190 192 193 195 196 201 203 205 209 214 216 218 220 222 227 239 246 247 253 257 
12 60 1 6 9 18 21 26 31 34 38 52 58 70 74 75 89 90 93 96 98 103 104 112 114 118 123 124 134 144 147 149 150 151 153 156 164 168 169 170 171 172 175 177 181 198 202 206 208 228 229 230 234 236 239 244 246 247 249 255 257 259 
13 48 2 8 17 23 26 28 31 33 39 40 42 44 48 52 67 68 73 78 79 87 93 95 97 107 111 116 118 120 133 139 142 145 151 156 160 194 201 208 210 216 223 233 234 235 244 246 255 258 
14 46 6 15 20 28 33 50 51 54 58 59 74 87 89 96 99 100 105 112 113 121 127 128 131 134 140 141 144 147 150 164 170 171 177 197 206 219 227 229 230 231 234 236 245 247 255 257 
15 45 0 8 14 18 23 24 28 46 49 51 66 69 84 88 89 90 93 98 107 109 114 130 136 143 149 156 169 170 175 183 184 186 189 190 195 202 205 211 214 218 226 240 244 246 250 
16 55 3 9 20 27 29 32 33 46 52 54 56 59 60 70 73 82 84 99 101 105 108 114 117 120 127 129 134 135 139 140 143 147 151 158 166 171 172 173 174 176 179 182 183 186 194 201 202 209 216 221 222 233 234 243 254 
17 45 4 13 23 28 36 38 51 57 70 71 72 77 80 83 93 100 101 103 104 106 111 115 118 126 130 131 137 140 141 144 148 152 161 174 179 187 196 205 208 225 226 229 238 240 245 
18 58 10 12 15 21 23 25 32 36 37 52 55 70 78 93 102 103 104 105 109 110 116 119 120 123 128 129 131 132 134 135 147 151 156 158 162 163 181 186 189 195 199 201 203 204 212 221 223 225 230 233 236 237 239 240 243 249 251 259 
19 52 1 7 9 10 11 20 28 30 32 42 45 49 50 53 60 67 70 77 79 80 85 92 103 107 123 124 125 130 131 136 137 149 153 156 159 160 169 178 186 190 201 218 219 226 233 234 245 248 251 252 256 258 
20 57 1 4 7 9 14 16 19 22 25 26 28 35 42 50 53 57 65 67 68 72 73 75 76 78 81 82 83 85 92 101 111 115 129 130 133 134 142 151 163 175 178 183 187 194 198 204 225 227 228 229 230 234 238 242 243 254 257 
21 44 0 1 2 4 6 9 10 12 18 24 28 41 44 46 47 48 50 61 88 96 109 119 121 130 132 139 149 155 158 161 167 183 192 197 205 211 212 221 222 229 236 240 250 251 
22 56 2 4 20 23 28 41 47 54 56 59 62 67 85 89 90 91 93 95 97 120 125 130 132 135 141 149 150 151 154 156 159 164 168 170 171 174 176 178 179 183 184 186 204 207 213 217 222 223 233 239 241 248 254 255 257 258 
23 52 2 9 13 15 17 18 22 27 33 38 47 51 59 60 69 75 81 85 99 103 110 111 113 115 120 132 157 158 159 160 172 182 183 184 186 189 190 193 196 199 219 221 222 228 230 232 233 234 235 237 255 256 
24 54 1 7 8 9 15 21 25 29 30 36 41 59 64 86 89 94 97 99 112 114 118 142 146 149 156 158 160 168 174 176 177 178 182 185 186 187 191 193 197 198 210 212 214 215 216 219 228 230 236 237 241 247 249 259 
25 53 10 11 18 20 24 28 29 31 34 36 39 40 42 48 49 58 64 68 79 80 81 85 93 101 102 105 108 109 112 119 126 127 134 137 151 156 162 164 176 177 178 188 197 202 203 208 210 212 215 220 222 238 252 
26 61 0 3 4 8 11 12 13 20 35 39 49 52 56 57 59 73 74 79 83 85 104 105 106 110 114 116 118 124 128 129 132 139 151 152 161 162 165 167 170 178 181 183 184 185 198 207 209 212 222 225 227 231 234 235 238 240 245 246 247 249 258 
27 57 6 11 16 23 33 36 39 40 41 45 47 49 53 56 61 68 72 73 76 83 89 90 92 94 95 118 124 131 133 138 142 143 144 145 148 150 152 153 158 159 160 161 163 165 172 173 177 178 184 186 198 206 221 227 231 235 243 
28 45 13 14 15 17 19 20 21 22 25 30 33 39 53 54 62 64 76 77 80 85 86 96 98 118 131 133 134 158 176 184 187 196 200 202 204 226 230 235 243 247 249 251 252 253 256 
29 53 0 4 5 7 8 11 16 24 25 34 35 37 50 52 55 59 62 66 70 71 77 83 90 99 102 111 113 115 116 118 121 122 141 149 156 175 183 188 193 198 201 202 210 218 220 224 226 227 236 245 247 250 256 
30 44 1 19 24 28 43 48 49 53 56 57 65 66 72 73 80 81 85 87 88 93 96 98 108 111 114 118 122 124 132 145 149 160 165 181 183 200 201 204 219 223 232 238 240 255 
31 52 4 5 6 10 12 13 25 33 42 59 81 87 90 107 110 111 113 118 120 125 128 129 131 135 137 141 144 145 149 152 156 157 163 167 171 178 184 187 195 207 224 225 227 228 231 232 236 240 241 249 252 253 
32 56 10 16 18 19 38 43 46 50 52 56 60 69 70 71 76 79 81 84 89 99 101 118 121 123 125 134 135 137 146 150 163 164 166 169 177 181 188 196 197 200 204 205 206 208 211 213 224 226 231 232 238 242 248 250 251 255 
33 51 7 8 13 14 16 23 27 28 31 40 49 53 56 68 80 83 88 89 96 98 99 100 101 103 104 111 117 124 129 143 145 151 152 156 161 168 175 191 192 195 200 205 206 209 215 237 241 248 251 252 255 
34 48 0 6 12 25 29 38 40 49 50 67 68 75 76 77 87 91 92 103 104 106 111 114 117 121 122 126 132 142 145 151 165 166 171 179 191 202 205 213 215 222 229 235 236 237 240 242 256 259 
35 46 1 4 7 11 20 26 29 37 40 50 54 69 81 105 108 112 116 117 118 120 122 130 142 148 152 153 154 155 156 162 174 175 178 181 182 183 198 202 208 211 217 222 225 234 236 246 
36 48 8 17 18 24 25 27 38 44 54 56 58 59 60 62 76 88 93 97 99 101 105 110 111 113 131 136 137 144 145 153 169 173 176 178 186 201 205 206 208 212 214 218 220 234 239 240 247 256 
37 57 5 7 18 29 35 40 42 46 51 59 60 61 62 65 77 97 104 114 115 119 122 123 127 136 140 143 144 145 148 156 158 161 163 178 189 195 197 198 205 210 213 215 218 221 224 225 227 229 230 232 240 244 250 254 255 256 257 
38 57 0 7 12 17 23 32 34 36 50 54 66 69 71 73 75 77 84 88 91 98 105 109 111 116 117 129 130 131 134 135 140 142 146 148 151 155 165 168 169 170 171 186 203 206 212 214 215 217 218 222 228 230 233 241 246 248 251 
39 47 1 5 8 11 13 25 26 27 28 42 63 75 76 84 91 92 94 97 99 103 114 118 140 145 146 148 152 156 163 164 166 180 187 190 193 194 196 202 214 215 219 222 224 225 250 251 253 
40 51 1 2 3 13 25 27 33 34 35 37 47 56 57 59 60 69 83 85 95 96 97 103 110 112 120 121 124 141 142 144 157 163 167 170 172 175 176 189 190 204 211 221 222 223 237 239 245 253 255 256 259 
41 48 2 4 8 21 22 24 27 42 59 60 72 75 81 91 109 117 123 127 143 145 168 172 174 179 183 184 187 191 194 195 196 201 202 213 217 219 221 226 230 231 237 239 243 247 251 254 255 257 
42 46 6 13 19 20 25 31 37 39 41 48 49 51 59 66 71 75 82 83 90 95 96 100 101 117 128 132 134 139 141 143 144 148 158 164 185 192 194 202 214 218 225 239 251 254 255 258 
43 47 1 30 32 45 49 51 56 61 63 69 70 82 84 87 95 99 108 110 113 115 122 127 128 132 133 152 159 161 162 170 174 178 182 185 195 203 205 208 215 217 219 222 228 234 236 242 243 
44 47 2 13 21 36 45 46 57 59 66 75 89 92 93 96 120 121 126 135 146 147 150 155 156 175 177 178 179 189 193 200 207 208 211 212 213 216 217 224 228 231 240 241 242 243 246 251 257 
45 46 5 10 19 27 43 44 46 48 53 67 75 81 86 89 90 98 100 102 103 107 108 112 117 126 135 136 139 155 162 180 183 189 192 195 202 203 216 219 222 226 233 247 248 253 256 257 
46 53 5 11 15 16 21 32 37 44 45 50 64 76 80 87 90 93 97 98 100 101 108 109 113 120 124 126 135 143 144 149 151 152 155 156 165 167 168 171 176 179 185 186 188 196 208 216 219 223 229 230 245 254 259 
47 53 1 6 10 11 21 22 23 27 40 54 59 62 70 75 77 78 83 94 103 106 107 110 121 129 131 133 134 135 136 140 146 171 173 176 184 190 198 203 205 206 215 216 218 221 222 224 234 237 238 240 242 252 254 
48 42 6 7 8 13 21 25 30 42 45 55 56 58 59 61 62 70 71 74 88 93 95 99 112 114 118 122 133 134 141 142 148 153 166 173 200 204 210 230 236 239 252 257 
49 58 1 2 4 10 15 19 25 26 27 30 33 34 42 43 54 58 60 64 67 72 76 78 85 88 90 91 93 95 98 103 104 106 113 114 120 123 127 129 140 146 173 175 184 187 188 193 197 200 223 233 234 235 239 245 246 250 253 259 
50 60 0 1 5 6 14 19 20 21 29 32 34 35 38 46 54 56 57 64 65 68 70 72 75 88 90 94 96 97 100 105 120 127 134 135 136 141 144 148 154 171 176 178 180 184 191 192 204 207 214 215 224 229 233 238 239 240 246 250 254 256 
51 54 3 4 14 15 17 23 37 42 43 53 54 55 64 65 73 74 75 78 79 88 90 93 112 115 120 130 139 142 145 148 151 162 166 167 170 182 185 201 206 215 216 218 220 222 227 229 231 233 243 249 252 254 255 256 
52 52 2 5 9 12 13 16 18 26 29 32 57 65 77 79 82 83 86 112 114 115 117 123 125 129 132 133 135 140 147 153 156 158 160 161 173 175 176 183 189 192 196 198 207 209 218 221 224 230 234 246 249 250 
53 47 19 20 27 28 30 33 45 51 62 77 78 82 88 92 95 101 102 107 111 115 119 135 149 165 171 173 175 177 178 180 182 183 186 190 195 199 202 209 219 234 237 239 240 243 247 249 253 
54 56 5 6 14 16 22 28 35 36 38 47 49 50 51 58 66 78 85 90 93 95 107 108 110 130 133 140 142 144 149 154 158 165 167 172 173 175 176 177 178 183 188 192 196 198 200 204 205 208 216 219 221 231 241 248 256 259 
55 41 0 2 7 18 29 48 51 58 72 79 90 92 97 128 135 136 151 152 159 162 165 173 180 181 185 196 197 203 208 210 212 218 223 226 228 231 238 243 247 254 256 
56 51 4 7 16 22 26 27 30 32 33 36 40 43 48 50 64 68 73 74 78 80 84 85 95 99 104 106 109 117 119 134 142 143 147 148 149 157 162 171 183 185 186 197 202 212 222 225 236 239 250 258 259 
57 54 2 6 7 9 17 20 26 30 40 44 50 52 58 62 67 69 79 89 93 97 106 108 116 128 136 149 153 157 158 160 161 167 171 177 178 184 186 188 194 196 197 202 203 214 215 217 219 229 230 232 233 246 249 251 
58 57 2 3 12 14 25 36 48 49 54 55 57 59 62 68 70 76 78 79 81 82 93 100 107 117 118 121 122 129 130 132 134 135 138 140 142 146 147 148 152 156 169 171 172 189 192 195 200 204 205 224 232 240 241 244 248 249 255 
59 59 3 7 8 14 16 22 23 24 26 29 31 36 37 40 41 42 44 47 48 58 63 67 72 74 78 81 85 88 91 94 96 101 105 108 112 114 124 125 147 152 158 164 170 175 176 183 185 190 195 210 212 213 218 220 223 229 234 235 247 
60 39 9 16 19 23 32 36 37 40 41 49 66 69 70 76 83 86 94 99 107 110 137 140 141 151 162 173 178 191 204 207 219 222 228 233 238 239 242 250 259 
61 52 6 9 21 27 37 43 48 63 65 68 69 71 73 82 87 98 105 106 115 118 123 125 129 131 141 142 146 153 171 174 177 184 187 192 193 196 201 207 208 210 211 224 225 226 227 239 240 245 249 250 251 254 
62 51 4 6 11 22 28 29 36 37 47 48 53 57 58 72 76 79 81 85 86 91 97 104 105 108 113 114 121 124 128 134 150 157 165 168 169 170 174 190 194 207 209 222 225 226 228 231 232 233 234 246 251 
63 44 3 6 7 8 10 39 43 59 61 80 83 87 93 98 100 103 107 109 119 120 130 133 134 137 142 143 171 180 191 196 201 206 208 212 213 214 223 224 227 232 246 249 250 257 
64 50 4 5 7 24 25 28 46 49 50 51 56 66 67 76 79 81 82 88 91 92 99 103 112 114 116 118 120 121 126 130 137 161 165 168 171 172 177 179 180 184 190 194 205 226 234 248 254 255 256 259 
65 55 1 2 6 20 30 37 50 51 52 61 70 75 81 88 90 91 95 98 99 100 104 106 107 113 114 118 120 129 138 140 146 156 162 174 196 197 198 199 203 208 210 215 220 221 222 224 228 234 238 241 249 250 255 256 257 
66 47 1 3 15 29 30 38 42 44 54 60 64 81 82 100 101 108 110 116 119 123 127 129 142 151 153 155 162 169 173 174 176 180 182 184 191 200 207 209 210 222 228 229 240 241 244 251 259 
67 54 3 6 13 19 20 22 34 45 49 57 59 64 73 90 93 94 100 114 124 125 126 129 130 137 146 151 154 155 161 181 186 188 191 193 199 201 203 212 214 215 216 219 222 223 224 226 229 232 234 237 238 242 250 259 
68 59 2 3 6 7 8 9 13 20 25 27 33 34 50 56 58 61 71 74 77 80 83 86 90 95 101 103 104 110 114 126 130 132 134 137 138 140 141 142 148 149 150 152 153 157 158 160 168 184 189 194 204 208 210 213 214 216 227 246 256 
69 59 7 15 23 32 35 38 40 43 57 60 61 71 76 79 82 83 84 86 88 89 94 101 107 110 118 119 126 128 134 137 144 147 152 153 163 170 171 176 182 187 191 194 198 199 200 209 213 214 215 216 231 233 235 237 239 244 247 254 255 
70 60 11 12 16 17 18 19 29 32 43 47 48 50 58 60 65 78 80 81 83 87 93 95 96 98 103 108 110 121 125 128 138 147 158 164 166 168 172 177 185 186 187 188 190 202 208 210 222 223 227 235 237 238 241 243 245 247 253 256 258 259 
71 46 0 5 11 17 29 32 38 42 48 61 68 69 75 78 79 90 92 93 100 101 105 109 118 125 135 145 146 165 166 169 174 176 185 186 189 192 197 209 220 245 248 250 252 253 254 255 
72 53 3 4 11 17 20 27 30 41 49 50 55 59 62 74 78 82 89 92 94 101 104 115 124 126 128 130 137 140 141 145 146 151 165 179 183 184 187 213 217 219 225 228 232 237 242 247 248 249 250 252 253 255 256 
73 48 13 16 20 26 27 30 38 51 56 61 67 74 77 80 93 94 97 105 107 117 118 122 124 126 134 137 138 148 149 160 161 162 170 180 181 182 198 214 218 219 224 225 228 235 238 239 240 258 
74 41 12 14 26 48 51 56 59 68 72 73 83 97 113 114 121 128 129 140 145 150 151 152 155 163 175 177 180 187 191 199 202 203 210 222 224 229 230 233 246 249 251 
75 55 12 20 23 34 38 39 41 42 44 45 47 50 51 65 71 76 78 79 81 82 83 95 99 101 102 107 112 123 129 140 141 142 143 144 151 161 163 165 167 173 187 196 205 207 212 216 219 222 227 230 237 243 250 252 255 
76 55 3 5 8 11 20 27 28 32 34 36 39 46 49 58 60 62 64 69 75 82 90 96 104 111 126 128 132 137 140 155 158 163 164 175 176 178 181 185 188 192 201 202 203 205 206 208 210 216 228 232 233 238 242 247 249 
77 44 4 6 9 11 17 19 28 29 34 37 38 47 52 53 68 73 79 81 90 97 111 118 125 127 128 141 147 157 158 164 169 171 190 192 194 199 200 212 215 226 228 241 245 257 
78 58 7 13 18 20 47 49 51 53 54 56 58 59 70 71 72 75 81 82 84 91 93 95 99 111 114 128 129 132 135 136 141 145 150 157 159 162 166 174 178 190 193 194 199 200 201 205 209 217 220 222 225 227 232 236 244 246 254 259 
79 60 0 1 4 10 13 19 25 26 32 51 52 55 57 58 62 64 69 71 75 77 82 84 85 87 88 91 98 112 117 123 128 137 142 149 150 152 156 160 167 168 171 173 175 181 182 188 193 194 202 204 207 216 217 227 232 235 239 248 257 259 
80 44 4 9 11 17 19 25 28 30 33 46 56 63 68 70 73 90 93 96 101 104 106 115 118 119 120 127 144 156 160 162 165 175 179 185 186 189 192 194 201 205 214 240 243 255 
81 55 3 9 20 23 25 30 31 32 35 41 45 58 59 62 64 65 66 70 75 77 78 88 89 90 103 104 111 117 121 129 136 146 153 157 167 171 181 187 192 195 198 201 204 206 210 212 214 218 220 221 222 225 249 252 256 
82 47 0 4 16 20 42 43 52 53 58 61 64 66 69 72 75 76 78 79 87 89 94 97 103 104 107 119 121 123 126 138 144 151 176 187 190 192 197 214 217 227 228 237 251 252 253 254 255 
83 56 9 17 20 26 27 29 33 40 42 47 52 60 63 68 69 70 74 75 89 100 111 112 114 115 116 126 127 131 137 139 145 152 155 160 169 178 192 193 196 197 199 203 206 209 210 212 215 222 225 226 227 232 233 239 253 256 
84 49 3 15 16 32 38 39 43 56 69 78 79 85 87 92 94 95 96 100 118 120 123 124 127 130 131 135 145 147 150 151 158 164 176 177 180 186 188 197 198 211 218 219 227 230 233 235 237 242 243 
85 60 2 4 19 20 22 23 25 26 28 30 40 49 54 56 59 62 79 84 87 91 94 98 105 112 115 119 120 124 125 137 143 147 162 168 169 176 179 183 184 188 190 193 195 197 199 200 202 203 206 224 226 232 233 234 236 237 241 244 246 253 
86 43 1 11 24 28 45 52 60 62 68 69 87 91 94 96 103 113 114 116 119 122 124 133 134 140 153 157 158 163 165 172 173 179 180 187 190 192 193 198 200 217 233 245 246 
87 43 3 4 13 14 30 31 34 43 46 61 63 70 79 82 84 85 86 90 91 95 99 103 107 108 120 129 133 138 145 160 170 172 175 180 191 197 215 228 239 248 253 256 259 
88 59 4 9 10 11 15 21 30 33 36 38 48 49 50 51 53 59 64 65 69 79 81 92 101 105 114 129 130 131 133 134 135 149 150 151 152 157 167 169 170 172 177 179 184 191 207 212 219 221 225 227 229 233 239 241 245 247 249 255 258 
89 57 8 9 12 14 15 22 24 27 32 33 44 45 57 69 72 81 82 83 93 97 103 108 112 114 118 124 132 140 147 148 150 155 161 164 168 169 171 177 189 190 192 196 197 199 204 209 210 211 212 225 228 231 240 244 253 256 258 
90 67 4 6 12 15 22 27 29 31 42 45 46 49 50 51 54 55 65 67 68 71 76 77 80 81 87 92 97 100 105 110 112 113 119 120 123 125 128 133 137 138 143 152 153 170 172 174 179 183 185 187 188 191 192 197 202 204 206 210 211 214 220 234 239 241 245 253 259 
91 47 5 22 34 38 39 41 49 59 62 64 65 78 79 85 86 87 101 110 112 121 122 123 133 138 148 149 150 156 159 161 180 184 196 199 210 212 213 217 221 228 235 240 247 248 254 256 258 
92 57 0 3 4 6 19 20 27 34 39 44 53 55 64 71 72 84 88 90 100 102 103 105 111 114 115 123 124 136 137 139 142 147 152 155 156 157 158 165 170 173 174 176 182 186 193 203 206 209 211 212 214 223 224 233 249 253 256 
93 60 3 6 8 12 13 15 17 18 22 25 30 36 44 46 48 49 51 54 57 58 63 67 70 71 73 78 80 89 104 105 106 111 121 127 136 137 139 141 146 149 150 173 175 191 192 197 202 210 213 217 225 229 236 237 238 245 247 255 256 257 
94 53 1 3 24 27 39 47 50 59 60 67 69 72 73 82 84 85 86 95 100 103 110 115 126 127 134 135 140 142 144 146 158 160 161 165 170 178 180 192 194 195 196 199 201 206 229 232 235 237 242 244 252 256 257 
95 53 5 8 13 22 27 40 42 43 48 49 53 54 56 65 68 70 75 78 84 87 94 104 115 118 120 123 125 126 127 128 142 146 153 166 171 172 182 187 188 191 197 200 203 214 218 219 224 234 241 244 252 256 259 
96 46 8 12 14 21 28 30 33 40 42 44 50 59 70 76 80 84 86 98 101 106 108 119 129 131 132 135 137 141 146 167 169 178 187 188 192 193 194 202 215 226 232 237 248 252 255 259 
97 53 6 8 13 22 24 36 37 39 40 46 50 55 57 62 73 74 77 82 89 90 100 101 107 108 115 118 119 134 135 151 163 180 182 186 187 191 192 197 198 201 206 209 210 216 218 220 227 237 241 242 253 255 258 
98 43 3 7 12 15 28 30 33 38 45 46 49 61 63 65 70 79 85 96 99 103 108 117 132 134 138 148 149 150 153 155 162 167 169 171 188 199 220 224 233 243 257 258 259 
99 48 11 14 16 23 24 29 32 33 36 39 43 48 56 60 64 65 75 78 87 98 104 117 120 124 139 147 155 156 159 161 164 168 170 184 195 196 203 207 212 213 216 219 228 243 244 247 255 259 
100 46 14 17 33 42 45 46 50 58 63 65 66 67 71 83 84 90 92 94 97 101 118 119 130 140 142 149 154 155 160 162 175 176 182 183 202 204 206 209 213 216 223 229 230 231 247 249 
101 67 8 9 16 17 20 25 32 33 36 42 46 53 59 66 68 69 71 72 75 80 88 91 96 97 100 103 104 105 106 110 113 118 119 121 122 123 148 160 164 173 176 177 178 188 199 202 203 204 207 215 217 220 222 224 225 226 229 232 235 236 240 243 244 245 249 250 257 
102 33 2 6 11 18 25 29 45 53 75 92 103 112 119 121 126 134 138 142 144 147 152 156 159 168 170 172 182 189 205 211 232 236 253 
103 57 5 12 17 18 19 23 33 34 39 40 45 47 49 63 64 68 70 81 82 86 87 89 92 94 98 101 102 116 117 119 128 131 132 133 147 152 162 170 174 178 180 183 185 187 189 208 214 216 224 226 227 239 243 245 251 252 257 
104 51 1 12 17 18 26 33 34 37 49 56 62 65 68 72 76 80 81 82 93 95 99 101 105 117 119 123 136 138 143 146 150 151 157 160 170 173 174 180 182 187 188 192 196 199 218 220 229 233 235 246 259 
105 54 3 6 8 9 10 11 14 16 18 25 26 35 36 38 50 59 61 62 71 73 85 88 90 92 93 101 104 106 115 121 124 131 134 141 142 143 150 161 163 173 175 182 188 194 197 202 214 218 223 236 238 245 248 253 
106 54 4 6 8 17 26 34 47 49 56 57 61 65 80 93 96 101 105 107 108 109 111 115 122 124 125 132 137 143 146 148 150 154 157 167 169 180 186 189 191 193 197 198 204 209 212 218 227 230 235 237 240 241 246 247 
107 52 2 3 7 8 11 13 15 19 31 45 47 53 54 58 60 63 65 69 73 75 82 87 97 106 116 126 130 132 133 139 147 151 154 156 172 184 186 187 196 201 202 205 208 211 213 214 226 232 233 242 256 258 
108 51 9 10 16 25 30 35 43 45 46 54 57 59 62 66 70 87 89 96 97 98 106 109 110 117 124 138 143 144 145 148 150 151 154 165 174 176 183 184 197 201 205 207 211 212 221 223 239 240 243 256 257 
109 42 4 15 18 21 25 38 41 46 56 63 71 106 108 113 114 116 123 125 137 138 143 147 151 161 170 195 200 214 216 217 218 221 222 223 225 238 244 251 252 257 258 259 
110 54 2 6 9 18 23 26 31 36 40 43 47 54 60 66 68 69 70 90 91 94 101 108 111 119 121 136 144 146 147 148 151 154 155 158 164 165 168 170 173 179 182 199 211 215 218 229 233 235 242 244 247 249 250 254 
111 56 7 8 13 17 20 23 29 30 31 33 34 36 38 53 76 77 78 81 83 92 93 106 110 114 120 132 133 134 139 145 146 150 154 162 167 174 179 181 184 187 191 194 202 203 210 214 217 220 225 231 233 236 240 247 248 255 
112 53 3 4 6 12 14 24 25 35 40 45 48 51 52 59 64 75 79 83 85 89 90 91 102 115 122 127 131 134 136 148 151 154 168 171 177 178 180 182 183 188 193 199 201 211 215 220 225 230 232 236 244 248 249 
113 52 1 3 10 14 23 29 31 36 43 46 49 62 65 74 86 90 101 109 114 115 123 128 135 139 144 150 152 154 165 166 170 174 177 179 182 186 195 199 200 208 210 211 218 219 221 223 227 228 241 246 254 255 
114 63 11 12 15 16 24 26 30 34 37 39 48 49 52 59 62 64 65 67 68 74 78 83 86 88 89 92 109 111 113 115 116 124 127 130 134 136 139 143 144 147 155 168 172 182 190 191 192 201 202 204 205 207 209 212 221 227 236 237 242 251 254 255 258 
115 51 3 11 17 20 23 29 37 43 51 52 53 61 72 80 83 85 92 94 95 97 105 106 112 113 114 124 131 150 160 162 171 175 177 180 193 194 196 199 201 203 209 212 220 223 224 227 246 253 256 258 259 
116 46 13 18 26 29 35 38 57 64 66 83 86 103 107 109 114 118 138 157 158 165 167 174 175 180 181 183 188 190 197 198 200 206 207 214 216 217 221 227 230 235 237 238 239 242 247 255 
117 54 7 16 33 34 35 38 41 42 45 52 56 58 73 79 81 98 99 103 104 108 120 126 127 136 138 139 140 151 154 156 157 158 160 161 162 168 174 175 185 187 188 193 197 202 207 209 212 215 219 233 250 253 254 255 
118 66 1 6 12 13 17 24 26 27 28 29 30 31 32 35 39 48 58 61 64 65 69 71 73 77 80 84 89 95 97 100 101 116 119 122 132 137 138 139 146 153 155 159 160 166 179 180 191 197 198 201 206 215 223 228 233 234 238 242 243 244 245 251 253 254 256 258 
119 47 18 21 25 37 53 56 63 66 69 80 82 85 86 90 96 97 100 101 102 103 104 110 118 137 146 157 172 173 174 177 182 190 192 193 195 207 208 212 214 215 221 224 237 246 247 248 256 
120 56 3 4 8 9 13 16 18 22 23 31 35 40 44 46 49 50 51 63 64 65 80 84 85 87 90 95 99 111 117 124 125 128 129 143 144 150 153 154 157 162 163 179 180 182 185 189 190 191 196 200 202 210 212 213 220 238 
121 60 0 3 5 14 21 29 32 34 40 44 47 58 62 64 70 74 81 82 91 93 101 102 105 110 122 133 135 139 149 150 153 158 161 163 164 165 171 174 175 177 181 183 184 192 201 211 213 214 219 220 224 225 229 234 240 242 247 250 251 259 
122 58 2 4 6 7 10 29 30 34 35 37 43 48 58 73 86 91 101 106 112 118 121 123 124 128 135 136 143 145 147 149 150 168 170 173 174 183 187 190 191 196 201 202 205 206 210 211 216 217 223 226 229 231 236 249 253 254 256 258 
123 59 3 12 18 19 32 37 41 49 52 61 66 75 79 82 84 90 91 92 95 101 104 109 113 122 135 138 142 148 150 151 153 159 171 174 176 178 179 191 193 194 196 198 207 213 215 218 223 227 228 232 233 234 235 238 240 251 254 255 258 
124 62 9 12 19 26 27 30 33 40 46 59 62 67 72 73 84 85 86 89 92 99 105 106 108 114 115 120 122 128 131 135 148 149 153 156 158 159 160 165 167 168 170 171 173 186 188 189 197 200 203 205 217 219 220 228 229 239 240 241 243 250 258 259 
125 36 3 4 19 22 31 32 52 59 61 67 70 71 77 85 90 95 106 109 120 126 138 158 168 173 175 190 191 194 200 207 218 222 226 241 255 259 
126 51 2 4 6 8 10 11 17 25 34 44 45 46 64 67 68 69 72 73 76 82 83 94 95 102 107 117 125 133 137 142 145 146 165 169 175 179 182 184 194 197 199 205 209 211 222 230 244 247 254 255 257 
127 59 0 3 8 9 10 11 14 16 25 37 41 43 49 50 66 77 80 83 84 93 94 95 112 114 117 129 130 132 136 137 142 148 150 151 155 157 158 165 168 173 175 177 179 188 198 204 206 208 214 227 229 232 239 241 247 250 253 254 258 
128 42 5 10 14 18 26 31 42 43 55 57 62 69 70 72 74 76 77 78 79 90 95 103 113 120 122 124 131 137 140 142 164 184 200 203 206 212 223 224 235 238 244 249 
129 50 3 6 9 16 18 20 26 31 33 38 47 49 52 58 61 65 66 67 74 75 78 81 87 88 96 120 127 150 152 158 160 165 173 177 183 189 195 201 204 207 214 228 230 233 237 240 245 246 253 256 
130 52 11 15 17 19 20 21 22 35 38 51 54 58 63 64 67 68 72 84 88 100 107 114 127 134 150 153 155 157 161 165 167 168 177 178 181 184 187 195 203 204 213 218 219 224 225 226 227 231 233 245 253 258 
131 49 0 4 5 14 17 18 19 27 28 31 36 38 47 61 83 84 88 96 103 105 112 115 124 128 135 136 142 149 151 152 159 163 165 169 172 176 182 193 199 208 212 217 219 226 239 241 242 244 254 
132 44 18 21 22 23 26 30 34 42 43 52 58 68 76 78 89 96 98 103 106 107 111 118 127 135 136 137 140 155 161 175 184 188 191 195 197 203 209 214 218 232 233 236 237 250 
133 48 1 5 13 20 27 28 43 47 48 52 54 63 86 87 88 90 91 103 107 111 121 126 136 140 142 143 151 152 154 159 165 174 180 181 182 185 188 193 203 221 228 235 237 238 239 242 248 250 
134 60 1 2 3 10 12 14 16 18 20 25 28 32 38 42 47 48 50 56 58 62 63 68 69 73 86 88 94 97 98 102 105 111 112 114 130 143 150 151 154 157 168 179 182 193 196 202 206 208 213 218 222 225 228 229 233 246 251 253 254 258 
135 54 16 18 22 31 32 38 44 45 46 47 50 52 53 55 58 71 78 84 88 94 96 97 113 121 122 123 124 131 132 137 139 143 148 150 151 153 154 159 161 175 176 195 201 202 205 209 210 213 215 233 245 248 254 258 
136 54 0 6 11 15 19 36 37 45 47 50 55 57 78 81 92 93 104 110 112 114 117 122 127 131 132 133 151 154 156 159 163 166 172 175 176 178 180 186 191 192 199 200 204 207 215 219 226 227 229 233 238 250 252 257 
137 53 2 10 17 19 25 31 32 36 60 63 64 67 68 69 72 73 76 79 83 85 90 92 93 96 106 109 118 119 126 127 128 132 135 139 151 152 159 176 182 193 202 205 212 218 223 227 234 245 246 248 251 255 258 
138 39 27 58 65 68 70 73 82 87 90 91 98 102 104 108 109 116 117 118 123 125 149 152 158 162 163 171 173 174 177 197 200 205 208 216 218 223 236 240 248 
139 46 2 9 13 16 21 26 42 45 51 83 92 93 99 107 111 113 114 117 118 121 135 137 151 154 158 165 167 170 178 183 190 195 196 204 215 217 226 234 237 240 245 247 248 249 252 257 
140 52 5 10 14 16 17 37 38 39 47 49 52 54 58 60 65 68 72 74 75 76 86 89 94 100 117 128 132 133 141 145 152 154 157 159 172 173 174 177 178 185 193 196 198 199 204 206 209 214 219 233 235 244 
141 45 2 4 9 14 17 22 29 31 40 42 48 50 60 61 68 72 75 77 78 93 96 105 140 142 143 149 156 161 175 176 181 186 187 200 203 205 221 227 232 233 242 243 244 257 258 
142 60 0 4 5 10 13 20 24 27 34 35 38 40 48 51 54 56 58 61 63 66 68 75 79 92 94 95 100 102 105 123 126 127 128 131 133 141 145 153 160 164 166 169 173 175 178 183 194 195 205 209 214 219 221 231 233 239 242 244 247 251 
143 51 6 9 15 16 27 33 37 41 42 46 56 63 75 85 90 104 105 106 108 109 114 120 122 133 134 135 141 149 171 177 189 191 192 204 208 210 217 219 220 222 225 227 232 233 238 244 248 249 250 254 259 
144 45 0 2 7 8 12 14 17 27 31 36 37 40 42 46 50 54 69 75 80 82 94 102 108 110 113 114 120 149 156 164 166 178 185 193 199 202 208 211 237 239 242 247 252 253 254 
145 49 7 10 13 27 30 31 33 34 36 37 39 41 51 71 72 74 78 83 84 87 108 111 122 126 140 142 148 155 159 161 165 168 170 172 174 179 183 186 200 201 209 210 211 213 214 218 235 237 254 
146 47 2 24 32 38 39 44 47 49 58 61 65 67 71 72 81 93 94 95 96 104 106 110 111 118 119 126 159 160 164 180 192 195 196 201 208 209 211 213 218 225 229 232 246 247 249 257 258 
147 58 1 4 5 9 12 14 16 18 44 52 56 58 59 69 70 77 84 85 89 92 99 102 103 107 109 110 114 122 148 157 161 163 167 168 173 174 176 177 180 185 191 193 198 200 208 209 215 216 217 225 230 231 233 234 239 252 254 256 
148 47 3 5 17 27 35 37 38 39 42 48 50 51 56 58 68 73 89 91 98 101 106 108 110 112 123 124 127 135 145 147 161 169 173 177 187 191 193 197 200 226 231 233 235 238 240 241 249 
149 54 2 12 15 19 21 22 24 29 30 31 46 53 54 56 57 68 73 79 88 91 93 98 100 121 122 124 131 138 141 143 144 153 155 157 173 174 179 180 184 186 190 193 197 199 202 203 224 229 231 242 246 248 251 259 
150 61 1 2 12 14 22 27 32 44 62 68 74 78 79 84 88 89 91 93 98 104 105 106 108 111 113 115 120 121 122 123 127 129 130 134 135 153 155 157 162 164 173 174 178 179 181 185 188 194 196 198 211 214 218 220 229 235 240 243 244 257 258 
151 63 2 3 12 13 16 18 20 22 25 26 33 34 38 46 51 55 60 66 67 72 74 75 82 84 88 97 104 107 108 109 110 112 117 123 127 131 133 134 135 136 137 139 153 154 160 172 176 177 179 180 186 194 195 196 202 220 228 229 239 240 241 252 256 
152 57 3 17 26 27 31 33 35 39 43 46 55 58 59 68 69 74 79 83 88 90 92 102 103 113 129 131 133 137 138 140 154 155 159 160 167 170 173 175 178 182 185 186 190 192 204 210 211 215 218 221 224 225 233 243 244 257 258 
153 55 0 6 9 11 12 19 27 35 36 48 52 57 61 66 68 69 81 86 90 95 98 118 120 121 123 124 130 135 142 149 150 151 158 165 167 169 172 179 183 186 189 190 197 198 199 205 207 211 212 213 226 228 233 240 249 
154 39 10 22 35 50 54 67 100 106 107 108 110 111 112 113 117 120 133 134 135 136 139 140 151 152 163 165 167 182 183 185 199 200 205 219 231 234 254 255 259 
155 50 1 4 11 21 35 38 44 45 46 66 67 74 76 83 89 92 98 99 100 110 114 118 127 130 132 145 149 150 152 162 166 168 179 184 188 190 193 194 197 201 208 211 212 215 232 237 239 255 258 259 
156 56 8 11 12 13 15 18 19 22 24 25 29 31 33 35 37 39 44 46 52 58 65 79 80 91 92 99 102 107 117 124 136 141 144 163 168 169 172 173 188 189 193 194 199 201 207 209 211 212 225 229 231 234 235 241 244 257 
157 38 2 10 23 31 40 56 57 62 68 77 78 81 86 88 92 104 106 116 117 119 120 127 130 134 140 147 149 150 162 167 177 183 214 220 244 251 254 255 
158 53 6 8 16 18 21 23 24 27 28 37 42 52 54 57 59 68 70 76 77 84 86 92 94 110 116 117 121 124 125 127 129 138 139 153 166 167 177 186 196 204 210 211 217 219 222 228 229 230 234 237 245 249 258 
159 48 2 19 22 23 27 43 55 78 91 99 102 118 123 124 131 133 135 136 137 140 145 146 152 161 166 168 174 178 183 186 187 193 195 196 198 200 202 204 211 212 215 216 218 220 225 231 241 253 
160 50 5 13 19 23 24 27 30 52 57 68 73 79 80 83 87 94 100 101 104 115 117 118 124 129 142 146 151 152 162 169 182 188 193 203 204 207 213 214 215 226 229 231 234 236 240 241 242 246 247 251 
161 53 4 11 17 21 26 27 33 37 43 52 57 64 67 73 75 89 91 94 99 105 109 117 121 130 132 135 141 145 147 148 159 165 174 182 186 188 208 210 212 220 222 223 226 229 231 232 236 239 244 251 254 257 259 
162 51 5 6 18 25 26 35 43 45 51 55 56 60 65 66 73 78 80 85 98 100 103 111 115 117 120 138 150 155 157 160 169 174 177 181 183 188 193 201 202 213 216 220 228 230 234 236 238 242 246 251 257 
163 44 4 9 10 18 20 27 31 32 37 39 40 69 74 75 76 86 97 105 120 121 131 136 138 147 154 156 165 167 169 173 174 175 183 195 203 205 211 215 221 226 227 238 240 256 
164 51 4 12 14 22 25 32 39 42 59 70 76 77 84 89 99 101 110 121 128 142 144 146 150 165 169 173 175 179 180 182 185 186 191 192 195 197 198 202 203 220 228 234 236 241 244 245 248 251 252 256 258 
165 55 2 26 27 30 34 38 46 53 54 55 62 64 71 72 75 80 86 92 94 108 110 113 116 121 124 126 127 129 130 131 133 139 145 153 154 161 163 164 172 180 182 186 189 190 197 198 199 204 208 214 217 231 237 245 255 
166 43 0 16 32 34 39 48 51 70 71 78 95 113 118 136 142 144 155 158 159 169 170 177 179 180 191 198 200 201 205 212 214 219 221 222 227 230 232 234 235 237 246 254 255 
167 51 2 6 8 10 11 21 26 31 40 46 51 54 57 75 79 81 88 96 98 106 111 116 124 130 139 147 152 153 154 157 158 163 173 175 181 184 186 194 195 199 203 211 215 218 237 238 243 245 255 257 259 
168 59 4 8 9 12 22 24 33 38 41 46 62 64 68 70 79 85 89 99 102 110 112 114 117 122 124 125 127 130 134 145 147 155 156 159 169 173 179 181 182 197 198 200 201 207 213 218 219 221 224 225 226 228 229 235 243 245 254 258 259 
169 50 0 10 12 15 19 32 36 38 58 62 66 71 77 83 85 88 89 96 98 106 126 131 142 148 153 156 160 162 163 164 166 168 182 183 187 195 196 197 211 215 217 225 228 230 231 240 249 251 255 257 
170 53 3 5 12 14 15 22 26 38 40 43 51 59 62 69 73 87 88 90 92 94 99 102 103 104 109 110 113 122 124 139 145 152 166 175 181 185 190 194 196 198 206 211 218 221 223 228 229 235 239 243 245 247 253 
171 52 5 11 12 14 16 22 31 34 38 46 47 50 53 56 57 58 61 63 64 69 77 79 81 89 95 98 112 115 121 123 124 138 143 177 180 189 190 193 196 199 210 214 218 219 228 236 239 243 249 251 256 257 
172 41 6 12 16 23 27 40 41 54 58 64 70 86 87 88 90 95 102 107 114 119 131 136 140 145 151 153 156 165 179 186 188 189 191 193 196 207 222 227 240 254 258 
173 54 4 16 27 36 47 48 49 52 53 54 55 60 66 75 79 86 92 93 101 104 105 110 119 122 124 125 127 129 138 140 142 147 148 149 150 152 156 163 164 167 168 178 188 189 198 207 210 211 215 219 222 226 237 253 
174 58 0 2 10 16 17 22 24 35 41 43 61 62 65 66 71 78 90 92 103 104 108 111 113 116 117 119 121 122 123 133 138 140 145 147 149 150 159 161 162 163 177 179 181 187 196 202 205 207 210 218 221 227 234 238 239 243 245 246 
175 57 2 3 4 7 10 12 15 20 29 33 35 40 44 49 52 53 54 59 74 76 79 80 87 93 100 105 115 116 117 121 125 126 127 132 135 136 141 142 152 163 164 167 170 183 185 190 193 194 201 203 207 208 213 223 224 238 240 
176 55 10 11 16 22 24 25 28 36 40 46 47 50 52 54 59 66 69 71 76 82 84 85 92 100 101 108 123 131 135 136 137 141 147 151 178 179 180 181 183 192 194 197 199 201 203 209 216 217 223 227 232 235 236 245 255 
177 57 3 5 8 12 14 24 25 27 32 44 53 54 57 61 64 70 74 84 88 89 101 112 113 115 119 121 127 129 130 138 140 143 147 148 151 157 158 162 166 171 174 178 179 180 183 199 201 203 206 207 212 217 227 243 257 258 259 
178 55 9 19 20 22 24 25 26 27 31 35 36 37 43 44 50 53 54 57 60 76 78 83 94 96 101 103 112 123 130 136 139 140 142 144 150 152 159 173 176 177 189 191 195 197 199 208 217 218 224 234 238 247 251 256 259 
179 56 2 3 5 9 11 16 17 22 34 41 44 46 64 72 80 85 86 88 90 110 111 113 118 120 123 126 127 134 145 149 150 151 153 155 164 166 168 172 174 176 177 184 190 212 219 222 226 228 229 237 245 246 251 254 256 259 
180 51 0 2 4 39 45 50 53 55 63 64 66 73 74 84 86 87 91 94 97 103 104 106 112 115 116 118 120 133 136 146 147 149 151 164 165 166 171 176 177 181 182 183 186 197 199 200 220 223 250 253 258 
181 40 4 12 18 26 30 32 35 55 67 73 76 79 81 111 116 121 130 133 141 150 162 167 168 170 174 176 180 182 185 188 189 193 196 198 211 221 226 230 234 246 
182 52 6 9 10 16 23 24 35 43 51 53 66 69 73 79 92 95 97 100 102 104 105 110 112 113 114 119 120 126 131 133 134 137 152 154 160 161 164 165 168 169 180 181 190 191 195 198 215 218 227 236 247 255 
183 59 1 6 15 16 20 21 22 23 26 29 30 35 41 45 52 53 54 56 59 72 85 90 100 103 108 112 116 121 122 129 139 142 145 153 154 157 159 162 163 169 175 176 177 180 194 200 201 203 204 205 206 212 219 220 221 223 224 232 238 
184 50 1 6 15 22 23 26 27 28 31 41 47 49 50 57 61 64 66 68 72 85 88 91 99 107 108 111 121 126 128 130 132 149 155 167 179 187 189 191 193 204 205 214 216 217 222 226 235 237 246 250 
185 42 3 24 26 42 43 46 51 55 56 59 70 71 76 80 90 103 117 120 133 140 144 147 150 152 154 164 170 175 181 188 193 198 200 205 212 226 228 237 238 248 251 256 
186 56 1 8 15 16 18 19 22 23 24 27 36 38 46 53 56 57 67 70 71 80 84 92 97 106 107 113 124 136 141 145 149 151 152 153 158 159 161 164 165 167 172 180 187 188 189 190 194 199 200 209 211 217 218 220 226 245 
187 58 3 4 6 17 20 24 28 31 39 41 49 61 69 70 72 74 75 81 82 86 90 95 96 97 103 104 107 111 117 122 130 141 148 159 169 174 184 186 191 192 193 198 202 204 208 214 223 226 227 232 234 240 241 243 244 247 257 258 
188 54 3 11 25 29 32 46 49 54 57 67 70 76 79 84 85 90 95 96 98 101 104 105 112 116 117 124 127 132 133 150 155 156 160 161 162 172 173 181 185 186 193 196 201 205 210 217 220 221 231 241 243 251 252 253 
189 50 1 2 8 11 15 18 23 37 40 44 45 52 58 68 71 80 89 102 103 106 120 124 129 143 153 156 165 171 172 173 178 181 184 186 191 197 201 204 210 213 222 229 234 237 238 240 250 251 256 259 
190 51 9 11 15 19 23 39 40 47 53 59 62 64 70 77 78 82 85 86 89 114 116 119 120 122 125 139 149 152 153 155 165 170 171 175 179 182 186 195 197 205 207 208 209 213 221 238 241 242 246 247 250 
191 66 1 4 9 10 24 33 34 41 50 60 63 66 67 69 74 87 88 90 93 95 97 106 111 114 118 120 122 123 125 132 136 143 147 148 164 166 172 178 182 184 187 189 195 198 199 201 204 209 210 213 214 216 217 222 223 226 228 229 231 232 233 237 238 240 250 258 
192 50 4 5 10 11 21 33 42 45 50 52 54 58 61 71 76 77 80 81 82 83 86 89 90 93 94 96 97 104 114 119 121 136 143 146 152 164 176 187 197 210 211 217 221 222 223 226 239 243 245 258 
193 56 8 10 11 23 24 29 39 44 49 61 67 78 79 83 85 86 92 96 106 112 115 117 119 123 131 133 134 137 140 144 147 148 149 155 156 159 160 162 171 172 175 181 184 185 187 188 202 222 229 238 242 247 251 253 254 259 
194 43 4 6 13 16 20 39 41 42 57 62 64 68 69 77 78 79 80 94 96 105 111 115 123 125 126 142 150 151 155 156 167 170 175 176 183 186 205 210 211 215 237 256 257 
195 50 3 4 11 15 18 31 33 37 41 43 45 53 58 59 81 85 94 99 109 113 119 129 130 132 135 139 142 146 151 159 163 164 167 169 178 182 190 191 198 202 218 227 229 237 239 242 243 246 251 256 
196 57 3 7 8 9 11 17 23 28 32 39 41 46 52 54 55 57 61 63 65 75 83 89 91 94 99 104 107 115 120 122 123 134 139 140 146 150 151 158 159 169 170 171 172 174 181 188 205 208 216 220 224 230 232 233 249 251 252 
197 57 9 14 21 24 25 32 37 49 55 56 57 65 71 82 83 84 85 87 89 90 93 95 97 105 106 108 116 117 118 124 126 132 138 148 149 153 155 164 165 168 169 176 178 180 189 190 192 200 206 227 228 240 243 248 249 255 259 
198 54 7 8 12 20 24 26 27 29 35 37 47 52 54 65 69 73 81 84 86 97 106 116 118 123 127 140 147 150 153 159 164 165 166 168 170 173 181 182 185 187 191 195 203 206 214 221 225 232 233 235 238 240 251 257 
199 55 4 5 7 18 23 53 65 67 69 74 77 78 83 85 89 91 94 98 101 104 110 112 113 115 126 131 136 140 144 149 153 154 156 165 167 171 176 177 178 180 186 191 203 205 209 220 221 227 230 234 242 244 250 257 259 
200 51 5 9 28 30 32 33 44 48 49 54 58 66 69 77 78 85 86 95 109 113 116 120 124 125 128 136 138 141 145 147 148 154 159 166 168 180 183 185 186 197 210 211 214 215 223 229 240 241 246 247 248 
201 55 7 11 13 16 18 19 29 30 36 41 51 61 63 67 76 78 80 81 94 97 107 108 112 114 115 118 121 122 129 135 145 146 155 156 162 166 168 175 176 177 183 188 189 191 202 203 208 209 211 212 215 223 227 240 245 
202 58 0 5 10 12 15 16 25 28 29 34 35 39 41 42 45 53 56 57 70 74 76 79 85 90 93 96 100 101 105 107 111 114 117 120 122 134 135 137 144 149 151 159 162 164 174 187 193 195 201 203 205 208 220 226 238 245 249 257 
203 54 8 11 18 25 38 43 45 47 55 57 65 67 74 76 83 85 92 95 99 101 111 115 124 128 130 132 133 141 149 160 163 164 167 175 176 177 183 198 199 201 202 206 207 214 226 228 234 238 246 248 249 252 256 258 
204 51 1 6 8 18 20 22 28 30 32 40 48 50 54 58 60 68 79 81 89 90 100 101 106 114 127 129 130 136 139 140 143 152 158 159 160 165 183 184 187 189 191 205 209 214 219 220 228 244 248 251 254 
205 58 10 11 15 17 21 32 33 34 36 37 43 47 54 58 64 75 76 78 80 102 107 108 114 122 124 126 135 137 138 141 142 153 154 163 166 174 183 184 185 188 190 194 196 199 202 204 211 215 226 228 231 234 235 244 247 251 254 257 
206 46 0 6 12 14 27 32 33 36 38 47 51 63 76 81 83 85 90 92 94 97 100 116 118 122 127 128 134 140 170 177 183 197 198 203 216 220 231 236 240 241 242 247 248 251 254 259 
207 50 1 2 4 7 8 22 26 31 44 50 52 60 61 62 66 75 79 88 99 101 108 114 116 117 119 123 125 129 136 153 156 160 168 172 173 174 175 177 190 203 217 225 227 231 235 236 244 251 252 255 
208 56 4 5 12 13 17 25 32 35 36 43 44 46 54 55 61 63 65 68 70 76 103 107 113 119 127 131 134 138 143 144 146 147 155 161 165 175 178 187 190 196 201 202 210 214 221 222 224 228 230 240 245 246 247 248 253 259 
209 49 7 9 11 16 26 33 52 53 62 66 69 71 78 83 89 92 97 100 106 114 115 117 126 132 135 140 142 145 146 147 156 176 186 190 191 199 201 204 210 222 223 228 229 234 237 238 239 240 251 
210 53 13 24 25 29 37 48 55 59 61 65 66 68 70 74 76 81 83 89 90 91 93 97 111 113 120 122 135 143 145 152 158 161 171 173 174 188 189 191 192 194 200 208 209 215 222 223 227 235 241 245 246 254 256 
211 57 6 8 15 21 32 35 40 44 61 84 89 90 92 102 107 108 110 112 113 121 122 126 144 145 146 150 152 153 155 156 158 159 163 167 169 170 173 181 186 192 194 200 201 205 215 219 227 228 229 231 234 235 238 240 246 250 254 
212 51 18 21 24 25 26 36 38 44 55 56 59 63 67 75 77 81 83 88 89 91 92 99 106 108 114 115 117 119 120 128 131 137 153 155 156 159 161 166 177 179 183 185 201 218 220 225 228 235 246 247 257 
213 48 0 2 5 8 22 32 34 37 41 44 59 63 68 69 72 91 93 99 100 107 120 121 123 130 134 135 145 146 153 160 162 168 175 189 190 191 214 216 220 228 232 237 242 244 245 248 257 259 
214 62 7 11 15 24 36 38 39 42 50 57 63 67 68 69 73 80 81 82 90 92 95 103 105 107 109 111 116 119 121 127 129 132 140 142 145 150 157 160 165 166 171 184 187 191 198 200 203 204 208 213 218 225 229 231 238 239 242 251 253 254 257 258 
215 56 8 24 25 33 34 37 38 39 43 47 50 51 57 65 67 69 77 83 87 96 101 110 112 117 118 119 123 135 136 139 147 152 155 159 160 163 167 169 173 182 194 200 201 205 210 211 217 224 231 236 238 241 242 253 256 257 
216 44 0 11 13 16 24 44 45 46 47 51 54 67 68 69 75 76 79 97 99 100 103 109 116 122 138 147 159 162 176 184 191 196 206 213 219 223 225 228 229 231 239 245 247 248 
217 47 2 5 8 10 22 35 38 41 43 44 57 72 78 79 82 86 91 93 101 109 111 116 122 124 131 139 143 147 158 165 169 176 177 178 184 186 188 191 192 207 215 222 225 243 244 248 249 
218 59 0 1 3 4 5 11 15 19 29 36 37 38 42 47 51 52 55 59 73 81 84 95 97 104 105 106 109 110 113 123 125 130 132 134 137 138 145 146 150 152 159 167 168 170 171 174 178 182 186 195 212 214 224 230 233 234 248 252 254 
219 53 6 8 14 19 23 24 30 39 41 43 45 46 53 54 57 60 67 72 73 75 84 88 95 99 113 117 121 124 130 131 136 140 142 143 154 158 166 168 171 173 179 183 204 211 216 226 227 232 234 249 255 257 258 
220 52 0 4 8 11 25 29 36 51 59 65 71 78 81 90 97 98 101 104 111 112 115 120 121 124 143 150 151 157 159 161 162 164 180 183 186 188 196 199 202 204 206 212 213 222 227 230 232 237 240 251 258 259 
221 46 16 18 21 23 27 37 40 41 47 52 54 65 81 88 91 108 109 113 114 116 119 133 141 142 152 163 166 168 170 174 181 183 188 190 192 198 199 208 223 225 237 242 243 249 253 259 
222 57 8 11 16 21 22 23 25 26 34 35 38 39 40 43 45 47 51 56 60 62 65 66 67 70 74 75 78 81 83 101 109 125 126 134 143 158 161 166 172 173 179 184 189 191 192 193 208 209 210 217 220 232 234 244 253 255 259 
223 48 4 13 18 22 30 40 46 49 55 59 63 67 70 92 100 105 108 109 113 115 118 122 123 128 137 138 161 170 175 176 180 183 187 191 192 200 201 209 210 216 221 232 242 244 245 251 254 259 
224 46 0 8 9 29 31 32 37 39 44 47 50 52 58 61 63 65 67 73 74 85 92 95 98 101 103 115 119 121 128 130 149 152 168 175 178 183 196 208 215 218 241 242 247 256 257 258 
225 50 8 17 18 20 26 31 35 37 39 42 56 61 62 72 73 78 81 83 88 89 93 101 109 111 112 121 130 134 143 146 147 152 156 159 168 169 198 207 212 214 216 217 221 239 240 243 249 250 252 253 
226 50 0 9 15 17 19 28 29 32 41 45 55 61 62 64 67 77 83 85 96 101 103 107 122 125 130 131 136 139 148 153 160 161 163 168 173 179 181 184 185 186 187 191 192 202 203 205 219 239 245 250 
227 58 11 14 20 26 27 29 31 37 51 61 63 68 70 75 78 79 82 83 84 88 97 103 106 113 114 115 116 123 127 130 136 137 141 143 163 166 172 174 176 177 182 187 195 197 199 201 207 210 211 219 220 230 232 242 244 245 251 255 
228 58 4 7 8 10 12 20 23 24 31 38 43 44 55 60 62 65 66 72 73 76 77 82 87 89 91 99 113 118 123 124 129 133 134 151 153 158 162 164 168 169 170 171 179 185 191 197 203 204 205 208 209 211 212 213 216 234 235 253 
229 55 4 5 12 14 17 20 21 34 37 46 50 51 57 59 66 67 74 88 93 94 100 101 104 110 121 122 124 127 134 136 146 149 150 151 156 158 160 161 168 170 179 189 191 193 195 200 209 211 214 216 231 233 246 252 253 
230 43 0 12 14 18 20 23 24 28 37 38 41 46 48 52 57 74 75 84 100 106 112 116 126 129 147 158 162 166 169 181 196 199 208 218 220 227 232 235 242 248 252 253 254 
231 45 6 14 26 27 31 32 41 44 51 54 55 62 69 89 100 111 122 130 142 147 148 149 154 156 159 160 161 165 169 188 191 205 206 207 211 214 215 216 229 238 240 241 251 253 254 
232 50 4 8 9 23 30 31 32 37 57 58 62 63 67 72 76 78 79 83 85 94 96 101 102 107 112 123 127 132 141 143 146 155 161 166 176 183 187 191 196 198 213 219 220 222 223 227 230 238 243 257 
233 58 2 7 8 13 16 18 19 22 23 38 45 49 50 51 57 60 62 69 74 76 83 84 85 86 88 92 98 104 107 110 111 117 118 123 129 130 132 134 135 136 140 141 142 143 147 148 152 153 191 196 198 218 229 240 243 245 247 258 
234 56 4 10 12 13 14 16 19 20 23 26 35 36 43 47 49 52 53 59 62 64 65 67 85 90 95 118 121 123 137 139 147 154 156 158 160 162 164 166 174 178 181 187 189 199 203 205 209 211 218 219 222 228 245 247 248 254 
235 51 1 2 5 7 8 9 13 23 26 27 28 34 49 59 69 70 73 79 84 91 94 101 104 106 110 116 123 128 133 140 145 148 150 156 166 168 170 176 184 198 205 207 210 211 212 228 230 236 245 254 259 
236 41 2 4 12 14 18 21 24 29 31 34 35 43 48 56 78 85 93 101 102 105 111 112 114 122 132 138 160 161 162 164 171 176 182 206 207 215 235 241 247 248 254 
237 53 3 18 23 24 33 34 40 41 47 53 67 69 70 72 75 82 84 85 93 94 96 97 106 114 116 119 129 132 133 139 144 145 155 158 165 166 167 173 179 184 185 189 191 194 195 209 213 220 221 239 240 253 254 
238 53 5 6 17 20 25 26 30 32 47 50 55 60 65 67 70 73 76 93 105 109 116 118 120 123 128 133 136 143 148 162 163 167 174 175 178 183 185 189 190 191 193 198 202 203 209 211 214 215 231 232 245 255 258 
239 50 1 5 11 12 18 22 36 40 41 42 48 49 50 53 56 60 61 69 73 79 83 87 88 90 103 108 116 124 127 131 133 142 144 147 151 155 161 170 171 174 192 195 209 214 216 225 226 237 243 244 
240 60 4 7 15 17 18 21 26 30 31 34 36 37 44 47 50 53 58 61 66 73 80 89 91 101 106 108 111 121 123 124 129 138 139 148 150 151 153 160 163 169 172 175 187 189 191 197 198 200 201 206 208 209 211 220 225 231 233 237 245 253 
241 46 1 2 9 22 24 31 33 38 44 54 58 65 66 70 77 85 88 90 95 97 106 113 124 125 127 131 148 151 156 159 160 164 187 188 190 200 206 210 215 224 231 236 249 251 252 259 
242 45 20 32 34 43 44 47 60 67 72 76 84 94 97 107 110 114 116 118 121 131 133 141 142 144 149 160 162 190 193 195 199 206 213 214 215 221 223 224 227 230 245 246 247 248 253 
243 47 7 10 16 18 20 27 28 41 43 44 51 53 55 70 75 80 84 98 99 101 103 108 118 124 141 150 152 167 168 170 171 174 177 187 188 192 195 197 217 221 225 232 233 239 245 246 258 
244 48 2 9 12 13 15 37 58 66 69 78 85 89 94 95 99 101 109 110 112 118 126 128 131 140 141 142 143 150 152 156 157 161 164 187 199 204 205 207 213 217 222 223 227 239 249 252 255 259 
245 56 1 4 9 14 17 19 26 29 40 46 49 61 70 71 77 86 88 90 93 101 103 105 118 129 130 135 137 139 158 164 165 167 168 170 174 176 179 186 192 201 202 208 210 213 216 223 226 227 233 234 235 238 240 242 243 250 
246 50 11 12 13 15 26 35 38 44 49 50 52 57 62 63 68 74 78 85 86 104 106 113 115 119 129 134 137 146 149 160 162 166 174 179 181 184 190 195 200 203 208 210 211 212 229 242 243 252 254 259 
247 57 2 6 7 11 12 14 24 26 28 29 36 41 45 53 55 59 69 70 72 76 88 91 93 99 100 106 110 111 116 119 121 126 127 139 142 144 146 160 170 178 182 187 190 193 200 205 206 208 212 216 224 233 234 236 242 252 256 
248 46 0 6 19 22 32 33 38 45 54 58 64 71 72 79 87 91 96 105 111 112 119 133 135 137 138 139 143 149 164 185 197 200 203 204 206 208 213 216 217 218 230 234 236 242 250 255 
249 50 4 8 10 12 18 24 26 28 31 51 52 53 57 58 61 63 65 72 74 76 81 88 92 100 101 110 112 122 128 139 143 146 148 153 158 169 171 196 197 202 203 217 219 221 225 241 244 250 256 258 
250 43 2 6 15 21 29 32 37 39 49 50 52 56 60 61 63 65 67 71 72 75 101 110 117 121 124 127 132 133 136 143 180 184 189 190 191 199 211 225 226 245 248 249 253 
251 59 0 6 8 18 19 21 28 32 33 38 39 41 42 44 57 61 62 66 74 82 103 109 114 118 121 123 134 137 142 149 157 160 161 162 164 169 171 178 179 185 188 189 193 195 196 198 204 205 206 207 209 214 220 223 227 231 241 253 254 
252 40 0 1 8 19 25 28 31 33 47 48 51 71 72 75 81 82 94 95 96 103 109 136 139 144 147 151 164 188 196 203 207 218 225 229 230 241 244 246 247 255 
253 55 1 2 4 7 11 28 31 39 40 45 49 53 70 71 72 82 83 85 87 89 90 92 97 102 105 115 117 118 122 127 129 130 134 144 159 170 173 180 188 193 208 214 215 221 222 225 228 229 230 231 237 240 242 250 251 
254 61 5 8 10 16 20 22 37 41 42 46 47 50 51 55 61 64 69 71 78 82 91 110 113 114 117 118 122 123 126 127 131 134 135 143 144 145 147 154 157 161 166 168 172 179 193 204 205 206 210 211 214 218 223 230 231 234 235 236 237 246 251 
255 59 1 3 5 10 12 13 14 22 23 30 32 33 37 40 41 42 51 58 64 65 69 71 72 75 80 82 88 93 96 97 99 111 113 114 116 117 123 125 126 137 154 155 157 165 166 167 169 176 182 197 207 219 222 227 238 244 248 252 256 
256 55 0 8 19 23 28 29 34 36 37 40 45 50 51 54 55 64 65 68 70 72 81 83 87 89 91 92 93 94 95 107 108 115 118 119 122 129 147 151 163 164 171 178 179 185 189 194 195 203 210 215 224 247 249 255 258 
257 51 3 10 11 12 14 20 22 37 41 44 45 48 63 65 77 79 93 94 98 101 103 108 109 126 136 139 141 146 150 152 156 161 162 167 169 171 177 187 194 198 199 202 205 212 213 214 215 219 224 232 258 
258 52 8 13 19 22 26 42 56 70 73 88 89 91 97 98 107 109 114 115 118 122 123 124 127 130 134 135 137 141 146 150 152 155 158 164 168 172 177 180 187 191 192 203 214 219 220 224 233 238 243 249 256 257 
259 57 0 7 8 9 12 18 24 34 40 46 49 54 56 60 64 66 67 70 78 79 87 90 95 96 98 99 104 109 115 121 124 125 143 149 154 155 161 167 168 177 178 179 189 193 197 199 206 208 213 220 221 222 223 235 241 244 246 
