280 2328
0 10 4 7 61 76 81 163 173 175 183 202 
1 14 7 55 117 118 129 133 146 167 190 214 217 222 236 237 
2 17 51 70 82 126 128 142 146 151 152 167 172 185 215 217 247 253 269 
3 15 25 37 51 53 60 85 91 108 122 180 193 194 199 214 277 
4 11 0 79 81 98 117 132 170 224 255 267 273 
5 22 7 9 37 44 52 69 73 77 81 82 91 97 132 158 191 199 207 234 240 247 251 276 
6 13 15 73 101 104 149 163 172 174 193 195 235 265 278 
7 18 0 1 5 30 58 73 97 100 108 109 136 178 191 219 233 247 268 272 
8 16 9 12 46 47 52 55 68 109 161 174 198 212 233 240 242 273 
9 13 5 8 60 87 101 114 145 152 156 157 196 213 231 
10 21 24 31 35 58 60 70 85 88 91 115 122 131 167 190 207 213 223 225 235 239 251 
11 20 30 52 61 69 74 95 111 113 127 165 166 175 196 198 222 230 237 271 272 275 
12 13 8 57 78 90 152 174 191 199 236 237 257 262 279 
13 11 50 64 73 74 106 127 130 196 213 270 276 
14 11 46 72 79 81 122 134 138 178 193 209 217 
15 14 6 34 40 68 77 80 102 146 158 163 188 190 264 276 
16 15 26 60 61 79 92 96 108 136 137 198 200 238 249 253 277 
17 8 55 56 95 129 158 178 254 261 
18 19 24 42 44 60 62 71 72 79 84 108 125 139 150 161 179 195 209 219 245 
19 18 20 21 37 56 68 101 112 119 124 136 138 169 179 182 186 199 207 271 
20 15 19 51 68 86 95 102 118 121 128 179 202 238 251 262 269 
21 15 19 40 55 63 67 95 117 139 144 146 180 191 204 229 239 
22 16 56 62 63 82 102 108 134 136 139 161 180 224 246 248 266 270 
23 14 70 91 103 120 141 142 145 156 214 216 218 219 226 251 
24 18 10 18 41 46 60 75 77 85 162 169 176 183 189 215 223 265 270 275 
25 15 3 59 79 80 82 99 115 138 158 171 201 210 225 272 275 
26 17 16 38 71 76 127 135 163 170 182 184 188 189 190 193 203 217 241 
27 16 43 51 60 73 81 88 120 125 127 135 174 220 238 257 263 274 
28 13 67 93 94 99 101 114 125 144 152 170 199 225 269 
29 14 50 73 96 100 112 120 126 141 178 194 195 225 268 273 
30 17 7 11 31 75 81 85 87 95 115 140 165 189 201 212 222 234 247 
31 16 10 30 67 72 73 114 137 153 168 172 173 190 195 203 205 247 
32 18 71 78 84 90 107 141 148 178 190 196 208 209 215 225 230 239 247 265 
33 20 58 87 94 103 126 141 165 173 175 193 235 238 242 248 252 253 257 264 268 276 
34 20 15 40 46 59 61 62 70 80 139 151 161 179 181 193 232 235 236 255 260 277 
35 18 10 72 73 85 99 138 152 161 162 204 213 217 220 221 227 236 257 269 
36 18 70 82 83 97 108 145 168 187 209 214 219 220 223 234 260 261 270 273 
37 14 3 5 19 56 70 77 80 87 104 122 133 138 148 203 
38 12 26 43 49 50 60 109 153 167 204 212 260 261 
39 13 48 51 93 120 132 143 156 157 171 214 222 250 268 
40 19 15 21 34 105 113 115 139 145 147 162 168 215 221 227 243 251 253 257 266 
41 24 24 45 54 61 91 98 114 121 134 137 145 153 186 189 191 193 214 219 222 226 241 247 250 252 
42 8 18 53 69 160 219 230 235 276 
43 19 27 38 55 64 85 87 101 120 137 143 166 175 179 182 208 243 253 264 273 
44 18 5 18 52 60 70 80 81 83 95 102 146 158 186 196 202 221 232 275 
45 12 41 97 125 128 158 161 171 192 222 245 251 260 
46 20 8 14 24 34 65 66 73 75 105 125 144 153 157 159 173 178 190 201 233 246 
47 12 8 59 70 80 120 136 145 156 209 226 233 262 
48 13 39 60 65 82 95 98 103 122 124 140 144 222 278 
49 16 38 57 58 70 78 132 151 159 160 196 224 236 244 250 275 279 
50 14 13 29 38 59 103 145 171 174 201 206 225 250 259 277 
51 23 2 3 20 27 39 55 56 67 89 103 119 134 148 152 165 174 184 208 209 216 223 238 253 
52 20 5 8 11 44 69 79 104 111 115 116 140 141 153 173 178 180 185 194 221 250 
53 17 3 42 57 86 99 105 106 143 156 157 165 184 186 241 245 253 263 
54 10 41 57 60 130 135 163 191 198 203 273 
55 21 1 8 17 21 43 51 87 89 98 107 109 111 128 130 134 150 154 179 200 221 236 
56 14 17 19 22 37 51 112 124 129 131 138 214 215 239 253 
57 16 12 49 53 54 58 71 89 143 183 196 202 213 263 264 273 278 
58 16 7 10 33 49 57 87 142 154 164 165 191 212 225 238 273 279 
59 20 25 34 47 50 77 111 112 121 124 146 147 156 170 178 207 229 240 250 260 270 
60 18 3 9 10 16 18 24 27 38 44 48 54 121 164 173 175 179 260 264 
61 19 0 11 16 34 41 97 98 113 116 121 130 184 189 219 234 246 261 268 270 
62 12 18 22 34 69 86 136 140 198 216 249 256 278 
63 13 21 22 103 121 127 156 197 212 216 231 250 253 269 
64 7 13 43 70 119 142 254 275 
65 15 46 48 95 110 111 117 128 140 153 159 172 183 196 216 272 
66 14 46 93 115 132 137 153 216 226 236 250 258 259 277 278 
67 18 21 28 31 51 96 118 122 154 158 167 173 188 200 201 216 228 266 277 
68 20 8 15 19 20 77 85 105 108 113 115 120 143 147 180 187 192 213 217 227 279 
69 15 5 11 42 52 62 80 90 91 97 99 105 173 203 208 244 
70 24 2 10 23 34 36 37 44 47 49 64 81 91 95 114 127 131 157 172 211 231 241 245 261 273 
71 16 18 26 32 57 90 110 144 175 189 194 199 208 223 234 251 256 
72 18 14 18 31 35 89 106 116 154 177 190 196 205 208 218 248 263 264 273 
73 31 5 6 7 13 27 29 31 35 46 82 108 113 115 122 123 130 140 145 147 165 166 173 189 193 195 201 218 228 260 264 279 
74 17 11 13 93 153 162 167 170 179 180 190 219 221 230 233 243 244 256 
75 25 24 30 46 78 80 82 84 91 105 119 135 144 163 166 170 177 190 202 212 215 224 225 251 253 263 
76 12 0 26 77 130 156 182 183 203 211 240 243 248 
77 22 5 15 24 37 59 68 76 91 121 130 153 159 162 168 176 186 200 210 224 246 262 273 
78 10 12 32 49 75 111 148 163 220 228 255 
79 21 4 14 16 18 25 52 93 105 113 114 116 125 171 175 185 235 246 253 265 273 274 
80 18 15 25 34 37 44 47 69 75 112 145 146 165 169 191 201 202 212 220 
81 23 0 4 5 14 27 30 44 70 90 115 116 138 150 199 201 206 232 241 251 254 261 262 267 
82 17 2 5 22 25 36 48 73 75 107 129 160 172 211 217 241 262 276 
83 16 36 44 100 101 111 134 136 138 139 142 160 171 187 194 201 274 
84 16 18 32 75 95 108 120 131 134 146 154 164 225 227 228 253 274 
85 24 3 10 24 30 35 43 68 90 94 130 131 134 147 159 162 165 168 173 205 219 241 244 246 278 
86 16 20 53 62 108 118 124 133 134 145 151 152 155 181 228 258 271 
87 21 9 30 33 37 43 55 58 90 97 108 109 111 117 126 152 157 163 182 223 239 242 
88 16 10 27 115 117 154 165 220 240 245 248 251 259 263 273 274 278 
89 13 51 55 57 72 96 130 160 167 169 204 213 253 267 
90 25 12 32 69 71 81 85 87 96 108 125 130 164 183 192 196 207 211 214 215 216 246 262 264 268 269 
91 16 3 5 10 23 41 69 70 75 77 97 116 122 140 155 190 203 
92 9 16 100 106 152 183 200 244 251 274 
93 17 28 39 66 74 79 118 128 141 150 191 197 205 206 207 219 245 278 
94 17 28 33 85 111 148 159 182 187 188 201 233 240 246 261 263 264 270 
95 24 11 17 20 21 30 44 48 65 70 84 97 107 109 115 131 134 147 210 212 213 219 231 243 273 
96 13 16 29 67 89 90 103 147 152 178 202 213 243 263 
97 20 5 7 36 45 61 69 87 91 95 107 113 117 129 133 179 220 222 227 239 266 
98 11 4 41 48 55 61 167 174 184 194 248 256 
99 15 25 28 35 53 69 120 141 175 179 187 192 233 251 255 262 
100 15 7 29 83 92 103 149 160 174 176 188 201 223 233 259 276 
101 27 6 9 19 28 43 83 102 106 110 139 149 151 154 161 187 189 191 192 209 211 220 234 235 238 248 251 260 
102 20 15 20 22 44 101 113 147 153 162 189 195 196 197 199 200 233 245 256 257 278 
103 17 23 33 48 50 51 63 96 100 136 178 199 203 226 235 262 267 278 
104 11 6 37 52 134 145 167 203 209 215 243 265 
105 18 40 46 53 68 69 75 79 153 162 164 166 191 200 210 215 223 252 275 
106 16 13 53 72 92 101 111 166 171 196 212 225 228 255 261 278 279 
107 12 32 55 82 95 97 137 148 187 242 262 271 277 
108 15 3 7 16 18 22 36 68 73 84 86 87 90 143 186 237 
109 13 7 8 38 55 87 95 117 122 156 195 227 231 261 
110 9 65 71 101 126 140 155 178 232 266 
111 17 11 52 55 59 65 78 83 87 94 106 123 136 188 213 240 255 257 
112 13 19 29 56 59 80 164 175 180 187 197 214 232 244 
113 20 11 40 61 68 73 79 97 102 121 125 138 155 165 172 204 211 229 261 263 274 
114 24 9 28 31 41 70 79 127 143 147 167 173 184 189 201 203 208 224 233 234 241 259 262 270 275 
115 19 10 25 30 40 52 66 68 73 81 88 95 119 121 157 194 218 224 273 275 
116 11 52 61 72 79 81 91 130 155 169 222 246 
117 20 1 4 21 65 87 88 97 109 122 123 126 139 149 151 155 217 233 242 247 264 
118 15 1 20 67 86 93 135 148 155 183 184 188 199 203 212 243 
119 17 19 51 64 75 115 122 159 173 193 195 204 208 243 244 249 254 269 
120 21 23 27 29 39 43 47 68 84 99 146 151 162 170 174 190 204 213 227 228 261 265 
121 19 20 41 59 60 61 63 77 113 115 126 137 146 151 152 178 206 243 268 276 
122 17 3 10 14 37 48 67 73 91 109 117 119 126 127 192 212 253 267 
123 12 73 111 117 126 128 132 136 193 234 251 253 274 
124 30 19 48 56 59 86 128 131 137 138 146 151 154 174 177 182 185 194 212 213 214 216 218 223 228 229 231 254 258 264 269 
125 17 18 27 28 45 46 79 90 113 134 137 153 170 198 199 201 230 272 
126 24 2 29 33 87 110 117 121 122 123 145 147 150 156 168 180 181 186 206 209 212 229 255 277 279 
127 19 11 13 26 27 63 70 114 122 140 145 152 153 164 165 179 201 212 244 269 
128 12 2 20 45 55 65 93 123 124 156 204 226 231 
129 9 1 17 56 82 97 138 177 239 266 
130 23 13 54 55 61 73 76 77 85 89 90 116 138 146 158 173 189 193 207 215 222 251 264 279 
131 16 10 56 70 84 85 95 124 139 152 185 206 213 236 242 245 267 
132 13 4 5 39 49 66 123 154 155 156 157 199 202 270 
133 8 1 37 86 97 163 183 267 275 
134 22 14 22 41 51 55 83 84 85 86 95 104 125 139 140 167 173 177 197 224 240 249 266 
135 14 26 27 54 75 118 142 160 193 206 219 239 264 269 275 
136 19 7 16 19 22 47 62 83 103 111 123 139 146 148 169 194 237 239 270 275 
137 20 16 31 41 43 66 107 121 124 125 144 168 190 193 198 218 222 226 255 260 274 
138 22 14 19 25 35 37 56 81 83 113 124 129 130 149 152 168 174 196 223 229 234 250 251 
139 18 18 21 22 34 40 83 101 117 131 134 136 144 174 180 197 242 257 269 
140 17 30 48 52 62 65 73 91 110 127 134 211 221 236 240 241 269 279 
141 14 23 29 32 33 52 93 99 157 159 161 177 200 220 240 
142 16 2 23 58 64 83 135 154 187 203 215 230 239 248 253 270 273 
143 16 39 43 53 57 68 108 114 152 164 192 193 232 241 245 246 273 
144 16 21 28 46 48 71 75 137 139 148 177 180 187 193 194 227 246 
145 20 9 23 36 40 41 47 50 73 80 86 104 126 127 158 159 187 193 220 223 247 
146 21 1 2 15 21 44 59 80 84 120 121 124 130 136 148 163 178 218 248 262 273 277 
147 16 40 59 68 73 85 95 96 102 114 126 155 198 249 260 264 276 
148 17 32 37 51 78 94 107 118 136 144 146 152 168 206 210 233 249 261 
149 9 6 100 101 117 138 178 224 227 237 
150 12 18 55 81 93 126 182 196 209 254 255 268 273 
151 21 2 34 49 86 101 117 120 121 124 158 160 173 188 191 192 216 227 233 234 261 263 
152 23 2 9 12 28 35 51 86 87 92 96 121 127 131 138 143 148 157 159 160 244 261 272 275 
153 16 31 38 41 46 52 65 66 74 77 102 105 125 127 191 267 273 
154 22 55 58 67 72 84 88 101 124 132 142 180 186 210 219 223 229 242 257 258 259 266 275 
155 20 86 91 110 113 116 117 118 132 147 157 169 190 201 217 225 236 239 256 265 269 
156 18 9 23 39 47 53 59 63 76 109 126 128 132 166 177 189 199 241 269 
157 16 9 39 46 53 70 87 115 132 141 152 155 174 179 183 194 238 
158 18 5 15 17 25 44 45 67 130 145 151 162 176 179 180 211 221 269 277 
159 15 46 49 65 77 85 94 119 141 145 152 176 219 243 253 263 
160 9 42 49 82 83 89 100 135 151 152 
161 18 8 18 22 34 35 45 101 141 166 170 188 195 199 211 220 245 255 263 
162 17 24 35 40 74 77 85 102 105 120 158 187 228 240 247 248 257 266 
163 17 0 6 15 26 54 75 78 87 133 146 182 185 193 194 227 255 275 
164 16 58 60 84 90 105 112 127 143 167 175 187 204 212 215 225 252 
165 17 11 30 33 51 53 58 73 80 85 88 113 127 193 225 237 241 276 
166 20 11 43 73 75 105 106 156 161 171 187 189 190 191 200 207 218 227 234 241 272 
167 21 1 2 10 38 67 74 89 98 104 114 134 164 168 187 199 225 227 231 232 233 279 
168 18 31 36 40 77 85 126 137 138 148 167 194 195 198 200 201 207 247 253 
169 15 19 24 80 89 116 136 155 175 177 188 218 236 242 252 255 
170 15 4 26 28 59 74 75 120 125 161 174 180 206 233 244 274 
171 14 25 39 45 50 79 83 106 166 175 176 181 209 219 275 
172 10 2 6 31 65 70 82 113 198 221 227 
173 21 0 31 33 46 52 60 67 69 73 85 114 119 130 134 151 178 185 198 212 238 248 
174 18 6 8 12 27 50 51 98 100 120 124 138 139 157 170 178 179 277 279 
175 20 0 11 33 43 60 71 79 99 112 164 169 171 178 184 185 190 201 212 214 264 
176 9 24 77 100 158 159 171 215 253 270 
177 16 72 75 124 129 134 141 144 156 169 194 208 221 244 245 265 268 
178 23 7 14 17 29 32 46 52 59 96 103 110 121 146 149 173 174 175 197 199 201 244 248 266 
179 17 18 19 20 34 43 55 60 74 97 99 127 157 158 174 185 231 273 
180 19 3 21 22 52 68 74 112 126 139 144 154 158 170 191 192 198 230 245 276 
181 6 34 86 126 171 203 206 
182 13 19 26 43 76 87 94 124 150 163 210 240 267 274 
183 15 0 24 57 65 76 90 92 118 133 157 198 239 255 262 267 
184 19 26 51 53 61 98 114 118 175 203 223 228 231 243 248 255 257 258 270 279 
185 20 2 52 79 124 131 163 173 175 179 196 206 209 226 235 238 243 249 250 253 273 
186 11 19 41 44 53 77 108 126 154 240 244 259 
187 20 36 68 83 94 99 101 107 112 142 144 145 162 164 166 167 188 199 210 231 266 
188 21 15 26 67 94 100 111 118 151 161 169 187 196 209 215 220 229 250 251 263 270 271 
189 17 24 26 30 41 61 71 73 101 102 114 130 156 166 206 240 262 275 
190 19 1 10 15 26 31 32 46 72 74 75 91 120 137 155 166 175 196 253 262 
191 19 5 7 12 21 41 54 58 80 93 101 105 151 153 166 180 210 213 221 276 
192 13 45 68 90 99 101 122 143 151 180 198 209 222 273 
193 23 3 6 14 26 33 34 41 73 119 123 130 135 137 143 144 145 163 165 194 221 233 265 267 
194 21 3 29 52 71 83 98 115 124 136 144 157 163 168 177 193 212 220 221 236 246 263 
195 12 6 18 29 31 73 102 109 119 161 168 209 223 
196 19 9 11 13 32 44 49 57 65 72 90 102 106 138 150 185 188 190 230 241 
197 14 63 93 102 112 134 139 178 209 217 239 243 248 249 263 
198 26 8 11 16 54 62 125 137 147 168 172 173 180 183 192 199 203 211 228 230 232 249 250 251 260 274 277 
199 26 3 5 12 19 28 71 81 102 103 118 125 132 156 161 167 178 187 198 202 232 246 251 255 260 267 269 
200 16 16 55 67 77 92 102 105 141 166 168 230 245 260 263 270 273 
201 21 25 30 46 50 67 73 80 81 83 94 100 114 125 127 155 168 175 178 221 222 276 
202 12 0 20 44 57 75 80 96 132 199 204 235 238 
203 23 26 31 37 54 69 76 91 103 104 114 118 142 181 184 198 216 223 234 240 247 255 260 267 
204 15 21 35 38 89 113 119 120 128 164 202 209 217 238 251 270 
205 6 31 72 85 93 223 274 
206 16 50 81 93 121 126 131 135 148 170 181 185 189 218 230 234 251 
207 15 5 10 19 59 90 93 130 166 168 208 228 238 251 253 264 
208 16 32 43 51 69 71 72 114 119 177 207 224 243 267 268 270 273 
209 21 14 18 32 36 47 51 101 104 126 150 171 185 188 192 195 197 204 222 224 241 256 
210 15 25 77 95 105 148 154 182 187 191 211 217 218 235 240 248 
211 15 70 76 82 90 101 113 140 158 161 198 210 237 242 270 273 
212 22 8 30 38 58 63 75 80 95 106 118 122 124 126 127 164 173 175 194 227 229 250 279 
213 17 9 10 13 35 57 68 89 95 96 111 120 124 131 191 225 228 229 
214 16 1 3 23 36 39 41 56 90 112 124 175 222 228 242 248 265 
215 16 2 24 32 40 56 75 90 104 105 130 142 164 176 188 250 256 
216 16 23 51 62 63 65 66 67 90 124 151 203 217 219 224 230 265 
217 17 1 2 14 26 35 68 82 117 155 197 204 210 216 221 232 258 271 
218 14 23 72 73 115 124 137 146 166 169 206 210 237 261 270 
219 21 7 18 23 36 41 42 61 74 85 93 95 135 154 159 171 216 221 246 257 270 278 
220 17 27 35 36 78 80 88 97 101 141 145 161 188 194 243 248 251 266 
221 20 35 40 44 52 55 74 140 158 172 177 191 193 194 201 217 219 229 237 271 276 
222 18 1 11 30 39 41 45 48 97 116 130 137 192 201 209 214 250 256 264 
223 18 10 24 36 51 71 87 100 105 124 138 145 154 184 195 203 205 229 255 
224 12 4 22 49 75 77 114 115 134 149 208 209 216 
225 19 10 25 28 29 32 50 58 75 84 106 155 164 165 167 213 229 235 237 264 
226 12 23 41 47 66 103 128 137 185 228 245 259 271 
227 17 35 40 68 84 97 109 120 144 149 151 163 166 167 172 212 238 249 
228 16 67 73 78 84 86 106 120 124 162 184 198 207 213 214 226 240 
229 16 21 59 113 124 126 138 154 188 212 213 221 223 225 237 244 276 
230 15 11 32 42 74 125 142 180 196 198 200 206 216 264 269 270 
231 12 9 63 70 95 109 124 128 167 179 184 187 249 
232 13 34 44 81 110 112 143 167 198 199 217 244 262 279 
233 18 7 8 46 47 74 94 99 100 102 114 117 148 151 167 170 193 256 263 
234 17 5 30 36 61 71 101 114 123 138 151 166 203 206 236 239 255 256 
235 14 6 10 33 34 42 79 101 103 185 202 210 225 249 255 
236 17 1 12 34 35 49 55 66 131 140 155 169 194 234 248 253 267 279 
237 15 1 11 12 108 136 149 165 211 218 221 225 229 256 257 268 
238 18 16 20 27 33 51 58 101 157 173 185 202 204 207 227 239 264 272 277 
239 20 10 21 32 56 87 97 129 135 136 142 155 183 197 234 238 242 266 270 275 278 
240 18 5 8 59 76 88 94 111 134 140 141 162 182 186 189 203 210 228 271 
241 20 26 41 53 70 81 82 85 114 140 143 156 165 166 196 209 246 247 262 275 276 
242 13 8 33 87 107 117 131 139 154 169 211 214 239 248 
243 17 40 43 74 76 95 96 104 118 119 121 159 184 185 197 208 220 250 
244 16 49 69 74 85 92 112 119 127 152 170 177 178 186 229 232 262 
245 17 18 45 53 70 88 93 102 131 143 161 177 180 200 226 247 254 256 
246 17 22 46 61 77 79 85 90 94 116 143 144 194 199 219 241 256 279 
247 14 2 5 7 30 31 32 41 117 145 162 168 203 241 245 
248 19 22 33 72 76 88 98 101 142 146 162 173 178 184 197 210 214 220 236 242 
249 15 16 62 119 134 147 148 185 197 198 227 231 235 264 266 276 
250 17 39 41 49 50 52 59 63 66 138 185 188 198 212 215 222 243 259 
251 25 5 10 20 23 40 45 71 75 81 88 92 99 101 123 130 138 188 198 199 204 206 207 220 258 278 
252 6 33 41 105 164 169 279 
253 24 2 16 33 40 43 51 53 56 63 75 79 84 89 122 123 142 159 168 176 185 190 207 236 278 
254 7 17 64 81 119 124 150 245 
255 20 4 34 78 99 106 111 126 137 150 161 163 169 183 184 199 203 223 234 235 275 
256 14 62 71 74 98 102 155 209 215 222 233 234 237 245 246 
257 14 12 27 33 35 40 102 111 139 154 162 184 219 237 277 
258 9 66 86 124 154 184 217 251 264 275 
259 9 50 66 88 100 114 154 186 226 250 
260 15 34 36 38 45 59 60 73 101 137 147 198 199 200 203 276 
261 15 17 36 38 61 70 81 94 106 109 113 120 148 151 152 218 
262 20 12 20 47 77 81 82 90 99 103 107 114 146 183 189 190 232 241 244 270 271 
263 17 27 53 57 72 75 88 94 96 113 151 159 161 188 194 197 200 233 
264 23 15 33 43 57 60 72 73 90 94 117 124 130 135 147 175 207 222 225 230 238 249 258 267 
265 12 6 24 32 79 104 120 155 177 193 214 216 271 
266 14 22 40 67 97 110 129 134 154 162 178 187 220 239 249 
267 17 4 81 89 103 122 131 133 153 182 183 193 199 203 208 236 264 268 
268 12 7 29 33 39 61 90 121 150 177 208 237 267 
269 18 2 20 28 35 63 90 119 124 127 135 139 140 155 156 158 199 230 275 
270 23 13 22 24 36 59 61 94 114 132 136 142 176 184 188 200 204 208 211 218 219 230 239 262 
271 11 11 19 86 107 188 217 221 226 240 262 265 
272 8 7 11 25 65 125 152 166 238 
273 26 4 8 29 36 43 54 57 58 70 72 77 79 88 95 115 142 143 146 150 153 179 185 192 200 208 211 
274 14 27 79 83 84 88 92 113 123 137 170 182 198 205 279 
275 23 11 24 25 44 49 64 105 114 115 133 135 136 152 154 163 171 189 239 241 255 258 269 277 
276 19 5 13 15 33 42 82 100 121 147 165 180 191 201 221 229 241 249 260 277 
277 16 3 16 34 50 66 67 107 126 146 158 174 198 238 257 275 276 
278 15 6 48 57 62 66 85 88 93 102 103 106 219 239 251 253 
279 18 12 49 58 68 73 106 126 130 140 167 174 184 212 232 236 246 252 274 
