280 728
0 3 81 173 175 
1 3 55 118 133 
2 9 51 126 146 152 167 172 247 253 269 
3 1 214 
4 3 79 117 170 
5 5 73 81 207 234 251 
6 6 15 73 101 104 149 174 
7 4 108 136 233 268 
8 4 52 55 68 233 
9 4 60 114 145 156 
10 11 58 60 85 88 91 115 131 213 235 239 251 
11 4 61 95 230 272 
12 1 236 
13 2 270 276 
14 6 46 72 79 178 209 217 
15 4 6 68 77 188 
16 4 61 92 253 277 
17 2 95 129 
18 7 24 42 72 79 125 219 245 
19 2 56 101 
20 8 51 68 95 128 202 251 262 269 
21 6 40 146 180 191 229 239 
22 8 56 108 134 161 180 224 266 270 
23 8 70 120 141 142 145 214 216 219 
24 6 18 85 162 189 270 275 
25 4 80 99 115 138 
26 1 182 
27 2 88 263 
28 3 94 125 144 
29 5 73 100 112 126 141 
30 3 75 140 189 
31 5 73 114 137 153 168 
32 8 71 141 148 178 209 230 239 247 
33 7 94 173 235 238 242 248 276 
34 3 139 236 255 
35 7 72 85 161 204 220 236 257 
36 6 82 108 145 219 260 273 
37 5 56 80 122 133 148 
38 5 43 153 167 204 260 
39 2 93 132 
40 6 21 105 115 147 221 253 
41 11 54 61 91 137 145 153 189 191 219 222 226 
42 3 18 69 276 
43 6 38 85 101 166 243 253 
44 9 52 60 70 102 146 158 186 196 232 
45 7 97 125 128 171 192 245 260 
46 5 14 125 178 201 233 
47 5 70 120 136 226 262 
48 1 60 
49 4 196 236 275 279 
50 3 145 171 250 
51 7 2 20 55 67 119 165 253 
52 6 8 44 115 173 180 194 
53 4 156 157 165 186 
54 3 41 57 130 
55 8 1 8 51 111 130 134 179 200 
56 5 19 22 37 214 215 
57 2 54 263 
58 4 10 87 154 191 
59 11 77 111 124 146 170 178 207 229 250 260 270 
60 5 9 10 44 48 179 
61 7 11 16 41 97 116 234 268 
62 2 249 256 
63 5 197 216 231 253 269 
64 1 70 
65 3 117 140 159 
66 1 115 
67 5 51 96 167 173 266 
68 10 8 15 20 77 105 108 147 180 187 279 
69 3 42 80 105 
70 8 23 44 47 64 114 131 241 261 
71 3 32 110 194 
72 9 14 18 35 106 116 190 218 248 264 
73 9 5 6 29 31 108 113 218 264 279 
74 9 93 153 179 180 221 230 233 244 256 
75 7 30 82 84 144 163 177 190 
76 4 130 182 240 248 
77 7 15 59 68 91 153 246 273 
78 4 111 148 228 255 
79 6 4 14 18 105 114 171 
80 7 25 37 69 165 201 212 220 
81 12 0 5 90 138 150 201 232 241 251 254 261 267 
82 4 36 75 211 241 
83 5 100 101 136 139 201 
84 4 75 146 164 227 
85 12 10 24 35 43 94 131 159 162 168 173 244 246 
86 4 108 118 124 228 
87 6 58 109 111 117 157 242 
88 5 10 27 245 248 263 
89 2 169 253 
90 10 81 108 125 130 183 207 216 246 262 268 
91 5 10 41 77 190 203 
92 2 16 251 
93 4 39 74 150 278 
94 5 28 33 85 159 246 
95 12 11 17 20 97 109 115 131 134 147 213 219 273 
96 6 67 103 152 178 213 243 
97 6 45 61 95 220 222 227 
98 1 248 
99 2 25 179 
100 6 29 83 103 223 233 259 
101 12 6 19 43 83 102 106 110 151 187 191 211 220 
102 9 44 101 113 199 200 245 256 257 278 
103 4 96 100 199 267 
104 1 6 
105 8 40 68 69 79 153 191 200 275 
106 5 72 101 111 225 279 
107 4 137 242 262 271 
108 9 7 22 36 68 73 86 90 186 237 
109 5 87 95 195 231 261 
110 3 71 101 232 
111 7 55 59 78 87 106 123 136 
112 3 29 164 180 
113 4 73 102 138 229 
114 9 9 31 70 79 143 147 203 208 241 
115 10 10 25 40 52 66 95 119 121 194 275 
116 3 61 72 169 
117 6 4 65 87 139 247 264 
118 3 1 86 135 
119 4 51 115 243 244 
120 8 23 47 146 204 213 227 261 265 
121 5 115 137 146 152 276 
122 3 37 127 212 
123 4 111 128 132 193 
124 13 59 86 128 138 146 151 154 174 177 214 229 258 264 
125 8 18 28 45 46 90 153 198 230 
126 8 2 29 145 147 180 181 209 212 
127 4 122 145 179 212 
128 5 20 45 123 124 226 
129 3 17 138 266 
130 6 54 55 76 90 146 215 
131 8 10 70 85 95 139 152 236 267 
132 4 39 123 157 199 
133 2 1 37 
134 7 22 55 95 140 173 197 249 
135 5 118 219 264 269 275 
136 8 7 47 83 111 148 194 239 270 
137 7 31 41 107 121 198 222 226 
138 8 25 81 113 124 129 149 250 251 
139 7 34 83 117 131 174 180 242 
140 4 30 65 134 240 
141 7 23 29 32 161 177 200 240 
142 1 23 
143 4 114 164 193 246 
144 4 28 75 180 193 
145 9 9 23 36 41 50 126 127 220 247 
146 12 2 21 44 59 84 120 121 124 130 178 273 277 
147 7 40 68 95 114 126 260 276 
148 5 32 37 78 136 261 
149 2 6 138 
150 4 81 93 196 209 
151 4 101 124 227 233 
152 6 2 96 121 131 244 272 
153 8 31 38 41 74 77 105 125 273 
154 6 58 124 210 219 266 275 
155 3 157 169 265 
156 2 9 53 
157 6 53 87 132 155 174 179 
158 4 44 162 176 211 
159 5 65 85 94 176 253 
160 0 
161 6 22 35 141 211 220 255 
162 6 24 85 158 228 247 266 
163 1 75 
164 5 84 112 143 175 215 
165 4 51 53 80 237 
166 4 43 191 200 234 
167 6 2 38 67 187 199 225 
168 2 31 85 
169 5 89 116 155 188 236 
170 4 4 59 174 180 
171 5 45 50 79 175 176 
172 2 2 198 
173 10 0 33 52 67 85 134 178 198 238 248 
174 5 6 124 139 157 170 
175 7 0 164 171 178 190 212 214 
176 4 158 159 171 253 
177 5 75 124 141 194 245 
178 8 14 32 46 59 96 146 173 175 
179 7 55 60 74 99 127 157 185 
180 12 21 22 52 68 74 112 126 139 144 170 245 276 
181 1 126 
182 2 26 76 
183 1 90 
184 6 203 223 231 258 270 279 
185 6 179 196 209 238 243 253 
186 3 44 53 108 
187 4 68 101 167 199 
188 3 15 169 250 
189 4 24 30 41 206 
190 5 72 75 91 175 253 
191 7 21 41 58 101 105 166 221 
192 1 45 
193 4 123 143 144 267 
194 5 52 71 115 136 177 
195 1 109 
196 4 44 49 150 185 
197 4 63 134 239 263 
198 8 125 137 172 173 203 230 232 277 
199 8 102 103 132 167 187 232 251 267 
200 8 55 102 105 141 166 260 263 270 
201 5 46 80 81 83 222 
202 1 20 
203 7 91 114 184 198 216 247 267 
204 5 35 38 120 238 251 
205 2 223 274 
206 2 189 251 
207 6 5 59 90 208 228 251 
208 4 114 207 224 270 
209 6 14 32 126 150 185 241 
210 3 154 218 248 
211 6 82 101 158 161 237 270 
212 5 80 122 126 127 175 
213 4 10 95 96 120 
214 6 3 23 56 124 175 265 
215 4 56 130 164 250 
216 5 23 63 90 203 217 
217 3 14 216 258 
218 4 72 73 210 270 
219 8 18 23 36 41 95 135 154 221 
220 7 35 80 97 101 145 161 243 
221 6 40 74 191 219 229 271 
222 5 41 97 137 201 250 
223 4 100 184 205 255 
224 2 22 208 
225 4 106 167 229 237 
226 5 41 47 128 137 228 
227 4 84 97 120 151 
228 6 78 86 162 207 226 240 
229 9 21 59 113 124 221 225 237 244 276 
230 6 11 32 74 125 198 269 
231 3 63 109 184 
232 6 44 81 110 198 199 244 
233 6 7 8 46 74 100 151 
234 4 5 61 166 256 
235 2 10 33 
236 7 12 34 35 49 131 169 279 
237 6 108 165 211 225 229 256 
238 7 33 173 185 204 264 272 277 
239 6 10 21 32 136 197 242 
240 4 76 140 141 228 
241 6 70 81 82 114 209 246 
242 5 33 87 107 139 239 
243 6 43 96 119 185 220 250 
244 6 74 85 119 152 229 232 
245 7 18 45 88 102 177 180 256 
246 6 77 85 90 94 143 241 
247 6 2 32 117 145 162 203 
248 7 33 72 76 88 98 173 210 
249 2 62 134 
250 8 50 59 138 188 215 222 243 259 
251 12 5 10 20 81 92 138 199 204 206 207 258 278 
252 0 
253 11 2 16 40 43 51 63 89 159 176 185 190 
254 1 81 
255 4 34 78 161 223 
256 6 62 74 102 234 237 245 
257 3 35 102 277 
258 4 124 184 217 251 
259 2 100 250 
260 6 36 38 45 59 147 200 
261 5 70 81 109 120 148 
262 6 20 47 90 107 270 271 
263 5 27 57 88 197 200 
264 7 72 73 117 124 135 238 267 
265 3 120 155 214 
266 5 22 67 129 154 162 
267 7 81 103 131 193 199 203 264 
268 3 7 61 90 
269 5 2 20 63 135 230 
270 11 13 22 24 59 136 184 200 208 211 218 262 
271 3 107 221 262 
272 3 11 152 238 
273 5 36 77 95 146 153 
274 1 205 
275 7 24 49 105 115 135 154 277 
276 8 13 33 42 121 147 180 229 277 
277 7 16 146 198 238 257 275 276 
278 3 93 102 251 
279 6 49 68 73 106 184 236 
