280 4019
0 33 18 19 22 24 29 30 32 47 48 59 67 94 96 104 115 130 132 156 161 171 179 183 190 202 215 220 228 241 250 257 260 261 268 
1 32 22 24 35 42 54 60 70 73 77 81 85 95 96 108 109 121 126 133 144 153 165 173 174 178 202 207 212 238 245 247 256 258 
2 28 3 16 21 34 36 54 60 74 92 115 120 127 139 145 147 148 158 180 189 207 210 211 220 240 244 253 261 278 
3 24 2 6 24 39 46 66 70 76 83 84 109 111 117 123 168 176 178 239 251 256 263 267 270 279 
4 28 7 8 17 20 21 23 34 45 59 65 77 93 95 96 107 113 116 125 126 149 153 168 179 188 189 190 196 206 
5 32 17 18 24 48 65 70 72 83 84 98 99 101 105 113 117 132 136 144 153 154 166 168 183 189 202 204 223 238 239 262 263 273 
6 30 3 37 40 70 79 93 96 108 113 117 129 145 162 173 182 201 202 203 213 215 221 228 231 244 246 253 259 260 264 277 
7 27 4 24 28 30 33 40 42 84 100 107 109 121 132 168 171 204 207 222 230 233 235 238 257 260 264 266 269 
8 21 4 21 50 52 78 82 91 104 108 130 131 150 170 190 203 209 236 242 246 269 271 
9 30 16 29 39 55 58 66 79 80 91 103 129 134 146 164 167 175 181 193 194 198 199 221 225 232 238 240 246 254 257 262 
10 27 11 18 24 31 46 60 68 74 77 88 100 102 121 132 141 143 152 155 186 223 240 245 255 257 266 273 276 
11 36 10 27 37 38 39 51 53 55 72 101 102 107 114 117 126 129 131 138 161 164 189 192 193 213 218 239 246 247 249 257 259 260 261 262 272 278 
12 33 18 31 36 63 71 75 77 84 89 98 105 106 108 113 117 132 150 162 164 172 186 191 204 224 229 234 240 243 251 257 263 266 275 
13 22 38 83 88 91 99 124 146 152 153 180 181 187 188 194 197 198 214 216 217 219 231 258 
14 28 17 43 49 63 67 70 80 96 116 125 172 179 181 187 205 213 214 222 225 237 240 252 253 256 265 268 271 272 
15 23 22 35 36 58 68 84 98 115 125 135 137 155 162 170 193 219 224 245 247 250 252 253 254 
16 36 2 9 17 26 28 34 43 54 57 62 66 69 109 110 118 122 146 153 164 165 168 182 201 207 208 211 220 226 241 246 250 257 269 271 273 278 
17 34 4 5 14 16 24 27 31 54 65 69 72 73 88 126 149 157 163 179 180 194 197 198 199 203 204 214 218 221 231 232 237 248 253 270 
18 23 0 5 10 12 20 26 28 34 37 39 40 49 58 62 76 99 102 168 170 190 215 233 247 
19 30 0 29 34 52 56 57 60 68 76 96 97 108 117 138 143 155 178 189 190 196 200 210 229 245 246 249 253 265 269 271 
20 32 4 18 21 22 28 34 37 48 62 76 84 94 105 108 112 113 123 135 156 186 189 190 195 215 219 221 233 243 244 249 252 272 
21 31 2 4 8 20 23 24 26 30 31 47 48 51 70 77 85 93 117 127 133 144 153 161 169 198 200 210 221 232 237 259 266 
22 27 0 1 15 20 24 48 55 68 72 74 88 97 105 123 129 135 148 153 170 171 172 189 201 204 217 245 246 
23 40 4 21 28 29 31 41 49 59 62 64 68 81 86 92 95 119 122 126 139 156 160 163 167 170 178 207 211 217 218 220 229 243 248 250 255 256 264 266 268 274 
24 37 0 1 3 5 7 10 17 21 22 36 41 47 50 68 69 80 81 101 102 103 109 123 127 135 139 153 188 189 191 207 218 230 236 244 251 252 276 
25 25 38 49 71 75 77 78 84 93 99 111 129 133 152 167 195 198 200 201 211 222 230 251 252 255 269 
26 21 16 18 21 43 57 72 86 98 99 105 111 117 140 184 198 206 208 264 268 269 274 
27 29 11 17 28 30 33 46 55 66 71 77 79 80 87 96 101 112 122 135 148 150 162 172 195 206 229 232 239 254 278 
28 27 7 16 18 20 23 27 29 32 64 69 73 94 118 123 124 126 130 152 155 168 169 183 195 218 244 254 274 
29 32 0 9 19 23 28 31 36 70 79 80 90 96 115 122 130 132 136 138 139 144 147 168 186 191 194 216 223 231 258 265 273 278 
30 34 0 7 21 27 33 41 56 69 71 82 92 94 98 99 101 103 110 121 124 135 136 149 164 171 182 184 191 224 226 233 242 248 253 262 
31 29 10 12 17 21 23 29 32 36 46 51 74 89 100 107 121 140 144 169 175 198 199 207 215 226 228 264 269 271 275 
32 27 0 28 31 40 73 80 85 90 92 94 96 101 105 110 117 136 146 148 158 168 193 233 243 245 254 266 275 
33 39 7 27 30 35 44 45 49 52 54 58 62 65 82 87 91 98 99 108 113 123 138 142 144 156 168 174 200 202 212 219 229 236 238 254 261 266 268 276 279 
34 35 2 4 16 18 19 20 36 39 50 71 90 105 106 112 119 133 147 149 150 165 169 173 179 187 188 199 209 211 219 231 245 247 249 253 271 
35 32 1 15 33 47 64 67 80 81 83 106 110 117 126 131 139 140 148 167 176 177 189 193 211 214 222 228 234 238 246 249 272 279 
36 36 2 12 15 24 29 31 34 39 56 58 81 82 85 93 99 101 110 113 116 117 145 146 149 163 166 180 193 198 210 221 235 251 255 262 275 278 
37 16 6 11 18 20 43 48 65 119 148 149 158 209 244 245 250 252 
38 26 11 13 25 43 59 68 75 91 125 132 133 137 140 153 156 210 218 220 223 237 238 239 247 255 260 269 
39 22 3 9 11 18 34 36 44 52 54 81 94 101 102 105 118 146 147 193 230 244 260 263 
40 23 6 7 18 32 41 44 46 48 58 68 84 100 111 135 148 176 187 198 223 238 239 257 261 
41 33 23 24 30 40 54 61 63 70 71 79 84 96 97 104 109 111 113 127 143 159 160 161 163 169 191 196 225 242 244 257 259 263 273 
42 16 1 7 46 70 97 114 130 132 140 149 178 193 214 259 269 273 
43 38 14 16 26 37 38 45 46 72 77 86 89 96 110 114 122 131 133 135 139 141 145 162 163 171 175 195 217 229 232 234 242 243 244 256 257 259 274 278 
44 23 33 39 40 49 65 75 82 98 125 143 154 155 158 159 170 204 221 231 257 266 267 275 279 
45 31 4 33 43 52 57 58 59 62 74 76 82 100 116 123 135 150 167 171 173 179 188 216 222 225 231 233 258 262 271 274 276 
46 30 3 10 27 31 40 42 43 57 63 65 79 80 88 92 103 120 126 127 132 144 151 155 168 182 191 212 246 254 265 279 
47 15 0 21 24 35 98 102 121 132 186 202 203 240 243 244 272 
48 35 0 5 20 21 22 37 40 58 93 107 112 115 128 135 153 169 176 177 189 195 197 199 204 209 211 227 233 240 246 251 261 268 270 278 279 
49 32 14 18 23 25 33 44 50 52 56 59 61 73 79 85 103 104 112 117 125 147 153 156 164 165 172 176 177 185 216 237 250 260 
50 27 8 24 34 49 76 78 86 95 100 110 112 119 126 130 132 149 151 162 171 178 179 217 230 239 241 243 274 
51 26 11 21 31 59 66 70 84 91 93 95 111 119 122 133 135 156 161 163 166 169 187 196 223 225 241 268 
52 23 8 19 33 39 45 49 58 68 90 96 97 99 111 127 154 169 198 200 202 211 241 257 258 
53 23 11 59 63 64 68 69 118 119 129 141 149 151 156 162 166 201 227 252 254 256 262 269 273 
54 31 1 2 16 17 33 39 41 61 67 70 79 91 95 100 125 135 136 147 148 161 186 201 206 212 222 223 239 241 259 267 268 
55 29 9 11 22 27 64 70 77 78 82 88 93 97 123 124 125 128 134 142 169 183 201 202 206 207 223 245 253 277 278 
56 33 19 30 36 49 62 69 86 100 120 126 137 139 144 146 155 164 180 182 189 195 197 211 215 222 224 234 236 254 256 260 269 271 275 
57 22 16 19 26 45 46 60 72 93 95 109 111 130 136 151 157 168 211 240 248 253 265 266 
58 32 9 15 18 33 36 40 45 48 52 64 74 80 89 119 129 132 136 141 148 177 181 185 194 222 225 248 250 255 263 267 269 273 
59 30 0 4 23 38 45 49 51 53 69 79 95 99 117 123 131 134 137 172 175 177 179 184 190 211 221 223 239 245 247 277 
60 29 1 2 10 19 57 69 76 88 118 133 134 153 160 166 176 187 194 199 201 210 214 216 228 230 238 265 271 276 277 
61 21 41 49 54 76 85 87 94 108 116 119 133 145 178 210 235 252 255 264 265 268 278 
62 37 16 18 20 23 33 45 56 63 68 71 80 91 94 95 117 120 123 124 144 153 163 167 168 178 179 190 193 207 210 213 219 230 244 257 260 274 275 
63 36 12 14 41 46 53 62 73 79 81 83 87 90 95 101 110 112 113 119 124 135 136 161 168 175 189 203 213 226 227 229 242 246 249 256 258 273 
64 21 23 28 35 53 55 58 67 81 95 102 123 131 139 140 143 155 200 240 268 270 276 
65 25 4 5 17 33 37 44 46 69 93 113 120 121 123 124 163 165 166 181 182 222 226 239 240 259 269 
66 22 3 9 16 27 51 85 97 105 140 141 162 187 188 191 198 214 215 218 235 240 269 277 
67 27 0 14 35 54 64 74 82 84 101 103 122 129 135 140 142 153 177 181 191 195 197 213 225 228 230 232 272 
68 27 10 15 19 22 23 24 38 40 52 53 62 69 76 79 96 107 115 170 182 183 195 203 213 215 225 249 254 
69 32 16 17 24 28 30 53 56 59 60 65 68 87 92 95 119 127 131 133 150 152 157 162 179 183 202 215 217 231 243 257 263 266 
70 25 1 3 5 6 14 21 29 41 42 51 54 55 125 131 142 145 161 172 201 204 220 226 239 264 278 
71 32 12 25 27 30 34 41 62 96 101 102 108 113 115 127 160 167 169 174 180 182 198 199 205 212 220 228 235 239 240 261 265 277 
72 32 5 11 17 22 26 43 57 76 83 95 104 107 122 133 135 141 145 149 151 177 180 201 218 229 233 243 244 256 259 262 271 274 
73 29 1 17 28 32 49 63 81 86 91 101 138 143 151 153 174 185 194 197 200 222 227 247 251 254 256 263 265 269 271 
74 24 2 10 22 31 45 58 67 112 118 120 126 127 146 147 149 155 158 177 189 194 199 215 222 256 
75 21 12 25 38 44 102 130 132 142 185 193 194 204 211 217 227 237 239 241 266 275 278 
76 34 3 18 19 20 45 50 60 61 68 72 99 101 103 112 118 120 126 140 143 145 149 154 159 187 188 192 213 224 228 230 236 240 241 268 
77 26 1 4 10 12 21 25 27 43 55 89 111 126 135 156 178 181 208 220 223 229 233 235 244 245 259 264 
78 20 8 25 50 55 84 105 163 176 192 197 204 207 224 229 234 265 266 270 274 276 
79 32 6 9 27 29 41 46 49 54 59 63 68 84 87 89 98 100 123 124 126 139 140 142 149 160 195 213 216 238 242 257 259 272 
80 28 9 14 24 27 29 32 35 46 58 62 84 95 105 124 127 130 142 148 183 187 205 219 220 235 238 246 252 266 
81 27 1 23 24 35 36 39 63 64 73 82 102 125 146 152 158 177 186 193 196 203 222 229 239 248 250 270 272 
82 23 8 30 33 36 44 45 55 67 81 91 105 131 133 144 146 153 161 168 174 178 190 209 264 
83 24 3 5 13 35 63 72 86 121 126 128 135 150 171 172 178 203 231 239 252 254 256 261 265 275 
84 37 3 5 7 12 15 20 25 40 41 51 67 78 79 80 86 121 124 126 145 152 153 155 169 177 182 199 207 214 216 233 237 239 241 251 263 273 275 
85 27 1 21 32 36 49 61 66 87 108 116 119 134 141 180 184 187 189 202 204 214 217 230 231 252 260 266 279 
86 24 23 26 43 50 56 73 83 84 96 119 124 162 169 181 189 192 198 202 216 225 238 252 259 276 
87 27 27 33 61 63 69 79 85 109 125 135 141 145 151 158 170 174 182 184 191 206 208 212 223 240 259 263 273 
88 26 10 13 17 22 46 55 60 93 98 108 116 122 163 169 177 187 189 191 198 213 215 217 221 229 238 279 
89 25 12 31 43 58 77 79 95 102 103 106 113 135 136 150 151 160 186 189 190 223 225 265 266 271 274 
90 27 29 32 34 52 63 97 98 139 146 158 179 185 190 197 202 205 208 210 215 220 232 247 254 259 260 266 278 
91 31 8 9 13 33 38 51 54 62 73 82 93 97 102 110 125 127 130 133 138 147 160 170 184 190 196 213 220 236 252 256 270 
92 32 2 23 30 32 46 69 121 136 138 141 142 143 145 147 150 152 186 194 214 215 217 221 223 233 237 243 244 246 263 269 272 276 
93 27 4 6 21 25 36 48 51 55 57 65 88 91 98 111 114 116 122 133 134 151 181 192 198 203 225 249 260 
94 22 0 20 28 30 32 39 61 62 95 98 105 147 172 178 181 187 189 202 234 240 257 275 
95 39 1 4 23 50 51 54 57 59 62 63 64 69 72 80 89 94 96 99 104 118 121 139 145 149 152 197 210 213 215 219 224 225 226 228 235 241 255 261 265 
96 40 0 1 4 6 14 19 27 29 32 41 43 52 68 71 86 95 108 110 111 115 123 134 144 152 163 168 169 173 176 184 193 208 210 213 215 234 240 246 255 270 
97 31 19 22 41 42 52 55 66 90 91 98 118 132 144 148 155 159 160 168 174 183 191 214 215 228 233 237 238 257 260 261 270 
98 28 5 12 15 26 30 33 44 47 79 88 90 93 94 97 107 121 133 160 162 188 216 231 242 248 249 260 267 276 
99 31 5 13 18 25 26 30 33 36 52 59 76 95 140 150 153 157 166 175 181 182 183 185 187 190 216 222 246 248 261 263 269 
100 26 7 10 31 40 45 50 54 56 79 101 107 108 121 145 146 149 151 152 172 185 196 197 221 247 272 277 
101 36 5 11 24 27 30 32 36 39 63 67 71 73 76 100 105 107 114 133 140 148 163 165 171 172 177 185 205 208 216 231 239 245 247 260 272 278 
102 29 10 11 18 24 39 47 64 71 75 81 89 91 103 108 109 162 166 167 174 178 192 198 202 232 244 259 270 276 279 
103 19 9 24 30 46 49 67 76 89 102 105 121 128 129 131 143 154 160 231 260 
104 25 0 8 41 49 72 95 110 124 133 146 150 158 166 176 185 208 212 226 231 232 239 242 243 255 269 
105 37 5 12 20 22 26 32 34 39 66 78 80 82 94 101 103 106 117 125 127 136 150 158 160 165 187 199 205 206 222 223 224 229 249 252 254 267 278 
106 19 12 34 35 89 105 120 138 140 147 152 158 165 186 211 216 224 230 260 266 
107 34 4 7 11 31 48 68 72 98 100 101 114 123 128 136 138 146 158 174 178 186 206 209 218 219 223 253 255 262 265 266 272 273 276 277 
108 27 1 6 8 12 19 20 33 61 71 85 88 96 100 102 145 164 165 174 178 199 207 208 234 241 255 265 268 
109 29 1 3 7 16 24 41 57 87 102 132 136 152 161 187 196 202 210 212 216 218 219 224 239 247 250 257 268 273 276 
110 24 16 30 32 35 36 43 50 63 91 96 104 120 127 134 145 149 175 178 184 193 201 235 242 246 
111 32 3 25 26 40 41 51 52 57 77 93 96 112 126 132 140 151 155 169 179 182 184 219 221 227 229 239 240 247 250 259 261 269 
112 29 20 27 34 48 49 50 63 74 76 111 117 124 134 151 157 166 181 191 196 204 206 229 232 235 247 250 264 265 270 
113 28 4 5 6 12 20 33 36 41 63 65 71 89 120 142 160 167 183 189 221 223 225 233 239 243 257 265 269 273 
114 20 11 42 43 93 101 107 127 150 159 162 164 175 203 213 217 220 229 237 246 256 
115 21 0 2 15 29 48 68 71 96 127 150 154 155 164 173 181 187 206 209 212 246 274 
116 28 4 14 36 45 61 85 88 93 134 137 138 143 152 164 177 189 192 198 200 209 220 223 237 242 249 256 267 269 
117 32 3 5 6 11 12 19 21 26 32 35 36 49 59 62 105 112 129 132 145 152 161 179 194 198 202 208 215 216 224 245 253 261 
118 26 16 28 39 53 60 74 76 95 97 129 143 147 148 174 182 192 205 210 216 222 226 242 244 265 270 276 
119 37 23 34 37 50 51 53 58 61 63 69 85 86 130 134 136 139 144 150 154 156 161 173 179 184 198 201 204 211 219 224 230 233 238 247 248 252 273 
120 27 2 46 56 62 65 74 76 106 110 113 122 125 129 132 138 158 193 194 217 220 226 233 238 239 248 261 264 
121 32 1 7 10 30 31 47 65 83 84 92 95 98 100 103 123 139 152 161 171 176 182 195 199 200 206 212 221 235 248 264 267 271 
122 23 16 23 27 29 43 51 67 72 88 93 120 137 174 181 189 193 199 206 220 240 257 260 261 
123 28 3 20 22 24 28 33 45 55 59 62 64 65 79 96 107 121 136 148 150 151 158 180 192 204 232 236 266 271 
124 24 13 28 30 55 62 63 65 79 80 84 86 104 112 125 127 130 169 180 192 209 215 217 226 258 
125 27 4 14 15 38 44 49 54 55 70 81 87 91 105 120 124 130 144 152 154 156 211 212 221 244 265 273 278 
126 30 1 4 11 17 23 28 35 46 50 56 74 76 77 79 83 84 111 132 152 160 163 165 186 200 207 237 245 258 271 279 
127 30 2 21 24 41 46 52 69 71 74 80 91 105 110 114 115 124 128 131 144 150 159 162 165 208 209 232 233 237 255 279 
128 27 48 55 83 103 107 127 132 158 159 164 165 169 170 184 187 188 191 194 198 208 227 235 242 245 247 268 274 
129 29 6 9 11 22 25 53 58 67 103 117 118 120 131 136 140 141 164 194 195 201 211 217 222 235 237 245 262 271 278 
130 25 0 8 28 29 42 50 57 75 80 91 119 124 125 138 146 174 198 199 218 231 232 240 243 244 251 
131 31 8 11 35 43 59 64 69 70 82 103 127 129 137 176 182 204 205 206 212 215 216 217 225 232 244 247 248 260 263 276 279 
132 33 0 5 7 10 12 29 38 42 46 47 50 58 75 97 109 111 117 120 126 128 135 152 162 167 169 186 207 214 220 222 252 254 274 
133 35 1 21 25 34 38 43 51 60 61 69 72 82 91 93 98 101 104 151 161 164 165 171 174 175 186 187 189 210 212 219 226 255 257 267 278 
134 29 9 55 59 60 85 93 96 110 112 116 119 141 144 145 168 171 182 183 188 199 200 201 231 235 250 256 261 276 279 
135 32 15 20 22 24 27 30 40 43 45 48 51 54 63 67 72 77 83 87 89 132 139 150 162 167 181 227 236 251 256 260 266 279 
136 32 5 29 30 32 54 57 58 63 89 92 105 107 109 119 123 129 159 161 169 170 175 186 188 189 194 215 222 231 238 243 244 255 
137 21 15 38 56 59 116 122 131 145 167 181 183 197 200 203 211 214 218 230 257 265 273 
138 27 11 19 29 33 73 91 92 106 107 116 120 130 155 164 169 181 187 191 198 207 242 248 251 252 258 265 277 
139 31 2 23 24 29 35 43 56 64 79 90 95 119 121 135 149 154 155 161 168 169 202 211 218 221 223 233 234 238 244 256 279 
140 27 26 31 35 38 42 64 66 67 76 79 99 101 106 111 129 142 156 158 184 194 200 203 216 238 243 265 268 
141 26 10 43 53 58 66 72 85 87 92 129 134 153 180 182 194 195 204 207 215 236 237 241 250 264 266 274 
142 22 33 55 67 70 75 79 80 92 113 140 145 159 166 173 184 192 195 205 230 241 251 261 
143 33 10 19 41 44 64 73 76 92 103 116 118 145 150 154 156 164 166 172 190 192 208 214 217 225 227 234 235 239 248 249 270 271 274 
144 26 1 5 21 29 31 33 46 56 62 82 96 97 119 125 127 134 153 167 170 193 213 219 250 263 274 278 
145 38 2 6 36 43 61 70 72 76 84 87 92 95 100 108 110 117 134 137 142 143 146 161 163 177 179 188 190 202 205 210 211 217 225 254 255 260 277 278 
146 27 9 13 16 32 36 39 56 74 81 82 90 100 104 107 130 145 157 166 179 197 208 214 219 223 248 265 266 
147 26 2 29 34 39 49 54 74 91 92 94 106 118 150 151 181 197 213 214 226 241 244 248 249 263 271 277 
148 31 2 22 27 32 35 37 40 54 58 80 97 101 118 123 149 166 173 181 188 189 195 203 208 213 217 220 228 231 240 252 271 
149 32 4 17 30 34 36 37 42 50 53 72 74 76 79 95 100 110 139 148 160 163 164 176 183 192 204 205 209 224 229 248 249 277 
150 31 8 12 27 34 45 69 83 89 92 99 104 105 114 115 119 123 127 135 143 147 152 167 179 194 198 208 213 233 235 237 265 
151 31 46 50 53 57 72 73 87 89 93 100 111 112 123 133 147 160 169 177 201 210 218 228 229 230 239 243 245 252 257 258 272 
152 34 10 13 25 28 69 81 84 92 95 96 100 106 109 116 117 121 125 126 132 150 154 155 156 164 181 193 226 243 249 251 263 266 277 278 
153 29 1 4 5 13 16 21 22 24 38 48 49 60 62 67 73 82 84 99 141 144 196 215 222 224 227 239 271 272 277 
154 23 5 44 52 76 103 115 119 125 139 143 152 155 167 168 172 175 193 200 201 213 254 261 276 
155 31 10 15 19 28 44 46 56 64 74 84 97 111 115 138 139 152 154 164 168 175 176 177 188 193 196 229 233 238 245 248 268 
156 25 0 20 23 33 38 49 51 53 77 119 125 140 143 152 161 164 183 186 188 207 211 219 221 234 263 
157 17 17 57 69 99 112 146 164 184 185 200 201 204 213 226 231 237 273 
158 27 2 32 37 44 74 81 87 90 104 105 106 107 120 123 128 140 171 187 199 203 211 213 218 257 258 271 279 
159 26 41 44 76 97 114 127 128 136 142 172 177 178 189 192 199 201 205 227 228 230 243 252 260 261 276 279 
160 28 23 41 60 71 79 89 91 97 98 103 105 113 126 149 151 174 176 195 197 204 209 213 229 242 250 256 257 263 
161 32 0 11 21 41 51 54 63 70 82 109 117 119 121 133 136 139 145 156 171 182 184 185 208 210 211 228 232 254 257 275 276 279 
162 30 6 12 15 27 43 50 53 66 69 86 98 102 114 127 132 135 174 177 178 180 198 225 227 228 243 247 248 258 261 266 
163 28 17 23 36 41 43 51 62 65 78 88 96 101 126 145 149 169 190 205 218 221 223 226 228 230 234 236 271 274 
164 31 9 11 12 16 30 49 56 108 114 115 116 128 129 133 138 143 149 152 155 156 157 166 184 187 190 192 204 221 254 268 269 
165 21 1 16 34 49 65 101 105 106 108 126 127 128 133 202 211 223 235 239 271 273 279 
166 25 5 36 51 53 60 65 99 102 104 112 142 143 146 148 164 173 180 181 218 228 238 240 241 242 244 
167 27 9 23 25 35 45 62 71 102 113 132 135 137 144 150 154 170 174 177 199 218 227 228 230 232 263 265 278 
168 33 3 4 5 7 16 18 28 29 32 33 46 57 62 63 82 96 97 134 139 154 155 170 193 201 207 240 245 262 265 271 273 277 278 
169 34 21 28 31 34 41 48 51 52 55 71 84 86 88 96 111 124 128 132 136 138 139 151 163 172 183 201 211 233 240 258 264 268 270 279 
170 23 8 15 18 22 23 44 68 87 91 128 136 144 167 168 186 203 221 223 247 248 260 272 279 
171 33 0 7 22 30 43 45 50 83 101 121 133 134 158 161 177 183 185 188 192 199 201 202 208 210 211 216 222 239 258 262 274 275 276 
172 23 12 14 22 27 49 59 70 83 94 100 101 143 154 159 169 196 203 210 222 225 248 252 270 
173 21 1 6 34 45 96 115 119 142 148 166 175 202 203 215 217 222 228 234 260 277 279 
174 30 1 33 71 73 82 87 97 102 107 108 118 122 130 133 160 162 167 176 180 193 195 200 203 211 214 216 234 243 267 268 
175 21 9 31 43 59 63 99 110 114 133 136 154 155 173 215 217 228 237 250 253 277 279 
176 30 3 35 40 48 49 60 78 96 104 121 131 149 155 160 174 189 194 206 218 220 239 245 248 258 261 264 267 270 272 274 
177 32 35 48 49 58 59 67 72 74 81 84 88 101 116 145 151 155 159 162 167 171 182 186 191 205 223 233 238 247 253 267 274 277 
178 30 1 3 19 23 42 50 61 62 77 82 83 94 102 107 108 110 159 162 188 201 206 208 213 238 239 245 249 259 265 278 
179 35 0 4 14 17 34 45 50 59 62 69 90 111 117 119 145 146 150 184 199 203 204 205 210 217 219 221 230 231 234 235 236 244 273 278 279 
180 21 2 13 17 36 56 71 72 85 123 124 141 162 166 174 182 185 194 199 206 221 262 
181 38 9 13 14 58 65 67 77 86 93 94 99 112 115 122 135 137 138 147 148 152 166 187 190 194 195 199 205 220 228 230 235 239 244 252 258 259 264 279 
182 40 6 16 30 46 56 65 68 71 84 87 99 111 118 121 131 134 141 161 177 180 187 200 211 212 213 223 227 230 232 237 238 241 244 248 249 256 265 267 276 278 
183 22 0 5 28 55 68 69 80 97 99 113 134 137 149 156 169 171 184 193 197 198 199 225 
184 28 26 30 59 85 87 91 96 110 111 119 128 140 142 157 161 164 179 183 185 205 211 218 231 235 244 272 274 277 
185 23 49 58 73 75 90 99 100 101 104 157 161 171 180 184 186 187 208 210 258 262 269 277 278 
186 28 10 12 20 29 47 54 81 89 92 106 107 126 132 133 136 156 170 177 185 223 229 230 236 238 247 273 275 276 
187 37 13 14 34 40 51 60 66 76 80 85 88 94 99 105 109 115 128 133 138 158 164 181 182 185 194 202 204 213 222 225 238 244 249 250 253 255 272 
188 25 4 13 24 34 45 66 76 98 128 134 136 145 148 155 156 171 178 218 227 238 240 247 264 267 277 
189 38 2 4 5 11 19 20 22 24 35 48 56 63 74 85 86 88 89 94 113 116 122 133 136 148 159 176 193 195 197 211 235 246 249 253 255 272 274 277 
190 22 0 4 8 18 19 20 59 62 82 89 90 91 99 143 145 163 164 181 199 204 215 262 
191 25 12 24 29 30 41 46 66 67 87 88 97 112 128 138 177 195 197 206 208 225 229 231 234 247 253 
192 27 11 76 78 86 93 102 116 118 123 124 142 143 149 159 164 171 204 205 210 224 232 235 252 255 265 271 278 
193 34 9 11 15 32 35 36 39 42 62 75 81 96 110 120 122 144 152 154 155 168 174 183 189 208 213 217 227 238 242 252 256 262 269 278 
194 33 9 13 17 29 58 60 73 74 75 92 117 120 128 129 136 140 141 150 176 180 181 187 219 221 224 229 240 246 251 253 257 261 268 
195 32 20 25 27 28 43 48 56 67 68 79 121 129 141 142 148 160 174 181 189 191 201 227 234 238 244 246 251 259 264 267 269 276 
196 22 4 19 41 51 81 91 100 109 112 153 155 172 198 199 212 223 227 231 235 249 255 275 
197 30 13 17 48 56 67 73 78 90 95 100 137 146 147 160 183 189 191 207 210 211 217 225 236 249 265 268 269 273 275 279 
198 35 9 13 17 21 25 26 31 36 40 52 66 71 86 88 93 102 116 117 119 128 130 138 150 162 183 196 199 205 210 212 233 238 247 270 272 
199 33 9 17 31 34 48 60 71 74 84 105 108 121 122 130 134 158 159 167 171 179 180 181 183 190 196 198 211 221 222 232 239 245 279 
200 26 19 21 25 33 52 64 73 116 121 126 134 137 140 154 157 174 182 202 203 211 218 243 254 255 270 279 
201 28 6 16 22 25 53 54 55 60 70 72 110 119 129 134 151 154 157 159 168 169 171 178 195 203 206 242 268 276 
202 32 0 1 5 6 33 47 52 55 69 85 86 90 94 102 109 117 139 145 165 171 173 187 200 208 222 229 243 250 253 256 263 279 
203 26 6 8 17 47 63 68 81 83 93 114 137 140 148 158 170 172 173 174 179 200 201 219 220 225 232 254 
204 30 5 7 12 17 22 44 48 70 75 78 85 112 119 123 131 141 149 157 160 164 179 187 190 192 216 230 232 249 259 264 
205 26 14 71 80 90 101 105 118 131 142 145 149 159 163 177 179 181 184 192 198 207 208 231 244 255 256 274 
206 25 4 26 27 54 55 87 105 107 112 115 121 122 131 176 178 180 191 201 228 233 237 250 260 264 278 
207 28 1 2 7 16 23 24 31 55 62 78 84 108 126 132 138 141 156 168 197 205 209 212 214 247 248 255 268 276 
208 27 16 26 77 87 90 96 101 104 108 117 127 128 143 146 148 150 161 171 178 185 191 193 202 205 249 266 270 
209 17 8 34 37 48 82 107 115 116 124 127 149 160 207 219 246 258 264 
210 30 2 19 21 36 38 60 61 62 90 95 96 109 118 133 145 151 161 171 172 179 185 192 197 198 233 238 243 251 257 263 
211 43 2 16 23 25 34 35 48 52 56 57 59 75 106 119 125 129 137 139 145 156 158 161 165 169 171 174 182 184 189 197 199 200 215 221 228 235 245 248 265 268 270 271 276 
212 24 1 33 46 54 71 87 104 109 115 121 125 131 133 182 196 198 207 226 239 250 267 269 270 275 
213 36 6 11 14 62 63 67 68 76 79 88 91 95 96 114 144 147 148 150 154 157 158 160 178 182 187 193 220 223 224 225 229 236 252 260 262 266 
214 24 13 14 17 35 42 60 66 84 85 92 97 132 137 143 146 147 174 207 215 230 240 244 261 279 
215 38 0 6 18 20 31 56 66 68 69 74 88 90 92 95 96 97 117 124 131 136 141 153 173 175 190 211 214 230 235 240 241 258 260 264 268 271 275 277 
216 27 13 29 45 49 60 79 84 86 98 99 101 106 109 117 118 131 140 171 174 204 223 225 229 230 265 268 279 
217 27 13 22 23 43 50 69 75 85 88 92 114 120 124 129 131 143 145 148 173 175 179 193 197 229 247 254 271 
218 29 11 17 23 24 28 38 66 72 107 109 130 137 139 151 158 163 166 167 176 184 188 200 221 233 237 238 241 247 278 
219 24 13 15 20 33 34 62 80 95 107 109 111 119 133 144 146 156 179 194 203 209 228 230 232 240 
220 22 0 2 16 23 38 70 71 77 80 90 91 114 116 120 122 132 148 176 181 203 213 226 
221 32 6 9 17 20 21 36 44 59 88 92 100 111 113 121 125 139 156 163 164 170 179 180 194 199 211 218 228 232 243 244 248 275 
222 31 7 14 25 35 45 54 56 58 65 73 74 81 99 105 118 129 132 136 153 171 172 173 187 199 202 229 231 248 251 261 277 
223 36 5 10 29 38 40 51 54 55 59 77 87 89 92 105 107 113 116 139 146 163 165 170 177 182 186 196 213 216 233 234 239 267 268 269 271 279 
224 23 12 15 30 56 76 78 95 105 106 109 117 119 149 153 192 194 213 227 228 256 271 272 274 
225 33 9 14 41 45 51 58 67 68 86 89 93 95 113 131 143 145 162 172 183 187 191 197 203 213 216 249 250 252 259 262 266 273 276 
226 23 16 30 31 63 65 70 95 104 118 120 124 133 147 152 157 163 212 220 232 243 256 262 271 
227 28 48 53 63 73 75 111 128 135 143 153 159 162 167 182 188 193 195 196 224 236 243 250 254 271 272 274 277 279 
228 29 0 6 31 35 60 67 71 76 95 97 148 151 159 161 162 163 166 167 173 175 181 206 211 219 221 224 232 268 273 
229 35 12 19 23 27 33 43 63 72 77 78 81 88 105 111 112 114 149 151 155 160 186 191 194 202 213 216 217 222 239 249 251 253 264 265 272 
230 32 7 24 25 39 50 60 62 67 76 85 106 119 137 142 151 159 163 167 179 181 182 186 204 214 215 216 219 234 236 245 254 268 
231 30 6 13 17 29 34 44 45 69 83 85 98 101 103 104 130 134 136 148 157 179 184 191 196 205 222 233 250 258 270 274 
232 28 9 17 21 27 43 67 90 102 104 112 123 127 130 131 161 167 182 192 199 203 204 219 221 226 228 243 262 264 
233 28 7 18 20 30 32 45 48 72 77 84 92 97 113 119 120 127 139 150 155 169 177 198 206 210 218 223 231 260 
234 28 12 35 43 56 78 94 96 108 139 143 156 163 173 174 179 191 195 223 230 237 242 245 254 265 270 272 275 277 
235 32 7 36 61 66 71 77 80 95 110 112 121 128 129 134 143 150 165 179 181 184 189 192 196 211 215 238 246 247 251 252 273 274 
236 23 8 24 33 56 76 91 123 135 141 163 179 186 197 213 227 230 241 244 258 260 270 271 279 
237 27 14 17 21 38 49 75 84 92 97 114 116 126 127 129 141 150 157 175 182 206 218 234 257 261 265 268 279 
238 39 1 5 7 9 33 35 38 40 60 79 80 86 88 97 119 120 136 139 140 155 166 177 178 182 186 187 188 193 195 198 210 218 235 245 249 253 257 263 277 
239 38 3 5 11 27 38 40 50 54 59 65 70 71 75 81 83 84 101 104 109 111 113 120 143 151 153 165 171 176 178 181 199 212 223 229 254 256 272 274 
240 31 2 9 10 12 14 47 48 57 64 65 66 71 76 87 94 96 111 122 130 148 166 168 169 188 194 214 215 219 250 260 261 
241 22 0 16 50 51 52 54 75 76 84 95 108 141 142 147 166 182 215 218 236 261 268 278 
242 19 8 30 41 43 63 79 98 104 110 116 118 128 138 160 166 193 201 234 258 
243 32 12 20 23 32 43 47 50 69 72 92 104 113 130 136 140 151 152 159 162 174 200 202 210 221 226 227 232 248 260 263 269 274 
244 36 2 6 20 24 28 37 39 41 43 47 62 72 77 92 102 118 125 130 131 136 139 147 166 179 181 182 184 187 195 205 214 221 236 253 267 277 
245 28 1 10 15 19 22 32 34 37 55 59 77 101 117 126 128 129 151 155 168 176 178 199 211 230 234 238 253 277 
246 28 6 8 9 11 16 19 22 35 46 48 63 80 92 96 99 110 114 115 189 194 195 209 235 252 254 259 260 277 
247 30 1 11 15 18 34 38 59 73 90 100 101 109 111 112 119 128 131 162 170 177 186 188 191 198 207 217 218 235 250 263 
248 34 17 23 30 57 58 81 98 99 119 120 121 131 138 143 146 147 149 155 162 170 172 176 182 207 211 221 222 243 250 254 256 266 267 277 
249 28 11 19 20 34 35 63 68 93 98 105 116 143 147 149 152 178 182 187 189 196 197 204 208 225 229 238 261 275 
250 28 0 15 16 23 37 49 58 81 109 111 112 134 141 144 160 175 187 202 206 212 225 227 231 240 247 248 256 259 
251 20 3 12 24 25 36 48 73 84 130 135 138 142 152 194 195 210 222 229 235 270 
252 30 14 15 20 24 25 37 53 61 80 83 85 86 91 105 119 132 138 148 151 159 172 181 192 193 213 225 235 246 257 264 
253 25 2 6 14 15 17 19 30 34 55 57 107 117 175 177 187 189 191 194 202 229 238 244 245 256 273 
254 30 9 15 27 28 32 33 46 53 56 68 73 83 90 105 132 145 154 161 164 200 203 217 227 230 234 239 246 248 264 272 
255 26 10 23 25 36 38 58 61 95 96 104 107 108 127 133 136 145 187 189 192 196 200 205 207 257 262 266 
256 31 1 3 14 23 43 53 56 63 72 73 74 83 91 114 116 134 135 139 160 182 193 202 205 224 226 239 248 250 253 267 275 
257 33 0 7 9 10 11 12 16 40 41 43 44 52 62 69 79 94 97 109 113 122 133 137 151 158 160 161 194 210 237 238 252 255 258 
258 25 1 13 29 45 52 63 124 126 138 151 158 162 169 171 176 181 185 209 215 231 236 242 257 265 279 
259 26 6 11 21 41 42 43 54 65 72 77 79 86 87 90 102 111 178 181 195 204 225 246 250 274 275 277 
260 34 0 6 7 11 38 39 49 56 62 85 90 93 97 98 101 103 106 122 131 135 145 159 170 173 206 213 215 233 236 240 243 246 262 279 
261 32 0 2 11 33 40 48 71 83 95 97 99 111 117 120 122 134 142 154 159 162 176 194 214 222 237 240 241 249 262 265 268 270 
262 25 5 9 11 30 36 45 53 72 107 129 168 171 180 185 190 193 213 225 226 232 255 260 261 273 276 
263 26 3 5 12 39 41 58 69 73 84 87 92 99 131 144 147 152 156 160 167 202 210 238 243 247 269 276 
264 27 6 7 23 26 31 61 70 77 82 112 120 121 141 169 176 181 188 195 204 206 209 215 229 232 252 254 271 
265 38 14 19 29 46 57 60 61 71 73 78 83 89 95 107 108 112 113 118 125 137 138 140 146 150 167 168 178 182 192 197 211 216 229 234 237 258 261 269 
266 30 7 10 12 21 23 32 33 44 57 69 75 78 80 85 89 90 106 107 123 135 141 146 152 162 208 213 225 248 255 267 
267 22 3 44 54 58 98 105 116 121 133 174 176 177 182 188 195 212 223 244 248 256 266 277 
268 32 0 14 23 26 33 48 51 54 61 64 76 108 109 128 140 155 164 169 174 194 197 201 207 211 215 216 223 228 230 237 241 261 
269 32 7 8 16 19 25 26 31 38 42 53 56 58 65 66 73 92 99 104 111 113 116 164 185 193 195 197 212 223 243 263 265 275 
270 27 3 17 48 64 78 81 91 96 97 102 112 118 143 169 172 176 198 200 208 211 212 231 234 236 251 261 272 
271 34 8 14 16 19 31 34 45 56 60 72 73 89 121 123 126 129 143 147 148 153 158 163 165 168 192 211 215 217 223 224 226 227 236 264 
272 27 11 14 20 35 47 67 79 81 92 100 101 107 151 153 170 176 184 187 189 198 224 227 229 234 239 254 270 
273 28 5 10 16 29 41 42 53 58 63 84 87 107 109 113 119 125 137 157 165 168 179 186 197 225 228 235 253 262 
274 31 23 26 28 43 45 50 62 72 78 89 115 128 132 141 143 144 163 171 176 177 184 189 205 224 227 231 235 239 243 259 279 
275 25 12 31 32 36 44 56 62 75 83 84 94 161 171 186 196 197 212 215 221 234 249 256 259 269 279 
276 29 10 24 33 45 60 64 78 86 92 98 102 107 109 118 131 134 154 159 161 171 182 186 195 201 207 211 225 262 263 
277 34 6 55 59 60 66 71 100 107 138 145 147 149 152 153 168 173 175 177 184 185 188 189 215 222 227 234 238 244 245 246 248 259 267 279 
278 32 2 11 16 27 29 36 43 48 55 61 70 75 90 101 105 125 129 133 144 145 152 167 168 178 179 182 185 192 193 206 218 241 
279 40 3 33 35 44 46 48 85 88 102 126 127 131 134 135 139 158 159 161 165 169 170 173 175 179 181 197 199 200 202 214 216 223 227 236 237 258 260 274 275 277 
