280 7860
0 51 4 7 10 26 27 38 46 48 53 55 61 65 76 81 84 102 116 121 126 133 136 140 149 162 163 164 166 173 174 175 176 181 183 185 197 200 202 205 214 216 217 220 228 231 232 238 239 267 269 270 276 
1 47 3 7 15 27 32 43 52 54 55 64 68 73 78 85 90 92 99 101 116 117 118 129 130 133 138 139 146 167 169 180 190 192 193 199 207 213 214 215 217 222 229 236 237 243 262 273 277 
2 51 30 37 41 51 53 60 62 70 82 83 92 109 124 126 128 135 137 142 146 147 151 152 160 162 167 169 172 174 177 180 185 189 197 206 212 213 215 216 217 220 226 230 238 247 250 253 263 265 269 274 279 
3 58 1 8 9 10 25 34 37 44 51 52 53 60 62 65 71 73 75 80 81 84 85 91 94 95 108 110 117 122 125 127 165 170 176 180 184 191 193 194 198 199 201 208 211 213 214 215 219 220 240 241 243 252 255 260 266 272 275 277 
4 55 0 9 22 25 41 45 48 52 60 70 78 79 81 84 92 93 95 97 98 105 117 126 132 133 134 139 140 141 144 148 150 162 165 170 171 178 182 194 203 207 212 213 215 218 224 232 242 253 255 259 260 267 271 273 275 
5 71 7 9 10 11 12 17 25 27 36 37 44 45 46 49 52 59 67 69 73 77 81 82 90 91 92 94 97 100 110 113 115 118 122 129 132 133 134 139 142 143 144 145 152 154 158 165 168 186 189 191 199 203 207 211 217 220 226 232 234 235 240 241 242 247 251 253 263 269 270 275 276 
6 34 12 14 15 30 44 48 54 55 58 73 101 104 110 149 157 158 163 172 174 179 193 195 197 208 218 235 236 240 254 260 265 269 278 279 
7 52 0 1 5 9 16 21 23 25 30 32 43 47 58 60 61 62 73 81 83 97 100 104 107 108 109 112 115 123 136 143 145 150 159 177 178 182 191 194 196 204 210 211 219 224 233 238 245 247 249 268 271 272 
8 48 3 9 12 13 14 18 46 47 52 55 68 69 70 71 79 81 89 96 109 112 114 125 149 151 153 161 171 174 183 195 198 212 213 215 216 233 236 239 240 242 243 246 247 251 253 261 264 273 
9 47 3 4 5 7 8 12 16 39 51 60 61 67 87 96 101 114 115 120 123 128 134 145 152 156 157 159 163 166 167 178 189 190 196 202 210 211 213 218 223 231 232 242 247 255 260 272 274 
10 65 0 3 5 21 22 24 26 30 31 32 34 35 36 37 39 46 49 54 58 60 61 63 70 71 73 74 78 85 88 91 97 102 104 108 115 122 129 131 135 137 139 140 149 164 167 168 182 188 190 193 194 207 212 213 214 221 223 225 233 235 239 249 251 254 255 
11 64 5 17 24 29 30 34 40 43 52 55 61 66 69 70 73 74 78 80 83 94 95 107 111 112 113 124 127 135 145 149 153 160 161 165 166 168 175 179 194 196 197 198 199 200 202 206 209 210 214 217 221 222 224 225 226 230 237 242 250 252 264 271 272 275 
12 59 5 6 8 9 23 29 30 32 35 37 38 46 55 56 57 74 78 90 93 103 107 109 112 115 122 131 135 136 138 144 145 152 154 158 161 162 167 172 174 179 191 195 196 199 219 220 227 230 234 236 237 254 255 256 257 262 264 267 279 
13 55 8 28 45 46 50 53 60 64 73 74 75 76 77 81 85 86 89 90 94 97 100 101 106 113 122 123 127 130 140 144 152 155 157 168 181 185 186 195 196 209 211 213 214 216 218 219 227 234 241 268 269 270 275 276 278 
14 53 6 8 19 35 41 46 51 58 62 65 70 72 79 81 82 86 87 88 90 92 98 104 119 122 124 128 132 134 138 143 171 178 184 191 193 194 195 202 209 217 218 227 228 230 234 237 239 254 257 258 267 272 277 
15 58 1 6 17 23 34 36 40 57 65 68 74 77 79 80 90 94 97 102 105 110 118 119 126 128 136 137 145 146 148 149 155 157 158 160 163 178 179 180 188 190 193 197 199 204 209 214 218 220 226 229 235 239 243 250 251 264 266 276 
16 51 7 9 19 20 25 26 27 30 52 53 59 60 61 67 75 79 81 86 92 96 101 104 106 108 123 126 136 137 142 152 156 158 160 161 166 167 171 176 194 198 200 213 222 224 226 229 238 249 253 268 277 
17 49 5 11 15 20 24 36 38 44 50 54 55 56 57 61 67 69 79 81 92 95 96 100 110 123 126 129 143 145 147 149 150 158 170 178 181 194 197 199 210 226 228 251 252 254 258 261 264 265 270 
18 59 8 24 31 33 42 44 53 58 60 62 66 69 71 72 74 77 79 84 86 89 99 100 103 104 108 112 115 121 122 125 126 135 139 150 152 155 161 166 179 180 195 196 203 208 209 216 219 221 229 233 236 244 245 255 261 268 271 274 278 
19 60 14 16 20 21 27 29 35 37 38 53 54 55 56 64 68 70 81 90 92 101 112 113 114 116 118 119 124 131 133 136 138 149 155 160 169 176 178 179 182 184 186 188 199 206 207 210 215 219 224 226 236 245 249 260 268 269 271 272 273 278 
20 51 16 17 19 26 29 44 51 56 62 68 82 86 93 95 100 102 104 107 109 112 118 121 123 128 142 145 148 152 160 169 175 179 184 190 202 210 218 219 222 230 232 238 241 243 245 251 259 262 264 269 272 
21 51 7 10 19 27 29 34 40 48 54 55 62 63 67 72 79 81 95 117 129 137 139 144 146 152 153 156 178 180 182 183 184 186 188 189 191 193 201 202 204 223 228 229 232 233 234 239 242 255 259 272 276 
22 63 4 10 27 38 46 49 52 54 56 59 62 63 64 65 67 70 75 82 85 90 91 93 100 101 102 104 107 108 115 116 117 127 134 135 136 139 145 149 150 152 158 161 180 187 190 197 201 203 205 208 211 212 216 224 230 231 236 239 240 246 248 266 270 
23 61 7 12 15 27 31 34 38 41 44 45 48 52 59 61 66 70 73 85 87 89 91 102 103 120 129 133 137 138 141 142 143 145 152 154 156 159 169 172 173 175 176 179 187 192 195 207 213 214 216 218 219 226 232 235 236 246 249 251 255 263 279 
24 48 10 11 17 18 25 32 38 39 41 46 60 68 75 77 85 92 109 112 116 138 139 147 162 164 169 173 174 176 183 189 190 194 205 210 215 223 236 237 252 253 258 262 263 265 269 270 272 275 
25 49 3 4 5 7 16 24 26 32 36 44 45 46 49 59 62 66 69 79 80 82 91 93 95 96 99 104 115 136 138 151 157 158 171 172 175 176 183 195 201 206 210 215 220 222 225 234 271 272 275 
26 54 0 10 16 20 25 28 29 38 39 59 71 76 78 96 103 110 123 127 135 137 147 150 153 157 160 163 166 170 182 184 186 188 189 190 193 203 207 208 211 217 218 220 223 226 231 241 242 245 254 266 267 270 275 276 
27 48 0 1 5 16 19 21 22 23 43 51 53 54 60 62 73 81 84 88 90 99 103 108 120 125 126 127 133 135 163 171 174 182 184 196 205 220 224 237 238 246 247 257 263 265 271 274 277 279 
28 51 13 26 32 44 53 58 62 67 70 71 74 75 85 86 93 94 99 101 102 103 108 112 114 117 118 125 131 135 139 144 152 158 163 164 170 171 175 181 193 199 203 219 220 225 236 237 247 249 259 264 269 
29 49 11 12 19 20 21 26 37 39 50 51 55 73 84 86 88 89 96 100 107 112 115 120 123 125 126 133 138 141 146 150 164 173 178 179 180 188 190 194 195 225 238 239 241 242 244 248 268 273 277 
30 59 2 6 7 10 11 12 16 31 47 50 54 69 73 75 81 85 87 88 92 95 96 105 115 117 118 122 123 126 134 138 140 145 147 150 154 155 165 166 181 189 193 196 201 211 212 215 222 226 233 234 235 243 247 252 254 256 260 266 273 
31 48 10 18 23 30 34 39 40 45 48 64 65 67 70 72 73 77 94 97 99 114 130 137 146 149 153 166 168 172 173 181 184 185 189 190 191 192 195 201 203 205 211 232 244 247 268 269 274 279 
32 46 1 7 10 12 24 25 28 49 58 68 71 78 83 84 86 90 92 103 104 107 109 111 141 143 148 154 164 175 178 182 190 196 205 208 209 215 223 225 229 230 239 247 251 255 265 267 
33 59 18 42 48 58 60 63 66 71 78 80 84 87 94 97 101 102 103 105 112 114 117 126 139 141 153 162 165 173 175 182 188 193 198 210 211 214 222 224 226 232 235 238 241 242 243 245 246 248 252 253 257 259 264 265 266 268 269 274 276 
34 61 3 10 11 15 21 23 31 37 40 43 44 46 52 54 56 59 61 62 70 80 84 86 91 97 100 102 111 112 118 126 131 139 151 153 161 171 175 179 180 181 183 187 189 190 191 192 193 194 208 216 220 232 235 236 240 246 255 260 268 277 279 
35 52 10 12 14 19 38 41 53 66 67 70 72 73 84 85 89 99 106 109 112 113 115 127 130 134 138 143 152 161 162 174 181 185 187 191 199 204 210 213 216 217 220 221 227 234 236 248 251 257 269 274 275 277 
36 59 5 10 15 17 25 39 47 60 64 70 71 75 79 82 83 87 88 97 98 102 108 110 113 118 135 138 143 145 153 158 161 162 163 165 168 173 174 175 186 187 191 201 207 209 211 214 219 220 223 234 236 243 253 258 260 261 263 270 273 
37 49 2 3 5 10 12 19 29 34 43 52 55 56 66 70 77 80 85 87 98 100 101 104 114 116 117 122 130 133 135 138 148 155 157 166 170 189 190 196 203 207 209 222 227 232 236 244 249 265 269 
38 61 0 12 17 19 22 23 24 26 35 43 45 49 50 51 55 56 60 74 81 91 98 108 109 112 113 114 121 126 127 132 134 141 147 153 155 160 167 168 178 183 188 189 192 198 199 200 204 208 212 217 229 232 238 245 259 260 261 263 270 273 277 
39 51 9 10 24 26 29 31 36 47 48 51 73 88 90 93 101 107 108 110 120 126 128 132 136 140 143 152 153 156 157 159 162 171 174 192 205 214 216 219 221 222 224 226 237 240 242 245 248 250 268 270 271 
40 54 11 15 21 31 34 44 47 56 61 65 81 91 92 98 101 105 113 115 116 125 127 136 139 145 147 150 153 154 160 162 164 168 177 184 186 187 192 194 199 215 218 221 222 227 239 240 243 251 253 257 264 266 267 275 
41 65 2 4 14 23 24 35 42 45 54 61 88 91 98 107 108 114 118 121 126 129 134 135 137 144 145 153 160 161 168 178 180 183 184 186 187 189 191 192 193 195 196 204 205 206 207 214 216 218 219 222 226 229 234 237 239 241 242 245 247 250 252 265 269 270 274 
42 44 18 33 41 44 53 61 69 87 94 113 115 121 137 143 144 145 155 158 160 170 175 181 182 199 200 203 204 205 217 219 221 223 224 229 230 235 237 238 246 261 266 272 276 277 
43 60 1 7 11 27 34 37 38 55 57 58 64 68 71 75 79 81 82 85 87 88 92 94 98 101 112 116 120 121 126 137 143 152 165 166 171 175 176 177 179 182 194 195 197 208 209 213 216 232 237 238 240 241 243 248 251 253 261 264 273 274 
44 56 3 5 6 17 18 20 23 25 28 34 40 42 52 60 70 74 80 81 83 95 102 110 118 124 135 136 143 146 149 152 154 155 156 158 165 166 178 179 186 187 196 202 204 221 225 226 228 229 232 246 250 264 267 270 275 277 
45 45 4 5 13 23 25 31 38 41 51 74 75 82 97 104 105 115 118 125 128 134 138 139 146 148 158 161 162 169 171 188 192 197 205 215 218 222 226 234 243 245 251 254 260 272 278 
46 61 0 5 8 10 12 13 14 22 24 25 34 55 58 62 63 65 66 73 75 76 85 88 99 100 102 105 107 110 112 123 125 131 137 143 144 151 153 157 159 162 163 167 173 178 190 191 193 201 207 214 220 224 228 233 235 246 259 260 268 270 278 
47 47 7 8 30 36 39 40 49 57 59 60 64 65 70 80 82 88 92 96 102 120 123 128 136 145 152 156 169 179 181 184 192 204 209 217 222 226 227 233 234 240 244 245 255 262 264 265 274 
48 57 0 4 6 21 23 31 33 39 51 53 60 65 70 78 81 82 88 89 91 95 98 101 103 111 117 120 122 124 125 140 144 148 155 157 162 165 179 182 190 197 200 202 206 217 219 222 223 224 235 237 241 250 253 261 263 264 278 
49 69 5 10 22 25 32 38 47 51 57 58 62 65 67 70 75 78 84 94 97 98 101 104 105 106 111 112 128 132 144 150 151 157 159 160 161 162 163 164 165 167 174 177 178 190 196 197 200 205 210 217 224 226 227 231 236 238 242 243 244 248 249 250 257 258 264 267 271 275 279 
50 60 13 17 29 30 38 59 60 61 64 67 71 74 76 77 83 94 95 97 103 106 107 109 111 129 131 132 134 138 145 146 147 152 154 163 167 168 171 174 175 187 189 197 201 206 220 222 225 231 233 241 245 248 250 251 255 259 260 263 269 277 
51 60 2 3 9 14 20 27 29 38 39 45 48 49 55 56 67 76 81 83 84 85 89 95 103 107 115 116 119 132 134 135 137 145 148 152 153 158 160 165 173 174 184 192 195 196 201 204 208 209 216 222 223 227 236 237 238 239 253 257 267 268 
52 61 1 3 4 5 8 11 16 22 23 34 37 44 56 69 73 75 79 86 90 91 104 109 111 115 116 120 124 132 134 135 139 140 141 148 150 153 157 161 173 178 180 182 185 187 188 189 194 205 221 222 226 235 238 244 250 255 258 264 269 272 278 
53 57 0 2 3 13 16 18 19 27 28 35 42 48 54 55 57 62 68 69 75 85 86 87 91 99 104 105 106 114 137 138 143 145 156 157 164 165 168 172 177 182 184 186 187 190 198 200 225 229 231 233 234 241 245 249 253 256 263 
54 54 1 6 10 17 19 21 22 27 30 34 41 53 55 57 60 76 80 83 87 96 101 110 111 118 120 126 127 130 135 144 159 163 166 176 177 178 185 190 191 194 198 199 203 205 213 244 246 248 253 257 262 268 273 278 
55 63 0 1 6 8 11 12 17 19 21 29 37 38 43 46 51 53 54 59 69 74 80 87 89 98 107 109 111 117 124 125 127 128 130 134 137 140 145 150 153 154 157 164 166 167 175 176 179 183 192 198 200 201 202 207 210 221 228 236 256 260 262 273 275 
56 61 12 17 19 20 22 34 37 38 40 51 52 73 74 77 94 107 112 121 124 128 129 131 136 137 138 140 146 148 151 155 157 158 161 162 167 170 172 174 180 183 190 195 199 202 203 210 214 215 219 220 224 228 231 239 245 248 250 252 253 271 279 
57 53 12 15 17 43 47 49 53 54 58 59 61 71 75 78 84 89 92 94 97 100 110 112 121 124 128 129 135 137 142 143 165 166 170 176 179 183 192 196 202 209 213 220 227 228 234 247 263 264 268 273 274 276 278 
58 54 6 7 10 14 18 28 32 33 43 46 49 57 62 72 82 85 86 87 100 104 110 111 114 116 120 125 126 130 134 142 145 153 154 156 164 165 176 180 189 191 195 199 203 210 212 225 235 238 246 248 256 262 273 279 
59 60 5 16 22 23 25 26 34 47 50 55 57 61 66 68 77 83 91 95 111 112 113 114 116 121 124 126 130 134 136 137 138 146 147 156 162 170 174 177 178 185 192 194 207 215 219 222 229 236 240 242 249 250 253 260 261 262 264 270 272 273 
60 60 2 3 4 7 9 10 13 16 18 24 27 33 36 38 44 47 48 50 54 66 69 70 72 84 86 91 93 98 110 118 121 126 127 134 135 144 145 158 164 165 168 169 170 171 173 175 176 179 199 216 226 227 232 238 240 258 260 264 272 276 
61 60 0 7 9 10 11 16 17 23 34 40 41 42 50 57 59 80 96 97 98 109 112 113 116 118 121 129 130 131 133 134 140 147 157 164 184 185 189 191 194 196 206 217 219 220 221 226 234 246 247 249 253 256 258 261 262 265 268 270 272 277 
62 54 2 3 7 14 18 20 21 22 25 27 28 34 46 49 53 58 64 68 69 71 76 77 85 86 87 88 89 93 97 98 119 123 127 129 131 136 140 149 177 181 188 189 198 206 216 246 249 251 256 260 271 275 278 279 
63 49 10 21 22 33 46 64 67 68 74 83 89 103 115 116 121 124 127 128 135 141 148 150 156 158 171 177 181 183 188 195 196 197 207 210 212 216 217 219 231 235 245 250 251 253 261 269 272 277 279 
64 55 1 13 19 22 31 36 43 47 50 62 63 68 70 78 80 92 93 95 99 101 110 118 119 121 131 136 140 142 152 157 159 163 165 170 171 172 187 199 210 211 214 215 216 229 238 244 254 259 261 262 263 266 270 275 277 
65 54 0 3 14 15 22 31 40 46 47 48 49 66 67 72 83 88 92 94 95 97 101 106 110 111 117 119 120 122 127 128 129 133 134 140 146 153 159 169 172 173 174 183 189 191 194 196 209 216 217 225 230 232 272 275 
66 68 11 18 23 25 33 35 37 46 59 60 65 67 74 78 83 86 87 93 97 108 114 115 121 124 129 132 136 137 138 141 143 145 148 152 153 154 163 164 168 172 175 176 188 200 205 211 216 221 226 227 234 235 236 237 243 244 250 251 257 258 259 270 271 272 274 276 277 278 
67 64 5 9 16 17 21 22 28 31 35 49 50 51 63 65 66 68 92 96 98 99 100 101 108 111 113 117 118 120 122 133 141 154 158 162 163 167 169 173 174 177 188 193 196 200 201 205 206 207 210 216 219 220 225 227 228 231 235 236 246 248 251 257 266 277 
68 58 1 8 15 19 20 24 32 43 53 59 62 63 64 67 77 84 85 94 102 105 108 109 113 115 116 120 130 140 143 146 147 150 165 174 180 187 192 197 199 204 205 208 210 211 213 217 225 227 230 247 256 257 261 262 271 273 274 279 
69 50 5 8 11 17 18 25 30 42 52 53 55 60 62 71 74 77 80 90 91 94 97 99 100 103 105 108 114 120 125 132 173 178 181 182 184 201 203 208 216 219 229 230 235 237 244 257 264 269 273 275 
70 58 2 4 8 10 11 14 19 22 23 28 31 34 35 36 37 44 47 48 49 60 64 77 81 82 87 91 93 94 95 98 110 114 116 126 127 131 133 150 157 163 169 170 172 199 211 230 231 239 240 241 243 245 250 261 267 273 274 279 
71 67 3 8 10 18 26 28 32 33 36 43 50 57 62 69 76 78 81 84 90 97 107 110 120 122 125 128 130 131 132 135 142 144 165 169 170 175 176 180 181 182 183 189 192 193 194 195 199 201 202 203 206 208 213 221 223 234 237 241 248 251 254 255 256 267 269 271 279 
72 50 14 18 21 31 35 58 60 65 75 80 81 82 84 89 95 97 106 108 110 112 115 116 137 150 153 154 174 177 181 190 192 195 196 197 201 205 208 215 218 219 224 225 234 238 244 248 261 263 264 273 
73 76 1 3 5 6 7 10 11 13 23 27 29 30 31 35 39 46 52 56 75 79 82 85 86 91 94 108 113 115 116 122 123 124 128 130 135 136 139 140 145 147 158 164 165 166 170 173 174 175 177 183 189 193 195 201 204 208 215 218 225 226 227 228 229 232 238 240 245 253 260 261 263 264 266 268 272 279 
74 62 10 11 12 13 15 18 28 38 44 45 50 55 56 63 66 69 80 82 86 90 93 94 95 100 108 111 118 122 145 147 149 153 162 164 165 166 167 170 175 179 180 190 193 196 208 209 217 219 221 223 224 225 228 230 233 235 243 244 256 259 265 266 
75 62 3 13 16 22 24 28 30 36 43 45 46 49 52 53 57 72 73 77 78 80 81 82 84 91 99 105 112 117 119 127 134 135 144 151 163 164 166 170 177 182 183 185 190 191 195 199 202 212 215 217 224 225 234 236 241 250 251 253 256 263 274 278 
76 55 0 13 26 46 50 51 54 62 71 77 83 84 92 93 100 102 103 112 118 130 133 136 140 156 159 164 167 168 169 176 177 181 182 183 187 192 193 195 196 201 202 203 207 211 222 229 236 240 243 244 248 249 258 259 268 
77 55 5 13 15 18 24 31 37 50 56 59 62 68 69 70 75 76 91 95 102 110 112 117 121 125 128 130 136 141 142 147 150 153 159 162 168 171 176 180 186 194 195 200 210 222 224 232 239 246 254 257 262 266 272 273 275 
78 48 1 4 10 11 12 26 32 33 48 49 57 64 66 71 75 91 98 111 112 116 117 118 124 127 131 132 141 148 163 176 178 189 220 226 228 234 236 252 255 259 265 266 267 268 269 270 271 275 
79 57 4 8 14 15 16 17 18 21 25 36 43 52 73 90 93 102 105 108 113 114 116 119 123 125 131 137 147 148 161 162 167 171 175 178 185 196 197 198 201 203 225 234 235 243 246 248 251 253 258 265 267 268 270 273 274 275 277 
80 56 3 11 15 25 33 34 37 44 47 54 55 61 64 69 72 74 75 90 94 103 107 110 112 123 124 136 138 142 145 146 161 165 169 176 183 185 186 187 191 201 202 204 212 213 218 220 221 229 244 248 252 254 260 264 277 279 
81 68 0 3 4 5 7 8 13 14 16 17 19 21 27 30 38 40 43 44 48 51 70 71 72 75 86 87 90 91 95 100 106 107 108 111 115 116 117 118 138 143 150 155 160 161 184 185 186 196 198 199 201 203 206 224 231 232 238 239 241 249 251 254 261 262 267 271 274 279 
82 50 2 5 14 20 22 25 36 43 45 47 48 58 70 72 73 74 75 85 92 98 99 107 108 113 119 129 139 142 159 160 166 170 172 180 194 200 211 212 217 222 224 229 238 240 241 248 253 262 276 279 
83 50 2 7 11 32 36 44 50 51 54 59 63 65 66 76 84 92 100 101 111 118 134 135 136 138 139 141 142 146 155 160 171 173 177 186 187 190 194 195 201 202 204 212 213 228 229 232 245 263 272 274 
84 57 0 3 4 18 27 29 32 33 34 35 49 51 57 60 68 71 72 75 76 83 89 95 106 107 108 110 120 123 124 131 132 134 137 146 152 154 164 181 182 183 196 206 219 222 225 227 228 236 237 242 244 249 252 253 256 259 274 
85 64 1 3 10 13 22 23 24 28 30 35 37 43 46 51 53 58 62 68 73 82 88 90 94 115 117 120 123 130 131 134 135 136 143 147 151 152 154 159 162 165 168 170 173 175 180 185 192 203 205 210 211 219 226 231 241 244 245 246 255 258 261 274 276 278 
86 58 13 14 16 18 20 28 29 32 34 52 53 58 60 62 66 73 74 81 88 94 102 105 108 118 119 124 128 133 134 135 137 145 151 152 154 155 156 159 167 170 172 177 181 188 191 193 213 223 228 246 255 257 258 267 268 271 276 278 
87 59 9 14 23 30 33 36 37 42 43 53 54 55 58 62 66 70 81 90 97 98 102 107 108 109 111 113 117 126 129 132 135 139 152 156 157 162 163 175 182 183 192 193 200 202 215 217 223 225 234 236 238 239 242 243 245 256 268 270 273 
88 58 10 14 27 29 30 36 39 41 43 46 47 48 62 65 85 86 93 104 114 115 117 121 126 142 143 144 145 154 158 165 177 190 194 201 204 215 216 220 221 229 236 238 240 245 246 248 249 251 252 259 263 264 269 272 273 274 277 278 
89 53 8 13 18 23 29 35 48 51 55 57 62 63 72 84 93 94 96 98 106 109 111 130 135 139 144 146 155 158 160 167 169 174 176 183 189 193 196 204 207 212 213 221 222 223 226 241 247 253 257 261 267 268 274 
90 63 1 5 12 13 14 15 19 22 27 32 39 52 69 71 74 79 80 81 85 87 92 96 102 108 114 115 120 124 125 126 130 134 135 148 150 158 160 161 162 164 172 182 183 184 192 196 198 200 207 211 213 214 215 216 227 233 246 251 262 264 266 268 269 
91 55 3 5 10 22 23 25 34 38 40 41 48 52 53 59 60 69 70 73 75 77 78 81 97 99 105 111 112 116 121 122 126 139 140 152 155 163 174 175 179 190 191 200 203 204 205 214 223 225 239 240 249 267 273 276 279 
92 54 1 2 4 5 14 16 17 19 24 30 32 40 43 47 57 64 65 67 76 82 83 90 93 97 100 106 111 140 145 152 159 165 171 174 178 182 183 194 196 198 200 201 226 229 230 242 244 245 248 251 254 261 272 274 
93 58 4 12 20 22 25 28 39 60 62 64 66 70 74 76 79 88 89 92 99 107 110 116 117 118 123 128 141 149 150 152 156 159 166 169 171 179 183 191 193 195 197 205 206 207 210 213 216 219 221 231 232 241 245 248 253 269 273 278 
94 64 3 5 11 13 15 28 31 33 42 43 49 50 56 57 65 68 69 70 73 74 80 85 86 89 96 98 101 111 122 125 126 141 146 148 153 155 156 159 172 173 182 186 187 188 201 204 206 207 224 225 233 240 243 246 252 253 256 259 261 263 264 270 271 274 
95 58 3 4 11 17 20 21 25 30 44 48 50 51 59 64 65 70 72 74 77 81 84 97 101 105 107 108 109 110 115 116 118 130 131 134 137 147 155 162 165 176 187 189 195 198 202 205 210 212 213 219 231 243 249 254 268 269 271 273 
96 47 8 9 16 17 25 26 29 30 47 54 61 67 89 90 94 100 103 104 121 130 133 147 152 154 155 158 161 167 173 176 178 187 188 194 198 202 212 213 232 233 234 243 250 263 271 272 274 
97 59 4 5 7 10 13 15 31 33 34 36 45 49 50 57 61 62 65 66 69 71 72 87 91 92 95 100 101 102 107 113 117 120 129 133 134 136 148 157 162 171 177 179 181 182 186 205 220 222 227 228 230 237 239 242 256 264 266 277 278 
98 48 4 14 36 37 38 40 41 43 48 49 55 60 61 62 67 70 78 82 87 89 94 119 123 125 126 128 131 149 165 167 169 174 181 184 189 194 209 229 234 235 236 248 249 254 256 258 267 275 
99 51 1 18 25 27 28 31 35 46 53 64 67 69 75 82 91 93 103 106 113 120 121 127 131 133 139 141 142 156 157 159 169 171 175 179 180 183 185 187 190 191 192 193 194 211 230 233 251 255 259 262 268 
100 61 5 7 13 17 18 20 22 29 34 37 46 57 58 67 69 74 76 81 83 92 96 97 101 103 121 122 137 139 141 149 152 155 160 172 174 176 183 188 191 192 195 199 201 202 208 218 222 223 224 231 233 238 240 244 255 256 259 262 264 274 276 
101 66 1 6 9 13 16 19 22 28 33 37 39 40 43 48 49 54 64 65 67 83 94 95 97 100 102 106 108 109 110 111 114 116 122 132 135 139 149 151 154 156 161 170 172 183 187 189 191 192 200 204 208 209 211 220 230 234 235 238 239 242 248 251 252 258 260 278 
102 57 0 10 15 20 22 23 28 33 34 36 44 46 47 68 76 77 79 86 87 90 97 101 109 110 113 120 125 140 147 153 156 162 171 174 189 195 196 197 199 200 207 208 214 218 233 237 238 244 245 253 254 256 257 258 270 275 278 
103 54 12 18 23 26 27 28 32 33 48 50 51 63 69 76 80 96 99 100 104 113 120 133 135 136 138 158 164 169 170 171 177 178 186 193 199 203 204 205 223 226 235 236 240 244 254 255 260 262 263 267 271 272 274 278 
104 47 6 7 10 14 16 18 20 22 25 32 37 45 49 52 53 58 88 96 103 109 115 130 132 134 145 148 159 167 181 182 183 203 205 209 211 212 215 218 222 231 234 243 247 248 256 261 265 
105 50 4 15 30 33 40 45 46 49 53 68 69 75 79 86 91 95 120 121 123 126 131 133 135 145 153 162 164 166 178 182 191 200 201 205 207 209 210 213 215 221 223 228 229 231 235 252 257 262 271 275 
106 57 13 16 35 49 50 53 65 72 81 84 89 92 99 101 111 113 116 120 123 129 136 137 164 166 168 169 170 171 173 175 178 181 184 192 193 196 212 218 225 227 228 234 235 239 250 251 255 256 259 261 266 273 275 276 277 278 279 
107 57 7 11 12 20 22 29 32 39 41 46 50 51 55 56 71 80 81 82 84 87 93 95 97 110 111 119 127 137 138 142 143 148 162 163 164 165 166 168 175 181 187 212 215 218 219 226 230 242 247 255 256 258 261 262 271 275 277 
108 62 3 7 10 16 18 22 27 28 36 38 39 41 66 67 68 69 72 73 74 79 81 82 84 86 87 90 95 101 113 117 118 123 126 128 131 136 140 143 150 165 181 185 186 189 194 198 214 216 218 226 237 241 243 248 251 260 264 265 267 268 273 275 
109 49 2 7 8 12 20 24 32 35 38 50 52 55 61 68 87 89 95 101 102 104 111 115 116 117 122 123 153 156 158 159 161 172 178 188 189 195 199 203 211 227 231 234 254 255 257 258 261 267 274 
110 65 3 5 6 15 17 26 36 39 44 46 54 57 58 60 64 65 70 71 72 77 80 84 93 95 101 102 107 112 117 119 122 124 126 128 132 133 140 151 155 166 171 172 173 178 179 188 206 214 215 216 220 224 226 232 233 238 242 246 259 261 266 269 271 274 279 
111 63 11 32 34 48 49 50 52 54 55 58 59 65 67 74 78 81 83 87 89 91 92 94 101 106 107 109 112 123 128 129 136 150 152 160 162 163 169 173 177 185 188 191 204 207 208 213 216 231 240 241 242 245 247 248 251 254 255 257 259 263 265 273 277 
112 60 7 8 11 12 18 19 20 24 28 29 33 34 35 38 43 46 49 56 57 59 61 72 75 76 77 78 80 91 110 111 113 114 115 126 132 138 156 161 162 164 166 175 177 179 180 187 192 195 197 214 232 236 240 244 246 254 262 270 276 279 
113 56 5 11 13 19 35 36 38 40 42 59 61 67 68 73 79 82 87 97 99 102 103 106 108 112 115 121 124 125 131 132 134 138 141 153 155 156 159 165 172 174 182 191 197 204 211 229 236 247 250 254 259 261 263 270 274 279 
114 60 8 9 19 28 31 33 37 38 41 53 58 59 66 69 70 79 88 90 101 112 120 127 135 141 143 147 154 165 167 173 184 189 192 201 203 204 207 208 209 214 215 224 229 230 233 234 238 241 249 250 257 259 262 263 265 270 272 275 277 279 
115 60 5 7 9 10 12 18 22 25 29 30 35 40 42 45 51 52 63 66 68 72 73 81 85 88 90 95 104 109 112 113 119 121 127 136 138 140 141 157 168 170 172 179 185 186 194 210 211 217 218 224 232 239 243 258 260 261 270 271 273 275 
116 57 0 1 19 22 24 37 40 43 51 52 58 59 61 63 68 70 72 73 78 79 81 91 93 95 101 106 109 122 123 128 130 133 138 142 154 155 159 169 171 173 175 195 201 203 204 212 218 222 232 239 240 246 249 252 274 275 277 
117 72 1 3 4 21 22 28 30 33 37 48 55 65 67 75 77 78 81 85 87 88 93 97 108 109 110 122 123 126 128 131 139 144 149 151 152 153 154 155 157 158 160 161 170 174 176 191 192 194 195 196 203 210 212 215 217 219 227 230 233 236 239 242 247 248 250 252 255 264 269 271 273 279 
118 60 1 5 15 19 20 28 30 34 36 41 44 45 54 60 61 64 67 74 76 78 81 83 86 93 95 108 127 128 131 135 137 148 151 153 155 156 163 172 174 176 179 183 184 187 188 191 193 197 198 199 201 203 208 212 226 228 229 231 237 243 
119 51 14 15 19 51 62 64 65 75 79 82 86 98 107 110 115 121 122 124 126 128 135 136 143 146 148 152 155 159 170 173 178 193 195 204 208 213 216 229 232 235 237 238 243 244 248 249 254 255 258 269 278 
120 53 9 23 27 29 39 43 47 48 52 54 58 65 67 68 69 71 84 85 90 97 99 102 103 105 106 114 127 135 138 143 146 151 156 162 170 174 178 186 190 203 204 207 208 212 213 227 228 233 234 261 264 265 266 
121 55 0 18 20 38 41 42 43 56 57 59 60 61 63 64 66 77 88 91 96 99 100 105 113 115 119 126 136 137 145 146 148 151 152 153 159 160 163 167 178 183 188 206 207 211 212 213 229 231 237 243 249 256 262 268 276 
122 51 3 5 10 12 13 14 18 30 37 48 65 67 71 73 74 91 94 100 101 109 110 116 117 119 126 127 131 132 133 152 161 166 180 186 190 192 193 212 215 216 221 235 236 237 241 252 253 257 265 267 271 
123 50 7 9 13 16 17 20 26 29 30 46 47 62 73 79 80 84 85 93 98 105 106 108 109 111 116 117 126 128 132 136 143 144 146 148 181 186 193 201 207 209 213 218 231 234 239 240 251 253 259 274 
124 64 2 11 14 19 44 48 52 55 56 57 59 63 66 73 78 80 84 86 90 110 113 119 128 129 131 133 136 137 138 141 142 146 151 154 157 158 173 174 176 177 182 185 187 194 196 212 213 214 216 218 223 227 228 229 231 240 246 254 258 264 265 269 270 277 
125 51 3 8 18 27 28 29 40 45 46 48 55 58 69 71 77 79 90 94 98 102 113 133 134 136 137 150 153 161 166 170 175 176 177 180 198 199 201 216 219 229 230 249 251 256 260 262 266 269 272 273 279 
126 74 0 2 4 15 16 17 18 27 29 30 33 34 38 39 41 43 54 58 59 60 70 87 88 90 91 94 98 105 108 110 112 117 119 121 122 123 128 136 141 142 145 147 150 156 158 161 168 176 177 180 181 186 198 200 201 203 206 209 210 212 218 221 224 229 232 238 255 259 264 266 271 272 277 279 
127 49 3 11 13 22 26 27 35 38 40 54 55 60 62 63 65 70 75 78 99 107 114 115 118 120 122 135 136 140 141 143 145 152 153 156 157 164 165 167 179 182 201 212 224 244 245 248 268 269 279 
128 59 2 9 14 15 20 39 45 47 49 55 56 57 63 65 71 73 77 86 93 98 108 110 111 116 117 118 119 123 124 126 135 137 138 139 146 149 150 153 156 164 165 168 174 180 190 199 204 213 226 231 239 243 254 256 257 263 272 277 278 
129 48 1 5 10 17 21 23 41 50 56 57 61 62 65 66 82 87 97 106 111 124 130 138 142 145 152 155 156 159 161 172 177 179 187 194 199 200 214 223 224 235 237 239 248 249 250 266 267 278 
130 59 1 13 31 35 37 54 55 58 59 61 68 71 73 76 77 85 89 90 95 96 104 116 129 133 138 140 145 146 149 151 158 161 167 173 180 184 189 192 193 201 204 207 215 222 223 230 234 236 237 243 246 251 256 264 265 267 275 277 279 
131 58 10 12 19 28 34 46 50 56 61 62 64 70 71 78 79 84 85 95 98 99 105 108 113 117 118 122 124 138 139 143 145 146 152 157 163 173 175 177 178 185 199 205 206 209 213 215 218 234 235 236 237 242 245 250 259 261 266 267 
132 48 4 5 14 38 39 49 50 51 52 66 69 71 78 84 87 101 104 110 112 113 122 123 144 148 149 151 154 155 156 157 161 164 172 173 184 187 189 199 202 210 243 250 260 262 266 270 271 278 
133 49 0 1 4 5 19 23 27 29 37 61 65 67 70 76 86 96 97 99 103 105 110 116 122 124 125 130 143 152 156 161 163 182 183 189 190 195 220 230 239 243 247 250 256 258 266 267 272 275 278 
134 62 4 5 9 14 22 30 35 38 41 45 50 51 52 55 58 59 60 61 65 75 83 84 85 86 90 95 97 104 113 125 139 140 162 167 170 173 174 177 183 191 194 196 197 205 212 213 216 220 221 222 224 227 240 243 249 252 254 255 256 260 266 269 
135 62 2 10 11 12 18 22 26 27 28 36 37 41 44 51 52 54 57 60 63 71 73 75 83 85 86 87 89 90 101 103 105 114 118 119 120 127 128 138 142 152 157 160 164 166 168 193 199 206 210 214 217 219 239 243 244 255 256 263 264 268 269 275 
136 62 0 7 12 15 16 19 22 25 39 40 44 47 56 59 62 64 66 73 76 77 80 83 85 97 103 106 108 111 115 119 121 123 124 125 126 127 139 146 147 148 152 161 164 166 169 177 181 183 194 197 200 210 221 234 237 239 244 258 270 275 278 279 
137 54 2 10 15 16 21 23 26 31 41 42 43 46 51 53 55 56 57 59 66 72 79 84 86 95 100 106 107 118 121 124 125 128 144 148 168 176 179 190 192 193 198 204 207 218 222 226 245 248 255 258 259 260 274 275 
138 68 1 12 14 19 23 24 25 29 30 35 36 37 45 50 53 56 59 66 80 81 83 103 107 112 113 115 116 120 124 128 129 130 131 135 149 152 165 168 173 174 178 181 188 196 199 201 203 213 215 219 221 223 229 230 232 234 237 243 246 248 250 251 258 260 265 274 276 278 
139 52 1 4 5 10 18 21 22 24 28 33 34 40 45 52 73 82 83 87 89 91 99 100 101 117 128 131 134 136 144 148 153 154 155 163 174 180 188 189 192 197 199 213 220 229 242 254 257 259 262 265 269 278 
140 56 0 4 10 13 30 39 48 52 55 56 61 62 64 65 68 73 76 91 92 102 108 110 115 127 130 134 144 149 150 151 157 160 162 168 171 175 194 209 211 221 226 235 236 240 241 243 247 252 254 258 259 264 267 269 272 279 
141 53 4 23 29 32 33 38 52 63 66 67 77 78 83 93 94 99 100 113 114 115 124 126 127 153 157 159 161 162 165 172 173 177 181 189 196 199 200 203 207 209 218 219 220 240 248 256 257 258 266 272 275 276 277 
142 53 2 5 16 20 23 57 58 64 71 77 80 82 83 88 99 107 116 124 126 129 135 144 146 152 153 154 155 160 167 171 177 182 187 188 200 203 215 218 221 230 234 235 238 239 248 249 253 258 264 269 270 273 274 
143 59 5 7 14 17 23 32 35 36 39 42 43 44 46 53 57 66 68 81 85 88 107 108 114 119 120 123 127 131 133 152 155 164 167 170 171 178 180 184 192 193 197 210 217 218 223 227 228 232 235 241 245 246 253 256 260 261 268 273 276 
144 50 4 5 12 13 21 28 41 42 46 48 49 54 60 71 75 88 89 117 123 132 137 139 140 142 147 148 158 166 177 180 187 193 194 210 217 221 223 224 226 227 235 239 242 246 256 266 270 271 275 279 
145 56 5 7 9 11 12 15 17 20 22 23 30 36 40 41 42 47 50 51 53 55 58 60 66 73 74 80 86 88 92 104 105 121 126 127 129 130 131 150 156 158 159 178 187 193 201 210 211 220 221 223 227 244 247 250 258 260 
146 52 1 2 15 21 29 31 44 45 50 56 59 65 68 80 83 84 89 94 119 120 121 123 124 128 130 131 136 142 148 163 169 176 178 184 187 189 198 207 210 218 225 228 229 236 238 244 246 248 262 271 273 277 
147 44 2 17 24 26 30 38 40 50 59 61 68 73 74 77 79 85 95 96 102 114 126 136 144 155 156 175 177 189 198 202 207 212 214 226 232 233 249 255 260 263 264 272 274 276 
148 48 4 15 20 32 37 45 48 51 52 56 63 66 78 79 90 94 97 104 107 118 119 121 123 132 136 137 139 144 146 152 157 159 160 167 168 172 177 183 194 198 206 210 233 234 245 249 260 261 
149 46 0 6 8 10 11 15 17 19 22 31 44 62 74 93 98 100 101 117 128 130 132 138 140 157 161 172 174 178 180 188 190 203 207 208 224 227 228 231 233 237 239 243 245 269 276 279 
150 57 4 7 17 18 22 26 29 30 40 49 52 55 63 68 70 72 77 81 90 93 108 111 125 126 128 140 145 153 155 164 176 177 179 181 182 193 196 205 206 208 209 212 222 226 232 233 235 236 253 254 255 259 262 268 270 273 275 
151 56 2 8 25 34 46 49 56 75 85 86 101 110 117 118 120 121 124 130 132 140 152 154 158 160 162 164 167 173 176 180 188 190 191 192 200 206 209 214 215 216 221 227 233 234 235 237 239 253 254 261 263 266 267 275 276 277 
152 73 2 5 9 12 13 16 18 20 21 22 23 28 35 39 43 44 47 50 51 64 66 84 85 86 87 91 92 93 96 100 111 117 119 121 122 127 129 131 133 135 136 138 142 143 148 151 153 155 157 159 160 162 165 171 172 179 205 211 212 216 224 230 244 245 246 247 257 260 261 266 272 275 277 
153 66 8 11 21 26 31 33 34 36 38 39 40 41 46 51 52 55 58 65 66 72 74 77 94 102 105 109 113 117 118 121 125 127 128 139 141 142 150 152 155 156 158 162 165 174 177 180 181 185 191 192 202 204 213 220 224 241 244 249 251 253 256 264 267 268 269 273 
154 55 5 12 23 30 32 40 44 50 55 58 66 67 72 84 85 86 88 96 101 114 116 117 124 132 139 142 151 178 180 186 187 191 196 200 207 210 215 218 219 220 222 223 225 229 230 239 242 257 258 259 265 266 273 275 279 
155 66 13 15 18 19 30 37 38 42 44 48 56 81 83 86 89 91 94 95 96 100 110 113 116 117 118 119 129 132 139 142 143 147 150 152 153 157 158 159 163 165 166 169 172 190 191 193 201 205 211 216 217 218 221 225 228 234 236 239 256 258 265 269 271 276 278 279 
156 56 9 16 21 23 39 44 47 53 58 59 63 76 86 87 93 94 99 101 102 109 112 113 118 120 126 127 128 129 132 133 145 147 153 166 169 177 187 189 190 195 199 203 204 209 217 218 224 225 235 241 253 266 269 272 275 277 
157 63 6 9 13 15 25 26 37 39 46 48 49 52 53 55 56 61 64 70 87 97 99 115 117 124 127 131 132 135 140 141 148 149 152 155 163 166 171 173 174 178 179 183 185 186 193 194 195 200 207 209 212 214 216 225 232 233 238 240 255 262 271 272 273 
158 55 5 6 12 15 16 17 22 25 28 36 42 44 45 51 56 60 63 67 73 88 89 90 96 103 109 117 124 126 130 144 145 151 153 155 162 165 168 169 176 179 180 182 194 201 206 210 211 221 237 243 246 264 268 269 277 
159 58 7 9 23 39 46 49 54 64 65 76 77 82 85 86 92 93 94 99 104 109 113 116 119 121 129 141 145 148 152 155 169 176 181 184 193 202 204 211 214 215 219 225 226 240 242 243 246 247 249 250 253 255 256 263 265 272 275 278 
160 46 2 11 15 16 19 20 26 38 40 41 42 49 51 81 82 83 89 90 100 111 117 121 135 140 142 148 151 152 166 167 168 183 189 191 197 205 207 211 217 225 234 246 249 250 255 277 
161 57 8 11 12 16 18 22 34 35 36 41 45 49 52 56 79 80 81 90 96 101 109 112 117 122 125 126 129 130 132 133 136 141 149 166 170 173 186 187 188 189 195 199 204 211 220 223 229 232 233 237 243 245 255 258 263 273 276 
162 66 0 2 4 12 24 33 35 36 39 40 45 46 48 49 56 59 67 74 77 79 85 87 90 95 97 102 105 107 111 112 120 134 140 141 151 152 153 158 168 172 177 179 180 182 186 187 196 202 205 207 216 221 225 228 230 231 236 240 242 247 248 249 252 257 265 266 
163 49 0 6 9 15 26 27 28 36 46 49 50 54 64 66 67 70 75 78 87 91 107 111 118 121 131 133 139 146 155 157 166 172 175 182 183 185 193 194 197 221 227 229 231 249 255 259 270 273 275 
164 56 0 10 24 28 29 32 40 49 53 55 58 60 61 66 73 74 75 76 84 90 103 105 106 107 112 127 128 132 135 136 143 150 151 167 169 173 175 181 187 188 191 193 204 212 215 218 219 225 226 233 252 254 266 273 276 277 
165 54 3 4 5 11 30 33 36 43 44 48 49 51 53 57 58 60 64 68 71 73 74 80 85 88 92 95 98 107 108 113 114 127 128 138 141 152 153 155 158 168 172 185 193 222 225 228 234 236 237 241 253 261 274 276 
166 56 0 9 11 16 18 26 30 31 37 43 44 54 55 57 73 74 75 82 93 105 106 107 110 112 122 125 135 136 144 155 156 157 160 161 163 171 176 181 187 189 190 191 197 200 201 207 218 227 232 234 236 241 257 272 273 277 
167 59 1 2 9 10 12 16 38 46 49 50 55 56 67 74 76 79 86 89 96 98 104 114 121 127 130 134 142 143 148 151 160 164 168 180 185 187 188 189 193 194 199 211 220 224 225 227 231 232 233 237 240 249 252 259 260 262 267 274 279 
168 55 5 10 11 13 31 36 38 40 41 50 53 60 66 76 77 85 106 107 115 126 128 135 137 138 140 148 158 160 162 165 167 186 189 192 194 195 196 198 200 201 207 208 213 219 222 225 227 233 247 253 254 256 262 266 275 
169 55 1 2 19 20 23 24 45 47 60 65 67 70 71 76 80 89 93 98 99 103 106 111 116 136 146 155 156 158 159 164 173 175 177 179 188 189 191 194 212 217 218 219 227 228 235 236 242 243 252 255 256 261 265 278 279 
170 48 3 4 17 26 28 37 42 56 57 59 60 64 70 71 73 74 75 82 85 86 101 103 106 115 117 119 120 125 134 143 161 174 180 190 199 202 206 207 213 223 233 242 244 255 265 269 274 276 
171 55 4 8 14 16 25 27 28 34 39 43 45 50 60 63 64 77 79 83 92 93 97 99 102 103 106 110 116 140 142 143 152 157 166 173 175 176 181 185 200 206 209 219 222 228 236 245 248 252 264 265 270 271 272 274 275 
172 58 2 6 12 23 25 31 53 56 64 65 66 70 82 86 90 94 100 101 109 110 113 115 118 129 132 141 148 149 152 155 162 163 165 174 179 184 185 186 194 198 200 204 206 213 221 222 227 230 234 238 245 248 249 251 270 271 272 278 
173 60 0 23 24 29 31 33 36 46 51 52 60 65 67 69 73 83 85 94 96 106 110 111 114 116 119 124 130 131 132 134 138 141 151 157 161 164 169 171 175 178 185 197 198 202 212 216 219 222 224 225 235 237 238 248 249 253 256 264 268 269 
174 59 0 2 6 8 12 24 27 35 36 39 49 50 51 56 59 65 67 68 72 73 89 91 92 98 100 102 113 117 118 120 124 128 134 138 139 149 153 157 170 172 178 179 184 186 191 196 201 210 220 221 225 229 238 248 268 270 271 277 279 
175 58 0 11 20 23 25 28 32 33 34 36 42 43 50 55 60 66 71 73 74 79 85 87 91 99 106 107 112 116 125 131 140 147 163 164 169 171 173 178 184 185 190 199 201 204 212 214 218 228 230 241 244 253 258 262 264 267 268 277 
176 56 0 3 16 19 23 24 25 43 54 55 57 58 60 66 71 76 77 78 80 89 95 96 100 117 118 124 125 126 137 146 150 151 158 159 166 171 194 195 201 204 207 208 212 215 221 226 232 239 242 244 249 250 253 263 266 270 
177 55 2 7 40 43 49 53 54 59 62 63 67 72 73 75 76 83 86 88 97 103 111 112 124 125 126 129 131 134 136 141 142 144 147 148 150 153 156 162 169 178 184 194 202 205 208 218 221 231 243 244 245 257 259 265 268 
178 62 4 7 9 14 15 17 19 21 29 32 38 41 44 46 49 52 54 59 69 78 79 92 96 103 105 106 109 110 119 120 121 131 138 143 145 146 149 154 157 173 174 175 177 194 195 197 198 199 200 201 208 212 224 236 241 244 245 248 251 261 266 273 
179 55 6 11 12 15 18 19 20 23 29 34 43 44 47 48 55 57 60 74 91 93 97 99 110 112 115 118 127 129 137 150 152 157 158 162 169 172 174 185 186 191 196 197 207 209 229 231 235 244 249 264 267 268 273 275 277 
180 58 1 2 3 15 18 21 22 29 34 41 52 56 58 68 71 74 77 82 85 99 112 122 125 126 128 130 139 143 144 149 151 153 154 158 162 167 170 187 189 191 192 197 198 203 204 212 213 218 226 230 235 239 241 245 252 270 276 278 
181 48 0 13 17 28 30 31 34 35 42 47 62 63 69 71 72 76 84 86 97 98 104 106 107 108 123 126 136 138 141 150 153 159 164 166 171 194 202 203 205 206 212 219 244 252 260 272 278 279 
182 53 4 7 10 19 21 26 27 32 33 42 43 48 52 53 69 71 75 76 84 87 90 92 94 97 104 105 113 124 127 133 142 150 158 162 163 184 190 192 197 206 208 210 213 224 225 231 234 240 246 252 260 267 274 
183 61 0 8 21 24 25 34 38 41 55 56 57 63 65 71 73 75 76 80 84 87 89 90 92 93 99 100 101 104 118 121 133 134 136 148 157 160 163 186 187 190 191 197 198 215 220 222 227 231 239 242 247 248 250 255 258 261 262 263 266 267 278 
184 60 3 14 19 20 21 26 27 31 40 41 47 51 53 61 69 81 90 98 106 114 118 130 132 143 146 159 172 174 175 177 182 188 189 191 197 199 203 207 208 211 221 223 228 230 231 236 237 238 243 248 250 255 257 258 261 265 270 273 278 279 
185 53 0 2 13 31 35 52 54 59 61 75 79 80 81 85 99 108 111 115 124 131 153 157 163 165 167 171 172 173 175 179 188 190 196 206 209 210 213 223 226 232 234 235 238 243 249 250 253 255 261 265 269 273 279 
186 52 5 13 19 21 26 36 40 41 44 53 77 80 81 83 94 97 103 108 115 120 122 123 126 154 157 161 162 168 172 174 179 183 193 195 197 201 202 203 220 224 233 234 235 240 244 251 253 257 259 271 277 278 
187 53 22 23 34 35 36 40 41 44 50 52 53 64 68 76 80 83 94 95 96 99 101 107 112 118 124 129 132 142 144 145 146 154 156 161 162 164 166 167 180 183 188 198 199 201 202 205 210 229 231 234 244 266 279 
188 57 10 15 19 21 26 29 33 38 45 52 62 63 66 67 86 94 96 100 109 110 111 118 121 138 139 142 149 151 161 164 167 169 184 185 187 196 197 201 202 209 213 215 217 220 222 226 229 232 245 250 251 253 263 267 269 270 271 
189 63 2 5 9 21 24 26 30 31 34 37 38 41 50 52 58 61 62 65 71 73 78 89 95 98 101 102 108 109 114 130 132 133 139 141 146 147 156 160 161 166 167 168 169 180 184 193 202 206 216 227 230 232 240 241 246 249 257 258 262 266 273 275 279 
190 53 1 9 10 15 20 22 24 26 29 31 32 34 37 46 48 49 53 54 56 72 74 75 83 88 91 99 120 122 128 133 137 149 151 155 156 166 170 175 182 183 185 196 208 214 221 240 253 258 262 263 264 271 275 
191 57 3 5 7 12 14 21 31 34 35 36 41 46 54 58 61 65 75 80 86 91 93 99 100 101 105 111 113 117 118 134 151 153 154 155 160 164 166 169 174 179 180 183 184 206 210 211 213 221 223 229 239 241 244 254 258 276 278 
192 52 1 23 31 34 38 39 40 41 45 47 51 55 57 59 68 71 72 76 85 87 90 99 100 101 106 112 114 117 122 130 137 139 143 151 153 168 180 182 194 198 209 217 220 222 223 225 231 234 260 261 272 273 
193 63 1 3 6 10 14 15 21 26 28 30 33 34 41 46 67 71 73 74 76 86 87 89 93 99 103 106 118 119 122 123 130 135 137 143 144 145 150 155 157 159 163 164 165 167 186 189 194 196 208 218 220 221 223 233 234 235 249 250 251 263 265 267 279 
194 72 3 4 7 10 11 14 16 17 24 29 34 40 43 52 54 59 61 65 71 77 82 83 88 92 96 98 99 108 115 117 124 129 134 136 140 144 148 157 158 163 167 168 169 172 176 177 178 181 192 193 206 212 214 220 221 223 231 233 235 236 240 243 246 250 253 255 263 265 267 272 276 279 
195 59 6 8 12 13 14 18 23 25 29 31 41 43 51 56 58 63 71 72 73 75 76 77 83 93 95 100 102 109 112 116 117 119 133 156 157 161 168 176 178 186 196 200 202 209 210 215 221 223 237 238 239 246 247 259 266 268 270 278 279 
196 57 7 9 11 12 13 18 27 30 32 37 41 44 49 51 57 61 63 65 67 72 74 76 79 81 84 89 90 92 102 106 117 124 134 138 141 150 154 162 168 174 179 185 188 190 193 195 209 223 228 230 241 244 252 253 264 270 275 
197 58 0 2 6 11 15 17 22 43 45 48 49 50 63 68 72 79 93 102 112 113 118 134 136 139 143 160 163 166 173 178 179 180 182 183 184 186 188 198 199 203 207 209 217 225 228 231 232 237 239 240 241 243 244 246 248 249 254 263 
198 59 3 8 11 16 33 38 53 54 55 62 79 81 90 92 95 96 108 118 125 126 137 146 147 148 168 172 173 178 180 183 187 192 197 199 202 203 210 211 212 216 218 222 225 228 230 232 233 244 248 249 250 251 253 258 260 261 274 275 277 
199 70 1 3 5 11 12 15 17 19 28 35 38 40 42 54 56 58 60 64 68 70 71 75 81 100 102 103 109 118 125 128 129 131 132 135 138 139 141 156 161 167 170 175 178 184 187 197 198 202 214 219 220 223 225 228 229 232 236 237 245 246 251 254 255 256 260 266 267 268 269 270 
200 59 0 11 16 38 42 48 49 53 55 66 67 77 82 87 90 91 92 101 102 105 126 129 136 141 142 151 154 157 166 168 171 172 178 195 202 208 215 218 220 221 224 225 228 230 234 240 241 245 246 247 252 257 259 260 263 267 270 273 278 
201 58 3 21 22 25 30 31 36 46 50 51 55 67 69 71 72 73 76 79 80 81 83 88 92 94 100 105 114 116 118 123 125 126 127 130 138 145 155 158 166 168 174 175 176 178 186 187 188 209 212 220 221 222 223 231 242 247 270 276 
202 51 0 9 11 14 20 21 44 48 55 56 57 71 75 76 80 83 87 95 96 100 132 147 153 159 162 170 173 177 181 186 187 188 189 195 198 199 200 204 211 224 226 228 235 238 239 243 253 254 266 270 272 
203 55 4 5 18 22 26 28 31 37 42 54 56 58 69 71 76 79 81 85 91 103 104 109 114 116 117 118 120 126 138 141 142 149 156 180 181 184 186 197 198 206 216 223 227 233 234 240 246 247 255 257 258 260 262 263 267 
204 55 7 15 21 35 38 41 42 44 47 51 68 73 80 83 88 89 91 94 101 103 111 113 114 116 119 120 128 130 137 153 156 159 161 164 172 175 176 180 202 206 209 212 217 218 231 238 245 251 254 255 264 270 271 275 276 
205 44 0 22 24 27 31 32 39 41 42 45 49 52 54 66 67 68 72 85 91 93 95 97 103 104 105 131 134 150 152 155 160 162 177 181 187 211 216 223 240 251 271 274 275 276 
206 51 2 11 19 25 41 48 50 61 62 67 71 81 84 93 94 110 121 126 131 135 148 150 151 158 170 171 172 181 182 185 189 191 194 203 204 212 217 218 221 223 225 226 230 234 248 251 262 263 265 267 270 
207 62 1 4 5 10 19 23 26 36 37 41 46 55 59 63 67 76 89 90 93 94 102 105 111 114 120 121 123 130 137 141 146 147 149 154 157 160 162 166 168 170 176 179 184 197 208 212 213 214 216 225 228 235 238 251 253 256 261 264 265 270 272 274 
208 48 3 6 18 22 26 32 34 38 43 51 68 69 71 72 73 74 100 101 102 111 114 118 119 120 149 150 168 176 177 178 182 184 190 193 200 207 210 213 224 225 243 252 265 267 268 270 273 274 
209 54 11 13 14 15 18 32 36 37 43 47 51 57 65 74 98 101 104 105 114 123 126 131 140 141 150 151 156 157 171 179 185 188 192 195 196 197 201 204 222 224 228 229 231 232 238 241 247 254 256 257 260 267 269 277 
210 59 7 9 11 17 19 20 24 25 33 35 49 55 56 58 63 64 67 68 77 85 93 95 105 115 117 126 132 135 136 143 144 145 146 148 154 158 174 182 185 187 191 195 198 208 211 217 218 220 223 229 235 240 242 247 248 262 263 266 268 
211 55 3 5 7 9 13 22 26 30 31 33 36 64 66 68 70 76 82 85 90 99 101 104 109 113 115 121 140 145 152 155 158 159 160 161 167 184 191 198 202 205 210 214 217 221 229 230 233 237 242 249 250 252 270 273 277 
212 62 2 4 8 10 22 30 38 58 63 75 80 82 83 89 95 96 104 106 107 116 117 118 120 121 122 124 126 127 134 147 150 152 157 164 169 173 175 176 178 180 181 194 198 201 204 206 207 227 228 229 232 247 250 254 260 262 267 271 272 277 278 279 
213 57 1 2 3 4 8 9 10 13 16 23 35 43 54 57 68 71 80 83 86 89 90 93 95 96 105 111 119 120 121 123 124 128 131 134 138 139 153 168 170 172 180 182 185 188 191 207 208 225 228 229 232 255 257 260 265 269 273 
214 53 0 1 3 10 11 13 15 23 33 36 39 41 46 56 64 90 91 102 108 110 112 114 124 129 135 147 151 157 159 175 190 194 199 207 211 215 216 222 226 228 232 233 237 242 248 250 253 265 268 269 274 276 279 
215 52 1 2 3 4 8 19 24 25 30 32 40 45 56 59 64 72 73 75 87 88 90 104 105 107 110 114 117 122 130 131 138 142 151 154 159 164 176 183 188 195 200 214 218 237 244 245 250 253 256 272 276 278 
216 54 0 2 8 13 18 22 23 34 35 39 41 43 51 60 62 63 64 65 66 67 69 88 90 93 108 110 111 119 122 124 125 134 151 152 155 157 162 173 189 198 203 205 207 214 217 219 224 229 230 247 254 265 270 276 
217 49 0 1 2 5 11 14 26 35 38 42 47 48 49 61 63 65 68 74 75 82 87 115 117 135 143 144 155 156 160 169 188 192 197 204 206 210 211 216 221 232 238 244 245 249 252 258 270 271 273 
218 61 4 6 9 13 14 15 20 23 26 40 41 45 72 73 80 100 102 104 106 107 108 115 116 123 124 126 131 137 141 142 143 146 154 155 156 164 166 169 175 177 180 193 198 200 204 206 210 215 219 227 237 250 251 257 258 259 260 261 264 270 279 
219 56 3 7 12 13 18 19 20 23 28 36 39 41 42 48 56 59 61 63 67 69 72 74 84 85 93 95 107 117 125 135 138 141 154 159 164 168 169 171 173 181 199 216 218 221 224 225 227 237 242 246 251 257 265 270 276 278 
220 56 0 2 3 5 12 15 25 26 27 28 34 35 36 46 50 56 57 61 67 78 80 88 97 101 110 133 134 139 141 145 153 154 161 167 174 183 186 188 192 193 194 199 200 201 210 223 236 238 243 244 248 249 251 253 254 266 
221 61 10 11 18 35 39 40 42 44 52 55 61 66 71 74 80 88 89 93 105 122 126 134 136 138 140 142 144 145 151 155 158 162 163 172 174 176 177 184 190 191 193 194 195 200 201 206 211 217 219 227 229 237 247 249 254 264 271 272 273 276 277 
222 55 1 11 16 20 25 30 33 37 39 40 41 45 47 48 50 51 52 59 76 77 82 84 89 97 100 104 116 130 134 137 150 154 165 168 171 172 173 183 188 192 198 201 209 214 224 227 235 245 249 250 256 261 264 268 271 
223 53 9 10 21 24 26 32 36 42 48 51 71 74 86 87 89 91 100 103 105 124 129 130 138 143 144 145 154 161 170 184 185 191 192 193 194 195 196 199 201 203 205 206 210 220 229 242 249 253 255 256 265 267 276 
224 56 4 7 11 16 19 22 27 33 39 42 46 48 49 56 72 74 75 77 81 82 94 100 110 114 115 126 127 129 134 144 149 152 153 156 167 173 178 182 186 200 202 208 209 216 219 222 229 238 239 246 250 254 257 259 262 269 
225 61 10 11 25 28 29 32 44 50 53 58 65 67 68 72 73 74 75 79 84 87 91 94 106 146 154 155 156 157 159 160 162 164 165 167 168 173 174 182 192 197 198 199 200 206 207 208 213 219 226 229 235 236 237 242 250 257 261 264 265 268 275 
226 63 2 5 11 15 16 17 19 23 26 30 33 39 41 44 45 47 49 52 60 61 66 73 78 85 89 92 103 107 108 110 118 128 137 140 144 147 150 159 164 176 180 185 188 202 206 214 225 228 230 238 244 245 246 248 254 257 258 259 270 271 273 276 277 
227 53 12 13 14 35 37 40 47 49 51 57 60 66 67 68 73 84 90 97 106 109 117 120 124 134 143 144 145 149 151 163 166 167 168 169 172 183 189 203 212 218 219 221 222 228 231 238 245 249 251 252 256 257 259 
228 52 0 14 17 21 44 46 55 56 57 67 73 74 78 83 84 86 97 105 106 118 120 124 143 146 149 155 162 165 169 171 175 184 196 197 198 199 200 202 207 209 212 213 214 226 227 237 240 245 247 261 263 275 
229 65 1 15 16 18 21 32 38 41 42 44 53 59 64 69 73 76 80 82 83 88 92 98 105 113 114 118 119 121 124 125 126 138 139 146 154 161 163 174 179 187 188 191 199 209 210 211 212 213 216 221 223 224 225 231 237 239 243 244 249 251 252 257 269 272 276 
230 49 2 11 12 14 20 22 32 42 65 68 69 70 74 92 97 99 101 107 114 117 125 130 133 138 142 152 154 162 172 175 180 184 189 196 198 200 206 211 216 226 232 233 238 243 254 259 264 269 270 
231 51 0 9 22 26 49 50 53 56 63 67 70 81 85 93 95 100 104 105 109 111 118 121 123 124 128 149 162 163 167 177 179 182 183 184 187 192 194 197 201 204 209 227 229 234 246 247 249 250 255 258 275 
232 61 0 4 5 9 20 21 23 31 33 34 37 38 43 44 60 65 73 77 81 83 93 96 110 112 115 116 119 126 138 143 147 150 157 161 166 167 176 185 188 189 197 198 199 209 212 213 214 217 230 236 244 248 249 252 253 257 262 269 277 278 279 
233 51 7 8 10 18 21 30 46 47 50 53 74 90 94 96 99 100 102 110 114 117 120 147 148 149 150 151 157 161 164 167 168 170 186 193 194 198 203 211 214 230 237 243 244 245 247 256 259 263 267 269 272 
234 62 5 12 13 14 21 25 30 35 36 41 45 47 53 57 61 66 71 72 75 78 79 87 96 98 101 104 106 109 114 120 123 130 131 136 138 142 148 151 155 160 165 166 172 182 185 186 187 192 193 200 203 206 231 236 239 248 255 256 258 273 277 279 
235 54 5 6 10 15 23 30 33 34 42 46 48 52 58 63 66 67 69 74 79 98 101 103 105 106 119 122 129 131 140 142 143 144 150 151 156 169 173 179 180 185 186 193 194 202 207 210 222 225 242 249 255 259 275 276 
236 60 1 6 8 12 18 19 22 23 24 28 34 35 36 37 49 51 55 59 66 67 75 76 78 84 87 88 98 103 112 113 117 122 130 131 140 146 150 155 162 165 166 169 171 178 184 194 199 220 225 232 234 238 241 243 248 253 254 262 267 279 
237 60 1 11 12 14 24 27 28 39 41 42 43 48 51 66 69 71 84 97 102 108 118 119 121 122 129 130 131 136 138 149 151 158 161 165 167 173 184 195 197 199 211 214 215 218 219 221 225 228 229 233 240 247 251 256 257 267 268 269 271 274 
238 55 0 2 7 16 20 27 29 33 38 42 43 49 51 52 58 60 64 72 73 81 82 87 88 100 101 102 110 114 119 126 142 146 157 172 173 174 184 185 195 202 204 207 209 217 220 224 226 227 230 236 239 264 272 274 277 
239 57 0 8 10 14 15 21 22 29 32 40 41 51 56 70 77 81 87 91 97 101 106 115 116 117 123 128 129 133 135 136 142 144 149 151 154 155 176 180 183 191 195 197 202 224 229 234 238 242 255 260 263 266 267 270 271 275 278 
240 50 3 5 6 8 22 34 39 40 43 47 59 60 70 73 76 82 88 91 94 100 103 111 112 116 123 124 134 140 141 157 159 162 167 182 186 189 190 194 197 200 203 205 210 228 237 250 254 255 264 271 
241 49 3 5 13 20 26 29 33 41 43 48 50 53 70 71 75 81 82 85 89 93 108 111 114 122 140 143 153 156 165 166 175 178 180 189 191 196 197 200 209 236 242 245 246 247 257 262 264 275 276 
242 50 4 5 8 9 11 21 26 29 33 39 41 49 59 84 87 92 97 101 107 110 111 117 131 139 144 154 159 162 169 170 176 183 201 210 211 214 219 223 225 235 239 241 247 248 251 252 254 255 267 270 
243 57 1 3 8 15 20 30 33 36 40 43 45 49 66 70 74 76 79 87 94 95 96 104 108 115 118 119 121 128 130 132 133 134 135 138 140 149 158 159 161 169 177 184 185 194 197 202 208 220 229 230 233 236 250 254 267 268 279 
244 56 18 29 31 37 47 49 52 54 64 66 69 72 74 76 80 84 85 92 100 102 103 112 119 127 135 136 145 146 152 153 170 175 176 177 178 179 181 186 187 191 196 197 198 215 217 220 226 229 232 233 256 262 264 265 268 273 
245 58 7 18 19 20 26 33 38 39 41 45 47 50 53 56 63 70 73 83 85 87 88 92 93 102 111 127 131 137 143 148 149 152 161 171 172 177 178 180 188 199 200 204 215 217 222 226 227 228 233 241 246 247 254 256 264 267 270 272 
246 53 8 22 23 27 33 34 42 44 46 54 58 61 62 67 77 79 85 86 88 90 94 110 112 116 124 130 138 143 144 146 152 158 159 160 182 189 194 195 197 199 200 203 219 224 226 231 241 245 256 258 261 277 279 
247 46 2 5 7 8 9 27 28 30 31 32 41 57 61 68 89 104 107 111 113 117 133 140 145 152 159 162 168 183 195 200 201 203 209 210 212 216 221 228 231 233 237 241 242 245 257 264 
248 60 22 29 33 35 39 43 49 50 54 56 58 67 71 72 76 79 80 82 88 92 93 98 101 104 108 111 117 119 127 129 137 138 141 142 146 162 171 172 173 174 178 183 184 197 198 206 210 214 220 226 232 234 236 242 250 253 258 262 275 276 
249 61 7 10 16 19 23 28 37 49 53 59 61 62 76 81 84 88 91 95 98 114 116 119 121 125 129 134 142 147 148 153 159 160 162 163 167 172 173 176 179 185 189 193 197 198 211 217 220 221 222 223 227 229 231 232 235 254 256 264 266 267 276 
250 55 2 11 15 39 41 44 48 49 50 52 56 59 63 66 70 75 96 106 113 114 117 129 131 132 133 138 145 159 160 176 183 184 185 188 193 194 198 211 212 214 215 218 222 224 225 231 240 243 248 255 259 262 263 274 276 
251 56 5 8 10 15 17 20 23 32 35 40 43 45 50 62 63 66 67 71 75 79 81 88 90 92 99 101 106 108 111 123 125 130 138 153 172 178 186 188 193 198 199 204 205 206 207 218 219 220 227 229 237 242 258 263 269 278 
252 43 3 11 17 24 30 33 41 56 78 80 84 88 94 101 105 116 117 122 134 140 162 164 167 169 171 180 181 182 196 200 208 211 217 227 229 232 242 254 262 268 273 278 279 
253 62 2 4 5 8 16 24 33 36 40 43 48 51 53 54 56 59 61 63 73 75 79 82 84 89 93 94 102 122 123 142 143 150 151 153 156 159 165 168 173 175 176 185 186 188 190 194 196 198 202 207 214 215 220 223 232 236 248 254 255 261 278 279 
254 55 6 10 12 14 17 26 30 45 64 71 77 80 81 92 95 98 102 103 109 111 112 113 119 124 128 134 139 140 150 151 164 168 191 197 199 202 204 209 212 216 220 221 224 226 230 236 240 242 243 245 249 252 253 277 279 
255 59 3 4 9 10 12 18 21 23 32 34 47 50 52 71 78 85 86 99 100 103 106 107 109 111 117 119 126 134 135 137 147 150 157 159 160 161 163 169 170 183 184 185 194 199 203 204 213 223 231 234 235 239 240 242 250 253 263 264 275 
256 55 12 30 53 55 58 61 62 68 71 74 75 84 87 94 97 98 100 102 104 106 107 121 125 128 130 133 134 135 141 143 144 153 155 159 168 169 173 199 207 209 215 222 223 227 233 234 237 244 245 246 249 264 269 270 273 
257 57 12 14 27 33 35 40 49 51 54 66 67 68 69 77 86 89 102 105 109 111 114 122 128 139 141 152 154 162 166 177 184 186 189 200 203 209 213 218 219 224 225 226 227 229 232 237 241 247 258 260 266 268 270 271 272 273 277 
258 52 14 17 24 36 49 52 60 61 66 76 79 85 86 98 101 102 107 109 115 119 124 133 136 137 138 140 141 142 145 154 155 161 175 183 184 189 190 191 198 203 217 218 226 231 234 246 248 251 257 264 275 278 
259 46 4 20 21 28 33 38 46 50 64 66 74 76 78 84 88 94 99 100 106 110 111 113 114 123 126 131 137 139 140 150 154 163 167 177 186 195 200 218 224 226 227 230 233 235 250 260 
260 49 3 4 6 9 19 30 34 36 38 45 46 50 55 59 60 62 73 80 101 103 108 115 125 132 134 137 138 143 145 147 148 152 167 181 182 192 198 199 200 203 209 212 213 218 239 257 259 262 276 
261 52 8 17 18 36 38 42 43 48 59 61 63 64 68 70 72 73 81 85 89 92 94 104 106 107 109 110 113 115 120 131 143 148 151 152 165 169 178 183 184 185 192 198 207 218 222 225 228 246 253 265 275 277 
262 54 1 12 20 24 47 54 55 58 59 61 64 68 77 81 82 90 99 100 103 105 107 112 114 121 125 132 139 146 150 157 167 168 175 183 189 190 203 206 210 212 224 232 236 241 244 248 250 252 260 263 265 270 271 277 
263 51 2 5 23 24 27 36 38 48 50 53 57 64 72 73 75 83 88 94 96 103 111 113 114 128 135 147 151 159 161 176 183 188 190 193 194 197 200 203 206 210 228 233 239 250 251 255 262 266 268 269 278 
264 65 8 11 12 15 17 20 28 33 40 43 44 47 48 49 52 57 59 60 69 72 73 80 88 90 94 97 100 108 117 120 124 126 130 135 140 142 147 153 158 171 173 175 179 190 196 204 207 218 221 222 225 230 238 240 241 244 245 247 249 255 256 258 267 271 274 
265 51 2 6 17 24 27 32 33 37 41 47 61 74 78 79 104 108 111 114 120 122 124 130 138 139 154 155 159 162 169 170 171 177 184 185 193 194 206 207 208 213 214 216 219 223 225 244 261 262 271 272 276 
266 50 3 15 22 26 30 33 40 42 64 67 73 74 77 78 90 97 106 110 120 125 126 129 131 132 133 134 141 144 151 152 154 156 162 164 168 176 178 183 187 189 195 199 202 210 220 239 249 257 263 268 
267 57 0 4 12 14 26 32 40 44 49 51 70 71 78 79 81 86 89 91 98 103 108 109 122 129 130 131 133 140 151 153 167 175 179 182 183 188 193 194 199 200 203 206 208 209 212 223 233 236 237 239 242 243 245 249 264 268 272 
268 55 7 13 16 18 19 29 31 33 34 39 46 51 54 57 61 73 76 78 79 86 87 89 90 95 99 108 121 127 135 143 150 153 158 173 174 175 177 179 195 199 208 210 214 222 225 237 243 244 252 257 263 266 267 275 277 
269 59 0 2 5 6 13 19 20 24 28 31 33 35 37 41 50 52 63 69 71 78 88 90 93 95 110 117 119 124 125 127 134 135 139 140 142 149 153 155 156 158 170 173 185 188 199 209 213 214 224 229 230 232 233 237 251 256 263 274 275 
270 64 0 5 13 17 22 24 26 36 38 39 41 44 46 59 61 64 66 78 79 87 94 102 112 113 114 115 124 132 136 142 144 150 163 171 172 174 176 180 184 188 195 196 199 200 201 202 204 206 207 208 211 216 217 218 219 226 230 239 242 245 256 257 262 275 
271 53 4 7 11 18 19 25 27 39 49 56 62 66 68 71 78 81 86 94 95 96 103 105 107 110 115 117 122 126 132 144 146 155 157 171 172 174 186 188 190 204 205 212 217 221 222 226 237 239 240 257 262 264 265 
272 58 3 7 9 11 14 19 20 21 24 25 42 45 52 59 60 61 63 65 66 73 77 83 88 92 96 103 114 125 126 128 133 140 141 147 152 156 157 159 166 171 172 181 192 194 202 207 212 215 221 229 233 238 245 257 265 267 274 276 
273 61 1 4 8 19 29 30 36 38 43 54 55 57 58 59 68 69 70 72 77 79 87 88 91 93 95 106 108 111 115 117 125 142 143 146 150 153 154 157 161 163 164 166 178 179 184 185 189 192 200 208 211 213 217 221 226 234 244 252 256 257 279 
274 53 2 9 18 27 31 33 35 41 43 47 57 66 68 70 75 79 81 83 84 85 88 89 92 94 96 100 103 109 110 113 116 123 137 138 142 147 165 167 170 171 182 198 205 207 208 214 237 238 250 264 269 272 279 
275 67 3 4 5 11 13 24 25 26 35 40 44 49 55 62 64 65 69 77 78 79 98 102 105 106 107 108 114 115 116 130 133 135 136 137 141 144 150 151 152 154 156 159 163 168 171 179 189 190 196 198 204 205 225 228 231 235 239 241 248 255 258 261 268 269 270 277 278 
276 53 0 5 13 15 21 26 33 42 57 60 66 82 85 86 91 100 106 112 121 138 141 143 147 149 151 155 161 164 165 170 180 191 194 201 204 205 214 215 216 219 221 223 226 229 235 241 248 249 250 260 265 272 277 
277 61 1 3 14 16 27 29 34 35 38 42 44 50 61 63 64 66 67 79 80 88 97 106 107 111 114 116 124 126 128 130 141 146 151 152 156 158 160 164 166 174 175 179 186 198 209 211 212 221 226 232 234 238 246 254 257 261 262 268 275 276 278 
278 55 6 13 18 19 45 46 48 52 54 57 62 66 75 85 86 88 93 97 101 102 103 106 119 128 129 132 133 136 138 139 155 159 169 172 180 181 183 184 186 191 195 200 212 215 219 232 239 251 252 253 258 263 275 277 279 
279 61 2 6 12 23 27 31 34 49 56 58 62 63 68 70 71 73 80 81 82 91 106 110 112 113 114 117 125 126 127 130 136 140 144 149 154 155 167 169 174 181 184 185 187 189 193 194 195 212 214 218 232 234 236 243 246 252 253 254 273 274 278 
