280 610
0 3 81 173 175 
1 3 55 118 133 
2 9 51 126 146 152 167 172 247 253 269 
3 1 214 
4 3 79 117 170 
5 4 73 81 207 234 
6 4 15 73 101 174 
7 3 136 233 268 
8 4 52 55 68 233 
9 4 60 114 145 156 
10 10 58 60 85 88 91 115 131 235 239 251 
11 4 61 95 230 272 
12 0 
13 2 270 276 
14 5 46 72 79 209 217 
15 3 6 68 77 
16 3 92 253 277 
17 1 129 
18 5 24 42 72 79 245 
19 2 56 101 
20 6 95 128 202 251 262 269 
21 4 146 180 191 239 
22 6 56 134 161 180 224 266 
23 7 70 120 141 142 145 214 216 
24 5 18 85 162 270 275 
25 3 80 99 115 
26 1 182 
27 2 88 263 
28 2 125 144 
29 5 73 100 112 126 141 
30 2 75 140 
31 5 73 114 137 153 168 
32 6 71 141 178 209 230 239 
33 4 94 242 248 276 
34 2 236 255 
35 6 72 85 161 204 220 257 
36 4 82 145 219 273 
37 3 56 133 148 
38 5 43 153 167 204 260 
39 1 132 
40 4 105 147 221 253 
41 9 61 91 137 153 189 191 219 222 226 
42 3 18 69 276 
43 4 38 166 243 253 
44 9 52 60 70 102 146 158 186 196 232 
45 7 97 125 128 171 192 245 260 
46 4 14 125 178 233 
47 4 70 120 136 262 
48 1 60 
49 4 196 236 275 279 
50 2 145 171 
51 5 2 55 119 165 253 
52 5 8 44 115 173 194 
53 3 157 165 186 
54 2 57 130 
55 7 1 8 51 111 130 179 200 
56 4 19 22 37 214 
57 2 54 263 
58 2 10 191 
59 9 77 111 124 146 170 178 207 250 260 
60 5 9 10 44 48 179 
61 6 11 41 97 116 234 268 
62 2 249 256 
63 5 197 216 231 253 269 
64 1 70 
65 3 117 140 159 
66 1 115 
67 3 96 167 266 
68 9 8 15 77 105 108 147 180 187 279 
69 3 42 80 105 
70 7 23 44 47 64 114 131 261 
71 3 32 110 194 
72 6 14 18 35 116 248 264 
73 9 5 6 29 31 108 113 218 264 279 
74 8 93 153 180 221 230 233 244 256 
75 7 30 82 84 144 163 177 190 
76 2 130 248 
77 6 15 59 68 91 246 273 
78 3 111 228 255 
79 6 4 14 18 105 114 171 
80 5 25 69 201 212 220 
81 10 0 5 90 138 150 201 232 241 261 267 
82 4 36 75 211 241 
83 5 100 101 136 139 201 
84 4 75 146 164 227 
85 10 10 24 35 94 131 159 168 173 244 246 
86 4 108 118 124 228 
87 5 109 111 117 157 242 
88 4 10 27 248 263 
89 1 253 
90 8 81 108 125 130 183 216 246 262 
91 3 10 41 77 
92 2 16 251 
93 2 74 278 
94 3 33 85 159 
95 9 11 20 97 109 131 134 147 213 219 
96 4 67 103 152 213 
97 5 45 61 95 220 222 
98 1 248 
99 1 25 
100 5 29 83 103 223 259 
101 9 6 19 83 102 106 110 187 191 211 
102 8 44 101 199 200 245 256 257 278 
103 4 96 100 199 267 
104 0 
105 8 40 68 69 79 153 191 200 275 
106 4 101 111 225 279 
107 4 137 242 262 271 
108 6 68 73 86 90 186 237 
109 5 87 95 195 231 261 
110 3 71 101 232 
111 7 55 59 78 87 106 123 136 
112 3 29 164 180 
113 3 73 138 229 
114 8 9 31 70 79 147 203 208 241 
115 8 10 25 52 66 119 121 194 275 
116 2 61 72 
117 5 4 65 87 139 247 
118 3 1 86 135 
119 3 51 115 243 
120 6 23 47 204 213 261 265 
121 5 115 137 146 152 276 
122 1 127 
123 3 111 132 193 
124 13 59 86 128 138 146 151 154 174 177 214 229 258 264 
125 6 28 45 46 90 153 198 
126 8 2 29 145 147 180 181 209 212 
127 3 122 145 179 
128 4 20 45 124 226 
129 3 17 138 266 
130 5 54 55 76 90 215 
131 8 10 70 85 95 139 152 236 267 
132 4 39 123 157 199 
133 2 1 37 
134 6 22 95 140 173 197 249 
135 5 118 219 264 269 275 
136 7 7 47 83 111 148 194 270 
137 6 31 41 107 121 198 222 
138 6 81 113 124 129 149 251 
139 6 83 117 131 174 180 242 
140 4 30 65 134 240 
141 6 23 29 32 161 177 200 
142 1 23 
143 3 164 193 246 
144 4 28 75 180 193 
145 8 9 23 36 50 126 127 220 247 
146 9 2 21 44 59 84 121 124 273 277 
147 7 40 68 95 114 126 260 276 
148 3 37 136 261 
149 1 138 
150 3 81 196 209 
151 2 124 227 
152 5 2 96 121 131 272 
153 7 31 38 41 74 105 125 273 
154 5 124 210 219 266 275 
155 2 157 265 
156 1 9 
157 6 53 87 132 155 174 179 
158 3 44 162 176 
159 5 65 85 94 176 253 
160 0 
161 5 22 35 141 211 220 
162 4 24 158 247 266 
163 1 75 
164 4 84 112 143 175 
165 3 51 53 237 
166 4 43 191 200 234 
167 6 2 38 67 187 199 225 
168 2 31 85 
169 2 188 236 
170 4 4 59 174 180 
171 5 45 50 79 175 176 
172 2 2 198 
173 6 0 52 85 134 238 248 
174 5 6 124 139 157 170 
175 7 0 164 171 178 190 212 214 
176 4 158 159 171 253 
177 5 75 124 141 194 245 
178 4 32 46 59 175 
179 5 55 60 127 157 185 
180 11 21 22 68 74 112 126 139 144 170 245 276 
181 1 126 
182 1 26 
183 1 90 
184 6 203 223 231 258 270 279 
185 6 179 196 209 238 243 253 
186 3 44 53 108 
187 4 68 101 167 199 
188 2 169 250 
189 2 41 206 
190 3 75 175 253 
191 7 21 41 58 101 105 166 221 
192 1 45 
193 4 123 143 144 267 
194 5 52 71 115 136 177 
195 1 109 
196 4 44 49 150 185 
197 4 63 134 239 263 
198 6 125 137 172 203 230 277 
199 7 102 103 132 167 187 232 251 
200 8 55 102 105 141 166 260 263 270 
201 4 80 81 83 222 
202 1 20 
203 5 114 184 198 216 267 
204 5 35 38 120 238 251 
205 2 223 274 
206 2 189 251 
207 4 5 59 208 251 
208 4 114 207 224 270 
209 6 14 32 126 150 185 241 
210 3 154 218 248 
211 5 82 101 161 237 270 
212 3 80 126 175 
213 3 95 96 120 
214 5 3 23 56 124 175 
215 2 130 250 
216 5 23 63 90 203 217 
217 3 14 216 258 
218 2 73 210 
219 6 36 41 95 135 154 221 
220 6 35 80 97 145 161 243 
221 6 40 74 191 219 229 271 
222 5 41 97 137 201 250 
223 3 100 184 205 
224 2 22 208 
225 3 106 167 237 
226 2 41 128 
227 2 84 151 
228 3 78 86 240 
229 6 113 124 221 237 244 276 
230 5 11 32 74 198 269 
231 3 63 109 184 
232 5 44 81 110 199 244 
233 4 7 8 46 74 
234 4 5 61 166 256 
235 1 10 
236 5 34 49 131 169 279 
237 6 108 165 211 225 229 256 
238 6 173 185 204 264 272 277 
239 5 10 21 32 197 242 
240 2 140 228 
241 5 81 82 114 209 246 
242 5 33 87 107 139 239 
243 5 43 119 185 220 250 
244 4 74 85 229 232 
245 6 18 45 102 177 180 256 
246 5 77 85 90 143 241 
247 4 2 117 145 162 
248 7 33 72 76 88 98 173 210 
249 2 62 134 
250 6 59 188 215 222 243 259 
251 10 10 20 92 138 199 204 206 207 258 278 
252 0 
253 11 2 16 40 43 51 63 89 159 176 185 190 
254 0 
255 2 34 78 
256 6 62 74 102 234 237 245 
257 3 35 102 277 
258 4 124 184 217 251 
259 2 100 250 
260 5 38 45 59 147 200 
261 5 70 81 109 120 148 
262 6 20 47 90 107 270 271 
263 5 27 57 88 197 200 
264 6 72 73 124 135 238 267 
265 2 120 155 
266 5 22 67 129 154 162 
267 6 81 103 131 193 203 264 
268 2 7 61 
269 5 2 20 63 135 230 
270 8 13 24 136 184 200 208 211 262 
271 3 107 221 262 
272 3 11 152 238 
273 4 36 77 146 153 
274 1 205 
275 7 24 49 105 115 135 154 277 
276 8 13 33 42 121 147 180 229 277 
277 7 16 146 198 238 257 275 276 
278 3 93 102 251 
279 6 49 68 73 106 184 236 
