280 784
0 2 220 278 
1 6 27 171 221 233 235 250 
2 0 
3 9 6 32 52 67 69 119 224 272 274 
4 7 42 75 95 101 154 169 265 
5 6 62 100 118 200 203 216 
6 7 3 33 38 84 111 143 196 
7 2 147 279 
8 9 33 64 72 73 101 114 195 210 237 
9 5 52 195 236 245 271 
10 11 83 125 153 163 184 219 241 244 249 264 275 
11 5 19 79 85 161 199 
12 5 58 162 214 216 264 
13 7 85 125 182 247 253 275 278 
14 6 33 107 133 147 208 234 
15 4 114 186 242 268 
16 6 40 66 127 147 151 268 
17 4 96 140 271 278 
18 4 99 141 145 161 
19 6 11 37 93 141 193 255 
20 7 142 166 216 226 254 258 279 
21 1 164 
22 5 31 128 145 268 278 
23 4 102 146 211 231 
24 5 70 97 148 154 209 
25 6 38 59 89 110 208 272 
26 5 29 76 145 228 250 
27 9 1 96 141 145 148 177 222 243 248 
28 7 131 139 256 262 268 276 279 
29 1 26 
30 9 51 52 130 134 164 169 184 233 272 
31 4 22 179 184 223 
32 7 3 47 89 143 210 246 260 
33 13 6 8 14 35 50 74 88 105 122 125 230 268 276 
34 7 50 51 125 194 243 260 264 
35 9 33 37 41 64 100 106 114 261 270 
36 4 91 106 209 247 
37 3 19 35 261 
38 7 6 25 65 134 148 151 258 
39 7 59 113 151 159 212 217 275 
40 3 16 162 241 
41 5 35 123 149 231 264 
42 2 4 153 
43 5 165 199 200 209 236 
44 4 58 63 118 222 
45 5 92 134 191 196 205 
46 6 58 66 106 126 137 250 
47 6 32 60 80 99 162 191 
48 4 95 120 168 257 
49 4 69 150 243 247 
50 4 33 34 203 268 
51 8 30 34 78 162 176 207 241 263 
52 7 3 9 30 137 164 199 251 
53 6 97 199 203 227 263 279 
54 3 105 113 142 
55 2 171 190 
56 7 106 125 153 182 185 245 271 
57 6 77 80 158 171 252 274 
58 5 12 44 46 113 117 
59 6 25 39 87 128 195 237 
60 7 47 92 157 173 182 217 258 
61 6 101 162 163 176 233 252 
62 7 5 81 177 230 255 258 274 
63 5 44 104 162 187 212 
64 6 8 35 79 127 149 222 
65 5 38 96 108 217 262 
66 8 16 46 69 70 125 129 221 261 
67 3 3 206 267 
68 5 89 171 179 214 236 
69 8 3 49 66 97 100 130 150 171 
70 8 24 66 121 157 158 167 169 175 
71 3 127 221 250 
72 4 8 89 113 124 
73 5 8 96 128 159 263 
74 4 33 102 218 271 
75 6 4 142 211 229 242 269 
76 7 26 84 105 173 266 277 279 
77 5 57 79 172 186 233 
78 2 51 263 
79 3 11 64 77 
80 8 47 57 162 191 210 232 235 248 
81 5 62 111 120 178 196 
82 3 125 178 245 
83 3 10 132 220 
84 3 6 76 216 
85 6 11 13 111 185 244 249 
86 6 90 122 203 214 217 268 
87 3 59 105 255 
88 3 33 119 271 
89 9 25 32 68 72 108 164 173 186 199 
90 6 86 106 111 114 237 250 
91 2 36 235 
92 8 45 60 147 191 203 232 246 260 
93 3 19 268 272 
94 4 154 165 179 208 
95 5 4 48 146 162 204 
96 8 17 27 65 73 103 134 255 278 
97 8 24 53 69 140 184 229 233 254 
98 3 174 259 278 
99 4 18 47 124 163 
100 8 5 35 69 104 115 130 184 276 
101 8 4 8 61 125 144 155 170 258 
102 8 23 74 104 106 111 211 218 253 
103 4 96 170 179 238 
104 7 63 100 102 107 164 191 208 
105 7 33 54 76 87 124 165 272 
106 8 35 36 46 56 90 102 205 216 
107 5 14 104 188 221 276 
108 5 65 89 176 225 248 
109 3 115 121 150 
110 3 25 156 227 
111 8 6 81 85 90 102 127 135 253 
112 4 118 179 225 256 
113 7 39 54 58 72 135 219 256 
114 6 8 15 35 90 181 201 
115 4 100 109 209 213 
116 3 123 146 186 
117 3 58 174 199 
118 7 5 44 112 166 170 182 199 
119 8 3 88 128 162 174 181 196 263 
120 7 48 81 131 171 205 246 266 
121 5 70 109 133 138 190 
122 4 33 86 160 231 
123 6 41 116 139 241 258 260 
124 8 72 99 105 143 159 212 221 247 
125 14 10 13 33 34 56 66 82 101 140 142 179 205 242 247 
126 2 46 176 
127 5 16 64 71 111 236 
128 9 22 59 73 119 139 157 224 254 263 
129 2 66 223 
130 6 30 69 100 144 163 175 
131 6 28 120 133 141 211 253 
132 5 83 135 189 199 216 
133 5 14 121 131 150 151 
134 6 30 38 45 96 187 250 
135 7 111 113 132 154 163 172 278 
136 3 178 240 256 
137 5 46 52 166 168 205 
138 3 121 232 255 
139 9 28 123 128 140 175 197 226 252 259 
140 5 17 97 125 139 164 
141 8 18 19 27 131 154 214 233 274 
142 10 20 54 75 125 192 196 220 248 253 277 
143 4 6 32 124 258 
144 4 101 130 156 188 
145 5 18 22 26 27 245 
146 6 23 95 116 184 240 270 
147 6 7 14 16 92 156 253 
148 6 24 27 38 152 261 263 
149 3 41 64 157 
150 7 49 69 109 133 151 178 259 
151 6 16 38 39 133 150 220 
152 5 148 197 212 220 279 
153 6 10 42 56 163 192 272 
154 8 4 24 94 135 141 199 203 242 
155 5 101 176 188 206 268 
156 4 110 144 147 165 
157 5 60 70 128 149 168 
158 4 57 70 247 248 
159 3 39 73 124 
160 5 122 181 209 213 275 
161 3 11 18 207 
162 12 12 40 47 51 61 63 80 95 119 196 211 232 
163 6 10 61 99 130 135 153 
164 9 21 30 52 89 104 140 169 211 250 
165 8 43 94 105 156 210 215 250 273 
166 3 20 118 137 
167 3 70 172 174 
168 5 48 137 157 231 234 
169 5 4 30 70 164 218 
170 7 101 103 118 198 204 227 238 
171 7 1 55 57 68 69 120 177 
172 6 77 135 167 177 216 246 
173 4 60 76 89 230 
174 5 98 117 119 167 271 
175 5 70 130 139 243 262 
176 7 51 61 108 126 155 200 262 
177 7 27 62 171 172 204 206 239 
178 6 81 82 136 150 207 256 
179 6 31 68 94 103 112 125 
180 1 252 
181 6 114 119 160 213 244 264 
182 8 13 56 60 118 203 231 234 246 
183 1 222 
184 13 10 30 31 97 100 146 191 192 201 223 234 237 250 
185 2 56 85 
186 5 15 77 89 116 236 
187 3 63 134 213 
188 4 107 144 155 252 
189 3 132 215 261 
190 4 55 121 201 205 
191 8 45 47 80 92 104 184 219 237 
192 6 142 153 184 213 262 271 
193 3 19 204 234 
194 3 34 221 237 
195 6 8 9 59 204 220 268 
196 9 6 45 81 119 142 162 209 246 262 
197 4 139 152 203 270 
198 3 170 211 239 
199 9 11 43 52 53 89 117 118 132 154 
200 5 5 43 176 207 264 
201 3 114 184 190 
202 0 
203 11 5 50 53 86 92 154 182 197 238 244 246 
204 9 95 170 177 193 195 207 222 264 271 
205 6 45 106 120 125 137 190 
206 4 67 155 177 275 
207 7 51 161 178 200 204 262 270 
208 5 14 25 94 104 233 
209 10 24 36 43 115 160 196 217 219 227 249 
210 5 8 32 80 165 259 
211 8 23 75 102 131 162 164 198 277 
212 5 39 63 124 152 256 
213 9 115 160 181 187 192 243 247 261 264 
214 5 12 68 86 141 247 
215 3 165 189 264 
216 9 5 12 20 84 106 132 172 225 266 
217 7 39 60 65 86 209 263 279 
218 3 74 102 169 
219 4 10 113 191 209 
220 7 0 83 142 151 152 195 234 
221 7 1 66 71 107 124 194 239 
222 5 27 44 64 183 204 
223 4 31 129 184 224 
224 5 3 128 223 262 271 
225 5 108 112 216 237 265 
226 2 20 139 
227 5 53 110 170 209 246 
228 1 26 
229 3 75 97 234 
230 6 33 62 173 246 254 276 
231 7 23 41 122 168 182 237 247 
232 5 80 92 138 162 258 
233 10 1 30 61 77 97 141 208 237 254 272 
234 7 14 168 182 184 193 220 229 
235 4 1 80 91 244 
236 7 9 43 68 127 186 249 272 
237 10 8 59 90 184 191 194 225 231 233 274 
238 4 103 170 203 278 
239 3 177 198 221 
240 3 136 146 261 
241 4 10 40 51 123 
242 4 15 75 125 154 
243 6 27 34 49 175 213 276 
244 8 10 85 181 203 235 254 255 262 
245 5 9 56 82 145 246 
246 10 32 92 120 172 182 196 203 227 230 245 
247 10 13 36 49 124 125 158 213 214 231 276 
248 6 27 80 108 142 158 270 
249 5 10 85 209 236 277 
250 10 1 26 46 71 90 134 164 165 184 259 
251 2 52 252 
252 6 57 61 139 180 188 251 
253 6 13 102 111 131 142 147 
254 6 20 97 128 230 233 244 
255 6 19 62 87 96 138 244 
256 7 28 112 113 136 178 212 271 
257 1 48 
258 9 20 38 60 62 101 123 143 232 261 
259 6 98 139 150 210 250 263 
260 4 32 34 92 123 
261 8 35 37 66 148 189 213 240 258 
262 10 28 65 175 176 192 196 207 224 244 265 
263 9 51 53 73 78 119 128 148 217 259 
264 11 10 12 34 41 181 200 204 213 215 269 279 
265 3 4 225 262 
266 3 76 120 216 
267 1 67 
268 11 15 16 22 28 33 50 86 93 155 195 278 
269 2 75 264 
270 5 35 146 197 207 248 
271 10 9 17 56 74 88 174 192 204 224 256 
272 8 3 25 30 93 105 153 233 236 
273 1 165 
274 5 3 57 62 141 237 
275 5 10 13 39 160 206 
276 7 28 33 100 107 230 243 247 
277 4 76 142 211 249 
278 9 0 13 17 22 96 98 135 238 268 
279 8 7 20 28 53 76 152 217 264 
