300 4537
0 21 4 7 61 76 81 121 140 163 173 175 176 183 200 202 216 217 220 239 267 269 285 
1 29 23 35 53 65 79 96 97 98 109 110 113 119 126 147 149 160 170 187 193 194 197 202 209 216 217 223 242 253 298 
2 37 11 20 30 42 86 88 95 97 102 106 111 112 127 129 132 134 137 145 149 157 166 172 173 175 177 207 213 225 229 239 261 270 273 287 289 296 298 
3 22 13 25 31 34 48 62 65 110 116 120 133 134 138 139 154 195 206 217 256 263 294 296 
4 33 0 12 15 18 37 52 53 54 64 90 98 133 144 175 187 193 201 203 206 211 231 238 240 246 261 263 267 271 275 276 285 291 294 
5 29 29 32 43 58 65 68 86 91 99 103 107 117 132 134 140 141 142 147 151 153 176 187 188 217 221 246 274 277 283 
6 26 29 37 43 52 54 73 75 115 140 145 149 158 159 173 182 184 210 213 225 249 252 259 260 261 288 297 
7 26 0 38 42 51 64 79 84 93 105 107 109 128 132 140 143 144 177 178 183 186 199 201 210 227 240 292 
8 26 14 35 38 52 55 73 79 80 82 83 87 93 113 170 197 211 224 230 233 255 262 266 267 273 277 299 
9 32 10 16 33 51 62 75 92 113 120 124 126 128 147 149 159 167 174 177 180 193 204 211 218 220 224 228 229 238 256 279 282 296 
10 31 9 13 23 25 33 35 39 49 51 54 98 120 129 137 142 148 163 179 181 192 195 221 233 234 243 247 264 266 277 290 298 
11 26 2 17 22 51 52 55 77 84 102 103 104 125 137 140 154 159 182 199 221 226 238 246 266 267 283 284 
12 26 4 14 17 22 24 27 39 72 76 90 99 100 103 115 116 132 153 156 170 178 194 222 239 240 294 296 
13 23 3 10 16 40 51 56 77 84 86 87 95 127 129 139 143 183 198 199 214 222 223 244 277 
14 35 8 12 18 24 41 49 52 58 61 64 81 86 94 112 121 130 142 144 147 172 174 183 193 198 202 227 234 235 248 260 266 272 273 277 299 
15 28 4 22 23 24 38 42 44 49 55 59 64 71 99 100 105 115 130 134 161 163 189 201 212 216 240 269 280 281 
16 26 9 13 37 71 87 100 120 136 196 200 203 207 212 227 245 247 261 263 265 272 274 275 280 282 287 289 
17 36 11 12 20 29 46 47 60 71 82 100 116 117 129 130 140 150 154 157 166 176 195 199 201 202 208 210 218 219 235 237 249 282 293 295 297 299 
18 31 4 14 19 24 33 36 38 69 78 79 82 84 86 88 99 106 107 136 171 173 188 210 227 245 254 261 263 266 277 280 287 
19 24 18 31 58 63 81 89 109 117 122 130 141 143 148 177 192 200 204 218 232 254 276 281 283 289 
20 34 2 17 38 41 42 49 62 87 91 92 97 117 134 164 167 169 171 174 177 178 179 197 217 222 223 231 249 251 254 264 265 267 276 295 
21 26 45 48 61 68 73 83 85 103 107 137 154 163 178 184 196 213 222 230 234 235 236 238 249 268 272 285 
22 36 11 12 15 23 30 32 34 35 42 51 52 67 79 109 112 117 131 139 146 148 156 163 183 218 233 235 240 245 247 254 260 265 276 281 286 294 
23 32 1 10 15 22 47 57 60 64 65 70 75 85 93 95 108 115 118 128 129 131 148 164 187 206 207 220 244 250 255 259 269 274 
24 35 12 14 15 18 45 46 49 65 98 103 123 137 154 162 174 177 187 190 193 197 209 211 213 215 216 217 220 230 234 238 244 247 253 268 294 
25 27 3 10 28 48 56 65 67 78 86 93 125 130 132 140 168 176 179 189 225 242 243 252 262 268 279 284 288 
26 30 36 41 45 50 58 68 76 77 82 84 97 108 122 127 135 147 153 154 164 176 182 186 203 208 230 247 252 272 283 284 
27 29 12 34 47 50 57 61 73 81 84 87 94 99 102 139 140 149 151 155 156 186 229 234 241 283 285 291 295 297 298 
28 24 25 34 44 54 57 61 77 79 104 128 140 151 161 165 172 173 186 193 205 251 254 259 260 286 
29 25 5 6 17 31 47 54 66 70 83 85 89 90 107 112 120 122 149 164 232 235 242 248 254 271 273 
30 27 2 22 36 43 59 73 77 85 91 103 104 110 120 125 134 142 146 160 199 228 235 243 244 258 267 280 282 
31 44 3 19 29 38 46 48 55 66 87 99 108 111 115 116 118 121 125 126 130 137 139 141 142 147 149 155 158 161 164 177 179 180 188 198 209 218 230 257 269 271 279 289 297 299 
32 28 5 22 38 44 83 86 87 91 97 106 111 128 133 161 165 167 168 179 180 194 207 222 233 247 256 257 269 299 
33 33 9 10 18 42 46 49 50 56 63 65 77 86 98 103 106 119 142 154 155 169 170 180 190 217 233 240 258 259 281 286 291 292 295 
34 30 3 22 27 28 41 67 68 77 80 104 105 119 126 129 136 147 153 166 171 182 187 197 204 219 239 245 252 256 285 293 
35 27 1 8 10 22 50 69 75 76 77 86 100 135 139 140 153 160 179 181 193 214 230 238 285 286 287 296 299 
36 25 18 26 30 51 54 76 91 93 96 111 123 135 146 155 159 160 174 177 217 225 243 245 253 271 289 
37 29 4 6 16 61 72 81 85 93 95 116 119 125 127 133 142 148 166 167 195 201 207 223 231 233 237 246 263 272 279 
38 44 7 8 15 18 20 31 32 45 48 55 71 78 91 92 94 101 102 110 125 135 140 143 144 146 148 150 152 162 163 164 171 176 179 183 186 198 204 207 209 226 231 238 247 263 
39 20 10 12 55 94 153 155 164 169 210 211 225 227 234 245 255 257 258 271 282 290 
40 30 13 48 54 77 86 90 93 119 120 127 148 149 154 164 175 184 198 206 216 226 227 229 241 248 256 264 282 292 295 298 
41 27 14 20 26 34 46 54 74 84 90 109 116 120 138 163 197 219 226 227 247 250 261 270 280 283 284 291 293 
42 33 2 7 15 20 22 33 57 87 110 116 125 153 156 160 163 164 171 173 197 198 200 203 208 223 241 242 251 255 257 271 276 288 299 
43 23 5 6 30 62 66 75 88 102 123 133 134 144 154 156 170 194 210 219 230 243 255 283 291 
44 25 15 28 32 45 52 81 93 110 115 120 132 139 145 148 153 172 174 190 194 229 247 252 272 274 287 
45 36 21 24 26 38 44 46 59 60 74 77 83 84 96 104 110 120 123 131 132 158 177 185 186 189 191 203 222 226 250 252 253 257 262 270 276 297 
46 37 17 24 31 33 41 45 48 52 61 63 69 73 76 79 99 105 113 131 147 149 156 173 176 177 189 203 208 224 227 250 252 261 262 279 285 286 297 
47 29 17 23 27 29 67 81 93 94 97 112 126 130 143 152 162 179 186 187 194 200 201 215 216 231 245 261 274 284 295 
48 37 3 21 25 31 38 40 46 58 63 65 69 70 78 86 94 95 107 127 132 134 139 143 148 175 176 180 192 204 226 232 237 266 271 279 284 285 286 
49 31 10 14 15 20 24 33 73 75 86 87 95 107 114 116 117 120 161 164 171 175 183 193 212 215 251 256 273 275 281 285 290 
50 29 26 27 33 35 69 96 97 100 104 109 150 159 179 199 217 219 228 237 239 241 247 254 258 260 264 267 280 284 294 
51 26 7 9 10 11 13 22 36 58 61 82 103 118 142 144 178 179 212 217 229 234 236 243 251 260 266 275 
52 30 4 6 8 11 14 22 44 46 72 73 97 108 111 129 138 151 169 177 180 192 215 222 223 250 259 263 276 282 289 293 
53 25 1 4 61 68 81 97 98 107 112 127 141 142 159 180 185 197 209 219 220 244 246 265 267 280 293 
54 37 4 6 10 28 29 36 40 41 66 83 89 107 113 125 141 142 144 146 151 154 156 164 166 176 177 186 192 200 208 222 237 259 270 272 280 290 294 
55 25 8 11 15 31 38 39 56 59 96 115 126 131 140 149 163 169 178 180 184 231 232 245 265 269 281 
56 33 13 25 33 55 76 77 78 93 96 101 110 113 114 127 137 164 169 174 176 197 199 201 214 226 236 238 241 248 250 252 266 274 283 
57 20 23 27 28 42 91 95 104 136 144 153 161 171 204 211 233 235 239 274 292 298 
58 22 5 14 19 26 48 51 86 125 127 142 146 161 180 183 199 215 225 237 244 264 281 287 
59 26 15 30 45 55 62 75 76 119 149 159 167 168 180 185 213 214 225 229 230 236 247 259 272 278 291 293 
60 22 17 23 45 63 76 96 97 152 171 179 186 190 208 222 225 230 236 241 246 247 265 268 
61 47 0 14 21 27 28 37 46 51 53 66 71 81 82 91 98 99 105 106 113 114 126 132 133 163 180 184 185 189 200 221 225 229 234 236 240 255 260 263 267 268 273 283 286 292 294 295 298 
62 30 3 9 20 43 59 78 96 107 118 126 146 149 154 156 157 161 181 184 187 188 221 228 233 240 249 251 254 258 268 298 
63 29 19 33 46 48 60 66 76 79 84 89 95 105 106 112 114 115 118 120 129 147 188 197 218 223 231 234 245 250 259 
64 29 4 7 14 15 23 70 80 84 103 115 116 120 139 146 161 200 220 228 229 230 234 250 262 263 268 278 281 287 294 
65 37 1 3 5 23 24 25 33 48 70 73 85 88 98 107 133 138 152 157 162 164 165 171 184 186 197 214 217 219 242 245 254 259 276 278 280 282 286 
66 34 29 31 43 54 61 63 74 91 114 127 133 142 145 155 161 171 175 185 200 201 210 225 228 229 251 256 258 265 266 271 273 283 288 290 
67 40 22 25 34 47 75 76 77 81 84 85 88 100 104 106 112 115 119 126 129 137 139 140 149 151 156 171 175 177 190 196 202 209 261 269 278 281 283 286 295 296 
68 34 5 21 26 34 53 75 78 104 106 109 115 118 128 129 141 150 167 169 171 173 180 194 208 223 224 233 252 255 259 266 272 279 288 291 
69 28 18 35 46 48 50 71 74 83 84 93 110 112 115 122 139 155 174 192 198 218 226 230 244 245 254 265 269 273 
70 30 23 29 48 64 65 73 76 81 101 126 137 145 156 165 185 188 194 197 203 211 215 221 230 235 245 259 274 281 292 297 
71 23 15 16 17 38 61 69 79 80 99 119 126 156 171 184 197 228 236 260 263 273 275 278 298 
72 28 12 37 52 74 86 89 94 95 97 104 106 118 142 143 152 156 166 182 216 227 234 246 249 254 255 258 290 292 
73 37 6 8 21 27 30 46 49 52 65 70 96 99 100 119 123 139 140 145 155 156 158 166 167 172 174 198 206 208 239 242 247 260 263 267 268 269 290 
74 31 41 45 66 69 72 77 111 112 113 123 126 128 133 151 158 159 166 168 178 181 188 189 194 231 237 253 266 283 284 290 296 
75 36 6 9 23 35 43 49 59 67 68 111 112 117 122 138 141 153 162 176 180 188 196 197 207 230 231 232 234 235 238 256 267 273 283 286 290 297 
76 27 0 12 26 35 36 46 56 59 60 63 67 70 145 147 157 163 176 188 199 202 214 220 222 232 293 295 296 
77 38 11 13 26 28 30 33 34 35 40 45 56 67 74 90 99 102 120 130 134 163 170 171 174 187 191 199 202 205 208 213 225 245 250 259 281 284 285 286 
78 32 18 25 38 48 56 62 68 80 97 120 130 131 136 140 145 146 157 163 164 166 167 182 193 200 203 235 240 270 279 283 288 294 
79 30 1 7 8 18 22 28 46 63 71 81 91 92 93 95 101 110 119 136 140 141 147 166 184 186 207 223 226 289 290 292 
80 31 8 34 64 71 78 99 110 121 146 157 171 176 194 196 201 202 204 205 207 215 219 228 229 230 234 239 242 244 276 290 292 
81 32 0 14 19 27 37 44 47 53 61 67 70 79 83 88 95 97 132 141 181 189 195 202 213 225 231 241 242 247 265 277 279 281 
82 30 8 17 18 26 51 61 83 92 96 107 111 114 115 116 127 146 162 164 168 169 185 193 204 210 214 228 243 278 288 291 
83 21 8 21 29 32 45 54 69 81 82 112 152 159 165 170 204 211 242 253 259 260 285 
84 32 7 11 13 18 26 27 41 45 63 64 67 69 88 92 95 118 148 153 158 171 180 199 221 225 227 235 236 237 246 249 251 275 
85 39 21 23 29 30 37 65 67 89 94 102 112 147 149 154 160 173 183 188 189 202 207 226 234 241 244 247 253 254 260 262 264 265 271 272 282 286 292 294 295 
86 40 2 5 13 14 18 25 32 33 35 40 48 49 58 72 87 88 102 103 106 109 119 127 134 137 148 159 167 182 184 185 191 203 215 241 245 255 258 276 285 288 
87 29 8 13 16 20 27 31 32 42 49 86 90 95 101 116 121 131 145 156 175 186 206 226 232 238 242 254 258 259 261 
88 24 2 18 43 65 67 81 84 86 93 95 96 100 134 136 141 151 153 180 220 244 262 269 279 289 
89 24 19 29 54 63 72 85 119 133 141 160 171 185 196 206 221 234 236 240 244 245 248 252 257 298 
90 31 4 12 29 40 41 77 87 107 111 118 124 136 138 156 176 184 190 195 207 209 211 223 226 230 236 257 258 268 275 294 299 
91 43 5 20 30 32 36 38 57 61 66 79 101 103 107 111 115 116 121 137 140 144 154 156 159 166 175 192 194 196 197 205 214 216 225 235 239 240 243 253 256 265 291 292 295 
92 28 9 20 38 79 82 84 95 122 128 137 146 149 164 170 171 172 174 175 208 213 220 231 232 245 253 255 286 287 
93 34 7 8 23 25 36 37 40 44 47 56 69 79 88 103 109 116 123 138 144 148 149 171 180 199 200 207 212 216 217 223 235 254 265 287 
94 25 14 27 38 39 47 48 72 85 96 118 120 124 130 158 176 180 212 222 242 251 253 255 280 289 299 
95 37 2 13 23 37 48 49 57 63 72 79 81 84 87 88 92 100 108 114 120 137 160 169 187 222 224 226 227 229 239 251 254 270 276 283 285 286 297 
96 33 1 36 45 50 55 56 60 62 73 82 88 94 105 110 116 128 131 133 134 154 164 165 170 175 190 214 246 257 269 274 282 289 298 
97 26 1 2 20 26 32 47 50 52 53 60 72 78 81 102 113 114 132 139 161 177 182 210 233 271 283 288 
98 26 1 4 10 24 33 53 61 65 121 137 153 154 160 192 196 219 226 232 239 251 256 258 260 262 274 289 
99 27 5 12 15 18 27 31 46 61 71 73 77 80 107 112 113 148 166 172 193 200 213 225 238 262 265 271 290 
100 30 12 15 16 17 35 50 67 73 88 95 107 111 116 134 143 154 158 160 176 183 196 202 231 234 236 245 250 257 267 284 
101 29 38 56 70 79 87 91 104 112 116 142 151 159 162 163 172 176 191 193 197 203 210 235 242 249 267 285 292 297 299 
102 38 2 11 27 38 43 77 85 86 97 104 115 133 147 149 153 173 179 190 195 207 209 210 214 221 230 235 239 240 244 247 265 268 269 271 276 281 289 291 
103 30 5 11 12 21 24 30 33 51 64 86 91 93 110 115 131 142 146 160 168 184 185 191 192 198 244 247 249 267 270 292 
104 32 11 28 30 34 45 50 57 67 68 72 101 102 111 115 117 143 154 164 174 188 194 216 226 227 230 235 243 253 255 258 259 296 
105 36 7 15 34 46 61 63 96 113 127 129 137 140 143 152 157 158 174 183 206 208 219 226 243 245 247 250 254 255 259 264 269 270 272 274 283 297 
106 29 2 18 32 33 61 63 67 68 72 86 109 121 160 162 174 184 190 197 211 231 233 242 246 281 282 286 287 292 296 
107 40 5 7 18 21 29 48 49 53 54 62 65 82 90 91 99 100 115 124 143 148 151 156 161 167 175 179 183 191 195 208 209 212 217 218 232 233 266 270 289 299 
108 29 23 26 31 52 95 109 118 120 123 124 131 150 160 178 179 183 184 201 203 215 221 228 240 248 255 256 260 261 295 
109 28 1 7 19 22 41 50 68 86 93 106 108 125 131 132 151 154 191 192 196 204 206 221 223 227 231 238 281 288 
110 42 1 3 30 38 42 44 45 56 69 79 80 96 103 113 115 124 140 157 159 180 189 192 198 199 207 212 215 235 238 243 246 255 273 274 275 277 279 284 288 289 290 292 
111 34 2 31 32 36 52 74 75 82 90 91 100 104 119 127 131 137 142 161 164 180 188 193 197 202 225 226 228 246 257 276 283 293 296 299 
112 38 2 14 22 29 47 53 63 67 69 74 75 83 85 99 101 135 138 140 143 149 161 173 174 179 191 196 199 202 205 222 248 259 270 272 285 290 297 298 
113 25 1 8 9 46 54 56 61 74 97 99 105 110 116 123 124 138 141 160 171 203 204 228 247 263 266 
114 23 49 56 61 63 66 82 95 97 124 129 151 156 164 168 188 197 203 213 220 230 252 275 289 
115 39 6 12 15 23 31 44 55 63 64 67 68 69 82 91 102 103 104 107 110 128 130 139 140 141 157 173 178 186 191 198 213 229 233 247 255 262 263 276 291 
116 33 3 12 17 31 37 41 42 49 64 82 87 91 93 96 100 101 113 121 136 144 157 168 178 182 183 190 211 218 240 241 247 250 272 
117 22 5 17 19 20 22 49 75 104 119 124 125 126 127 134 159 169 172 180 240 268 279 299 
118 21 23 31 51 62 63 68 72 84 90 94 108 202 210 219 220 247 250 253 257 277 292 
119 29 1 33 34 37 40 59 67 71 73 79 86 89 111 117 124 140 149 154 166 186 204 210 237 243 250 263 283 287 299 
120 37 3 9 10 16 29 30 40 41 44 45 49 63 64 77 78 94 95 108 128 129 134 140 147 154 156 169 177 185 191 202 242 245 247 278 283 294 298 
121 26 0 14 31 80 87 91 98 106 116 140 148 162 165 170 176 190 194 198 227 231 232 246 262 265 281 287 
122 30 19 26 29 69 75 92 132 135 157 159 165 170 179 186 187 196 210 220 224 229 230 231 250 256 264 265 268 273 275 289 
123 24 24 36 43 45 73 74 93 108 113 129 142 157 169 196 201 207 250 260 275 279 280 291 293 297 
124 26 9 90 94 107 108 110 113 114 117 119 133 136 143 159 161 163 164 179 201 202 211 220 222 242 293 294 
125 31 11 25 30 31 37 38 42 54 58 109 117 132 142 152 168 180 183 186 195 204 213 218 235 238 239 253 265 271 281 293 294 
126 34 1 9 31 34 47 55 61 62 67 70 71 74 117 151 156 160 169 173 174 184 201 204 211 229 240 243 250 256 257 284 286 287 289 290 
127 30 2 13 26 37 40 48 53 56 58 66 82 86 105 111 117 137 147 161 170 183 184 212 218 235 236 245 246 248 252 272 
128 25 7 9 23 28 32 68 74 92 96 115 120 135 150 156 165 171 205 212 215 231 235 249 260 264 274 
129 29 2 10 13 17 23 34 52 63 67 68 105 114 120 123 138 147 198 209 213 225 232 237 240 247 248 252 257 286 290 
130 24 14 15 17 19 25 31 47 77 78 94 115 144 145 160 172 202 215 219 265 268 274 278 280 284 
131 31 22 23 45 46 55 78 87 96 103 108 109 111 142 166 178 183 184 195 198 207 211 214 228 235 256 257 270 275 288 290 297 
132 36 2 5 7 12 25 44 45 48 61 81 97 109 122 125 136 139 151 154 155 163 172 179 190 196 197 198 224 226 240 243 247 249 250 252 261 295 
133 31 3 4 32 37 43 61 65 66 74 89 96 102 124 135 168 184 185 190 196 199 201 206 212 224 227 231 241 263 274 291 299 
134 38 2 3 5 15 20 30 43 48 77 86 88 96 100 117 120 141 152 153 158 190 196 197 206 220 225 229 233 235 239 252 267 268 269 275 276 283 285 291 
135 24 26 35 36 38 112 122 128 133 139 160 171 187 195 206 209 226 235 239 241 259 262 270 282 292 
136 26 16 18 34 57 78 79 88 90 116 124 132 155 165 171 183 199 202 205 226 231 235 246 259 266 277 290 
137 29 2 10 11 21 24 31 56 67 70 86 91 92 95 98 105 111 127 152 161 173 179 187 190 191 222 232 275 280 288 
138 26 3 41 52 65 75 90 93 112 113 129 139 146 163 172 184 189 210 213 217 220 223 233 242 256 286 296 
139 28 3 13 22 27 31 35 44 48 64 67 69 73 97 115 132 135 138 178 213 217 233 234 235 242 246 258 267 292 
140 43 0 5 6 7 11 17 25 27 28 35 38 55 67 73 78 79 91 105 110 112 115 119 120 121 143 151 161 173 177 182 191 192 207 233 241 245 247 252 253 254 262 271 287 
141 34 5 19 31 53 54 68 75 79 81 88 89 113 115 134 145 148 156 157 184 190 194 212 218 238 245 251 253 259 265 282 290 293 296 297 
142 28 5 10 14 30 31 33 37 51 53 54 58 66 72 101 103 111 123 125 131 146 173 175 207 228 260 269 272 276 
143 37 7 13 19 38 47 48 72 100 104 105 107 112 124 140 153 155 163 173 179 181 182 183 192 199 210 219 224 226 228 233 249 264 265 272 284 291 297 
144 33 4 7 14 38 43 51 54 57 91 93 116 130 148 173 174 176 180 181 182 189 208 216 228 249 252 254 255 258 260 261 267 282 293 
145 27 2 6 44 66 70 73 76 78 87 130 141 153 159 181 191 193 204 210 228 234 244 252 258 268 271 281 299 
146 31 22 30 36 38 54 58 62 64 78 80 82 92 103 138 142 152 162 178 179 185 205 214 216 246 248 255 256 261 280 289 299 
147 31 1 5 9 14 26 31 34 46 63 76 79 85 102 120 127 129 176 180 199 200 203 209 220 221 229 233 235 248 256 257 262 
148 33 10 19 22 23 37 38 40 44 48 84 86 93 99 107 121 141 144 155 165 168 175 188 192 202 212 215 228 238 243 258 273 274 279 
149 36 1 2 6 9 27 29 31 40 46 55 59 62 67 85 92 93 102 112 119 155 193 213 216 222 224 227 233 234 239 250 253 261 263 267 279 290 
150 19 17 38 50 68 108 128 164 167 168 198 211 215 218 229 256 266 269 273 299 
151 29 5 27 28 52 54 67 74 88 101 107 109 114 126 132 140 159 165 175 178 201 202 214 222 225 253 255 257 259 294 
152 18 38 47 60 65 72 83 105 125 134 137 146 155 159 177 196 197 242 284 
153 29 5 12 26 34 35 39 42 44 57 75 84 88 98 102 134 143 145 155 156 162 194 209 240 242 256 265 267 268 274 
154 28 3 11 17 21 24 26 33 40 43 54 62 85 91 96 98 100 104 109 119 120 132 196 224 245 248 254 281 288 
155 30 27 31 33 36 39 66 69 73 132 136 143 148 149 152 153 163 164 181 188 197 205 221 228 232 233 264 282 284 289 292 
156 44 12 22 27 42 43 46 54 62 67 70 71 72 73 87 90 91 107 114 120 126 128 141 153 161 166 173 175 176 188 197 208 218 221 238 244 247 250 255 261 262 265 273 277 285 
157 27 2 17 62 65 76 78 80 105 110 115 116 122 123 141 164 165 196 203 207 220 222 234 240 243 254 265 286 
158 27 6 31 45 73 74 84 94 100 105 134 180 201 202 214 220 225 227 234 255 256 258 268 274 275 276 288 297 
159 29 6 9 11 36 50 53 59 74 83 86 91 101 110 117 122 124 145 151 152 161 195 196 217 221 230 234 240 252 297 
160 29 1 30 35 36 42 85 89 95 98 100 103 106 108 113 126 130 135 163 167 168 176 203 206 214 232 269 278 289 297 
161 33 15 28 31 32 49 57 58 62 64 66 97 107 111 112 124 127 137 140 156 159 164 165 215 222 236 248 249 251 261 263 291 293 295 
162 28 24 38 47 65 75 82 101 106 121 146 153 170 182 188 190 196 197 212 222 231 239 241 248 260 262 269 283 299 
163 29 0 10 15 21 22 38 41 42 55 61 76 77 78 101 124 132 138 143 155 160 194 202 230 237 248 251 271 288 298 
164 52 20 23 26 29 31 38 39 40 42 49 54 56 65 78 82 92 96 104 111 114 124 150 155 157 161 171 179 185 193 195 197 198 202 203 217 234 237 238 245 246 247 253 257 263 265 267 268 284 285 286 288 295 
165 35 28 32 65 70 83 96 121 122 128 136 148 151 157 161 175 178 183 195 213 227 232 236 241 247 248 250 251 262 268 275 284 285 288 290 294 
166 31 2 17 34 37 54 72 73 74 78 79 91 99 119 131 156 167 172 187 190 194 197 200 214 225 226 227 228 247 252 281 286 
167 27 9 20 32 37 59 68 73 78 86 107 150 160 166 185 188 204 242 249 253 260 266 272 273 281 286 288 293 
168 22 25 32 59 74 82 103 114 116 125 133 148 150 160 176 179 187 208 221 234 240 246 267 
169 25 20 33 39 52 55 56 68 82 95 117 120 123 126 188 199 205 212 217 221 235 238 267 272 287 297 
170 26 1 8 12 33 43 77 83 92 96 121 122 127 162 181 183 194 202 211 225 244 268 269 271 274 293 295 
171 36 18 20 34 38 42 49 57 60 65 66 67 68 71 77 80 84 89 92 93 113 128 135 136 164 172 184 197 199 223 229 230 247 252 259 260 275 
172 27 2 14 28 44 73 92 99 101 117 130 132 138 166 171 174 190 195 202 223 226 247 249 270 274 280 282 299 
173 34 0 2 6 18 28 42 46 68 85 102 112 115 126 137 140 142 143 144 156 185 188 189 217 220 241 247 251 253 262 267 273 290 293 299 
174 30 9 14 20 24 36 44 56 69 73 77 92 104 105 106 112 126 144 172 176 182 214 220 236 244 246 251 256 257 281 292 
175 30 0 2 4 40 48 49 66 67 87 91 92 96 107 142 148 151 156 165 186 197 203 223 236 263 276 283 284 285 287 296 
176 36 0 5 17 25 26 38 46 48 54 56 75 76 80 90 94 100 101 121 144 147 156 160 168 174 184 188 209 214 220 233 241 245 265 270 273 288 
177 29 2 7 9 19 20 24 31 36 45 46 52 54 67 97 120 140 152 187 195 229 234 242 250 264 265 271 276 279 286 
178 26 7 12 20 21 51 55 74 108 115 116 131 139 146 151 165 179 203 205 217 226 251 259 288 294 295 296 
179 37 10 20 25 31 32 35 38 47 50 51 60 102 107 108 112 122 124 132 137 143 146 164 168 178 189 203 220 222 237 240 250 251 263 272 282 289 293 
180 36 9 31 32 33 48 52 53 55 58 59 61 68 75 84 88 93 94 110 111 117 125 144 147 158 182 213 216 221 239 251 263 265 270 275 278 298 
181 19 10 35 62 74 81 143 144 145 155 170 184 221 226 227 239 254 263 280 296 
182 27 6 11 26 34 72 78 86 97 116 140 143 144 162 174 180 188 197 204 214 226 237 240 244 262 265 281 282 
183 31 0 7 13 14 22 38 49 58 85 100 105 107 108 116 125 127 131 136 143 165 170 203 209 238 245 250 251 264 276 295 296 
184 34 6 21 40 55 61 62 65 71 79 86 90 103 106 108 126 127 131 133 138 141 171 176 181 192 204 229 237 242 247 260 271 275 280 283 
185 26 45 53 59 61 66 70 82 86 89 103 120 133 146 164 167 173 201 214 215 230 232 243 244 252 253 291 
186 27 7 26 27 28 38 45 47 54 60 65 79 87 115 119 122 125 175 225 228 231 236 244 251 253 264 286 288 
187 25 1 4 5 23 24 34 47 62 77 95 122 135 137 166 168 177 195 197 214 257 265 275 277 287 299 
188 31 5 18 31 62 63 70 74 75 76 85 104 111 114 148 155 156 162 167 169 173 176 182 192 215 226 235 246 257 262 263 288 
189 25 15 25 45 46 61 74 81 85 110 138 144 173 179 204 224 241 242 245 264 265 266 271 279 290 295 
190 27 24 33 44 60 67 90 96 102 106 116 121 132 133 134 137 141 162 166 172 221 245 250 251 265 278 285 296 
191 23 45 77 86 101 103 107 109 112 115 120 137 140 145 193 198 210 237 238 247 277 279 280 282 
192 23 10 19 48 52 54 69 91 98 103 109 110 140 143 148 184 188 219 226 238 249 270 277 297 
193 33 1 4 9 14 24 28 35 49 78 82 99 101 111 145 149 164 191 196 197 198 200 205 214 223 229 236 242 247 259 271 276 279 288 
194 29 1 12 32 43 44 47 68 70 74 80 91 104 121 141 153 163 166 170 204 215 223 231 237 259 262 271 275 286 294 
195 30 3 10 17 37 81 90 102 107 125 131 135 159 164 165 172 177 187 204 208 210 211 212 213 230 236 239 248 250 251 255 
196 30 16 21 67 75 80 89 91 98 100 109 112 122 123 132 133 134 152 154 157 159 162 193 218 242 243 260 266 274 280 288 
197 39 1 8 20 24 34 41 42 53 56 63 65 70 71 75 91 101 106 111 114 132 134 152 155 156 162 164 166 171 175 182 187 193 202 217 226 227 246 248 269 
198 31 13 14 31 38 40 42 69 73 103 110 115 121 129 131 132 150 164 191 193 213 225 237 243 262 266 268 271 273 281 289 295 
199 30 7 11 13 17 30 50 56 58 76 77 84 93 110 112 133 136 143 147 169 171 226 230 245 252 254 257 278 290 291 298 
200 27 0 16 19 42 47 54 61 64 66 78 93 99 147 166 193 207 210 218 233 240 255 264 275 281 282 284 297 
201 28 4 7 15 17 37 47 56 66 80 108 123 124 126 133 151 158 185 203 213 236 241 242 244 247 257 277 285 292 
202 37 0 1 14 17 67 76 77 80 81 85 100 111 112 118 120 124 130 136 148 151 158 163 164 170 172 197 203 207 219 228 235 247 252 263 265 269 277 
203 31 4 16 26 42 45 46 70 78 86 101 108 113 114 147 157 160 164 175 178 179 183 201 202 206 208 256 272 284 287 289 292 
204 29 9 19 34 38 48 57 80 82 83 109 113 119 125 126 145 167 182 184 189 194 195 205 212 253 255 266 268 279 293 
205 23 28 77 80 91 112 128 136 146 155 169 178 193 204 206 222 228 242 246 256 259 263 270 289 
206 28 3 4 23 40 73 87 89 105 109 133 134 135 160 203 205 213 220 234 236 237 238 240 241 254 265 276 284 298 
207 29 2 16 23 32 37 38 75 79 80 85 90 93 102 110 123 131 140 142 157 200 202 238 247 259 262 264 268 282 293 
208 23 17 26 42 46 54 60 68 73 77 92 105 107 144 156 168 195 203 227 230 245 256 263 296 
209 20 1 24 31 38 53 67 90 102 107 129 135 147 153 176 183 214 233 240 260 296 
210 28 6 7 17 18 39 43 66 82 97 101 102 118 119 122 138 143 145 191 195 200 226 231 241 247 260 276 277 283 
211 28 4 8 9 24 39 57 70 83 90 106 116 124 126 131 150 170 195 225 238 246 248 261 266 269 272 280 281 289 
212 26 15 16 49 51 93 94 107 110 127 128 133 141 148 162 169 195 204 213 217 223 225 245 265 274 279 284 
213 33 2 6 21 24 59 77 81 92 99 114 115 125 129 138 139 149 165 180 195 198 201 206 212 216 228 231 232 239 241 246 248 255 268 
214 31 13 35 56 59 65 76 82 91 96 102 131 146 151 158 160 166 174 176 182 185 187 193 209 252 271 276 277 289 291 292 295 
215 28 24 47 49 52 58 70 80 86 108 110 128 130 148 150 161 185 188 194 226 239 249 264 267 275 286 287 288 293 
216 28 0 1 15 24 40 47 72 91 93 104 144 146 149 180 213 218 220 228 230 232 236 239 247 250 251 255 269 274 
217 27 0 1 3 5 20 24 33 36 50 51 65 93 107 138 139 159 164 169 173 178 197 212 232 237 277 289 296 
218 22 9 17 19 22 31 63 69 107 116 125 127 141 150 156 196 200 216 237 238 253 262 274 
219 20 17 34 41 43 50 53 65 80 98 105 118 130 143 192 202 228 260 268 269 291 
220 33 0 9 23 24 53 64 76 88 92 114 118 122 124 134 138 147 157 158 173 174 176 179 206 216 224 228 254 264 270 273 286 297 299 
221 26 5 10 11 61 62 70 84 89 102 108 109 147 155 156 159 168 169 180 181 190 241 253 255 290 296 299 
222 28 12 13 20 21 32 45 52 54 60 76 94 95 112 124 137 149 151 157 161 162 179 205 237 240 248 249 294 297 
223 27 1 13 20 37 42 52 63 68 79 90 93 109 138 171 172 175 193 194 212 225 227 231 236 247 256 259 295 
224 24 8 9 46 68 95 122 132 133 143 149 154 189 220 235 241 264 266 283 287 291 294 297 298 299 
225 34 2 6 25 36 39 58 59 60 61 66 77 81 84 91 99 111 129 134 151 158 166 170 186 198 211 212 223 241 244 249 263 276 277 284 
226 39 11 38 40 41 45 48 56 69 79 85 87 90 95 98 104 105 111 132 135 136 143 166 172 178 181 182 188 192 197 199 210 215 237 247 252 257 275 297 299 
227 31 7 14 16 18 39 40 41 46 72 84 95 104 109 121 133 149 158 165 166 181 197 208 223 235 236 237 247 251 259 276 298 
228 34 9 30 50 62 64 66 71 80 82 108 111 113 131 142 143 144 145 148 155 166 186 202 205 213 216 219 220 229 238 249 285 286 293 294 
229 27 2 9 27 40 44 51 59 61 64 66 80 95 115 122 126 134 147 150 171 177 184 193 228 230 277 279 284 
230 39 8 21 24 26 31 35 43 59 60 64 69 70 75 80 90 102 104 114 122 159 163 171 185 195 199 208 216 229 234 245 246 247 254 266 277 283 284 285 294 
231 37 4 20 37 38 47 55 63 74 75 81 92 100 106 109 121 122 128 133 136 162 186 194 210 213 223 238 239 243 252 254 261 264 265 279 292 293 295 
232 31 19 29 48 55 75 76 87 92 98 107 121 129 137 155 160 165 185 213 216 217 244 250 253 256 262 268 278 280 286 290 294 
233 32 8 10 22 32 33 37 57 62 68 97 106 107 115 134 138 139 140 143 147 149 155 176 200 209 235 244 246 248 269 280 282 297 
234 33 10 14 21 24 27 39 51 61 63 64 72 75 80 85 89 100 139 145 149 157 158 159 164 168 177 206 230 235 244 247 254 286 293 
235 42 14 17 21 22 29 30 57 70 75 78 84 91 93 101 102 104 110 125 127 128 131 134 135 136 139 147 169 188 202 224 227 233 234 239 245 247 268 274 286 287 296 298 
236 27 21 51 56 59 60 61 71 84 89 90 100 127 161 165 174 175 186 193 195 201 206 216 223 227 248 250 254 
237 29 17 37 48 50 54 58 74 84 119 129 163 164 179 182 184 191 194 198 206 217 218 222 226 227 251 267 269 277 278 
238 31 4 9 11 21 24 35 38 56 75 87 99 109 110 125 141 148 156 164 169 183 191 192 206 207 211 218 228 231 251 256 277 
239 29 0 2 12 34 50 57 73 80 91 95 98 102 125 134 135 149 162 180 181 195 213 215 216 231 235 245 258 260 263 
240 34 4 7 12 15 22 33 61 62 78 89 91 102 108 116 117 126 129 132 153 157 159 168 179 182 200 206 209 222 256 263 269 271 278 281 
241 32 27 40 42 50 56 60 81 85 86 116 133 135 140 162 165 173 176 189 201 206 210 213 221 224 225 252 254 258 269 276 278 299 
242 32 1 25 29 42 65 73 80 81 83 87 94 101 106 120 124 138 139 152 153 167 177 184 189 193 196 201 205 276 278 284 290 297 
243 24 10 25 30 36 43 51 82 91 104 105 110 119 126 132 148 157 185 196 198 231 256 265 280 290 
244 30 13 23 24 30 53 58 69 80 85 88 89 102 103 145 156 170 174 182 185 186 201 225 232 233 234 261 263 281 290 296 
245 40 16 18 22 34 36 39 47 55 63 65 69 70 77 86 89 92 100 105 120 127 140 141 154 164 176 183 189 190 199 208 212 230 235 239 251 257 258 267 294 299 
246 33 4 5 11 37 53 60 72 84 96 106 110 111 121 127 136 139 146 164 168 174 188 197 205 211 213 230 233 250 252 263 270 288 296 
247 52 10 16 22 24 26 32 38 41 44 50 59 60 73 81 85 102 103 105 113 115 116 118 120 129 132 140 156 164 165 166 171 172 173 184 191 193 201 202 207 210 216 223 226 227 230 234 235 259 282 288 293 298 
248 28 14 29 40 56 89 108 112 127 129 146 147 154 161 162 163 165 195 197 211 213 222 233 236 249 263 267 271 287 
249 25 6 17 20 21 62 72 84 101 103 128 132 143 144 161 167 172 192 215 222 225 228 248 262 278 285 
250 33 23 41 45 46 52 56 63 64 77 100 105 116 118 119 122 123 126 132 149 156 165 177 179 183 190 195 216 232 236 246 257 280 287 
251 30 20 28 42 49 51 62 66 84 94 95 98 141 161 163 165 173 174 178 179 180 183 186 190 195 216 227 237 238 245 256 
252 36 6 25 26 34 44 45 46 56 68 89 114 127 129 132 134 140 144 145 159 166 171 185 199 202 214 226 231 241 246 255 265 269 270 276 285 290 
253 28 1 24 36 45 74 83 85 91 92 94 104 118 125 140 141 149 151 164 167 173 185 186 204 218 221 232 264 269 
254 35 18 19 20 22 28 29 50 62 65 69 72 85 87 93 95 105 140 144 154 157 181 199 206 220 230 231 234 236 241 258 263 265 272 291 295 
255 36 8 23 39 42 43 61 68 72 86 92 94 104 105 108 110 115 144 146 151 156 158 195 200 204 213 216 221 252 257 263 265 277 282 287 291 298 
256 34 3 9 32 34 40 49 66 75 91 98 108 122 126 131 138 146 147 150 153 158 174 203 205 208 223 232 238 240 243 251 271 281 295 296 
257 36 31 32 39 42 45 89 90 96 100 111 118 126 129 131 147 151 164 174 187 188 199 201 226 245 250 255 264 265 266 273 276 278 283 284 285 290 
258 22 30 33 39 50 62 66 72 86 87 90 98 104 139 144 145 148 158 239 241 245 254 274 
259 35 6 23 28 33 52 54 59 63 65 68 70 77 83 87 104 105 112 135 136 141 151 171 178 193 194 205 207 223 227 247 268 272 277 278 293 
260 31 6 14 22 28 50 51 61 71 73 83 85 98 108 123 128 142 144 162 167 171 184 196 209 210 219 239 268 270 271 289 291 
261 24 2 4 6 16 18 41 46 47 67 87 108 132 144 146 149 156 161 211 231 244 273 278 279 293 
262 29 8 25 45 46 64 85 88 98 99 115 121 135 140 147 156 162 165 173 182 188 194 198 207 218 232 249 266 287 295 
263 35 3 4 16 18 37 38 52 61 64 71 73 113 115 119 133 149 161 164 175 179 180 181 188 202 205 208 225 239 240 244 246 248 254 255 287 
264 27 10 20 40 50 58 85 105 122 128 143 155 177 183 186 189 200 207 215 220 224 231 253 257 267 268 276 298 
265 42 16 20 22 53 55 60 66 69 81 85 91 93 99 102 121 122 125 130 141 143 153 156 157 164 176 177 180 182 187 189 190 202 206 212 231 243 252 254 255 257 275 285 
266 30 8 10 11 14 18 48 51 56 66 68 74 107 113 136 150 167 189 196 198 204 211 224 230 257 262 273 276 277 291 295 
267 33 0 4 8 11 20 30 50 53 61 73 75 100 101 103 134 139 144 149 153 164 168 169 173 215 237 245 248 264 278 283 284 291 292 
268 31 21 24 25 60 61 62 64 73 90 102 117 122 130 134 145 153 158 164 165 170 198 204 207 213 219 232 235 259 260 264 275 
269 32 0 15 23 31 32 55 67 69 73 88 96 102 105 134 142 150 160 162 170 197 202 211 216 219 233 237 240 241 252 253 276 296 
270 27 2 41 45 54 78 95 103 105 107 112 131 135 172 176 180 192 205 220 246 252 260 273 277 282 287 291 292 
271 31 4 29 31 36 39 42 48 66 85 97 99 102 125 140 145 163 170 177 184 189 193 194 198 214 240 248 256 260 285 287 298 
272 25 14 16 21 26 37 44 54 59 68 85 105 112 116 127 142 143 167 169 179 203 211 254 259 293 299 
273 27 2 8 14 29 49 61 66 69 71 75 110 122 148 150 156 167 173 176 198 220 257 261 266 270 285 286 287 
274 30 5 16 23 44 47 56 57 70 96 98 105 110 128 130 133 148 153 158 170 172 196 212 216 218 235 258 275 281 290 296 
275 31 4 16 49 51 71 84 90 110 114 122 123 131 134 137 158 165 171 180 184 187 194 200 215 226 265 268 274 279 283 295 299 
276 36 4 19 20 22 42 45 52 65 80 86 95 102 111 115 134 142 158 175 177 183 193 206 210 214 225 227 241 242 252 257 264 266 269 278 294 299 
277 28 5 8 10 13 14 18 81 110 118 136 156 187 191 192 201 202 210 214 217 225 229 230 237 238 255 259 266 270 
278 28 59 64 65 67 71 82 120 130 160 180 190 199 232 237 240 241 242 249 257 259 261 267 276 285 287 288 290 291 
279 28 9 25 31 37 46 48 68 78 81 88 110 117 123 148 149 177 189 191 193 204 212 229 231 261 275 292 295 298 
280 25 15 16 18 30 41 50 53 54 65 94 123 130 137 146 172 181 184 191 196 211 232 233 243 250 294 
281 31 15 19 22 33 49 55 58 64 67 70 77 81 102 106 109 121 125 145 154 166 167 174 182 198 200 211 240 244 256 274 289 
282 26 9 16 17 30 39 40 52 65 85 96 106 135 141 144 155 172 179 182 191 200 207 233 247 255 270 298 
283 33 5 11 19 26 27 41 43 56 61 66 67 74 75 78 95 97 105 111 119 120 134 162 175 184 210 224 230 257 267 275 293 295 299 
284 30 11 25 26 41 47 48 50 74 77 100 110 126 130 143 152 155 164 165 175 200 203 206 212 225 229 230 242 257 267 286 
285 31 0 4 21 27 34 35 46 48 49 77 83 86 95 101 112 134 156 164 165 175 190 201 228 230 249 252 257 265 271 273 278 
286 33 22 28 33 35 46 48 61 65 67 75 77 85 92 95 106 126 129 138 157 164 166 167 177 186 194 215 220 228 232 234 235 273 284 
287 32 2 16 18 35 44 58 64 92 93 106 119 121 126 140 169 175 187 203 215 224 235 248 250 255 262 263 270 271 273 278 291 294 
288 29 6 25 42 66 68 78 82 86 97 109 110 131 137 154 158 163 164 165 167 176 178 186 188 193 196 215 246 247 278 
289 32 2 16 19 31 36 52 79 88 94 96 98 102 107 110 114 122 126 146 155 160 179 198 203 205 211 214 217 260 281 292 294 297 
290 34 10 39 49 54 66 72 73 74 75 79 80 99 110 112 126 129 131 136 141 149 165 173 189 199 221 232 242 243 244 252 257 274 278 293 
291 30 4 27 33 41 43 59 68 82 91 102 115 123 133 134 143 161 185 199 214 219 224 254 255 260 266 267 270 278 287 293 
292 28 7 33 40 57 61 70 72 79 80 85 91 101 103 106 110 118 135 139 155 174 201 203 214 231 267 270 279 289 
293 31 17 34 41 52 53 59 76 111 123 124 125 141 144 161 167 170 173 179 204 207 215 228 231 234 247 259 261 272 283 290 291 
294 30 3 4 12 22 24 50 54 61 64 78 85 90 120 124 125 151 165 178 194 222 224 228 230 232 245 276 280 287 289 295 
295 31 17 20 27 33 40 47 61 67 76 85 91 108 132 161 164 170 178 183 189 198 214 223 231 254 256 262 266 275 279 283 294 
296 28 2 3 9 12 35 67 74 76 104 106 111 138 141 175 178 181 183 190 208 209 217 221 235 244 246 256 269 274 
297 30 6 17 27 31 45 46 70 75 95 101 105 112 123 131 141 143 158 159 160 169 192 200 220 222 224 226 233 242 289 299 
298 27 1 2 10 27 40 57 61 62 71 89 96 112 120 163 180 199 206 224 227 235 247 255 264 271 279 282 299 
299 34 8 14 17 31 32 35 42 90 94 101 107 111 117 119 133 145 146 150 162 172 173 187 220 221 224 226 241 245 272 275 276 283 297 298 
