300 2645
0 21 18 19 22 30 32 48 67 96 104 115 132 183 190 202 215 220 228 241 257 260 268 
1 23 2 4 15 22 50 53 57 61 76 101 106 124 145 153 154 187 192 218 236 238 260 273 293 
2 14 1 14 20 87 99 108 118 149 167 170 171 200 242 282 
3 19 6 10 24 51 63 108 116 179 191 196 207 210 219 232 235 236 238 260 280 
4 16 1 13 27 36 45 109 110 116 126 212 242 264 266 277 278 299 
5 11 13 17 44 53 54 68 83 89 210 213 286 
6 14 3 25 62 95 101 124 139 157 180 192 194 236 261 284 
7 14 28 31 67 82 93 95 98 117 124 126 129 213 222 235 
8 13 10 43 49 76 82 109 111 126 139 165 239 244 256 
9 20 14 18 41 60 66 77 82 100 107 120 135 157 163 177 189 210 221 232 241 275 
10 21 3 8 23 40 57 66 73 106 119 123 169 170 175 182 194 199 206 232 257 261 281 
11 27 19 26 37 40 42 52 58 83 110 118 124 136 152 153 155 160 164 211 219 233 238 251 271 276 281 287 290 
12 13 35 64 114 117 150 172 206 207 223 224 242 243 257 
13 18 4 5 22 68 75 85 101 177 184 219 227 230 242 245 258 270 273 277 
14 19 2 9 20 52 82 109 119 121 139 154 177 203 229 236 237 273 275 281 290 
15 23 1 17 72 73 116 127 131 145 164 170 171 174 183 204 209 213 220 232 234 252 279 290 297 
16 21 30 91 99 121 141 145 156 160 163 173 174 179 190 195 223 229 231 240 252 261 279 
17 10 5 15 20 23 136 210 238 241 257 298 
18 15 0 9 55 78 96 129 145 146 165 169 187 253 264 271 282 
19 21 0 11 35 68 74 94 100 112 122 123 128 131 151 161 163 168 185 214 264 290 298 
20 18 2 14 17 56 58 79 90 139 163 170 203 212 220 238 244 263 268 285 
21 23 26 38 41 54 83 121 124 134 142 152 155 157 161 174 185 212 215 232 249 256 260 263 271 
22 21 0 1 13 23 27 34 36 66 80 84 90 118 139 173 174 180 194 206 210 259 260 
23 14 10 17 22 46 71 126 127 142 182 244 249 250 260 279 
24 14 3 25 29 43 84 125 126 132 138 167 233 235 291 295 
25 16 6 24 33 51 60 82 84 85 106 140 167 237 244 259 283 288 
26 16 11 21 77 101 107 109 135 138 151 152 166 178 201 237 257 264 
27 21 4 22 41 51 57 83 93 99 100 129 147 152 155 177 184 219 226 234 239 266 281 
28 17 7 33 42 49 60 63 74 110 123 165 172 181 201 223 233 276 294 
29 17 24 92 115 116 124 132 145 181 188 192 244 254 256 260 265 274 281 
30 24 0 16 41 53 63 128 138 140 149 161 186 190 193 199 206 232 239 240 249 254 264 279 285 297 
31 21 7 47 73 75 85 92 102 111 127 149 152 154 157 189 208 230 237 251 267 283 287 
32 16 0 39 60 62 70 96 100 104 122 175 176 221 226 243 284 288 
33 24 25 28 40 43 51 67 78 101 108 128 130 153 157 171 182 189 217 218 221 238 252 270 282 293 
34 13 22 42 58 69 85 92 114 168 197 207 258 293 294 
35 16 12 19 37 69 94 101 151 158 163 179 249 263 264 273 281 286 
36 16 4 22 47 55 57 97 104 105 108 121 150 233 247 266 286 290 
37 12 11 35 38 48 64 80 128 178 237 272 281 288 
38 14 21 37 41 61 70 118 126 153 182 201 214 216 230 240 
39 11 32 64 66 74 112 127 148 203 242 247 259 
40 21 10 11 33 44 52 73 74 106 128 143 145 154 155 167 170 185 189 195 211 221 289 
41 25 9 21 27 30 38 42 58 109 145 154 155 163 167 174 179 180 181 198 222 238 245 257 289 293 295 
42 23 11 28 34 41 81 90 127 136 139 141 161 163 177 190 201 218 224 230 242 249 253 280 289 
43 9 8 24 33 54 107 121 176 195 277 
44 14 5 40 63 108 157 162 165 226 227 239 249 259 261 283 
45 18 4 47 64 66 75 78 105 111 130 151 173 179 190 198 202 203 242 276 
46 20 23 78 80 102 114 121 128 132 134 151 153 180 181 219 241 243 245 276 289 296 
47 14 31 36 45 48 71 89 97 111 141 165 203 246 263 273 
48 11 0 37 47 154 156 165 195 212 243 249 299 
49 15 8 28 59 96 131 182 184 186 199 225 234 246 250 290 291 
50 26 1 53 54 67 107 112 118 128 129 145 147 165 173 174 194 200 207 208 212 218 223 227 254 255 272 299 
51 17 3 25 27 33 84 88 105 127 135 167 225 231 242 244 249 251 260 
52 13 11 14 40 69 92 94 118 127 152 191 210 216 237 
53 16 1 5 30 50 74 100 119 129 144 196 203 232 236 240 249 277 
54 17 5 21 43 50 58 60 73 77 79 83 129 153 167 241 251 275 277 
55 19 18 36 63 74 81 123 139 171 192 199 206 219 221 233 235 276 281 282 299 
56 14 20 88 99 113 158 190 215 232 245 248 258 260 265 277 
57 23 1 10 27 36 75 78 79 99 108 123 133 134 162 165 185 229 230 244 258 266 272 284 290 
58 18 11 20 34 41 54 66 98 133 156 157 159 176 179 186 188 226 240 288 
59 12 49 60 105 145 188 212 239 240 242 243 282 284 
60 19 9 25 28 32 54 59 61 62 102 120 139 149 178 233 234 255 280 281 284 
61 21 1 38 60 69 90 95 124 132 141 151 168 196 202 207 209 244 258 262 264 292 295 
62 12 6 32 60 110 156 223 244 254 256 266 290 295 
63 17 3 28 30 44 55 102 107 110 134 148 165 172 177 232 246 278 281 
64 13 12 37 39 45 131 134 190 193 209 228 253 293 298 
65 16 71 90 130 132 143 161 162 168 183 191 198 203 240 246 274 292 
66 22 9 10 22 39 45 58 72 78 82 86 170 180 181 196 199 208 211 229 244 281 286 294 
67 22 0 7 33 50 105 108 111 133 138 162 165 167 174 176 180 234 242 262 263 265 271 293 
68 10 5 13 19 74 79 100 141 221 231 274 
69 23 34 35 52 61 70 76 96 98 100 161 163 174 180 182 188 211 221 249 254 275 286 290 298 
70 17 32 38 69 124 161 170 191 216 255 258 264 268 270 279 280 294 299 
71 18 23 47 65 92 113 171 184 200 205 212 215 232 273 274 284 292 295 297 
72 18 15 66 79 81 104 105 107 121 123 130 141 176 197 223 238 253 275 285 
73 17 10 15 31 40 54 78 84 102 137 141 159 174 189 192 200 206 277 
74 22 19 28 39 40 53 55 68 79 85 104 113 120 123 130 156 175 197 255 268 277 285 298 
75 13 13 31 45 57 78 90 164 182 217 246 267 274 299 
76 12 1 8 69 112 148 194 220 221 245 250 282 284 
77 18 9 26 54 79 83 85 119 121 127 148 156 159 174 181 244 254 271 292 
78 21 18 33 45 46 57 66 73 75 79 98 108 131 174 181 193 201 204 210 214 228 264 
79 22 20 54 57 68 72 74 77 78 93 125 142 154 158 168 190 192 207 224 247 273 283 291 
80 16 22 37 46 119 133 143 147 169 173 185 235 241 248 252 259 281 
81 10 42 55 72 88 153 194 202 256 263 275 
82 24 7 8 9 14 25 66 85 97 102 105 110 115 147 154 160 166 178 181 190 218 221 226 248 284 
83 16 5 11 21 27 54 77 92 124 128 197 202 206 245 273 282 296 
84 20 22 24 25 51 73 87 88 107 120 128 141 152 163 181 211 222 228 255 279 290 
85 21 13 25 31 34 74 77 82 99 106 148 173 179 182 188 190 235 241 276 281 284 289 
86 17 66 90 93 111 185 196 197 198 207 213 227 233 237 266 278 289 299 
87 19 2 84 106 116 119 136 153 156 158 183 189 213 223 243 269 273 284 285 293 
88 12 51 56 81 84 105 142 151 174 175 216 228 283 
89 17 5 47 101 116 127 145 152 161 205 218 231 240 246 250 255 281 287 
90 18 20 22 42 61 65 75 86 102 117 119 125 136 156 184 186 207 231 232 
91 19 16 99 145 168 176 177 182 190 210 213 221 236 244 252 265 277 283 285 290 
92 14 29 31 34 52 71 83 142 153 167 173 177 207 251 280 
93 12 7 27 79 86 105 176 205 244 253 266 270 296 
94 15 19 35 52 100 127 146 157 170 184 195 225 247 249 276 288 
95 19 6 7 61 107 108 109 114 139 152 178 196 205 210 216 223 244 269 274 288 
96 14 0 18 32 49 69 115 150 155 163 173 205 250 280 289 
97 10 36 47 82 101 170 174 203 204 230 251 
98 16 7 58 69 78 126 167 177 181 183 184 222 233 238 241 254 261 
99 19 2 16 27 56 57 85 91 112 118 127 169 176 228 234 242 253 257 281 284 
100 22 9 19 27 32 53 68 69 94 124 142 143 150 162 172 187 194 204 227 236 274 276 299 
101 16 1 6 13 26 33 35 89 97 104 136 205 259 263 271 277 295 
102 17 31 46 60 63 73 82 90 106 110 114 168 170 181 209 223 226 235 
103 10 128 138 147 155 161 183 220 248 275 289 
104 16 0 32 36 72 74 101 131 134 151 162 179 209 249 256 265 283 
105 19 36 45 51 59 67 72 82 88 93 125 134 163 171 200 245 276 281 287 297 
106 21 1 10 25 40 85 87 102 120 143 168 172 177 192 199 222 239 262 268 271 276 285 
107 19 9 26 43 50 63 72 84 95 119 130 137 163 199 231 238 243 253 266 286 
108 18 2 3 33 36 44 57 67 78 95 124 133 148 167 171 184 193 220 239 
109 19 4 8 14 26 41 95 113 120 132 145 159 179 196 231 243 245 253 275 299 
110 17 4 11 28 62 63 82 102 142 172 177 188 191 230 241 253 276 278 
111 14 8 31 45 47 67 86 131 179 181 238 239 248 271 292 
112 16 19 39 50 76 99 125 145 179 193 230 238 251 264 272 276 295 
113 17 56 71 74 109 124 167 191 214 238 242 268 269 274 275 279 280 297 
114 17 12 34 46 95 102 133 160 167 170 206 215 216 239 269 286 292 297 
115 15 0 29 82 96 128 153 162 169 186 238 239 271 272 284 291 
116 19 3 4 15 29 87 89 181 209 210 217 220 221 222 230 237 249 253 265 287 
117 10 7 12 90 177 184 222 224 280 281 290 
118 20 2 11 22 38 50 52 99 145 147 202 213 221 224 225 248 262 263 268 280 281 
119 14 10 14 53 77 80 87 90 107 135 161 179 183 206 225 
120 20 9 60 74 84 106 109 121 125 167 177 183 194 196 197 202 223 230 251 263 295 
121 21 14 16 21 36 43 46 72 77 120 139 153 172 175 183 190 229 237 245 268 277 282 
122 12 19 32 134 184 188 194 201 225 230 245 297 299 
123 18 10 19 28 55 57 72 74 133 134 144 156 179 181 223 239 242 255 282 
124 24 1 6 7 11 21 29 61 70 83 100 108 113 132 155 184 196 206 209 239 243 252 268 284 298 
125 17 24 79 90 105 112 120 131 138 149 157 226 251 257 267 273 291 293 
126 18 4 7 8 23 24 38 98 136 162 163 167 176 198 216 230 256 276 282 
127 25 15 23 31 39 42 51 52 77 89 94 99 141 165 171 186 202 213 215 227 230 242 250 279 280 285 
128 20 19 30 33 37 40 46 50 83 84 103 115 131 153 166 184 201 206 235 269 270 
129 21 7 18 27 50 53 54 130 146 163 175 190 212 220 226 246 253 261 275 288 293 297 
130 15 33 45 65 72 74 107 129 142 151 204 205 224 233 245 265 
131 17 15 19 49 64 78 104 111 125 128 154 169 181 196 215 237 267 290 
132 21 0 24 29 46 61 65 109 124 140 173 181 193 202 206 215 221 235 244 245 246 283 
133 18 57 58 67 80 108 114 123 167 175 187 190 201 246 265 272 274 277 289 
134 17 21 46 57 63 64 104 105 122 123 157 162 178 185 211 223 264 286 
135 12 9 26 51 119 145 147 203 238 257 276 279 281 
136 16 11 17 42 87 90 101 126 137 141 149 151 216 236 253 278 289 
137 9 73 107 136 163 182 198 214 229 269 
138 14 24 26 30 67 103 125 142 147 148 171 197 198 246 263 
139 19 6 8 14 20 22 42 55 60 95 121 142 158 185 186 231 232 255 257 279 
140 12 25 30 132 142 145 179 185 232 252 253 263 266 
141 20 16 42 47 61 68 72 73 84 127 136 181 186 191 193 197 199 237 244 262 270 
142 15 21 23 79 88 92 100 110 130 138 139 140 175 189 190 246 
143 18 40 65 80 100 106 150 152 158 165 210 220 230 232 233 234 236 274 281 
144 9 53 123 148 176 214 230 253 261 267 
145 23 1 15 16 18 29 40 41 50 59 89 91 109 112 118 135 140 179 184 188 199 217 274 286 
146 13 18 94 129 158 175 193 195 219 232 251 268 288 290 
147 17 27 50 80 82 103 118 135 138 167 186 190 202 204 238 245 260 287 
148 17 39 63 76 77 85 108 138 144 154 165 192 224 250 267 269 288 290 
149 10 2 30 31 60 125 136 156 179 264 266 
150 13 12 36 96 100 143 153 179 197 221 261 264 270 275 
151 20 19 26 35 45 46 61 88 104 130 136 162 204 210 224 231 246 264 271 296 297 
152 29 11 21 26 27 31 52 84 89 95 143 160 170 176 189 195 214 216 221 228 230 232 241 242 245 246 255 290 292 295 
153 18 1 11 33 38 46 54 81 87 92 115 121 128 150 185 252 282 290 297 
154 27 1 14 31 40 41 48 79 82 131 148 156 161 175 176 196 225 226 227 237 244 246 252 255 262 263 270 279 
155 16 11 21 27 40 41 96 103 124 159 165 191 246 266 272 279 296 
156 20 16 48 58 62 74 77 87 90 123 149 154 195 198 199 220 222 270 274 281 289 
157 17 6 9 21 31 33 44 58 94 125 134 186 236 238 239 277 293 299 
158 16 35 56 79 87 139 143 146 163 169 223 232 245 269 282 288 292 
159 14 58 73 77 109 155 166 201 204 208 227 229 243 248 259 
160 15 11 16 82 114 152 188 199 201 222 224 227 240 246 284 290 
161 22 19 21 30 42 65 69 70 89 103 119 154 166 174 177 194 197 207 213 220 236 241 255 
162 18 44 57 65 67 100 104 115 126 134 151 169 195 222 244 261 287 294 298 
163 27 9 16 19 20 35 41 42 69 84 96 105 107 126 129 137 158 168 183 191 200 206 219 230 238 242 296 299 
164 12 11 15 75 179 190 222 223 229 233 245 247 273 
165 24 8 18 28 44 47 48 50 57 63 67 127 143 148 155 192 202 203 213 220 226 262 263 271 278 
166 10 26 82 128 159 161 170 197 206 273 290 
167 23 2 24 25 40 41 51 54 67 92 98 108 113 114 120 126 133 147 172 179 200 206 245 251 
168 17 19 34 61 65 79 91 102 106 163 186 202 219 234 251 275 288 299 
169 16 10 18 80 99 115 131 158 162 188 215 220 224 237 247 251 273 
170 21 2 10 15 20 40 66 70 94 97 102 114 152 166 177 178 185 198 250 267 271 290 
171 16 2 15 33 55 71 105 108 127 138 189 201 207 245 269 275 295 
172 15 12 28 63 100 106 110 121 167 181 188 201 221 224 259 289 
173 16 16 22 45 50 80 85 92 96 132 183 189 196 212 220 222 286 
174 23 15 16 21 22 41 50 67 69 73 77 78 88 97 161 179 194 204 232 235 241 256 292 295 
175 16 10 32 74 88 121 129 133 142 146 154 182 194 236 247 264 267 
176 17 32 43 58 67 72 91 93 99 126 144 152 154 181 193 195 203 248 
177 23 9 13 14 27 42 63 91 92 98 106 110 117 120 161 170 186 202 206 233 244 266 276 292 
178 13 26 37 60 82 95 134 170 183 218 219 232 276 279 
179 30 3 16 35 41 45 58 85 104 109 111 112 119 123 140 145 149 150 164 167 174 188 189 191 198 215 224 235 248 287 294 
180 16 6 22 41 46 66 67 69 196 197 199 202 208 249 275 279 291 
181 26 28 29 41 46 66 77 78 82 84 98 102 111 116 123 131 132 141 172 176 191 202 211 238 263 275 295 
182 17 10 23 33 38 49 69 75 85 91 137 175 197 241 263 268 271 298 
183 23 0 15 65 87 98 103 119 120 121 163 173 178 185 187 201 228 241 255 257 267 268 276 296 
184 21 13 27 49 71 90 94 98 108 117 122 124 128 145 189 203 214 222 242 261 277 279 
185 19 19 21 40 57 80 86 134 139 140 153 170 183 190 191 229 236 246 263 289 
186 20 30 49 58 90 115 127 139 141 147 157 168 177 191 197 202 230 240 274 289 290 
187 12 1 18 100 133 183 195 213 235 237 248 258 286 
188 15 29 58 59 69 85 110 122 145 160 169 172 179 241 248 283 
189 20 9 31 33 40 73 87 142 152 171 173 179 184 197 206 211 215 247 252 280 294 
190 29 0 16 30 42 45 56 64 79 82 85 91 121 129 133 142 147 164 185 200 201 207 224 225 228 233 253 256 272 282 
191 17 3 52 65 70 110 113 141 155 163 179 181 185 186 197 238 244 286 
192 12 1 6 29 55 73 79 106 148 165 202 209 274 
193 13 30 64 78 108 112 132 141 146 176 208 273 274 282 
194 18 6 10 22 50 76 81 100 120 122 161 174 175 211 250 252 263 278 281 
195 16 16 40 43 48 94 146 152 156 162 176 187 198 228 239 286 292 
196 19 3 53 61 66 86 95 109 120 124 131 154 173 180 198 209 225 243 283 287 
197 19 34 72 74 83 86 120 138 141 150 161 166 180 182 186 189 191 216 231 296 
198 17 41 45 65 86 126 137 138 156 170 179 195 196 205 221 270 289 293 
199 19 10 30 49 55 66 106 107 141 145 156 160 180 203 212 214 242 245 253 289 
200 11 2 50 71 73 105 163 167 190 212 279 285 
201 19 26 28 38 42 78 122 128 133 159 160 171 172 183 190 233 246 250 277 297 
202 29 0 45 61 81 83 118 120 127 132 147 165 168 177 180 181 186 192 204 219 234 236 251 262 267 270 278 280 297 298 
203 23 14 20 39 45 47 53 65 97 135 165 176 184 199 208 220 223 249 256 267 270 276 286 289 
204 15 15 78 97 100 130 147 151 159 174 202 245 256 274 285 297 
205 17 71 89 93 95 96 101 130 198 223 224 230 249 254 262 276 281 289 
206 21 10 12 22 30 55 73 83 114 119 124 128 132 163 166 167 177 189 236 267 285 288 
207 18 3 12 34 50 61 79 86 90 92 161 171 190 208 248 259 264 289 292 
208 14 31 50 66 159 180 193 203 207 209 224 226 256 270 289 
209 17 15 61 64 102 104 116 124 192 196 208 212 221 227 228 233 282 290 
210 21 3 5 9 17 22 52 78 91 95 116 143 151 213 222 235 249 263 266 271 275 295 
211 17 11 40 66 69 84 134 181 189 194 216 240 268 271 279 287 288 289 
212 16 4 20 21 48 50 59 71 129 173 199 200 209 259 261 279 292 
213 18 5 7 15 86 87 91 118 127 161 165 187 210 246 247 272 278 295 299 
214 15 19 38 78 113 137 144 152 184 199 220 228 232 233 269 284 
215 12 0 21 56 71 114 127 131 132 169 179 189 242 
216 19 38 52 70 88 95 114 126 136 152 197 211 221 238 241 249 257 280 289 296 
217 5 33 75 116 145 282 
218 11 1 33 42 50 82 89 178 227 230 243 284 
219 17 3 11 13 27 46 55 146 163 168 178 202 223 225 233 259 260 263 
220 21 0 15 20 76 103 108 116 129 143 156 161 165 169 173 203 214 249 255 262 277 299 
221 22 9 32 33 40 55 68 69 76 82 91 116 118 132 150 152 172 198 209 216 253 288 290 
222 16 7 41 84 98 106 116 117 156 160 162 164 173 184 210 279 296 
223 25 12 16 28 50 62 72 87 95 102 120 123 134 158 164 203 205 219 229 233 260 285 288 291 292 295 
224 21 12 42 79 117 118 130 148 151 160 169 172 179 190 205 208 232 245 246 249 266 269 
225 11 49 51 94 118 119 122 154 190 196 219 294 
226 14 27 32 44 58 82 102 125 129 154 165 208 245 285 292 
227 13 13 44 50 86 100 127 154 159 160 209 218 255 256 
228 15 0 64 78 84 88 99 152 183 190 195 209 214 253 262 274 
229 15 14 16 57 66 121 137 159 164 185 223 246 274 285 297 298 
230 23 13 31 38 42 57 97 110 112 116 120 122 126 127 143 144 152 163 186 205 218 271 277 280 
231 13 16 51 68 89 90 107 109 139 151 197 257 260 284 
232 25 3 9 10 15 21 30 53 56 63 71 90 139 140 143 146 152 158 174 178 214 224 251 255 258 259 
233 24 11 24 28 36 55 60 86 98 130 143 164 177 190 201 209 214 219 223 263 277 281 286 292 296 
234 14 15 27 49 60 67 99 143 168 202 243 279 292 293 297 
235 16 3 7 24 55 80 85 102 128 132 174 179 187 210 239 255 295 
236 18 1 3 6 14 53 91 100 136 143 157 161 175 185 202 206 237 244 252 
237 24 14 25 26 31 37 52 86 116 121 131 141 154 169 187 236 248 251 253 273 280 285 287 293 296 
238 22 1 3 11 17 20 33 41 72 98 107 111 112 113 115 135 147 157 163 181 191 216 271 
239 15 8 27 30 44 59 106 108 111 114 115 123 124 157 195 235 
240 14 16 30 38 53 58 59 65 89 160 186 211 245 251 293 
241 18 0 9 17 46 54 80 85 98 110 152 161 174 182 183 188 216 260 290 
242 23 2 4 12 13 39 42 45 51 59 67 99 113 123 127 152 163 184 199 215 249 264 266 299 
243 16 12 32 46 48 59 87 107 109 124 159 196 218 234 284 289 293 
244 25 8 20 23 25 29 51 57 61 62 66 77 91 93 95 132 141 154 162 177 191 236 251 285 290 292 
245 28 13 41 46 56 76 83 105 109 121 122 130 132 147 152 158 164 167 171 199 204 224 226 240 251 257 260 273 277 
246 22 47 49 63 65 75 89 129 132 133 138 142 151 152 154 155 160 185 201 213 224 229 274 
247 9 36 39 79 94 164 169 175 189 213 
248 15 56 80 82 103 111 118 159 176 179 187 188 207 237 283 293 
249 25 21 23 30 35 42 44 48 51 53 69 94 104 116 180 203 205 210 216 220 224 242 272 288 295 297 
250 16 23 49 76 89 96 127 148 170 194 201 266 267 274 276 277 299 
251 22 11 31 51 54 92 97 112 120 125 146 167 168 169 202 232 237 240 244 245 261 296 299 
252 12 15 16 33 80 91 124 140 153 154 189 194 236 
253 23 18 42 64 72 93 99 107 109 110 116 129 136 140 144 190 199 221 228 237 254 271 276 295 
254 14 29 30 50 62 69 77 98 205 253 256 264 275 291 297 
255 16 50 60 70 74 84 89 123 139 152 154 161 183 220 227 232 235 
256 17 8 21 29 62 81 104 126 174 190 203 204 208 227 254 270 290 298 
257 20 0 10 12 17 26 41 99 125 135 139 183 216 231 245 259 264 272 280 286 289 
258 8 13 34 56 57 61 70 187 232 
259 16 22 25 39 44 80 101 159 172 207 212 219 232 257 275 282 297 
260 16 0 1 3 21 22 23 29 51 56 147 219 223 231 241 245 271 
261 14 6 10 16 44 98 129 144 150 162 184 212 251 276 290 
262 15 61 67 106 118 141 154 165 202 205 220 228 270 282 283 289 
263 22 20 21 35 47 67 81 101 118 120 138 140 154 165 181 182 185 194 210 219 233 270 298 
264 19 4 18 19 26 30 35 61 70 78 112 134 149 150 151 175 207 242 254 257 
265 10 29 56 67 91 104 116 130 133 268 294 
266 17 4 27 36 57 62 86 93 107 140 149 155 177 210 224 242 250 280 
267 17 31 75 125 131 144 148 170 175 183 202 203 206 250 269 283 285 296 
268 16 0 20 70 74 106 113 118 121 124 146 182 183 211 265 272 284 
269 14 87 95 113 114 128 137 148 158 171 214 224 267 276 290 
270 16 13 33 70 93 128 141 150 154 156 198 202 203 208 256 262 263 
271 19 11 18 21 67 77 101 106 111 115 151 165 170 182 210 211 230 238 253 260 
272 14 37 50 57 112 115 133 155 190 213 249 257 268 295 296 
273 17 1 13 14 35 47 71 79 83 87 125 164 166 169 193 237 245 286 
274 21 29 65 68 71 75 95 100 113 133 143 145 156 186 192 193 204 228 229 246 250 299 
275 21 9 14 54 69 72 81 103 109 113 129 150 168 171 180 181 210 254 259 281 285 294 
276 23 11 28 45 46 55 85 94 100 105 106 110 112 126 135 177 178 183 203 205 250 253 261 269 
277 23 4 13 43 53 54 56 73 74 91 101 121 133 157 184 201 220 230 233 245 250 279 291 296 
278 9 4 63 86 110 136 165 194 202 213 
279 23 15 16 23 30 70 84 113 127 135 139 154 155 178 180 184 200 211 212 222 234 277 292 297 
280 20 3 42 60 70 92 96 113 117 118 127 189 202 216 230 237 257 266 281 287 299 
281 26 10 11 14 27 29 35 37 55 60 63 66 80 85 89 99 105 117 118 135 143 156 194 205 233 275 280 
282 19 2 18 33 55 59 76 83 121 123 126 153 158 190 193 209 217 259 262 297 
283 15 25 31 44 79 88 91 104 132 188 196 248 262 267 287 297 
284 20 6 32 57 59 60 71 76 82 85 87 99 115 124 160 214 218 231 243 268 296 
285 20 20 30 72 74 87 91 106 127 200 204 206 223 226 229 237 244 267 275 292 297 
286 20 5 35 36 66 69 107 114 134 145 173 187 191 195 203 233 257 273 290 291 299 
287 14 11 31 89 105 116 147 162 179 196 211 237 280 283 297 
288 17 25 32 37 58 94 95 129 146 148 158 168 206 211 221 223 249 294 
289 25 40 41 42 46 85 86 96 103 133 136 156 172 185 186 198 199 203 205 207 208 211 216 243 257 262 
290 29 11 14 15 19 36 49 57 62 69 84 91 117 131 146 148 152 153 160 166 170 186 209 221 241 244 256 261 269 286 
291 13 24 49 79 115 125 180 223 254 277 286 295 297 298 
292 21 61 65 71 77 111 114 152 158 174 177 195 207 212 223 226 233 234 244 279 285 297 
293 17 1 33 34 41 64 67 87 125 129 157 198 234 237 240 243 248 294 
294 12 28 34 66 70 162 179 189 225 265 275 288 293 
295 20 24 41 61 62 71 101 112 120 152 171 174 181 210 213 223 235 249 253 272 291 
296 17 46 83 93 151 155 163 183 197 216 222 233 237 251 267 272 277 284 
297 25 15 30 71 105 113 114 122 129 151 153 201 202 204 229 234 249 254 259 279 282 283 285 287 291 292 
298 13 17 19 64 69 74 124 162 182 202 229 256 263 291 
299 21 4 48 50 55 70 75 86 100 109 122 157 163 168 213 220 242 250 251 274 280 286 
