300 671
0 3 81 173 175 
1 3 35 98 113 
2 8 86 106 112 127 132 207 213 229 
3 2 154 294 
4 4 37 90 267 275 
5 4 107 134 188 246 
6 2 54 288 
7 4 93 128 186 199 
8 5 73 170 224 255 266 
9 7 147 149 174 177 180 204 220 
10 6 35 39 51 129 163 298 
11 1 52 
12 1 296 
13 6 16 51 77 84 214 222 
14 2 52 61 
15 2 55 216 
16 6 13 71 227 245 275 282 
17 3 166 237 282 
18 1 287 
19 5 81 130 141 148 283 
20 7 38 49 97 171 249 276 295 
21 7 61 103 163 213 234 235 238 
22 4 30 32 156 233 
23 3 65 129 164 
24 1 209 
25 2 93 268 
26 1 108 
27 6 34 61 73 87 102 285 
28 2 79 260 
29 5 31 54 70 85 235 
30 7 22 36 73 104 125 134 235 
31 4 29 115 121 149 
32 7 22 87 106 167 180 256 299 
33 4 49 86 154 217 
34 5 27 80 105 182 197 
35 7 1 10 69 179 193 230 286 
36 2 30 135 
37 6 4 85 127 201 233 279 
38 10 20 48 94 110 146 148 176 179 183 263 
39 2 10 210 
40 8 77 154 164 198 206 216 248 292 
41 8 46 74 84 120 219 247 250 293 
42 5 57 110 125 223 276 
43 4 75 144 194 210 
44 2 81 110 
45 1 262 
46 6 41 48 52 147 173 285 
47 3 97 143 231 
48 5 38 46 69 127 148 
49 7 20 33 87 95 116 212 285 
50 2 241 260 
51 4 10 13 61 82 
52 4 11 14 46 72 
53 2 97 246 
54 9 6 29 107 141 154 176 208 237 290 
55 2 15 184 
56 4 77 96 214 248 
57 3 42 204 211 
58 5 127 146 161 183 199 
59 2 259 278 
60 1 208 
61 5 14 21 27 51 234 
62 6 96 118 146 188 221 228 
63 3 84 95 120 
64 3 103 120 250 
65 4 23 73 157 286 
66 4 185 201 251 256 
67 6 129 175 190 209 269 296 
68 11 106 115 118 129 141 171 173 233 252 266 279 
69 3 35 48 192 
70 4 29 81 126 281 
71 5 16 80 119 236 263 
72 4 52 86 95 152 
73 8 8 27 30 65 155 166 174 290 
74 6 41 77 128 159 188 194 
75 7 43 111 196 197 232 235 297 
76 3 214 232 295 
77 10 13 40 56 74 134 171 208 213 284 286 
78 4 120 130 136 240 
79 6 28 93 95 101 141 226 
80 4 34 71 204 219 
81 8 0 19 44 70 181 225 242 247 
82 5 51 83 116 146 162 
83 1 82 
84 4 13 41 63 95 
85 6 29 37 94 160 282 294 
86 9 2 33 72 103 106 119 185 191 258 
87 4 27 32 49 95 
88 2 134 136 
89 1 133 
90 4 4 138 258 294 
91 6 107 111 115 192 196 216 
92 5 174 220 231 232 253 
93 5 7 25 79 144 212 
94 5 38 85 242 280 289 
95 9 49 63 72 79 84 87 160 169 283 
96 7 56 62 134 164 269 289 298 
97 5 20 47 53 182 233 
98 4 1 160 196 226 
99 3 166 225 238 
100 2 234 250 
101 2 79 176 
102 5 27 153 209 247 291 
103 5 21 64 86 168 249 
104 2 30 243 
105 3 34 157 206 
106 5 2 32 68 86 281 
107 5 5 54 91 209 218 
108 6 26 109 118 124 248 256 
109 3 108 227 288 
110 12 38 42 44 189 199 207 212 215 235 238 275 290 
111 6 75 91 131 137 180 225 
112 6 2 138 174 202 205 290 
113 2 1 138 
114 1 213 
115 5 31 68 91 157 255 
116 6 49 82 144 157 241 272 
117 1 169 
118 6 62 68 108 220 253 277 
119 4 71 86 149 263 
120 10 41 63 64 78 129 134 140 156 202 278 
121 4 31 170 194 262 
122 2 187 250 
123 2 142 279 
124 4 108 163 179 202 
125 4 30 42 265 294 
126 4 70 174 243 256 
127 6 2 37 48 58 245 272 
128 4 7 74 260 264 
129 7 10 23 67 68 120 209 225 
130 3 19 78 172 
131 3 111 198 211 
132 2 2 190 
133 2 89 196 
134 11 5 30 77 88 96 120 158 220 229 276 285 
135 2 36 235 
136 4 78 88 226 231 
137 3 111 173 187 
138 5 90 112 113 146 223 
139 2 258 267 
140 3 120 252 271 
141 5 19 54 68 79 253 
142 2 123 272 
143 5 47 183 192 226 291 
144 5 43 93 116 148 174 
145 2 252 299 
146 8 38 58 62 82 138 152 255 256 
147 3 9 46 233 
148 6 19 38 48 144 228 238 
149 6 9 31 119 227 239 263 
150 2 256 299 
151 1 202 
152 3 72 146 196 
153 3 102 209 240 
154 4 3 33 40 54 
155 4 73 264 284 292 
156 10 22 120 176 188 197 208 221 250 255 265 
157 5 65 105 115 116 254 
158 2 134 255 
159 3 74 161 297 
160 4 85 95 98 214 
161 3 58 159 295 
162 1 82 
163 3 10 21 124 
164 7 23 40 96 193 217 238 265 
165 2 213 232 
166 6 17 73 99 187 190 197 
167 3 32 242 293 
168 4 103 208 221 267 
169 5 95 117 188 238 267 
170 5 8 121 181 225 271 
171 6 20 68 77 184 230 260 
172 3 130 190 223 
173 4 0 46 68 137 
174 8 9 73 92 112 126 144 214 244 
175 3 0 67 223 
176 6 38 54 101 156 184 265 
177 3 9 187 229 
178 1 296 
179 3 35 38 124 
180 6 9 32 111 216 263 270 
181 5 81 170 184 226 296 
182 3 34 97 282 
183 5 38 58 143 276 295 
184 8 55 171 176 181 229 237 242 247 
185 4 66 86 214 291 
186 2 7 253 
187 5 122 137 166 177 299 
188 7 5 62 74 156 169 215 235 
189 2 110 271 
190 7 67 132 166 172 250 251 278 
191 3 86 279 282 
192 3 69 91 143 
193 7 35 164 205 214 236 242 247 
194 3 43 74 121 
195 2 204 208 
196 6 75 91 98 133 152 218 
197 5 34 75 156 166 202 
198 3 40 131 268 
199 5 7 58 110 245 254 
200 1 297 
201 3 37 66 285 
202 7 112 120 124 151 197 228 265 
203 4 206 256 289 292 
204 7 9 57 80 195 205 266 279 
205 3 112 193 204 
206 5 40 105 203 234 238 
207 3 2 110 264 
208 8 54 60 77 156 168 195 245 256 
209 8 24 67 102 107 129 153 260 296 
210 3 39 43 283 
211 3 57 131 238 
212 3 49 93 110 
213 7 2 21 77 114 165 231 255 
214 8 13 56 76 160 174 185 193 277 
215 3 110 188 226 
216 6 15 40 91 180 247 250 
217 5 33 164 237 277 289 
218 2 107 196 
219 2 41 80 
220 6 9 92 118 134 254 273 
221 3 62 156 168 
222 2 13 297 
223 6 42 138 172 175 231 295 
224 5 8 283 294 298 299 
225 9 81 99 111 129 170 241 276 277 284 
226 7 79 98 136 143 181 215 297 
227 4 16 109 149 259 
228 3 62 148 202 
229 4 2 134 177 184 
230 2 35 171 
231 8 47 92 136 213 223 239 252 279 
232 4 75 76 92 165 
233 6 22 37 68 97 147 248 
234 5 21 61 100 206 254 
235 9 21 29 30 75 110 135 188 268 286 
236 2 71 193 
237 5 17 54 184 217 269 
238 8 21 99 110 148 164 169 206 211 
239 3 149 231 263 
240 2 78 153 
241 5 50 116 225 258 299 
242 6 81 94 167 184 193 284 
243 2 104 126 
244 3 174 261 296 
245 7 16 127 199 208 257 258 294 
246 2 5 53 
247 6 41 81 102 184 193 216 
248 5 40 56 108 233 263 
249 3 20 103 285 
250 9 41 64 100 122 156 190 216 257 280 
251 2 66 190 
252 6 68 140 145 231 270 285 
253 4 92 118 141 186 
254 4 157 199 220 234 
255 9 8 115 146 156 158 213 257 282 298 
256 8 32 66 108 126 146 150 203 208 
257 4 245 250 255 285 
258 6 86 90 139 241 245 274 
259 3 59 227 268 
260 7 28 50 128 171 209 270 271 
261 1 244 
262 2 45 121 
263 8 38 71 119 149 180 239 248 287 
264 3 128 155 207 
265 5 125 156 164 176 202 
266 4 8 68 204 273 
267 6 4 139 168 169 284 291 
268 5 25 198 235 259 275 
269 3 67 96 237 
270 3 180 252 260 
271 5 140 170 189 260 298 
272 3 116 127 142 
273 2 220 266 
274 1 258 
275 5 4 16 110 268 295 
276 5 20 42 134 183 225 
277 4 118 214 217 225 
278 3 59 120 190 
279 6 37 68 123 191 204 231 
280 2 94 250 
281 2 70 106 
282 7 16 17 85 182 191 255 298 
283 4 19 95 210 224 
284 6 77 155 225 242 267 286 
285 8 27 46 49 134 201 249 252 257 
286 5 35 65 77 235 284 
287 3 18 263 294 
288 2 6 109 
289 6 94 96 203 217 292 297 
290 4 54 73 110 112 
291 4 102 143 185 267 
292 4 40 155 203 289 
293 2 41 167 
294 7 3 85 90 125 224 245 287 
295 6 20 76 161 183 223 275 
296 6 12 67 178 181 209 244 
297 6 75 159 200 222 226 289 
298 6 10 96 224 255 271 282 
299 6 32 145 150 187 224 241 
