300 814
0 3 81 173 175 
1 3 35 98 113 
2 9 11 86 106 112 127 132 207 213 229 
3 2 154 294 
4 4 37 90 267 275 
5 7 107 134 151 188 246 274 277 
6 2 54 288 
7 5 93 128 183 186 199 
8 5 73 170 224 255 266 
9 7 147 149 174 177 180 204 220 
10 7 13 35 39 51 129 163 298 
11 2 2 52 
12 1 296 
13 8 10 16 51 77 84 183 214 222 
14 3 52 61 172 
15 4 24 55 216 240 
16 6 13 71 227 245 275 282 
17 5 46 140 166 237 282 
18 4 210 227 254 287 
19 5 81 130 141 148 283 
20 9 38 49 87 97 171 223 249 276 295 
21 7 61 103 163 213 234 235 238 
22 5 30 32 35 156 233 
23 5 65 70 129 148 164 
24 2 15 209 
25 2 93 268 
26 3 77 108 127 
27 6 34 61 73 87 102 285 
28 3 79 128 260 
29 5 31 54 70 85 235 
30 8 22 36 73 104 125 134 142 235 
31 6 29 108 111 115 121 149 
32 7 22 87 106 167 180 256 299 
33 7 49 65 86 154 180 217 291 
34 7 27 67 80 105 129 182 197 
35 8 1 10 22 69 179 193 230 286 
36 3 30 96 135 
37 7 4 85 127 201 233 272 279 
38 11 20 48 94 102 110 146 148 176 179 183 263 
39 3 10 210 255 
40 8 77 154 164 198 206 216 248 292 
41 8 46 74 84 120 219 247 250 293 
42 6 57 110 125 223 276 299 
43 4 75 144 194 210 
44 2 81 110 
45 2 222 262 
46 9 17 41 48 52 147 173 252 285 297 
47 3 97 143 231 
48 6 38 46 69 127 134 148 
49 8 20 33 86 87 95 116 212 285 
50 3 241 260 264 
51 4 10 13 61 82 
52 5 11 14 46 72 73 
53 4 97 142 209 246 
54 12 6 29 107 141 154 176 200 208 237 259 280 290 
55 3 15 56 184 
56 5 55 77 96 214 248 
57 3 42 204 211 
58 6 127 146 161 183 199 215 
59 3 236 259 278 
60 1 208 
61 6 14 21 27 51 163 234 
62 7 96 118 146 149 188 221 228 
63 3 84 95 120 
64 4 103 120 230 250 
65 6 23 33 73 157 276 286 
66 6 127 155 185 201 251 256 
67 7 34 129 175 190 209 269 296 
68 11 106 115 118 129 141 171 173 233 252 266 279 
69 4 35 48 192 244 
70 7 23 29 73 81 126 188 281 
71 6 16 80 119 156 236 263 
72 4 52 86 95 152 
73 12 8 27 30 52 65 70 119 155 166 174 242 290 
74 8 41 77 128 159 168 181 188 194 
75 8 43 111 141 196 197 232 235 297 
76 3 214 232 295 
77 13 13 26 40 56 74 134 171 199 202 208 213 284 286 
78 4 120 130 136 240 
79 6 28 93 95 101 141 226 
80 5 34 71 201 204 219 
81 9 0 19 44 70 97 181 225 242 247 
82 9 51 83 107 116 146 162 168 278 291 
83 1 82 
84 5 13 41 63 95 180 
85 6 29 37 94 160 282 294 
86 12 2 33 49 72 87 103 106 119 185 191 245 258 
87 8 20 27 32 49 86 95 121 156 
88 3 134 136 141 
89 2 133 244 
90 5 4 138 258 268 294 
91 9 107 111 115 156 192 196 216 225 295 
92 6 174 175 220 231 232 253 
93 5 7 25 79 144 212 
94 5 38 85 242 280 289 
95 9 49 63 72 79 84 87 160 169 283 
96 8 36 56 62 134 164 269 289 298 
97 6 20 47 53 81 182 233 
98 4 1 160 196 226 
99 3 166 225 238 
100 2 234 250 
101 3 79 176 267 
102 9 27 38 149 153 209 214 247 289 291 
103 5 21 64 86 168 249 
104 3 30 111 243 
105 3 34 157 206 
106 6 2 32 68 86 281 282 
107 8 5 54 82 91 209 218 266 270 
108 7 26 31 109 118 124 248 256 
109 5 108 151 223 227 288 
110 12 38 42 44 189 199 207 212 215 235 238 275 290 
111 8 31 75 91 104 131 137 180 225 
112 8 2 138 140 173 174 202 205 290 
113 3 1 138 171 
114 2 151 213 
115 6 31 68 91 157 186 255 
116 6 49 82 144 157 241 272 
117 2 127 169 
118 6 62 68 108 220 253 277 
119 5 71 73 86 149 263 
120 11 41 63 64 78 129 134 140 156 202 247 278 
121 5 31 87 170 194 262 
122 4 186 187 250 256 
123 2 142 279 
124 5 108 163 179 202 242 
125 4 30 42 265 294 
126 4 70 174 243 256 
127 9 2 26 37 48 58 66 117 245 272 
128 6 7 28 74 165 260 264 
129 8 10 23 34 67 68 120 209 225 
130 3 19 78 172 
131 3 111 198 211 
132 2 2 190 
133 3 89 168 196 
134 13 5 30 48 77 88 96 120 158 220 229 276 285 291 
135 3 36 139 235 
136 4 78 88 226 231 
137 4 111 173 187 222 
138 5 90 112 113 146 223 
139 3 135 258 267 
140 7 17 112 120 143 233 252 271 
141 7 19 54 68 75 79 88 253 
142 4 30 53 123 272 
143 6 47 140 183 192 226 291 
144 5 43 93 116 148 174 
145 3 204 252 299 
146 8 38 58 62 82 138 152 255 256 
147 3 9 46 233 
148 8 19 23 38 48 144 168 228 238 
149 9 9 31 62 102 119 227 239 261 263 
150 2 256 299 
151 4 5 109 114 202 
152 3 72 146 196 
153 3 102 209 240 
154 4 3 33 40 54 
155 5 66 73 264 284 292 
156 13 22 71 87 91 120 176 188 197 208 221 250 255 265 
157 5 65 105 115 116 254 
158 2 134 255 
159 3 74 161 297 
160 4 85 95 98 214 
161 3 58 159 295 
162 1 82 
163 4 10 21 61 124 
164 8 23 40 96 193 217 238 265 267 
165 5 128 178 213 232 248 
166 7 17 73 99 187 190 197 227 
167 3 32 242 293 
168 8 74 82 103 133 148 208 221 267 
169 5 95 117 188 238 267 
170 5 8 121 181 225 271 
171 7 20 68 77 113 184 230 260 
172 4 14 130 190 223 
173 6 0 46 68 112 137 290 
174 8 9 73 92 112 126 144 214 244 
175 4 0 67 92 223 
176 6 38 54 101 156 184 265 
177 4 9 187 229 265 
178 3 165 288 296 
179 4 35 38 124 220 
180 8 9 32 33 84 111 216 263 270 
181 6 74 81 170 184 226 296 
182 3 34 97 282 
183 7 7 13 38 58 143 276 295 
184 8 55 171 176 181 229 237 242 247 
185 4 66 86 214 291 
186 4 7 115 122 253 
187 5 122 137 166 177 299 
188 8 5 62 70 74 156 169 215 235 
189 2 110 271 
190 7 67 132 166 172 250 251 278 
191 3 86 279 282 
192 3 69 91 143 
193 8 35 164 205 214 236 242 247 276 
194 3 43 74 121 
195 2 204 208 
196 6 75 91 98 133 152 218 
197 5 34 75 156 166 202 
198 4 40 131 268 281 
199 7 7 58 77 110 245 254 278 
200 3 54 207 297 
201 5 37 66 80 247 285 
202 8 77 112 120 124 151 197 228 265 
203 4 206 256 289 292 
204 8 9 57 80 145 195 205 266 279 
205 3 112 193 204 
206 7 40 105 203 220 234 238 240 
207 4 2 110 200 264 
208 8 54 60 77 156 168 195 245 256 
209 9 24 53 67 102 107 129 153 260 296 
210 4 18 39 43 283 
211 3 57 131 238 
212 3 49 93 110 
213 7 2 21 77 114 165 231 255 
214 9 13 56 76 102 160 174 185 193 277 
215 4 58 110 188 226 
216 6 15 40 91 180 247 250 
217 5 33 164 237 277 289 
218 3 107 196 238 
219 2 41 80 
220 8 9 92 118 134 179 206 254 273 
221 5 62 156 168 253 296 
222 5 13 45 137 294 297 
223 8 20 42 109 138 172 175 231 295 
224 5 8 283 294 298 299 
225 10 81 91 99 111 129 170 241 276 277 284 
226 7 79 98 136 143 181 215 297 
227 6 16 18 109 149 166 259 
228 3 62 148 202 
229 4 2 134 177 184 
230 4 35 64 171 254 
231 8 47 92 136 213 223 239 252 279 
232 4 75 76 92 165 
233 8 22 37 68 97 140 147 246 248 
234 5 21 61 100 206 254 
235 9 21 29 30 75 110 135 188 268 286 
236 3 59 71 193 
237 5 17 54 184 217 269 
238 9 21 99 110 148 164 169 206 211 218 
239 3 149 231 263 
240 5 15 78 153 206 256 
241 5 50 116 225 258 299 
242 9 73 81 94 124 167 184 193 284 290 
243 2 104 126 
244 5 69 89 174 261 296 
245 8 16 86 127 199 208 257 258 294 
246 3 5 53 233 
247 8 41 81 102 120 184 193 201 216 
248 6 40 56 108 165 233 263 
249 4 20 103 278 285 
250 9 41 64 100 122 156 190 216 257 280 
251 2 66 190 
252 7 46 68 140 145 231 270 285 
253 5 92 118 141 186 221 
254 6 18 157 199 220 230 234 
255 10 8 39 115 146 156 158 213 257 282 298 
256 10 32 66 108 122 126 146 150 203 208 240 
257 4 245 250 255 285 
258 6 86 90 139 241 245 274 
259 4 54 59 227 268 
260 7 28 50 128 171 209 270 271 
261 2 149 244 
262 2 45 121 
263 8 38 71 119 149 180 239 248 287 
264 4 50 128 155 207 
265 6 125 156 164 176 177 202 
266 5 8 68 107 204 273 
267 8 4 101 139 164 168 169 284 291 
268 6 25 90 198 235 259 275 
269 3 67 96 237 
270 4 107 180 252 260 
271 5 140 170 189 260 298 
272 5 37 116 127 142 299 
273 2 220 266 
274 2 5 258 
275 5 4 16 110 268 295 
276 7 20 42 65 134 183 193 225 
277 5 5 118 214 217 225 
278 6 59 82 120 190 199 249 
279 6 37 68 123 191 204 231 
280 4 54 94 250 294 
281 3 70 106 198 
282 8 16 17 85 106 182 191 255 298 
283 4 19 95 210 224 
284 6 77 155 225 242 267 286 
285 8 27 46 49 134 201 249 252 257 
286 5 35 65 77 235 284 
287 4 18 263 291 294 
288 3 6 109 178 
289 7 94 96 102 203 217 292 297 
290 6 54 73 110 112 173 242 
291 8 33 82 102 134 143 185 267 287 
292 4 40 155 203 289 
293 2 41 167 
294 9 3 85 90 125 222 224 245 280 287 
295 7 20 76 91 161 183 223 275 
296 7 12 67 178 181 209 221 244 
297 7 46 75 159 200 222 226 289 
298 6 10 96 224 255 271 282 
299 8 32 42 145 150 187 224 241 272 
