300 925
0 8 18 32 48 115 132 257 260 268 
1 5 50 106 154 218 260 
2 2 167 242 
3 3 207 232 280 
4 6 27 36 109 110 264 299 
5 2 17 210 
6 5 101 180 194 261 284 
7 5 67 82 95 98 222 
8 8 10 49 76 109 165 239 244 256 
9 5 14 107 221 232 241 
10 10 8 40 66 73 106 119 182 257 261 281 
11 11 26 83 118 124 136 160 219 233 251 276 290 
12 3 35 172 224 
13 5 68 219 227 230 242 
14 9 9 52 109 154 177 203 229 273 290 
15 6 73 127 170 220 290 297 
16 5 223 229 240 252 279 
17 6 5 23 210 238 241 257 
18 7 0 78 145 169 187 253 264 
19 6 128 161 163 185 264 290 
20 4 58 90 220 238 
21 7 83 124 134 142 174 212 271 
22 10 23 36 66 80 84 90 173 174 206 259 
23 4 17 22 71 142 
24 3 84 125 295 
25 5 33 140 244 259 288 
26 7 11 77 101 107 135 152 237 
27 7 4 51 57 129 226 234 266 
28 6 42 123 165 233 276 294 
29 4 192 254 260 281 
30 5 63 186 190 199 297 
31 8 47 157 189 208 230 237 267 283 
32 5 0 39 60 70 175 
33 11 25 43 51 128 153 157 182 189 221 238 270 
34 4 42 58 92 207 
35 4 12 151 263 286 
36 9 4 22 47 97 105 121 150 286 290 
37 2 128 288 
38 5 41 61 70 216 230 
39 6 32 66 112 148 203 242 
40 5 10 74 145 170 185 
41 8 38 154 163 179 198 238 257 289 
42 11 28 34 127 141 161 163 201 230 249 253 280 
43 2 33 195 
44 3 63 108 227 
45 9 64 75 111 130 190 198 202 242 276 
46 5 151 180 219 243 289 
47 6 31 36 97 111 141 246 
48 3 0 165 212 
49 4 8 96 186 234 
50 11 1 53 128 145 147 207 218 223 254 272 299 
51 5 27 33 105 167 249 
52 5 14 69 92 127 216 
53 8 50 100 119 144 196 232 240 249 
54 6 77 129 167 241 275 277 
55 3 192 235 299 
56 5 158 232 245 248 258 
57 4 27 78 162 229 
58 5 20 34 66 159 179 
59 3 60 212 240 
60 6 32 59 61 120 255 284 
61 11 38 60 124 141 168 196 202 209 258 264 292 
62 3 110 223 244 
63 6 30 44 110 232 246 281 
64 5 45 190 193 209 298 
65 4 161 168 198 203 
66 12 10 22 39 58 86 170 180 196 208 281 286 294 
67 7 7 108 111 180 242 262 271 
68 2 13 274 
69 6 52 174 182 221 249 298 
70 7 32 38 255 268 270 280 299 
71 7 23 171 184 205 232 284 297 
72 4 121 197 238 253 
73 7 10 15 84 102 141 159 200 
74 7 40 85 113 130 268 277 285 
75 3 45 90 267 
76 3 8 112 284 
77 5 26 54 79 127 159 
78 5 18 57 174 181 204 
79 8 77 93 154 158 192 207 247 291 
80 9 22 119 133 143 147 169 235 241 281 
81 2 88 153 
82 8 7 85 160 178 190 218 221 248 
83 5 11 21 128 197 296 
84 10 22 24 73 87 88 120 141 163 279 290 
85 8 74 82 106 148 173 241 276 284 
86 8 66 93 185 197 198 266 278 289 
87 4 84 183 189 293 
88 7 81 84 142 174 175 228 283 
89 3 127 152 246 
90 4 20 22 75 136 
91 5 210 236 244 283 290 
92 6 34 52 153 173 177 251 
93 6 79 86 176 205 253 296 
94 3 100 170 249 
95 9 7 107 114 139 210 216 244 269 288 
96 6 49 115 150 205 250 289 
97 5 36 47 101 170 230 
98 5 7 126 183 238 261 
99 2 228 253 
100 9 53 94 124 142 143 150 162 187 274 
101 6 6 26 97 136 271 295 
102 1 73 
103 2 128 147 
104 2 256 283 
105 4 36 51 163 276 
106 8 1 10 85 143 172 192 239 276 
107 7 9 26 95 119 130 199 253 
108 6 44 67 133 167 193 239 
109 9 4 8 14 113 120 132 243 253 275 
110 6 4 62 63 172 230 276 
111 6 45 47 67 179 238 271 
112 5 39 76 125 145 230 
113 6 74 109 124 242 269 274 
114 4 95 206 215 292 
115 8 0 96 153 162 169 186 238 272 
116 4 181 220 222 230 
117 4 177 184 224 290 
118 8 11 145 147 202 213 224 225 263 
119 5 10 53 80 107 135 
120 12 60 84 109 183 194 196 197 223 230 251 263 295 
121 6 36 72 153 172 183 277 
122 3 184 297 299 
123 2 28 282 
124 10 11 21 61 100 113 132 155 206 209 239 
125 5 24 112 251 257 267 
126 2 98 230 
127 10 15 42 52 77 89 171 202 215 242 280 
128 8 19 33 37 50 83 103 269 270 
129 11 27 54 130 190 212 220 226 261 288 293 297 
130 5 45 74 107 129 245 
131 4 169 181 196 267 
132 9 0 109 124 173 181 206 215 244 246 
133 5 80 108 190 274 289 
134 5 21 157 185 211 264 
135 4 26 119 257 281 
136 7 11 90 101 137 151 253 278 
137 2 136 163 
138 5 142 148 171 197 263 
139 4 95 142 232 255 
140 5 25 145 179 185 253 
141 10 42 47 61 73 84 181 186 191 237 244 
142 7 21 23 88 100 138 139 175 
143 7 80 100 106 158 230 232 233 
144 2 53 214 
145 6 18 40 50 112 118 140 
146 0 
147 4 50 80 103 118 
148 4 39 85 138 267 
149 1 179 
150 4 36 96 100 270 
151 6 35 46 136 204 246 297 
152 9 26 89 176 214 232 242 245 255 292 
153 8 33 81 92 115 121 185 252 282 
154 11 1 14 41 79 226 227 237 244 263 270 279 
155 5 124 266 272 279 296 
156 1 198 
157 8 31 33 134 186 236 238 277 299 
158 6 56 79 143 223 269 292 
159 6 58 73 77 166 243 248 
160 5 11 82 201 222 290 
161 7 19 42 65 166 174 236 255 
162 7 57 100 115 169 261 287 294 
163 11 19 41 42 84 105 137 200 230 238 242 299 
164 1 223 
165 6 8 28 48 226 263 278 
166 6 159 161 170 197 206 273 
167 5 2 51 54 108 200 
168 6 61 65 202 234 251 288 
169 7 18 80 115 131 162 237 247 
170 9 15 40 66 94 97 166 178 185 198 
171 6 71 127 138 207 245 295 
172 7 12 106 110 121 221 259 289 
173 8 22 85 92 132 196 212 220 222 
174 12 21 22 69 78 88 161 194 204 232 235 241 256 
175 6 32 88 142 182 194 264 
176 5 93 152 195 203 248 
177 8 14 92 117 202 206 233 244 292 
178 5 82 170 219 276 279 
179 7 41 58 111 140 149 191 215 
180 6 6 46 66 67 196 208 
181 7 78 116 131 132 141 202 275 
182 6 10 33 69 175 241 268 
183 10 87 98 120 121 185 201 241 257 267 268 
184 5 71 117 122 214 277 
185 10 19 40 86 134 140 153 170 183 229 289 
186 7 30 49 115 141 157 191 202 
187 6 18 100 195 213 235 237 
188 2 248 283 
189 4 31 33 87 280 
190 11 30 45 64 82 129 133 201 207 225 253 282 
191 4 141 179 186 238 
192 5 29 55 79 106 209 
193 5 64 108 208 273 282 
194 7 6 120 174 175 211 250 278 
195 5 43 176 187 286 292 
196 7 53 61 66 120 131 173 180 
197 7 72 83 86 120 138 166 216 
198 8 41 45 65 86 156 170 221 270 
199 4 30 107 203 242 
200 4 73 163 167 212 
201 6 42 160 183 190 233 250 
202 16 45 61 118 127 168 177 181 186 204 236 251 270 278 280 297 298 
203 7 14 39 65 176 199 276 286 
204 4 78 151 174 202 
205 6 71 93 96 224 230 254 
206 8 22 114 124 132 166 177 236 285 
207 8 3 34 50 79 171 190 208 292 
208 7 31 66 180 193 207 224 256 
209 6 61 64 124 192 227 282 
210 9 5 17 91 95 213 222 235 249 275 
211 4 134 194 268 288 
212 8 21 48 59 129 173 200 279 292 
213 6 118 187 210 246 272 278 
214 4 144 152 184 220 
215 4 114 127 132 179 
216 5 38 52 95 197 249 
217 1 282 
218 3 1 50 82 
219 7 11 13 46 178 223 259 260 
220 8 15 20 116 129 173 214 249 255 
221 7 9 33 69 82 172 198 253 
222 5 7 116 160 173 210 
223 10 16 50 62 120 158 164 219 229 233 260 
224 7 12 117 118 205 208 246 266 
225 2 118 190 
226 6 27 129 154 165 245 292 
227 4 13 44 154 209 
228 3 88 99 253 
229 6 14 16 57 185 223 285 
230 15 13 31 38 42 97 110 112 116 120 126 143 163 205 277 280 
231 2 257 260 
232 12 3 9 53 56 63 71 139 143 152 174 255 258 
233 9 11 28 143 177 201 223 263 281 286 
234 6 27 49 168 279 292 297 
235 7 55 80 174 187 210 239 255 
236 6 91 157 161 202 206 237 
237 10 26 31 141 154 169 187 236 253 280 293 
238 12 17 20 33 41 72 98 111 115 157 163 191 271 
239 5 8 106 108 124 235 
240 3 16 53 59 
241 9 9 17 54 80 85 174 182 183 260 
242 11 2 13 39 45 67 113 127 152 163 199 266 
243 5 46 109 159 284 289 
244 11 8 25 62 91 95 132 141 154 177 251 285 
245 6 56 130 152 171 226 273 
246 7 47 63 89 132 151 213 224 
247 2 79 169 
248 6 56 82 159 176 188 283 
249 10 42 51 53 69 94 210 216 220 288 295 
250 4 96 194 201 267 
251 9 11 92 120 125 168 202 244 296 299 
252 2 16 153 
253 16 18 42 72 93 99 107 109 136 140 190 221 228 237 271 276 295 
254 5 29 50 205 264 297 
255 8 60 70 139 152 161 220 232 235 
256 7 8 104 174 208 270 290 298 
257 10 0 10 17 41 125 135 183 231 259 289 
258 3 56 61 232 
259 7 22 25 172 219 257 275 282 
260 8 0 1 29 219 223 231 241 271 
261 6 6 10 98 129 162 290 
262 3 67 282 289 
263 7 35 118 120 138 154 165 233 
264 7 4 18 19 61 134 175 254 
265 2 268 294 
266 5 27 86 155 224 242 
267 9 31 75 125 131 148 183 250 285 296 
268 7 0 70 74 182 183 211 265 
269 5 95 113 128 158 290 
270 8 33 70 128 150 154 198 202 256 
271 7 21 67 101 111 238 253 260 
272 4 50 115 155 213 
273 5 14 166 193 245 286 
274 4 68 100 113 133 
275 6 54 109 181 210 259 285 
276 10 11 28 45 85 105 106 110 178 203 253 
277 8 54 74 121 157 184 230 279 291 
278 6 86 136 165 194 202 213 
279 9 16 84 154 155 178 212 234 277 292 
280 10 3 42 70 127 189 202 230 237 281 287 
281 8 10 29 63 66 80 135 233 280 
282 8 123 153 190 193 209 217 259 262 
283 7 31 88 91 104 188 248 287 
284 6 6 60 71 76 85 243 
285 7 74 206 229 244 267 275 297 
286 8 35 36 66 195 203 233 273 299 
287 3 162 280 283 
288 7 25 37 95 129 168 211 249 
289 10 41 46 86 96 133 172 185 243 257 262 
290 12 11 14 15 19 36 84 91 117 160 256 261 269 
291 3 79 277 295 
292 11 61 114 152 158 177 195 207 212 226 234 279 
293 3 87 129 237 
294 4 28 66 162 265 
295 7 24 101 120 171 249 253 291 
296 5 83 93 155 251 267 
297 10 15 30 71 122 129 151 202 234 254 285 
298 4 64 69 202 256 
299 9 4 50 55 70 122 157 163 251 286 
