300 8993
0 63 5 9 11 18 19 22 24 29 30 32 44 47 48 49 54 59 61 65 67 80 81 94 96 104 109 113 115 130 131 132 152 154 156 161 171 178 179 183 190 202 206 208 211 212 215 220 228 234 241 250 256 257 259 260 261 262 266 268 282 284 285 295 297 
1 60 2 4 15 22 34 37 38 39 40 50 53 57 61 63 65 70 75 76 83 86 88 89 92 94 101 106 113 116 124 127 133 134 135 145 153 154 158 166 182 187 191 192 199 201 205 218 219 225 227 236 238 254 260 267 272 273 278 291 293 295 
2 61 1 4 6 10 14 20 28 31 34 36 38 44 49 50 52 73 75 80 82 87 91 96 98 99 101 102 103 105 107 108 118 134 140 149 151 152 159 167 169 170 171 172 180 190 200 201 202 203 204 213 221 227 229 238 241 242 254 260 268 275 282 
3 59 4 6 10 12 16 22 23 24 48 49 51 57 63 73 81 98 108 115 116 118 133 150 158 159 167 175 179 183 184 191 193 196 200 201 203 207 210 212 219 220 222 223 228 232 235 236 238 244 249 251 257 259 260 274 280 288 292 296 298 
4 66 1 2 3 8 10 13 15 16 17 22 27 33 36 39 45 46 56 68 69 73 75 76 81 88 99 106 108 109 110 116 122 126 142 146 150 151 158 168 179 183 199 201 211 212 213 218 233 234 240 242 259 264 266 267 270 273 276 277 278 282 285 289 292 293 295 299 
5 55 0 8 13 14 17 28 32 36 44 46 53 54 66 68 73 79 83 85 88 89 100 102 104 123 127 128 134 138 139 147 148 150 151 162 163 173 206 208 210 213 219 220 232 243 249 252 253 254 259 266 269 276 281 286 290 
6 67 2 3 9 16 17 22 25 32 39 42 52 53 56 62 71 75 76 79 81 82 83 88 93 95 98 101 108 111 114 120 124 126 133 139 140 142 144 146 157 166 176 180 181 182 185 187 192 194 207 208 211 225 229 233 235 236 250 252 254 259 261 264 270 273 284 285 295 
7 56 16 28 31 33 41 46 56 58 60 64 67 71 74 76 82 86 90 93 95 98 99 107 117 118 120 124 126 129 137 147 149 152 163 169 177 181 183 191 195 198 209 212 213 222 226 235 239 247 258 261 262 275 280 281 290 291 
8 58 4 5 10 18 26 30 43 49 76 82 86 87 99 104 108 109 110 111 114 126 127 133 139 149 155 163 165 168 171 176 189 190 193 196 201 210 213 216 221 229 231 237 239 244 251 256 265 266 271 274 276 277 282 284 285 290 291 294 
9 63 0 6 13 14 18 19 21 29 41 45 52 58 60 65 66 74 77 78 82 94 100 107 113 120 121 123 128 135 141 144 149 154 157 161 162 163 166 175 177 180 189 191 194 201 210 216 221 226 230 231 232 240 241 244 255 256 261 267 274 275 281 290 292 
10 63 2 3 4 8 23 27 30 37 38 40 41 45 54 55 57 60 63 66 73 76 81 86 88 95 97 98 105 106 107 119 121 123 124 125 126 140 160 169 170 172 175 180 181 182 185 189 194 196 197 199 206 217 226 229 232 257 260 261 263 281 286 289 295 
11 77 0 19 20 26 27 29 32 36 37 39 40 41 42 47 52 58 60 65 70 73 78 83 85 88 110 115 118 122 124 131 136 145 146 147 149 152 153 154 155 160 162 164 170 172 179 187 188 190 191 197 198 209 211 215 219 223 224 233 238 242 251 254 256 260 266 269 271 274 275 276 278 281 287 290 292 294 298 
12 61 3 17 23 24 26 35 39 43 45 46 64 66 88 91 98 99 106 109 113 114 117 125 126 127 141 142 149 150 152 155 159 162 172 174 176 178 179 181 206 207 208 210 213 214 220 223 224 230 231 240 242 243 245 247 257 268 269 271 277 284 285 
13 57 4 5 9 18 22 40 46 48 50 51 53 54 55 68 71 72 75 85 87 89 90 97 101 107 108 117 121 130 158 166 169 177 182 184 186 192 210 217 218 219 227 230 239 242 243 245 248 257 258 261 270 273 276 277 286 291 293 
14 63 2 5 9 19 20 25 27 36 42 47 49 52 54 61 67 68 71 72 82 89 99 103 106 109 116 119 121 123 136 138 139 145 146 153 154 164 177 183 184 191 203 207 208 216 226 229 231 234 236 237 238 239 260 264 267 272 273 275 278 281 287 289 290 
15 68 1 4 17 20 25 29 32 38 59 65 72 73 79 81 85 92 93 109 115 116 117 126 127 128 129 131 140 142 145 146 159 164 167 170 171 174 177 183 189 201 204 205 209 211 213 220 227 232 234 236 241 242 244 247 249 252 256 261 263 276 279 281 290 293 294 295 297 298 
16 70 3 4 6 7 30 37 42 49 54 68 74 84 87 88 91 97 99 104 105 113 117 121 122 134 135 136 139 140 141 145 146 147 150 156 157 160 161 163 173 174 175 177 179 187 190 195 197 200 207 210 212 215 219 223 229 231 234 237 240 242 243 252 261 264 265 276 279 291 297 299 
17 60 4 5 6 12 15 20 23 25 29 48 49 52 55 70 73 76 78 85 89 91 93 101 111 112 120 122 128 134 136 145 154 161 162 163 168 176 178 186 198 206 210 215 220 230 233 237 238 241 245 249 257 267 277 278 279 280 289 293 297 298 
18 66 0 8 9 13 30 33 38 43 55 60 76 78 89 90 91 94 95 96 100 102 103 110 113 129 139 143 145 146 149 153 158 159 165 168 169 170 171 180 181 182 187 193 196 207 220 221 224 230 233 235 238 243 248 253 255 264 267 269 271 272 277 282 291 294 296 298 
19 62 0 9 11 14 35 56 60 63 65 68 69 72 73 74 94 98 100 103 112 119 122 123 128 130 131 145 147 151 156 160 161 163 164 167 168 175 179 183 184 185 188 197 200 207 213 214 215 216 222 229 230 247 254 256 264 270 281 282 287 290 296 298 
20 65 2 11 14 15 17 22 27 32 38 44 56 58 68 76 79 85 89 90 95 104 111 115 117 124 126 133 139 142 143 149 159 163 164 170 173 183 187 189 192 203 209 212 216 220 222 223 229 231 235 238 242 244 246 250 263 266 268 274 276 283 285 286 287 294 298 
21 60 9 26 30 34 38 41 44 48 54 73 74 82 83 90 111 121 122 124 128 133 134 136 140 142 146 152 155 157 161 172 174 177 179 180 185 188 194 212 215 217 219 232 237 246 249 253 256 260 262 263 271 272 273 278 283 284 288 291 296 298 
22 76 0 1 3 4 6 13 20 23 26 27 28 29 33 34 36 37 41 45 57 58 59 64 66 71 72 76 80 82 84 85 90 98 106 107 112 115 118 119 121 122 127 130 136 139 140 143 151 152 160 164 169 172 173 174 180 183 185 191 194 198 204 206 210 224 242 244 248 259 260 262 264 266 271 278 286 289 
23 60 3 10 12 17 22 25 31 33 38 39 46 47 51 57 68 71 72 76 83 87 98 99 102 106 119 120 122 124 126 127 133 134 142 148 151 160 171 176 178 182 195 199 201 207 216 223 230 238 244 247 249 250 260 267 271 272 274 275 276 279 
24 54 0 3 12 25 26 28 29 43 52 53 56 70 72 78 82 84 88 98 99 105 107 113 125 126 132 136 138 144 149 152 153 157 167 168 179 181 200 201 207 211 213 224 225 232 233 235 252 261 272 287 291 295 296 298 
25 60 6 14 15 17 23 24 27 33 35 38 45 51 55 56 58 60 71 76 82 84 85 86 92 93 99 101 106 117 119 121 122 125 127 133 140 141 153 155 158 167 177 181 185 199 200 211 219 220 226 234 236 237 244 259 264 272 275 283 285 288 
26 58 8 11 12 21 22 24 31 36 47 52 54 56 58 64 76 77 86 97 101 106 107 109 113 114 118 121 135 138 141 148 151 152 160 166 167 178 193 194 197 201 212 213 215 225 227 229 237 240 251 255 256 257 261 264 268 269 277 293 
27 56 4 10 11 14 20 22 25 31 40 41 51 55 57 60 68 76 83 86 90 91 93 97 99 100 105 108 129 145 147 149 152 155 160 163 177 179 184 192 194 195 216 219 222 226 234 239 243 245 251 266 279 281 282 290 291 292 
28 60 2 5 7 22 24 31 33 37 38 40 41 42 49 52 60 63 65 68 72 74 75 78 82 85 88 90 91 97 99 103 105 110 119 121 123 130 144 147 163 164 165 172 175 181 187 189 192 198 201 207 210 219 223 233 238 260 261 276 287 294 
29 63 0 9 11 15 17 22 24 34 38 53 54 57 61 72 73 76 77 86 92 95 102 105 109 115 116 124 132 133 143 144 145 165 174 181 185 186 188 192 201 204 211 214 226 234 237 241 243 244 249 251 252 253 254 256 258 260 265 268 269 274 281 293 296 
30 65 0 8 10 16 18 21 31 39 41 42 43 49 53 63 71 77 86 88 100 112 128 130 131 134 138 140 149 154 156 160 161 165 170 176 185 186 190 193 195 196 199 203 206 220 221 223 228 232 239 240 245 249 254 264 265 266 267 275 278 279 283 285 287 289 297 
31 66 2 7 23 26 27 28 30 41 47 49 58 71 73 75 77 84 85 86 92 100 102 109 111 127 134 139 141 148 149 152 154 156 157 160 163 164 167 168 177 189 192 208 210 218 223 224 228 230 237 242 247 248 251 253 264 265 267 268 273 275 277 281 283 287 291 297 
32 67 0 5 6 11 15 20 38 39 45 50 55 57 60 62 65 70 80 82 87 96 98 100 102 104 107 122 125 127 142 159 160 162 175 176 178 183 188 193 198 201 205 210 212 220 221 222 226 230 234 235 243 247 248 253 254 262 265 266 268 271 272 274 284 286 288 291 296 
33 65 4 7 18 22 23 25 28 35 40 43 51 57 58 63 65 67 74 75 78 82 101 108 110 111 115 128 129 130 132 137 153 154 157 159 160 165 171 172 173 177 182 185 188 189 194 199 217 218 221 222 223 235 238 248 250 252 265 270 282 284 285 286 289 293 296 
34 47 1 2 21 22 29 42 49 58 62 69 82 85 92 96 97 100 103 114 120 136 139 145 147 159 168 177 180 182 189 190 197 198 207 214 216 225 233 239 256 258 266 280 285 293 294 298 299 
35 53 12 19 25 33 37 39 54 60 69 74 83 85 89 94 96 100 101 105 117 123 126 139 142 144 151 158 159 163 166 170 179 181 182 187 192 217 236 244 246 249 250 251 258 263 264 265 273 274 275 281 286 294 295 
36 54 2 4 5 11 14 22 26 38 47 50 51 52 54 55 56 57 64 78 84 97 104 105 108 121 126 149 150 151 156 169 182 192 196 211 216 227 233 241 242 247 257 258 263 266 274 280 282 283 284 286 288 289 290 296 
37 61 1 10 11 16 22 28 35 38 44 47 48 50 51 54 63 64 80 86 91 92 98 100 110 115 116 122 125 128 130 133 140 156 167 174 178 184 185 197 203 205 215 218 219 222 223 237 241 242 244 245 260 264 270 271 272 275 279 281 288 289 297 
38 76 1 2 10 15 18 20 21 23 25 28 29 32 36 37 41 50 52 53 54 58 61 62 66 68 70 75 82 84 85 96 97 100 116 117 118 120 126 131 144 147 148 151 153 155 163 164 172 178 182 193 199 201 203 214 216 220 221 230 240 243 244 247 250 252 255 258 260 264 273 280 281 285 290 291 293 296 
39 61 1 4 6 11 12 23 30 32 35 40 41 42 43 48 52 63 64 66 67 70 74 83 86 90 101 107 112 117 127 134 146 148 169 185 193 203 207 215 216 223 225 226 232 237 240 241 242 245 247 256 259 263 265 266 280 281 284 288 289 291 292 
40 62 1 10 11 13 27 28 33 39 41 42 43 44 46 50 52 54 56 72 73 74 75 82 86 94 106 116 124 127 128 130 140 143 145 153 154 155 156 159 167 168 170 171 185 189 193 195 200 211 221 222 227 228 237 238 239 241 244 257 265 270 271 289 
41 58 7 9 10 11 21 22 27 28 30 31 38 39 40 42 43 46 47 58 61 82 91 92 98 105 109 113 116 119 133 144 145 146 148 154 155 156 161 163 167 174 179 180 181 183 184 189 193 196 198 204 222 238 245 257 272 289 293 295 
42 73 6 11 14 16 28 30 34 39 40 41 43 44 48 49 53 57 64 76 81 84 87 90 94 96 98 114 117 122 123 127 136 138 139 141 155 156 161 163 177 178 180 184 186 188 190 201 203 208 209 213 218 219 221 224 225 230 234 237 241 242 249 253 254 260 266 267 271 280 282 288 289 290 292 
43 53 8 12 18 24 30 33 39 40 41 42 54 57 58 74 77 80 83 88 91 93 94 96 98 102 107 115 119 121 123 124 131 135 137 143 157 159 172 176 195 206 210 219 224 233 236 248 260 268 276 277 284 290 294 
44 61 0 2 5 20 21 37 40 42 48 59 62 63 73 78 90 91 102 103 108 109 127 128 138 140 143 146 154 155 157 162 163 165 167 176 178 179 185 203 219 220 226 227 239 243 244 245 247 249 254 257 259 261 264 273 277 280 283 289 290 292 296 
45 66 4 9 10 12 22 25 32 47 57 58 60 64 66 67 72 74 75 76 78 82 85 87 88 99 100 105 111 114 115 126 128 129 130 137 138 139 143 151 152 173 176 179 182 189 190 191 194 198 200 202 203 205 211 215 218 221 224 236 242 245 259 263 276 286 288 292 
46 64 4 5 7 12 13 23 40 41 56 58 76 78 80 82 85 88 94 97 98 102 106 109 112 114 117 121 128 130 132 134 136 137 151 152 153 155 160 163 164 170 173 180 181 183 192 208 211 219 222 231 232 240 241 243 245 253 259 276 278 281 287 289 291 296 
47 55 0 11 14 23 26 31 36 37 41 45 48 56 62 64 69 71 73 80 89 97 100 101 103 107 110 111 113 126 134 139 141 144 147 148 165 174 191 192 201 203 215 216 219 233 240 246 258 263 268 269 273 275 279 286 295 
48 56 0 3 13 17 21 37 39 42 44 47 50 51 53 58 65 66 81 84 108 110 123 124 127 132 134 138 152 153 154 156 165 167 181 195 198 201 211 212 231 239 241 242 243 244 248 249 252 253 276 283 284 285 291 294 298 299 
49 64 0 2 3 8 14 16 17 28 30 31 34 42 59 65 71 79 81 82 84 86 92 94 96 101 117 119 131 144 150 155 156 157 170 172 181 182 184 186 192 199 201 203 216 222 225 229 234 236 237 246 250 255 262 272 274 280 282 286 287 288 290 291 293 295 
50 69 1 2 13 32 36 37 38 40 48 53 54 59 62 66 67 70 71 77 79 92 95 96 98 107 108 112 118 122 128 129 145 147 152 154 161 162 165 173 174 178 185 188 189 194 200 201 207 208 212 217 218 219 223 227 229 230 241 253 254 255 258 264 271 272 273 283 286 292 299 
51 52 3 13 23 25 27 33 36 37 48 52 53 55 58 62 63 65 75 83 84 88 89 105 114 116 119 127 129 132 135 159 160 163 167 174 178 185 191 205 211 225 231 238 242 244 249 251 260 264 269 285 287 294 
52 73 2 6 9 11 14 17 24 26 28 36 38 39 40 51 53 55 67 69 73 79 80 82 85 88 92 94 96 105 107 112 114 117 118 125 127 128 129 130 133 140 141 142 152 159 173 175 181 183 189 191 195 202 210 216 219 222 226 228 230 231 232 236 237 238 248 249 263 272 273 277 278 286 291 
53 63 1 5 6 13 24 29 30 38 42 48 50 51 52 64 65 66 73 74 75 79 80 82 86 87 91 92 99 100 111 119 122 129 135 136 139 144 163 171 172 174 184 187 191 192 196 198 202 203 224 226 232 236 240 242 249 251 257 268 277 280 288 291 292 
54 60 0 5 10 13 14 16 21 26 29 35 36 37 38 40 43 50 58 60 65 72 73 77 79 81 83 91 99 103 109 125 129 137 138 145 147 153 161 164 165 167 171 202 204 205 207 209 214 220 228 241 251 253 258 269 271 275 276 277 279 293 
55 62 10 13 17 18 25 27 32 36 51 52 59 63 74 81 86 93 97 102 113 120 123 127 128 138 139 142 147 158 165 168 171 172 176 181 184 192 198 199 204 205 206 215 216 217 219 221 233 235 236 239 243 247 250 270 276 281 282 285 291 295 298 299 
56 58 4 6 7 19 20 24 25 26 36 40 46 47 58 65 66 67 69 74 78 81 83 87 88 95 96 99 101 113 125 145 158 163 166 173 184 190 215 229 230 232 234 235 243 244 245 246 248 256 258 260 261 265 268 277 278 288 291 292 
57 63 1 3 10 22 23 27 29 32 33 36 42 43 45 72 73 75 78 79 86 97 99 108 118 122 123 133 134 141 145 148 162 165 168 170 173 174 175 185 198 199 212 215 216 229 230 237 239 244 250 252 254 258 261 266 272 281 282 283 284 290 291 295 296 
58 75 7 9 11 20 22 25 26 31 33 34 38 41 43 45 46 48 51 54 56 64 65 66 70 77 80 91 98 100 101 102 105 106 119 124 127 131 133 143 151 154 156 157 159 162 172 176 179 186 188 198 203 212 213 214 216 219 226 229 232 237 240 245 247 253 258 260 261 268 276 282 284 285 288 294 297 
59 47 0 15 22 44 49 50 55 60 61 78 80 97 99 105 130 137 141 145 163 166 173 175 177 181 188 205 212 217 232 233 234 239 240 242 243 244 249 252 264 266 270 280 281 282 284 285 299 
60 50 7 9 10 11 18 19 25 27 28 32 35 45 54 59 61 62 81 88 102 103 104 106 119 120 127 133 135 139 148 149 175 178 190 198 201 203 204 208 225 233 234 240 255 258 280 281 284 285 291 297 
61 60 0 1 14 29 38 41 59 60 68 69 70 73 75 81 88 90 95 110 121 124 132 133 141 148 149 151 159 168 170 189 191 195 196 201 202 204 207 209 216 220 230 233 236 237 240 244 248 251 258 262 264 266 267 274 280 286 292 295 297 299 
62 51 6 32 34 38 44 47 50 51 60 96 102 109 110 116 117 120 125 132 137 147 148 154 156 157 159 171 172 180 182 183 184 194 209 211 220 223 224 231 236 244 250 254 256 266 273 280 282 284 287 290 295 
63 54 1 3 10 19 28 30 33 37 39 44 51 55 74 102 105 107 108 110 117 134 142 144 146 148 152 158 165 167 172 177 184 193 194 198 214 216 217 223 226 227 228 230 232 236 245 246 256 258 261 269 272 278 279 281 
64 41 7 12 22 26 36 37 39 42 45 47 53 58 88 114 120 129 131 134 150 161 190 191 193 194 198 208 209 215 228 231 240 252 253 267 278 281 286 290 293 298 299 
65 64 0 1 9 11 15 19 28 32 33 48 49 51 53 54 56 58 68 71 73 76 78 89 90 92 95 115 119 123 130 132 134 137 143 145 153 160 161 162 168 174 175 178 183 187 191 192 198 202 203 204 224 228 240 241 245 246 247 253 265 274 277 283 292 294 
66 64 5 9 10 12 22 38 39 45 48 50 53 56 58 70 72 75 78 81 82 86 88 92 94 96 100 101 102 114 116 117 118 119 120 125 138 140 146 155 166 169 170 178 180 181 182 193 196 199 208 211 216 224 229 234 242 244 258 281 286 289 290 292 294 296 
67 54 0 7 14 33 39 45 50 52 56 71 85 96 105 108 111 123 128 133 138 140 142 158 162 165 167 174 176 180 182 184 194 197 200 201 208 214 216 217 228 234 236 242 243 260 262 263 265 268 271 274 276 279 293 297 
68 59 4 5 13 14 16 19 20 23 27 28 38 61 65 74 79 81 84 85 95 96 100 105 107 110 112 127 141 142 160 169 178 179 182 191 201 202 204 209 219 221 222 228 230 231 232 239 251 256 257 260 261 270 271 274 277 282 283 293 297 
69 51 4 19 34 35 47 52 56 61 70 76 82 86 96 98 100 114 125 134 137 151 161 163 165 172 174 180 182 188 192 202 205 207 211 216 219 221 231 235 244 249 250 254 257 260 275 282 286 290 292 298 299 
70 52 1 11 17 24 32 38 39 50 58 61 66 69 72 73 74 77 99 101 104 105 116 119 121 124 133 138 146 150 153 156 161 170 191 209 213 216 228 232 235 237 243 255 258 264 268 270 274 279 280 294 298 299 
71 67 6 7 13 14 22 23 25 30 31 47 49 50 65 67 76 77 88 92 96 100 104 113 114 124 138 143 144 155 167 170 171 174 175 178 179 183 184 197 200 201 205 212 214 215 224 232 237 242 246 252 263 266 267 268 272 273 274 277 278 282 284 285 288 292 295 296 297 
72 63 13 14 15 19 22 23 24 28 29 40 45 54 57 66 70 79 81 90 91 104 105 107 109 116 119 120 121 123 130 132 135 141 147 148 151 159 162 173 176 179 192 194 197 208 214 216 219 223 230 232 234 238 240 246 247 253 257 264 265 267 275 278 285 
73 63 2 3 4 5 10 11 15 17 19 21 29 31 40 44 47 52 53 54 57 61 65 70 78 81 84 87 90 96 102 103 108 113 117 137 138 141 142 144 159 173 174 176 186 189 192 200 206 210 220 223 234 237 239 240 241 248 254 255 274 277 292 298 299 
74 65 7 9 16 19 21 28 33 35 39 40 43 45 53 55 56 63 68 70 79 85 104 111 113 115 120 123 130 134 141 144 146 149 156 166 175 176 177 180 182 190 197 199 215 222 225 228 229 240 248 250 255 257 258 260 266 267 268 270 277 282 283 285 290 292 298 
75 52 1 2 4 6 13 28 31 33 38 40 45 51 53 57 61 66 77 78 82 84 90 94 96 103 109 112 116 122 123 151 153 163 164 168 173 180 182 187 196 217 220 222 224 231 236 246 248 265 267 268 274 299 
76 70 1 4 6 7 8 10 17 18 20 22 23 25 26 27 29 42 45 46 65 69 71 82 87 92 104 106 112 123 125 126 127 129 134 138 142 148 149 150 154 156 162 176 180 182 189 190 192 194 198 199 204 209 213 220 221 223 231 235 237 239 240 244 245 250 254 267 275 282 284 296 
77 58 9 26 29 30 31 43 50 54 58 70 71 75 79 83 85 87 92 97 107 109 119 121 122 123 127 135 141 148 149 153 156 159 171 174 181 192 193 208 220 224 227 229 232 236 242 243 244 252 254 257 262 270 271 273 274 276 286 292 
78 61 9 11 17 18 24 28 33 36 44 45 46 56 57 59 65 66 73 75 79 85 87 92 98 103 108 113 120 131 136 139 145 147 161 166 169 170 174 175 176 181 191 193 197 201 204 207 210 214 216 228 234 235 237 250 264 271 273 275 288 292 297 
79 62 5 6 15 20 49 50 52 53 54 57 68 72 74 77 78 83 88 89 93 101 109 110 115 119 125 129 135 136 142 143 150 154 158 166 167 168 169 175 184 185 190 192 196 207 224 226 242 243 245 247 257 258 264 268 273 276 281 283 289 291 295 297 
80 53 0 2 22 32 37 43 46 47 52 53 58 59 102 119 120 125 133 136 141 143 145 147 151 153 154 167 169 171 173 174 175 177 178 185 194 199 203 213 218 235 241 248 249 252 258 259 273 281 282 288 293 296 297 
81 49 0 3 4 6 10 15 42 48 49 54 55 56 60 61 66 68 72 73 83 88 101 114 117 118 128 133 140 151 153 159 165 193 194 199 202 211 214 215 219 223 229 240 244 256 260 261 263 275 296 
82 77 2 6 7 8 9 14 21 22 24 25 28 32 33 34 38 40 41 45 46 49 52 53 66 69 75 76 85 86 90 97 102 105 108 110 115 117 120 122 126 132 134 147 153 154 157 159 160 165 166 174 178 181 184 185 190 194 195 198 202 203 206 213 215 216 218 220 221 226 228 229 235 248 258 272 277 278 284 
83 58 1 5 6 11 21 23 27 35 39 43 51 54 56 77 79 81 85 86 92 97 108 124 128 142 145 167 172 176 177 180 195 197 198 200 201 202 204 206 207 209 211 215 223 224 230 245 253 258 268 273 274 276 280 282 286 292 296 299 
84 53 16 22 24 25 31 36 38 42 48 49 51 68 73 75 86 87 88 89 90 107 113 116 120 128 137 141 144 146 152 158 160 162 163 164 171 181 196 211 222 225 228 233 234 239 242 247 250 255 263 268 279 285 290 
85 61 5 11 13 15 17 20 22 25 28 31 34 35 38 45 46 52 67 68 74 77 78 82 83 96 99 100 102 106 114 115 125 128 148 149 156 166 170 172 173 179 180 182 188 190 194 195 203 209 215 233 235 236 239 241 250 258 268 276 281 284 289 
86 74 1 7 8 10 25 26 27 29 30 31 37 39 40 49 53 55 57 66 69 82 83 84 90 91 93 100 108 109 111 116 117 120 121 124 125 129 136 146 149 167 169 178 182 185 187 191 193 196 197 198 200 206 207 213 226 227 233 237 246 263 265 266 268 270 278 279 282 283 284 288 289 293 295 299 
87 58 2 8 13 16 23 32 42 45 53 56 73 76 77 78 84 95 96 104 106 108 111 112 116 119 123 127 136 141 151 153 156 158 165 170 177 183 189 195 198 203 213 223 224 233 238 243 249 257 269 273 280 282 284 285 288 293 296 299 
88 63 1 4 5 6 10 11 12 16 24 28 30 43 45 46 51 52 56 60 61 64 66 71 79 81 84 94 97 104 105 108 109 127 128 129 132 137 141 142 147 151 152 170 171 174 175 176 184 191 193 202 216 228 236 255 257 258 263 271 272 273 283 296 299 
89 58 1 5 13 14 17 18 20 35 47 51 65 79 84 93 101 107 110 116 127 133 134 135 145 152 161 164 171 175 177 178 180 183 184 191 203 205 210 215 218 222 231 240 245 246 247 248 250 252 253 255 256 264 268 273 277 281 282 287 
90 63 7 13 18 20 21 22 27 28 39 42 44 61 65 72 73 75 82 84 86 91 93 95 99 102 104 114 117 119 122 125 126 131 136 140 142 143 145 149 156 163 179 180 181 184 186 187 188 204 206 207 219 220 231 232 242 248 255 256 261 272 282 283 296 
91 59 2 12 16 17 18 27 28 37 41 43 44 53 54 58 72 86 90 99 104 110 112 119 125 127 132 138 145 153 154 167 168 170 176 177 182 187 190 196 210 213 214 220 221 236 244 250 252 256 259 265 272 275 277 278 283 285 289 290 291 
92 62 1 15 25 29 31 34 37 41 49 50 52 53 65 66 71 76 77 78 83 111 113 114 135 137 141 142 149 153 158 161 162 163 167 171 173 177 180 191 204 207 210 211 213 214 219 224 228 234 235 245 251 254 256 272 278 279 280 282 284 285 291 294 
93 46 6 7 15 17 25 27 43 55 79 86 89 90 99 101 105 109 110 111 113 134 137 138 145 154 172 176 187 198 205 208 211 223 230 244 245 247 253 259 266 270 278 282 283 286 292 296 
94 58 0 1 9 18 19 35 40 42 43 46 49 52 66 75 88 95 100 104 114 115 123 125 127 141 146 147 154 157 158 170 175 184 190 191 194 195 206 214 216 225 230 231 233 236 239 247 249 254 256 258 262 264 265 276 278 288 294 295 
95 55 6 7 10 18 20 29 50 56 61 65 68 87 90 94 104 107 108 109 114 118 127 131 132 134 137 139 140 145 152 156 163 174 178 180 183 196 198 205 210 211 216 223 224 244 251 261 262 268 269 274 281 282 288 289 298 
96 57 0 2 18 32 34 35 38 42 43 49 50 52 56 62 66 67 68 69 71 73 75 85 87 107 115 119 121 125 128 141 150 155 156 163 165 173 180 185 189 201 204 205 213 233 236 245 246 250 262 264 271 280 282 289 292 293 299 
97 60 10 13 16 26 27 28 34 36 38 46 47 55 57 59 77 82 83 88 98 101 102 108 115 117 120 125 131 135 136 138 141 147 148 159 160 161 165 170 174 195 200 203 204 216 218 230 232 235 237 241 245 246 251 253 261 264 275 281 291 298 
98 68 2 3 6 7 10 12 19 22 23 24 32 37 41 42 43 46 50 58 69 78 97 101 103 106 117 122 126 129 150 152 161 163 166 167 169 171 172 175 177 181 182 183 184 185 189 190 192 199 204 212 215 220 221 222 229 233 237 238 241 254 260 261 268 279 283 289 292 294 
99 63 2 4 7 8 12 14 16 23 24 25 27 28 45 53 54 56 57 59 70 85 90 91 93 104 105 109 112 118 122 127 128 135 138 144 149 161 169 171 176 180 190 212 214 225 226 228 234 236 242 253 255 257 265 266 271 281 284 285 286 289 290 294 298 
100 66 5 9 18 19 27 30 31 32 34 35 37 38 45 47 53 58 66 68 69 71 85 86 94 107 120 122 124 129 130 132 133 136 142 143 144 147 150 153 159 160 162 164 170 172 187 190 194 196 198 204 221 227 228 231 236 238 251 254 259 261 266 274 276 292 294 299 
101 61 1 2 6 13 17 25 26 33 35 39 47 49 56 58 66 70 79 81 89 93 97 98 102 104 107 119 122 136 137 140 142 143 153 158 162 173 176 177 180 189 198 201 205 210 221 227 242 246 253 259 261 262 263 265 267 271 277 281 284 289 295 
102 60 2 5 18 23 29 31 32 43 44 46 55 58 60 62 63 66 73 80 82 85 90 97 101 106 108 110 114 116 120 132 133 151 154 156 158 165 167 168 170 181 196 199 201 207 209 211 219 223 225 226 229 235 241 243 252 262 266 280 285 297 
103 51 2 14 18 19 28 34 44 47 54 60 73 75 78 98 104 112 113 124 126 128 129 131 137 138 142 147 155 161 175 180 183 186 191 197 198 207 216 217 220 226 248 249 268 271 273 274 275 280 289 293 297 
104 58 0 5 8 16 20 32 36 60 70 71 72 74 76 87 88 90 91 94 95 99 101 103 106 119 131 134 140 142 151 156 160 162 165 179 184 191 198 209 211 221 226 230 233 236 243 244 246 249 252 256 265 269 282 283 285 289 297 298 
105 62 2 10 16 24 27 28 29 35 36 41 45 51 52 58 59 63 67 68 70 72 82 88 93 99 108 109 112 117 118 120 122 125 126 127 132 134 136 153 155 163 165 171 185 189 200 214 218 219 245 247 251 252 253 263 276 281 284 287 288 293 297 298 
106 69 1 4 10 12 14 22 23 25 26 40 46 58 60 76 85 87 98 102 104 113 117 120 122 125 126 135 141 143 148 149 154 156 163 167 168 172 174 177 182 188 192 194 199 202 205 211 217 219 222 235 236 239 242 249 251 257 260 262 268 271 272 275 276 281 285 286 290 293 297 
107 58 2 7 9 10 13 22 24 26 32 39 43 47 50 52 63 68 72 77 84 89 95 96 100 101 108 118 119 126 127 129 130 134 137 143 163 164 179 192 196 198 199 204 222 225 231 238 242 243 244 253 254 266 269 271 279 286 289 298 
108 60 2 3 4 6 8 13 27 33 36 44 48 50 57 63 67 73 78 82 83 86 87 88 95 97 102 105 107 111 117 124 128 133 134 143 148 151 154 167 171 172 174 178 184 187 193 205 207 220 224 228 236 239 243 246 248 251 266 270 286 289 
109 62 0 4 8 12 14 15 26 29 31 41 44 46 54 62 72 75 77 79 86 88 93 95 99 105 113 120 124 128 132 138 142 145 151 159 161 172 177 179 182 184 187 196 199 200 206 208 210 224 231 243 245 246 252 253 259 265 274 275 279 287 293 299 
110 49 4 8 11 18 28 33 37 47 48 61 62 63 68 79 82 89 91 93 102 137 138 141 142 146 151 156 172 177 178 186 188 190 191 204 221 222 230 241 244 249 253 267 270 276 278 282 285 286 287 
111 45 6 8 17 20 21 31 33 45 47 53 67 74 86 87 92 93 108 117 131 139 157 171 179 180 181 183 190 204 208 219 223 227 232 238 239 248 256 260 268 270 271 278 286 292 298 
112 48 17 19 22 30 39 46 50 52 68 75 76 87 91 99 103 105 113 116 118 125 145 153 156 158 169 179 180 189 191 193 199 200 208 213 218 220 226 230 238 243 251 264 268 272 273 276 289 295 
113 65 0 1 9 12 16 18 24 26 41 47 55 56 71 73 74 78 84 92 93 103 106 109 112 114 117 118 121 124 133 141 159 164 166 167 168 172 173 174 180 191 192 196 199 211 214 223 224 230 231 238 242 255 264 268 269 274 275 277 279 280 286 292 294 297 298 
114 66 6 8 12 26 34 42 45 46 51 52 64 66 69 71 81 85 90 92 94 95 102 113 116 119 121 123 124 133 135 145 152 160 166 167 170 172 188 193 195 198 199 206 207 208 211 215 216 219 235 239 243 245 253 255 257 269 270 276 280 286 288 289 290 292 296 297 
115 54 0 3 11 15 20 22 29 33 37 43 45 65 74 79 82 85 94 96 97 124 126 128 136 145 151 153 159 162 167 169 177 178 181 184 186 202 205 206 210 214 216 217 220 238 239 258 263 269 271 272 280 283 284 291 
116 62 1 3 4 14 15 29 37 38 40 41 51 62 66 70 72 75 84 86 87 89 102 112 114 119 120 130 136 138 141 142 151 172 181 187 188 204 209 210 211 214 216 217 218 220 221 222 229 230 234 237 249 252 253 265 268 281 284 287 292 293 294 296 
117 67 7 12 13 15 16 20 25 35 38 39 42 46 49 52 62 63 66 73 81 82 86 90 97 98 105 106 108 111 113 122 132 137 139 150 153 156 165 173 177 184 190 192 202 216 218 222 224 228 230 231 236 238 244 246 252 262 263 267 268 277 278 280 281 287 290 291 295 
118 59 2 3 7 11 22 26 38 50 52 57 66 81 95 99 105 107 112 113 121 122 124 132 133 143 145 147 154 158 161 169 184 186 187 190 192 202 213 214 221 224 225 240 241 247 248 249 251 262 263 266 268 275 279 280 281 288 290 293 298 
119 64 10 14 19 22 23 25 28 41 43 49 51 53 58 60 65 66 70 72 77 79 80 87 90 91 96 101 104 107 114 116 131 135 136 144 147 150 156 161 162 165 176 179 183 194 199 206 211 214 220 223 225 233 239 241 243 245 252 261 267 271 277 278 280 295 
120 65 6 7 9 17 23 34 38 55 60 62 64 66 72 74 78 80 82 84 86 97 100 102 105 106 109 116 121 125 131 137 138 139 144 147 167 169 177 178 181 183 185 194 196 197 202 206 210 212 215 223 230 231 239 245 246 251 252 262 263 266 278 279 280 288 295 
121 55 9 10 13 14 16 21 22 25 26 28 36 43 46 61 70 72 77 86 96 113 114 118 120 132 139 146 153 155 160 165 169 172 175 181 183 184 186 190 202 209 219 229 235 237 245 261 268 269 273 274 277 282 283 288 294 
122 73 4 11 16 17 19 21 22 23 25 32 37 42 50 53 57 75 77 82 90 98 99 100 101 105 106 117 118 123 127 128 131 134 143 178 184 185 186 187 188 194 197 201 202 206 209 210 213 216 223 225 228 230 231 233 236 237 239 242 244 245 248 250 253 268 270 271 278 286 287 288 294 297 299 
123 66 5 9 10 14 19 28 35 42 43 48 55 57 65 67 72 74 75 76 77 87 94 114 122 126 127 133 134 135 138 144 145 146 156 168 177 178 179 181 184 192 194 195 197 199 210 213 217 221 223 226 227 228 229 233 239 241 242 247 252 255 261 273 277 282 285 299 
124 63 1 6 7 10 11 20 21 23 29 40 43 48 58 61 70 71 83 86 100 103 108 109 113 114 115 118 125 129 132 147 155 169 171 174 179 182 184 195 196 197 206 209 215 217 228 233 238 239 243 245 246 249 252 258 260 265 266 268 276 284 285 293 298 
125 58 10 12 24 25 32 37 52 54 56 62 66 69 76 79 80 85 86 90 91 94 96 97 105 106 112 120 124 131 138 140 149 157 160 163 170 178 186 194 195 206 216 226 244 246 251 255 257 264 265 267 270 272 273 278 279 291 293 297 
126 60 4 6 7 8 10 12 15 20 23 24 35 36 38 45 47 76 82 90 98 103 105 106 107 115 123 132 136 139 141 142 143 145 147 153 155 156 161 162 163 166 167 174 176 177 182 187 197 198 199 202 210 216 230 233 246 256 260 276 282 296 
127 75 1 5 8 12 15 22 23 25 31 32 39 40 42 44 48 51 52 55 58 60 68 76 77 87 88 89 91 94 95 99 105 107 122 123 129 130 131 137 141 151 154 158 162 165 166 168 169 171 172 186 188 197 200 202 204 213 215 222 225 227 230 235 236 242 249 250 257 271 272 275 279 280 284 285 292 
128 62 5 9 15 17 19 21 30 33 37 40 44 45 46 50 52 55 67 81 83 84 85 88 96 99 103 108 109 115 122 131 132 144 146 152 153 155 156 159 162 164 166 169 180 184 194 195 197 201 206 210 222 235 248 252 253 262 269 270 274 278 293 299 
129 61 7 15 18 27 33 45 50 51 52 53 54 64 76 79 86 88 98 100 103 107 124 127 130 133 146 150 162 163 174 175 179 181 190 191 193 195 197 198 212 217 220 224 225 226 229 231 233 246 253 258 260 261 268 269 273 275 283 288 291 293 297 
130 50 0 13 19 22 28 30 33 37 40 45 46 52 59 65 72 74 100 107 116 127 129 131 139 142 148 149 151 161 163 182 198 201 203 204 205 217 223 224 226 233 245 246 248 250 265 270 271 289 290 299 
131 63 0 11 15 19 30 38 43 49 58 64 78 90 95 97 103 104 111 119 120 122 125 127 128 130 138 148 150 153 154 155 158 160 162 165 169 174 181 196 198 200 201 202 207 210 212 215 226 227 234 235 236 237 239 240 254 262 267 270 280 284 287 290 299 
132 65 0 24 29 33 46 48 51 61 62 65 72 82 88 91 95 100 102 105 109 117 118 121 124 126 128 140 145 149 150 159 164 173 176 181 190 191 192 193 195 200 202 206 207 208 209 211 212 215 217 220 221 222 223 235 240 244 245 246 254 271 273 281 283 284 297 
133 53 1 3 6 8 20 21 23 25 29 37 41 52 57 58 60 61 67 70 80 81 89 100 102 108 113 114 118 123 129 150 162 167 173 175 185 187 190 197 201 202 210 230 232 240 243 246 254 255 265 272 274 277 289 
134 63 1 2 5 16 17 21 23 30 31 39 46 47 48 57 63 64 65 69 74 76 82 89 93 95 104 105 107 108 122 123 135 138 139 142 156 157 162 163 165 170 177 178 179 182 185 190 191 203 210 211 223 226 251 254 264 268 271 279 286 292 294 295 298 
135 54 1 9 16 26 43 51 53 60 72 77 79 89 92 97 99 106 114 119 123 134 138 145 146 147 157 158 163 166 167 169 174 182 196 199 200 203 204 208 215 218 225 238 240 244 246 254 257 264 274 276 278 279 281 297 
136 51 11 14 16 17 21 22 24 34 42 46 53 78 79 80 86 87 90 97 100 101 105 115 116 119 126 137 141 149 151 156 164 175 183 193 195 205 216 236 237 240 251 252 253 256 265 266 267 278 283 289 294 
137 47 7 33 43 45 46 54 59 62 65 69 73 84 88 92 93 95 101 103 107 110 117 120 127 136 141 156 163 182 189 192 198 209 210 212 214 216 222 224 229 242 258 268 269 281 282 290 296 
138 70 5 14 24 26 30 42 44 45 48 54 55 66 67 70 71 73 76 91 93 97 99 103 109 110 116 120 123 125 131 134 135 142 147 148 151 153 159 162 164 169 171 173 175 182 184 192 197 198 200 203 213 222 230 231 233 239 246 249 251 260 263 265 268 269 274 277 284 286 293 298 
139 56 5 6 8 14 16 18 20 22 31 34 35 42 45 47 53 55 60 78 95 111 117 120 121 126 130 134 141 142 143 145 158 162 166 171 179 185 186 192 197 199 213 218 229 230 231 232 252 255 257 258 262 271 275 279 287 289 
140 55 2 6 10 15 16 21 22 25 30 37 40 44 52 66 67 81 90 95 101 104 125 132 142 143 145 155 159 163 164 167 179 182 183 185 192 203 220 222 225 230 232 233 244 248 252 253 263 266 270 271 273 282 285 290 294 
141 66 9 12 16 25 26 31 42 47 52 57 59 61 68 72 73 74 77 80 84 87 88 92 94 96 97 106 110 113 116 126 127 136 137 139 153 166 168 178 181 184 186 189 191 193 197 199 209 231 234 237 238 240 242 244 252 262 265 268 270 273 275 282 285 290 291 299 
142 57 4 6 12 15 20 21 23 32 35 52 55 63 67 68 73 76 79 83 88 90 92 100 101 103 104 109 110 116 126 130 134 138 139 140 151 152 175 185 187 189 190 212 213 224 229 231 233 237 244 246 257 258 270 274 277 285 296 
143 54 18 20 22 29 40 43 44 45 58 65 71 79 80 90 100 101 106 107 108 118 122 126 139 140 146 150 152 158 165 172 173 189 196 210 220 227 230 232 233 234 235 236 242 243 251 253 274 275 278 281 282 286 290 292 
144 50 6 9 24 28 29 35 38 41 47 49 53 63 71 73 74 84 99 100 119 120 123 128 145 148 151 156 167 176 177 178 179 181 183 193 194 195 201 207 212 214 216 227 230 236 253 261 267 269 271 299 
145 76 1 11 14 15 16 17 18 19 27 29 34 40 41 50 54 56 57 59 65 78 80 83 89 90 91 93 95 109 112 114 115 118 123 126 132 135 139 140 144 146 149 151 165 168 171 177 179 181 182 183 184 188 189 199 200 202 206 211 215 217 224 227 230 235 241 249 256 271 274 280 284 286 287 294 295 298 
146 62 4 6 11 14 15 16 18 21 39 41 44 63 66 70 74 84 86 94 110 121 123 128 129 135 143 145 151 158 159 172 175 191 193 195 203 206 219 220 227 232 236 240 244 251 257 263 264 265 268 270 272 275 276 277 279 281 282 288 290 291 294 296 
147 54 5 7 11 16 19 27 28 34 38 47 50 54 55 62 72 78 80 82 88 94 97 100 103 118 119 120 124 126 135 138 150 159 167 170 181 186 190 194 202 203 204 211 231 235 237 238 245 256 257 260 265 283 287 296 
148 54 5 23 26 31 38 39 41 47 57 60 61 62 63 72 76 77 85 97 106 108 130 131 138 144 154 157 164 165 180 187 191 192 193 196 205 207 212 218 219 224 232 233 238 240 246 250 267 269 271 275 288 290 295 298 
149 54 2 7 8 9 11 12 18 20 24 27 30 31 36 60 61 74 76 77 85 86 90 92 99 106 125 130 132 136 145 156 159 161 162 164 179 180 188 189 199 212 213 225 227 228 248 249 260 262 264 266 277 281 286 299 
150 55 3 4 5 12 16 36 49 64 70 76 79 96 98 100 117 119 129 131 132 133 143 147 153 170 177 179 183 185 192 197 209 211 221 223 227 242 248 251 254 261 263 264 267 270 273 275 277 280 286 287 288 291 293 294 296 
151 69 2 4 5 19 22 23 26 35 36 38 45 46 58 61 69 72 75 80 81 87 88 102 104 108 109 110 115 116 127 130 136 138 142 144 145 146 156 162 164 171 172 180 190 193 195 204 210 216 218 222 224 231 233 234 240 246 247 251 253 257 259 264 266 271 285 287 293 296 297 
152 68 0 2 7 11 12 21 22 24 26 27 31 45 46 48 50 52 63 84 88 89 95 98 114 128 142 143 156 160 163 170 173 174 176 188 189 191 195 204 207 209 210 214 215 216 221 227 228 230 232 233 234 235 239 241 242 245 246 247 255 258 262 277 284 289 290 292 293 295 
153 65 1 11 14 18 24 25 33 38 40 46 48 54 65 70 75 77 80 81 82 87 91 92 100 101 105 112 115 117 121 126 128 131 138 141 150 158 163 165 170 174 185 205 218 226 228 232 237 238 240 241 245 249 252 253 256 257 261 267 272 281 282 283 290 292 297 
154 75 0 1 9 11 14 17 30 31 33 40 41 44 48 50 58 62 76 79 80 82 91 93 94 102 106 108 118 127 131 148 155 156 161 169 175 176 180 181 183 187 193 196 201 202 204 205 209 214 222 225 226 227 237 240 241 244 246 251 252 255 257 258 262 263 264 266 270 275 279 281 290 292 293 294 297 
155 50 8 11 12 21 25 27 38 40 41 42 44 46 49 66 71 96 103 105 121 124 126 128 131 140 154 159 161 163 164 165 168 172 184 191 205 206 216 227 228 237 243 246 255 264 266 272 278 279 292 296 
156 70 0 16 19 30 31 36 37 40 41 42 48 49 58 62 70 74 76 77 85 87 90 95 96 102 104 106 110 112 117 119 123 126 128 134 136 137 144 149 151 152 154 161 162 190 192 193 195 198 199 202 205 208 218 220 222 233 244 246 256 261 262 270 271 274 281 282 288 289 290 299 
157 46 6 9 16 21 24 31 33 43 44 49 58 62 82 94 111 125 134 135 148 176 185 186 192 193 199 201 206 210 226 231 235 236 237 238 239 240 249 257 259 266 268 277 280 289 293 299 
158 54 1 3 4 13 18 25 35 55 56 63 67 79 84 87 92 94 101 102 112 118 127 131 135 139 143 146 153 162 163 164 167 169 176 184 186 203 204 209 215 223 232 243 245 252 253 265 269 272 279 281 282 288 290 292 
159 65 2 3 12 15 18 20 32 33 34 35 40 43 51 52 58 61 62 72 73 77 81 82 97 100 109 113 115 128 132 138 140 146 147 149 155 160 166 167 182 190 199 201 202 204 208 209 210 212 220 225 227 229 232 238 243 244 248 249 253 259 269 281 282 294 297 
160 53 10 11 16 19 22 23 26 27 30 31 32 33 46 51 65 68 82 84 97 100 104 114 121 125 131 152 159 162 164 167 169 177 188 190 199 201 203 218 222 224 227 237 240 242 246 261 265 267 280 281 284 285 290 
161 61 0 9 16 17 19 21 30 41 42 50 54 64 65 69 70 78 89 92 97 98 99 103 109 118 119 126 130 149 154 155 156 162 166 174 177 194 197 203 205 207 213 214 220 222 224 236 241 245 255 258 262 264 266 267 270 279 280 281 284 290 297 
162 65 5 9 11 12 17 32 44 50 57 58 65 67 72 76 84 92 100 101 104 115 119 126 127 128 129 131 133 134 138 139 149 151 156 158 160 161 165 169 177 181 182 185 187 195 197 200 205 206 216 222 227 229 230 233 237 244 246 247 252 261 287 290 293 294 298 
163 72 5 7 8 9 16 17 19 20 27 28 31 35 38 41 42 44 46 51 53 56 59 69 75 84 90 92 95 96 98 105 106 107 125 126 129 130 134 135 137 140 152 153 155 158 168 170 175 183 188 191 193 200 205 206 219 228 230 234 238 242 249 256 258 260 262 265 278 279 282 286 296 299 
164 55 11 14 15 19 20 22 28 31 38 46 54 75 84 89 100 107 113 128 132 136 138 140 148 149 151 155 158 160 165 168 171 179 183 190 203 219 220 222 223 227 229 233 234 237 238 240 244 245 247 252 268 273 279 282 295 
165 63 8 18 28 29 30 33 44 47 48 50 54 55 57 63 67 69 81 82 87 96 97 102 104 105 117 119 121 127 131 134 143 145 148 153 155 162 164 169 171 173 178 192 202 203 213 217 218 220 226 230 231 243 250 260 262 263 270 271 278 281 284 291 299 
166 42 1 6 9 13 26 35 56 59 66 74 78 79 82 85 98 113 114 126 127 128 135 139 141 159 161 170 181 182 197 202 206 207 208 211 246 247 252 273 280 281 290 293 
167 63 2 3 15 19 24 25 26 31 37 40 41 44 48 51 54 63 67 71 79 80 83 86 91 92 98 102 106 108 113 114 115 120 126 133 135 140 144 147 158 159 160 172 179 193 200 203 206 213 229 236 242 245 246 247 249 251 258 266 271 278 280 285 290 
168 52 4 8 17 18 19 24 31 34 40 55 57 61 65 75 79 91 102 106 113 123 127 141 145 155 163 164 169 172 175 185 186 191 192 199 200 201 202 204 212 215 216 219 224 229 234 251 252 261 275 287 288 299 
169 61 2 7 10 13 18 22 36 39 66 68 78 79 80 86 98 99 112 115 118 120 121 124 127 128 131 135 138 154 158 160 162 165 168 170 174 178 188 205 207 213 215 217 220 224 234 235 236 237 247 251 254 261 264 265 268 270 271 273 280 285 291 
170 62 2 10 11 15 18 20 30 35 40 46 49 57 61 66 70 71 78 85 87 88 91 94 97 100 102 114 125 134 147 150 152 153 163 166 169 172 174 177 178 179 185 189 190 198 200 201 205 206 207 208 209 215 244 250 267 271 277 279 280 283 289 290 
171 51 0 2 8 15 18 23 33 40 53 54 55 62 71 77 80 84 88 89 92 98 99 105 108 111 124 127 138 139 145 151 164 165 172 189 201 207 214 233 245 249 250 255 263 269 274 275 281 291 294 295 299 
172 73 2 10 11 12 21 22 28 33 38 43 49 53 55 58 62 63 69 83 85 93 98 100 106 108 109 110 113 114 116 121 127 143 146 151 155 167 168 170 171 174 181 186 187 188 192 198 201 203 208 218 221 223 224 229 231 232 236 240 243 246 256 259 260 264 265 270 276 282 287 289 290 291 295 
173 55 5 16 20 22 33 45 46 50 52 56 57 59 72 73 75 80 85 92 96 101 113 117 132 133 138 143 152 165 177 180 183 184 185 186 189 192 196 198 212 220 222 224 226 227 232 238 240 245 255 257 265 268 269 279 286 
174 64 12 15 16 21 22 29 37 41 47 50 51 53 57 65 67 69 71 73 77 78 80 82 88 95 97 106 108 113 124 126 129 131 135 152 153 161 169 170 172 179 181 194 199 204 205 206 215 222 224 228 232 235 239 241 246 250 252 256 257 277 278 285 292 295 
175 59 3 9 10 16 19 28 32 52 57 59 60 65 71 74 78 79 80 88 89 94 98 103 121 129 133 136 138 142 146 154 163 168 178 181 182 194 205 212 219 222 225 236 244 247 248 250 258 259 261 263 264 267 268 273 274 284 289 291 293 
176 51 6 8 12 17 23 30 32 43 44 45 55 58 67 72 73 74 76 78 83 88 91 93 99 101 119 126 132 144 152 154 157 158 181 191 193 195 203 205 206 207 219 227 241 246 248 262 273 274 278 282 290 
177 60 7 9 13 14 15 16 21 25 27 31 33 34 42 59 63 74 80 83 87 89 91 92 98 101 106 109 110 115 117 120 123 126 134 144 145 150 160 161 162 170 173 186 188 190 196 201 202 206 214 224 233 240 244 246 263 266 271 276 292 293 
178 62 0 12 17 23 26 32 37 38 42 44 50 51 60 65 66 68 71 80 82 86 89 95 108 110 115 120 122 123 125 134 141 144 165 169 170 175 180 183 184 189 207 208 213 217 218 219 220 221 229 232 233 246 251 261 263 264 276 277 279 282 289 296 
179 64 0 3 4 11 12 16 19 21 24 27 35 41 44 45 58 68 71 72 85 90 104 107 109 111 112 119 123 124 129 134 139 140 144 145 149 150 164 167 170 174 188 189 191 196 198 201 203 205 212 215 224 235 240 248 250 254 263 266 280 287 288 289 294 298 
180 63 2 6 9 10 18 21 22 34 41 42 46 62 66 67 69 74 75 76 83 85 89 90 92 95 96 99 101 103 111 112 113 128 148 149 151 154 173 178 187 196 197 199 202 204 208 210 220 224 227 240 244 249 254 265 268 269 275 277 279 282 290 291 298 
181 66 6 7 10 12 18 24 25 28 29 35 41 46 48 49 52 55 59 66 77 78 82 84 90 98 102 111 115 116 120 121 123 129 131 132 141 144 145 147 154 162 166 172 174 175 176 187 191 193 202 206 211 212 225 229 238 240 249 255 257 263 266 272 275 276 279 295 
182 67 1 6 10 13 18 23 33 34 35 36 38 45 49 62 66 67 68 69 74 75 76 85 86 91 98 106 109 124 126 130 134 135 137 138 140 145 159 162 166 175 190 192 197 199 200 208 209 212 213 216 219 224 238 241 243 244 252 263 268 271 280 282 290 291 294 296 298 
183 62 0 3 4 7 14 15 19 20 22 32 41 46 52 62 65 71 87 89 95 98 103 111 119 120 121 136 140 144 145 150 154 163 164 173 178 185 187 192 195 200 201 204 205 206 214 227 228 238 241 255 257 261 263 265 267 268 276 283 291 296 297 298 
184 69 3 13 14 19 27 37 41 42 49 53 55 56 62 63 67 71 79 82 88 89 90 94 98 104 108 109 115 117 118 121 122 123 124 128 138 141 145 155 158 173 178 185 187 189 192 195 196 197 198 202 203 209 210 214 218 221 222 228 242 243 248 254 255 259 261 271 277 279 294 
185 58 6 10 19 21 22 25 29 30 33 37 39 40 44 50 51 57 79 80 82 86 96 98 105 120 122 133 134 139 140 142 150 153 157 162 168 170 173 183 184 190 191 192 221 224 226 229 234 236 246 249 253 256 263 266 279 289 293 294 
186 46 13 17 29 30 42 49 58 73 90 103 110 115 118 121 122 125 127 139 141 147 157 158 168 172 173 177 188 191 197 202 203 216 219 221 230 231 240 248 250 251 274 281 282 284 289 290 
187 57 1 6 11 16 18 20 28 35 53 65 75 86 90 91 93 100 108 109 116 118 122 126 133 142 148 154 162 172 180 181 183 184 191 195 200 211 213 214 217 221 223 231 232 235 237 247 248 253 258 272 273 274 286 288 294 296 299 
188 51 11 19 21 29 32 33 42 50 58 59 69 85 90 106 110 114 116 122 127 145 149 152 160 163 169 172 177 179 186 199 209 226 227 238 240 241 244 248 252 264 265 266 267 268 273 278 281 283 290 294 299 
189 51 8 9 10 15 20 28 31 33 34 40 41 45 50 52 61 73 76 87 96 98 101 105 112 137 141 142 143 145 149 152 170 171 173 178 179 184 190 197 206 211 215 238 239 241 247 252 255 268 280 294 297 
190 63 0 2 8 11 16 30 34 42 45 56 60 64 74 76 79 82 85 91 94 98 99 100 110 111 117 118 121 129 132 133 134 142 147 151 156 159 160 164 170 177 182 185 189 200 201 203 207 224 225 228 231 233 234 247 252 253 255 256 265 269 272 282 294 
191 62 1 3 7 9 11 14 22 45 47 51 52 53 61 64 65 68 70 78 86 88 89 92 94 103 104 110 112 113 129 132 134 141 146 148 152 155 163 168 176 179 181 185 186 187 197 202 213 219 225 232 235 238 243 244 260 261 277 278 281 286 288 297 
192 64 1 6 13 20 27 28 29 31 35 36 46 47 49 53 55 65 69 72 73 76 77 79 98 106 107 113 117 118 123 132 137 138 139 140 148 150 156 157 165 168 172 173 182 183 184 185 196 202 203 204 209 213 224 229 236 252 258 264 274 276 283 285 293 294 
193 49 3 8 18 26 30 32 38 39 40 41 63 64 66 77 78 81 86 88 108 112 114 129 132 136 141 144 146 148 151 154 156 157 163 167 176 181 199 201 208 215 217 241 263 273 274 275 282 288 289 
194 58 6 9 10 21 22 26 27 33 45 50 62 63 64 67 72 76 80 81 82 85 94 100 106 119 120 122 123 125 128 144 147 161 174 175 195 199 203 204 207 211 217 218 219 225 236 244 245 250 252 257 261 263 269 275 278 281 289 296 
195 60 7 16 23 27 30 40 43 48 52 61 82 83 85 87 94 97 114 123 124 125 128 129 132 136 144 146 151 152 156 162 176 183 184 187 194 198 206 227 228 239 240 245 247 248 249 256 259 262 268 271 274 276 277 279 284 285 286 292 296 299 
196 54 3 8 10 18 30 36 41 53 61 66 75 79 84 86 91 95 100 102 107 109 113 120 124 131 135 143 148 154 173 177 179 180 184 192 198 204 209 212 218 224 225 228 238 242 243 244 256 262 264 266 279 283 287 291 
197 49 10 11 16 19 26 34 37 67 71 72 74 78 83 86 103 120 122 123 124 126 127 128 129 133 138 139 141 150 161 162 166 180 182 184 186 189 191 203 205 212 215 216 229 231 260 262 282 283 296 
198 65 7 11 17 22 28 32 34 41 45 48 53 55 57 58 60 63 64 65 76 82 83 86 87 93 95 100 101 103 104 107 114 126 129 130 131 137 138 156 170 172 173 179 184 195 196 205 209 218 221 229 234 237 239 242 245 246 250 262 264 266 270 278 289 293 296 
199 66 1 4 10 23 25 30 33 38 49 55 57 66 74 76 80 81 98 102 106 107 109 112 113 114 119 123 126 135 139 141 145 149 156 157 159 160 168 174 180 182 188 193 194 200 203 207 212 214 223 224 227 231 238 242 243 245 248 250 253 264 268 277 288 289 291 299 
200 51 2 3 16 19 24 25 40 45 50 67 71 73 83 86 97 105 109 112 127 131 132 135 138 145 162 163 167 168 170 182 183 187 190 199 206 210 212 235 247 259 261 265 267 272 274 279 284 285 286 292 299 
201 65 1 2 3 4 8 9 15 23 24 26 28 29 32 38 42 47 48 49 50 60 61 67 68 71 78 83 96 101 102 122 128 130 131 133 144 154 157 159 160 168 170 171 172 177 179 183 190 193 211 215 220 223 227 231 233 242 246 250 257 272 277 279 285 294 297 
202 64 0 2 45 52 53 54 61 65 68 69 81 82 83 88 106 115 117 118 120 121 122 126 127 131 132 133 145 147 154 156 159 165 166 168 177 180 181 184 186 191 192 204 210 217 219 221 227 230 234 236 244 248 251 256 262 265 267 268 270 272 278 280 297 298 
203 66 2 3 14 20 30 37 38 39 42 44 45 47 49 53 58 60 65 80 82 85 87 89 97 130 134 135 138 140 146 147 158 160 161 164 165 167 172 176 179 184 186 190 192 194 197 199 207 208 210 212 220 223 224 238 249 256 257 260 264 267 270 276 286 289 291 299 
204 64 2 15 22 29 41 54 55 60 61 65 68 76 78 83 90 92 96 97 98 100 107 110 111 116 127 130 135 147 151 152 154 158 159 168 174 180 183 192 194 196 202 206 214 221 223 227 229 235 243 244 245 251 256 257 274 284 285 288 290 291 295 296 297 299 
205 55 1 15 32 37 45 51 54 55 59 69 71 89 93 95 96 101 106 108 115 130 136 148 153 154 155 156 161 162 163 169 170 174 175 176 179 183 197 198 208 223 224 227 230 238 239 243 245 246 249 253 254 262 276 281 289 
206 59 0 5 10 12 17 22 30 43 55 73 82 83 86 90 94 109 114 115 119 120 122 124 125 128 132 145 146 155 157 162 163 166 167 170 174 176 177 181 183 189 195 200 204 207 213 218 220 231 236 241 242 254 259 267 273 279 284 285 288 
207 60 3 6 12 14 16 18 19 23 24 28 34 39 50 54 61 69 78 79 83 86 90 92 102 103 108 114 131 132 144 148 152 161 166 169 170 171 176 178 190 194 199 203 206 208 211 212 230 233 235 241 245 247 248 258 259 264 271 289 291 292 
208 54 0 5 6 12 14 31 42 46 50 60 64 66 67 72 77 93 109 111 112 114 132 135 156 159 166 170 172 178 180 182 193 203 205 207 209 211 217 221 224 226 236 246 256 262 263 269 270 277 282 283 289 291 298 299 
209 56 7 11 15 20 42 54 61 62 64 68 70 76 83 85 102 104 116 121 122 124 132 137 141 150 152 154 158 159 170 182 184 188 192 196 198 208 211 212 221 223 227 228 232 233 235 254 255 257 258 260 268 274 282 285 290 296 
210 63 3 5 8 9 12 13 16 17 22 28 31 32 43 52 73 78 89 91 92 95 101 109 115 116 120 122 123 126 128 131 133 134 137 143 151 152 157 159 180 184 200 202 203 213 216 222 224 230 235 236 238 243 249 252 256 263 266 271 274 275 289 295 296 
211 65 0 4 6 11 15 24 25 29 36 40 45 46 48 51 62 66 69 81 83 84 92 93 95 102 104 106 113 114 116 119 132 134 145 147 150 166 181 187 189 194 201 207 208 209 216 236 240 244 253 257 260 265 268 270 271 272 273 274 279 281 287 288 289 291 297 
212 56 0 3 4 7 16 20 21 26 32 48 50 57 58 59 71 98 99 120 129 131 132 137 142 144 148 149 159 168 173 175 179 181 182 196 197 199 200 203 207 209 215 220 223 243 257 258 259 261 265 266 275 279 283 292 294 296 
213 63 2 4 5 7 8 12 15 19 24 26 42 58 70 76 80 82 86 87 91 92 96 112 118 122 123 127 138 139 142 149 161 165 167 169 178 182 187 191 192 206 210 217 221 226 227 236 240 246 247 254 257 261 265 267 269 271 272 278 287 290 292 295 299 
214 54 12 19 29 34 38 54 58 63 67 71 72 78 81 91 92 94 99 105 113 115 116 118 119 137 144 152 154 161 171 177 183 184 187 199 204 220 223 228 231 232 233 236 248 265 269 272 277 278 281 282 284 292 293 298 
215 56 0 11 16 17 19 21 26 37 39 45 47 55 56 57 64 71 74 81 82 83 85 89 98 114 120 124 127 131 132 135 145 152 158 168 169 170 174 179 189 193 197 201 212 216 223 225 232 235 242 247 249 251 254 277 284 297 
216 73 8 9 14 19 20 23 27 34 36 38 39 47 49 52 55 57 58 61 63 66 67 69 70 72 78 82 88 94 95 97 103 114 115 116 117 122 125 126 136 137 144 151 152 155 162 168 182 186 197 210 211 215 218 221 226 238 241 249 251 252 257 262 264 270 271 280 283 284 289 291 295 296 297 
217 43 10 13 21 33 35 50 55 59 63 67 75 103 106 115 116 123 124 129 130 132 145 165 169 178 187 193 194 202 208 213 231 233 244 259 262 265 267 273 281 282 288 289 291 
218 52 1 4 13 31 33 37 42 45 50 80 82 89 97 105 112 116 117 135 139 148 151 153 156 160 165 172 178 184 194 196 198 206 216 222 226 227 230 235 239 243 244 277 279 284 285 286 289 290 292 295 298 299 
219 63 1 3 5 11 13 16 21 25 27 28 37 42 43 44 46 47 50 52 55 58 68 69 72 81 90 92 102 105 106 111 114 121 146 148 163 164 168 175 176 178 182 186 191 194 202 220 223 225 228 231 233 236 258 259 260 262 263 265 272 276 277 280 297 
220 68 0 3 5 12 15 17 18 20 25 30 32 38 44 54 61 62 73 75 76 77 82 90 91 98 103 108 112 115 116 119 129 132 140 143 146 156 159 161 164 165 169 173 178 180 201 203 206 212 214 219 228 229 239 249 255 257 259 261 262 266 268 277 279 284 287 291 295 299 
221 53 2 8 9 18 30 32 33 38 40 42 45 55 68 69 76 82 91 98 100 101 104 110 116 118 123 132 150 152 172 178 184 185 186 187 198 202 204 208 209 213 216 224 233 234 235 253 258 259 269 284 288 290 293 
222 53 3 7 19 20 27 32 33 37 40 41 46 49 52 68 74 75 84 89 98 106 107 110 116 117 127 128 132 137 138 140 151 154 156 160 161 162 164 173 174 175 184 210 218 231 235 240 246 251 269 279 282 293 296 
223 66 3 11 12 16 20 23 28 30 31 33 37 39 50 62 63 72 73 76 81 83 87 93 95 102 111 113 119 120 122 123 130 132 134 150 158 164 172 187 199 201 203 204 205 209 212 214 215 219 228 229 233 238 259 260 271 272 274 275 285 288 289 291 292 295 297 298 
224 68 11 12 18 22 24 31 42 43 45 53 62 65 66 71 75 77 79 83 87 92 95 108 109 113 117 118 129 130 137 142 145 148 151 160 161 168 169 172 173 174 177 179 180 182 185 190 192 196 199 203 205 208 210 221 228 232 240 245 246 247 249 266 269 273 288 289 293 299 
225 44 1 6 24 26 34 39 42 49 51 60 74 84 94 99 102 107 118 119 122 127 129 135 140 149 154 159 175 181 190 191 194 196 215 219 230 239 249 258 272 281 290 292 293 294 
226 51 7 9 10 14 25 27 29 32 39 44 52 53 58 63 79 82 86 99 102 103 104 112 123 125 129 130 131 134 153 154 157 165 173 185 188 208 213 216 218 242 244 245 250 255 256 259 282 285 292 294 297 
227 56 1 2 13 15 26 36 40 44 50 63 77 86 100 101 111 123 127 131 143 144 145 146 149 150 152 154 155 159 160 162 164 173 176 180 183 188 195 199 201 202 204 205 209 213 218 231 233 244 252 254 255 256 270 275 276 290 
228 55 0 3 30 31 40 52 54 63 64 65 67 68 70 74 78 82 84 88 92 99 100 108 117 122 123 124 149 152 153 155 163 174 183 184 190 195 196 209 214 219 220 223 224 231 239 244 247 253 256 262 271 274 280 290 293 
229 54 2 6 8 10 14 16 19 20 26 49 50 56 57 58 66 74 77 81 82 98 102 116 121 123 129 137 139 142 159 162 164 167 168 172 178 181 185 192 197 198 204 220 223 246 249 260 261 266 274 285 289 291 297 298 
230 59 9 12 13 17 18 19 23 31 32 38 42 50 52 56 57 61 63 68 72 83 93 94 97 104 110 112 113 116 117 120 122 126 127 133 138 139 140 143 144 145 152 162 163 165 186 202 205 207 210 218 225 236 246 271 273 277 280 288 294 
231 60 8 9 12 14 16 20 46 48 51 52 62 64 68 69 75 76 89 90 94 100 107 109 113 117 120 122 129 138 139 141 142 147 151 157 165 172 186 187 190 197 199 201 206 214 217 219 222 227 228 234 239 251 253 257 260 265 275 280 284 296 
232 60 3 5 9 10 15 21 24 30 39 46 52 53 56 58 59 63 68 70 71 72 77 90 97 111 133 139 140 143 146 148 152 153 158 159 172 173 174 178 187 191 209 214 215 224 233 235 242 243 246 248 251 254 255 257 258 259 269 277 280 285 
233 68 4 6 11 17 18 24 28 34 36 43 47 55 59 60 61 84 85 86 87 94 96 98 104 119 122 123 124 126 129 130 138 140 142 143 148 151 152 156 162 164 171 177 178 190 201 207 209 214 217 219 221 223 227 232 248 255 258 260 263 269 277 279 281 286 287 289 292 296 
234 52 0 4 14 15 16 25 27 29 32 42 49 56 59 60 66 67 72 73 78 84 92 99 116 131 141 143 151 152 163 164 168 169 185 190 198 202 221 231 243 246 254 261 266 268 271 278 279 283 292 293 295 297 
235 59 3 6 7 18 20 24 32 33 55 56 69 70 76 78 80 82 85 92 97 102 106 114 121 127 128 131 132 143 145 147 152 157 169 174 179 187 191 200 204 207 209 210 215 218 221 222 232 239 249 255 257 261 265 268 274 282 294 295 299 
236 65 1 3 6 14 15 25 35 43 45 49 52 53 55 61 62 63 67 75 77 85 88 91 94 96 99 100 104 106 108 117 122 127 131 136 143 144 146 157 161 167 169 172 175 185 192 194 202 206 208 210 211 213 214 219 230 237 241 244 249 252 255 262 280 284 289 
237 57 8 14 16 17 21 25 26 29 31 37 39 40 42 49 52 57 58 61 70 71 73 76 78 86 97 98 116 121 122 131 136 141 142 147 153 154 155 157 160 162 164 169 187 198 236 238 248 251 253 273 280 285 287 291 293 294 296 
238 58 1 2 3 11 14 17 18 20 23 28 33 40 41 51 52 72 87 98 100 107 111 112 113 115 117 124 135 141 147 148 153 157 159 163 164 173 181 182 183 188 189 191 196 199 203 205 210 216 223 237 241 244 246 247 250 271 273 292 
239 52 7 8 13 14 27 30 34 40 44 48 55 57 59 68 73 76 84 85 94 106 108 111 114 115 119 120 122 123 124 131 138 152 157 174 189 195 198 205 218 220 225 228 231 235 243 255 263 276 279 294 296 299 
240 56 4 9 12 16 26 30 38 39 46 47 53 58 59 60 61 64 65 72 73 74 76 81 89 118 131 132 133 135 136 141 146 148 151 153 154 157 160 164 172 173 177 179 180 181 186 188 195 211 213 222 224 245 251 257 272 293 
241 55 0 2 9 15 17 29 36 37 39 40 42 46 48 50 54 65 73 80 85 97 98 102 110 118 119 123 145 152 153 154 161 174 176 182 183 188 189 193 206 207 216 236 238 243 244 247 253 260 276 281 287 290 292 296 299 
242 63 2 4 11 12 13 15 16 20 22 31 36 37 39 42 45 48 51 53 59 66 67 71 77 79 84 90 99 101 106 107 113 122 123 127 137 141 143 150 152 160 163 167 184 196 198 199 201 206 215 226 232 246 249 250 251 264 266 271 277 280 291 293 299 
243 63 5 12 13 16 18 27 29 32 38 44 46 48 55 56 59 67 70 77 79 87 102 104 107 108 109 112 114 119 124 133 143 155 158 159 165 172 182 184 191 196 199 204 205 210 212 218 232 234 239 241 246 248 249 252 266 269 275 277 279 283 284 289 293 
244 80 3 8 9 15 20 22 23 25 29 35 37 38 40 44 48 51 56 57 59 61 62 66 69 76 77 81 91 93 95 104 107 110 117 122 125 132 135 140 141 142 146 154 156 159 162 164 170 175 177 180 182 188 191 194 196 202 204 211 217 218 226 227 228 236 238 241 245 249 251 252 257 260 264 277 285 288 290 292 295 298 
245 64 12 13 17 27 30 37 39 41 44 45 46 56 58 63 65 76 79 83 89 92 93 96 97 105 109 114 119 120 121 122 124 130 132 147 152 153 158 161 164 167 171 173 194 195 198 199 204 205 207 224 226 240 244 251 255 257 259 260 273 277 283 295 296 298 
246 71 20 21 35 47 49 56 63 65 71 72 75 86 89 96 97 101 104 108 109 117 120 124 125 126 129 130 132 133 135 138 142 148 151 152 154 155 156 160 162 166 167 172 174 176 177 178 185 198 201 205 208 213 222 224 229 230 232 234 238 242 243 258 273 274 275 276 285 286 290 294 296 
247 49 7 12 15 19 23 31 32 36 38 39 44 55 58 65 72 79 84 89 93 94 105 118 123 151 152 162 164 166 167 169 175 187 189 190 195 200 207 213 215 224 228 238 241 263 267 272 273 277 293 
248 50 13 18 22 31 32 33 43 48 52 56 61 73 74 75 80 82 89 90 103 108 111 118 122 128 130 140 149 150 159 175 176 179 184 186 187 188 195 199 202 207 214 232 233 237 243 252 266 283 286 293 
249 69 3 5 15 17 21 23 29 30 35 42 44 48 51 52 53 59 69 80 87 94 103 104 106 110 116 118 124 127 138 145 149 153 157 159 163 167 171 180 181 185 195 203 205 210 215 216 220 224 225 229 235 236 242 243 244 250 260 261 268 272 278 279 280 288 291 294 295 297 299 
250 50 0 6 20 23 33 35 38 49 55 57 62 69 74 76 78 84 85 89 91 96 122 127 130 148 165 170 171 174 175 179 186 194 198 199 201 226 238 242 249 256 262 266 267 274 276 277 279 295 298 299 
251 57 3 8 11 26 27 29 31 35 51 53 54 61 68 92 95 97 100 105 106 108 112 118 120 125 134 136 138 143 146 150 151 154 167 168 169 178 186 202 204 215 216 222 231 232 237 240 242 244 245 261 265 267 275 278 294 296 299 
252 61 5 6 15 16 24 29 33 38 48 57 59 64 71 77 80 89 91 102 104 105 109 116 117 119 120 123 124 128 136 139 140 141 153 154 158 162 164 166 168 174 182 188 189 190 192 194 210 216 227 236 243 244 248 256 263 271 285 292 295 297 299 
253 58 5 18 21 29 31 32 42 46 48 50 54 58 64 65 72 83 89 93 97 99 101 105 107 109 110 114 116 122 128 129 136 140 143 144 151 153 158 159 185 187 190 199 205 211 221 228 231 237 241 254 268 271 273 276 292 294 295 297 
254 54 1 2 5 6 11 19 29 30 32 42 44 50 57 62 69 73 76 77 92 94 98 100 107 131 132 133 134 135 150 169 179 180 184 205 206 209 213 215 227 232 234 253 256 260 264 271 275 276 278 280 284 290 291 297 
255 45 9 18 26 38 49 50 60 70 73 74 84 88 89 90 99 113 114 123 125 133 139 152 154 155 161 171 173 181 183 184 189 190 209 220 226 227 232 233 235 236 239 245 271 283 292 
256 55 0 8 9 11 15 19 21 26 29 34 39 56 62 63 68 81 89 90 91 92 94 104 111 126 136 145 147 153 156 163 172 174 185 190 195 196 202 203 204 208 210 226 227 228 250 252 254 270 278 281 287 289 290 297 298 
257 63 0 3 10 12 13 17 26 36 40 41 44 53 68 69 72 74 77 79 87 88 99 106 114 125 127 135 139 142 146 147 151 153 154 157 173 174 181 183 194 201 203 204 209 211 212 213 216 220 231 232 235 240 244 245 259 264 265 272 280 286 288 289 294 
258 57 7 13 29 34 35 36 38 47 50 54 56 57 58 60 61 63 66 70 74 79 80 82 83 85 88 94 115 124 129 137 139 142 152 154 161 163 167 175 187 192 207 209 212 219 221 225 232 233 246 259 268 273 282 283 286 291 292 
259 49 0 3 4 5 6 22 25 39 44 45 46 80 91 93 100 101 109 151 157 159 172 175 184 195 200 206 207 212 217 219 220 221 223 226 232 245 257 258 260 262 266 273 275 282 289 290 291 292 297 
260 59 0 1 2 3 10 11 14 21 22 23 28 29 37 38 42 43 51 56 58 67 68 69 74 81 98 106 111 124 126 129 138 147 149 163 165 172 191 197 203 209 211 219 223 229 231 233 241 244 245 249 254 259 263 268 271 277 281 284 290 
261 60 0 6 7 9 10 13 15 16 24 26 28 44 56 57 58 63 68 81 90 95 97 98 100 101 119 121 123 129 144 150 153 156 160 162 168 169 175 178 183 184 191 194 200 212 213 220 229 234 235 249 251 265 273 276 277 281 282 290 291 295 
262 54 0 7 21 22 32 49 61 67 77 94 95 96 101 102 106 117 118 120 128 131 139 141 149 152 154 156 161 163 165 176 195 196 197 198 202 205 208 216 217 219 220 228 236 250 259 268 270 272 274 277 282 283 289 296 
263 52 10 15 20 21 35 36 39 45 47 52 67 71 81 84 86 88 101 105 115 117 118 120 138 140 146 150 154 165 171 175 177 178 179 181 182 183 185 193 194 208 210 219 233 239 247 252 260 270 273 280 287 298 
264 64 4 6 14 16 18 19 22 25 26 30 31 35 37 38 44 50 51 59 61 70 72 78 79 89 94 96 97 112 113 125 134 135 146 149 150 151 154 155 161 169 172 175 178 188 192 196 198 199 203 207 216 242 244 254 257 267 270 274 275 285 287 292 296 298 
265 64 8 16 29 30 31 32 33 35 39 40 56 65 67 72 75 86 91 94 99 101 104 109 116 124 125 130 133 136 138 141 146 147 158 160 163 169 172 173 180 183 188 190 200 202 211 212 213 214 217 219 231 235 251 257 261 267 268 269 272 274 276 280 284 294 
266 64 0 4 5 8 11 20 22 27 30 32 34 36 39 42 57 59 61 62 71 74 86 93 99 100 102 107 108 118 120 124 136 140 149 151 154 155 157 161 167 177 179 181 185 188 196 198 210 212 220 224 229 234 242 243 248 250 259 278 280 286 287 291 296 298 
267 52 1 4 9 14 17 18 23 30 31 42 61 64 71 72 74 75 76 101 110 117 119 125 131 136 144 148 150 153 160 161 170 175 183 188 200 202 203 206 213 217 247 250 251 264 265 269 271 283 285 286 291 296 
268 72 0 2 12 20 26 29 31 32 43 47 53 56 58 67 70 71 74 75 79 83 84 85 86 89 95 98 103 106 111 112 113 116 117 118 121 122 124 129 134 137 138 141 146 157 164 169 173 175 180 182 183 188 189 195 199 202 209 211 220 234 235 249 253 258 260 262 265 272 275 278 284 291 
269 45 5 11 12 18 26 29 47 51 54 63 87 95 104 107 113 114 115 121 128 129 137 138 144 148 158 159 171 173 180 190 194 208 213 214 221 222 224 232 233 243 265 267 276 279 290 
270 49 4 6 13 19 33 37 40 55 59 68 70 74 77 86 93 108 110 111 114 122 125 128 130 131 140 141 142 146 150 154 156 161 165 169 172 198 202 203 208 211 216 227 256 262 263 264 273 274 280 
271 71 8 11 12 18 21 22 23 32 37 40 42 50 54 67 68 77 78 88 96 99 101 103 106 107 111 115 119 122 127 130 132 134 139 140 144 145 148 151 156 165 167 169 170 177 182 184 195 207 210 211 213 216 223 228 230 234 238 242 252 253 254 255 260 267 272 273 277 279 281 297 299 
272 55 1 14 18 21 23 24 25 32 37 41 49 50 52 57 63 71 82 88 90 91 92 106 112 115 125 127 133 146 153 155 158 181 187 190 200 201 202 211 213 214 219 223 225 240 247 249 257 262 265 268 271 285 289 295 296 
273 64 1 4 6 13 14 21 31 35 38 44 47 50 52 62 71 77 78 79 80 83 87 88 89 103 112 121 123 125 129 132 140 141 150 164 166 169 175 176 187 188 193 206 211 217 224 230 237 238 245 246 247 253 258 259 261 263 270 271 276 277 286 287 289 298 
274 61 3 8 9 11 20 23 29 32 35 36 49 61 65 67 68 70 71 73 75 77 83 95 100 103 109 113 121 128 133 135 138 142 143 145 156 171 175 176 186 187 192 193 195 200 204 209 210 211 223 228 229 235 246 250 262 264 265 270 290 291 299 
275 58 2 7 9 11 14 23 25 30 31 35 37 47 54 69 72 76 78 81 91 97 103 106 109 113 118 127 129 139 141 143 146 148 150 154 168 171 180 181 193 194 210 212 223 227 231 243 246 251 254 259 264 268 276 281 285 290 291 294 
276 58 4 5 8 11 13 15 16 20 23 28 43 45 46 48 54 55 58 67 77 79 83 85 94 100 105 106 110 112 114 124 126 135 146 172 177 178 181 183 192 195 203 205 219 227 239 241 246 250 253 254 261 265 269 273 275 284 294 295 
277 70 4 8 12 13 17 18 26 31 43 44 52 53 54 56 65 68 71 73 74 82 89 91 101 113 117 119 121 123 133 138 142 146 149 150 152 157 170 174 178 180 184 191 195 199 201 208 214 215 218 219 220 230 232 233 242 243 244 245 247 250 260 261 262 271 273 279 286 291 294 296 
278 52 1 4 11 14 17 21 22 30 46 52 56 63 64 71 72 82 86 91 92 93 94 110 111 117 119 120 122 125 128 135 136 143 155 163 165 167 174 176 188 191 194 198 202 213 214 234 249 251 254 256 266 268 
279 66 15 16 17 23 27 30 37 47 54 63 67 70 84 86 92 98 107 109 113 118 120 125 127 134 135 139 146 154 155 158 161 163 164 170 173 178 180 181 184 185 195 196 200 201 206 211 212 218 220 222 233 234 239 243 249 250 269 271 277 282 283 285 292 296 297 298 
280 64 3 7 17 34 36 38 39 42 44 49 53 59 60 61 62 70 83 87 92 96 102 103 113 114 115 117 118 119 120 127 131 145 150 157 160 161 166 167 169 170 179 182 189 202 216 219 228 230 231 232 236 237 242 249 254 257 263 265 266 270 281 285 287 299 
281 71 5 7 9 10 11 14 15 19 27 29 31 35 37 38 39 46 55 57 59 60 63 64 66 79 80 85 89 95 97 99 101 105 106 116 117 118 132 135 137 143 146 149 153 154 156 158 159 160 161 165 166 171 186 188 191 194 205 211 214 217 225 233 241 256 260 261 271 275 280 288 290 
282 71 0 2 4 8 18 19 27 33 36 42 49 55 57 58 59 62 68 69 71 74 76 80 83 86 87 89 90 92 93 95 96 104 110 121 123 126 137 140 141 143 146 153 156 158 159 163 164 172 176 178 180 182 186 190 193 197 208 209 214 217 222 226 235 258 259 261 262 279 287 297 299 
283 49 20 21 25 30 31 36 44 48 50 57 65 68 74 79 86 88 90 91 93 98 104 115 121 129 132 136 147 153 170 183 188 192 196 197 208 212 216 234 243 245 248 255 258 262 267 279 287 296 297 
284 62 0 6 8 12 21 32 33 36 39 43 48 57 58 59 60 62 71 76 82 85 86 87 92 99 101 105 115 116 124 127 131 132 138 145 152 160 161 165 175 186 195 200 204 206 214 215 216 218 220 221 231 236 243 254 260 265 268 276 287 289 295 296 
285 65 0 4 6 8 12 20 25 30 33 34 38 48 51 55 58 59 60 71 72 74 84 87 91 92 99 102 104 106 110 123 124 127 140 141 142 151 160 167 169 174 192 195 200 201 204 206 209 218 223 226 229 232 237 244 246 252 264 267 272 275 279 280 290 292 297 
286 58 5 10 13 20 22 32 33 35 36 45 47 49 50 52 61 64 66 69 77 83 93 99 106 107 108 110 111 113 114 122 134 138 143 145 149 150 163 173 187 191 195 200 203 218 233 246 248 257 258 266 267 273 277 289 290 291 293 299 
287 48 11 14 19 20 24 28 30 31 46 49 51 62 89 105 109 110 116 117 122 131 139 145 147 150 151 162 168 172 179 196 211 213 220 233 237 241 256 263 264 266 273 280 282 283 284 290 294 297 
288 53 3 21 25 32 36 37 39 42 45 49 53 56 58 71 78 80 86 87 94 95 105 114 118 120 121 122 129 146 148 150 156 158 168 179 187 191 193 199 204 206 211 217 221 223 224 230 244 249 257 281 294 297 299 
289 73 4 10 14 17 22 30 33 36 37 39 40 41 42 44 46 66 79 85 86 91 95 96 98 99 101 103 104 107 108 112 114 130 133 136 139 152 156 157 170 172 175 178 179 185 186 193 194 198 199 203 205 207 208 210 211 216 217 218 223 224 229 233 236 243 256 257 259 262 272 273 284 286 292 
290 79 5 7 8 9 11 14 15 19 27 36 38 42 43 44 49 57 62 64 66 69 74 84 91 99 106 114 117 118 130 131 137 140 141 143 146 148 152 153 154 156 158 160 161 162 166 167 170 172 176 180 182 186 188 204 209 213 218 221 225 227 228 241 244 246 254 256 259 260 261 269 274 275 281 285 286 287 291 292 293 
291 71 1 7 8 13 16 18 21 24 27 31 32 38 39 46 48 49 52 53 55 56 57 60 79 91 92 97 115 117 125 129 141 146 150 165 169 171 172 175 180 182 183 196 199 203 204 207 208 211 216 217 220 223 229 237 242 249 254 258 259 261 266 267 268 274 275 277 286 290 295 297 298 
292 68 3 4 9 11 27 39 42 44 45 50 53 56 61 65 66 69 71 73 74 77 78 83 93 96 98 100 111 113 114 116 127 134 143 152 153 154 155 158 174 177 195 200 207 212 213 214 218 223 225 226 233 234 238 241 244 252 253 255 258 259 264 279 285 289 290 293 296 297 
293 61 1 4 13 15 17 26 29 33 34 38 41 49 54 64 67 68 80 86 87 96 103 105 106 109 116 118 124 125 128 129 138 150 151 152 154 157 162 166 175 177 185 192 198 214 221 222 224 225 228 234 237 240 242 243 247 248 286 290 292 294 299 
294 63 8 11 15 18 20 28 34 35 43 48 51 58 65 66 70 92 94 98 99 100 113 116 121 122 134 136 140 145 146 150 154 159 162 171 179 182 184 185 187 188 189 190 192 201 212 225 226 230 235 237 239 246 249 251 253 257 265 275 276 277 287 288 293 
295 54 0 1 4 6 10 15 24 35 41 47 49 55 57 61 62 71 79 86 94 101 112 117 119 120 134 145 148 152 164 171 172 174 181 204 210 213 216 218 220 223 234 235 244 245 249 250 252 253 261 272 276 284 291 296 
296 67 3 18 19 21 24 29 32 33 36 38 44 46 57 66 71 76 80 81 83 87 88 90 93 114 116 126 137 142 146 147 150 151 155 163 178 182 183 187 194 195 197 198 204 209 210 212 216 222 231 233 237 239 241 245 246 251 262 264 266 267 272 277 279 283 284 292 295 
297 62 0 15 16 17 30 31 37 58 60 61 67 68 71 78 79 80 102 103 104 105 106 113 114 122 125 129 132 135 151 153 154 159 161 183 189 191 201 202 204 211 215 216 219 223 226 229 234 249 252 253 254 256 259 271 279 282 283 285 287 288 291 292 
298 52 3 11 15 17 18 19 20 21 24 34 48 55 64 69 70 73 74 95 97 99 104 105 107 111 113 118 124 134 138 145 148 162 179 180 182 183 202 208 214 218 223 229 244 245 250 256 263 264 266 273 279 291 
299 61 4 16 34 48 50 55 59 61 64 69 70 73 75 83 86 87 88 96 100 109 122 123 128 130 131 141 144 149 156 157 163 165 168 171 187 188 195 199 200 203 204 208 213 218 220 224 235 239 241 242 249 250 251 252 271 274 280 282 286 288 293 
