30 78
0 5 4 7 10 26 27 
1 5 10 18 20 25 27 
2 5 6 10 21 26 29 
3 1 21 
4 5 0 10 15 20 27 
5 3 6 10 19 
6 11 2 5 9 10 11 13 20 21 22 23 28 
7 6 0 8 10 22 25 27 
8 6 7 9 18 20 21 24 
9 7 6 8 12 15 16 22 23 
10 7 0 1 2 4 5 6 7 
11 6 6 14 16 17 23 28 
12 3 9 15 23 
13 3 6 19 24 
14 3 11 20 29 
15 6 4 9 12 17 18 27 
16 5 9 11 18 23 28 
17 4 11 15 23 28 
18 7 1 8 15 16 19 26 28 
19 3 5 13 18 
20 8 1 4 6 8 14 24 25 26 
21 5 2 3 6 8 29 
22 5 6 7 9 23 26 
23 9 6 9 11 12 16 17 22 25 26 
24 4 8 13 20 28 
25 4 1 7 20 23 
26 6 0 2 18 20 22 23 
27 5 0 1 4 7 15 
28 6 6 11 16 17 18 24 
29 3 2 14 21 
