30 61
0 4 4 7 10 27 
1 2 18 25 
2 4 6 21 26 29 
3 1 21 
4 5 0 10 15 20 27 
5 1 10 
6 9 2 10 11 13 20 21 22 23 28 
7 5 0 8 10 25 27 
8 6 7 9 18 20 21 24 
9 4 8 12 16 23 
10 5 0 4 5 6 7 
11 4 6 14 16 23 
12 2 9 15 
13 3 6 19 24 
14 3 11 20 29 
15 5 4 12 17 18 27 
16 3 9 11 23 
17 3 15 23 28 
18 5 1 8 15 19 26 
19 2 13 18 
20 7 4 6 8 14 24 25 26 
21 5 2 3 6 8 29 
22 3 6 23 26 
23 8 6 9 11 16 17 22 25 26 
24 4 8 13 20 28 
25 4 1 7 20 23 
26 5 2 18 20 22 23 
27 4 0 4 7 15 
28 3 6 17 24 
29 3 2 14 21 
