320 708
0 3 81 173 175 
1 2 15 93 
2 8 46 66 72 87 92 167 173 189 
3 3 94 234 272 
4 3 10 187 195 
5 5 7 34 88 146 247 
6 3 168 265 300 
7 4 5 46 59 224 
8 7 64 95 106 277 279 304 307 
9 7 24 40 144 148 160 238 272 
10 3 4 98 140 
11 0 
12 7 56 62 97 123 130 260 268 
13 2 77 86 
14 2 59 220 
15 6 1 54 210 228 258 265 
16 3 128 199 244 
17 2 228 302 
18 7 50 61 68 203 237 248 296 
19 6 70 148 175 194 238 280 
20 8 41 91 112 113 116 185 187 311 
21 4 90 198 262 297 
22 0 
23 1 24 
24 3 9 23 175 
25 4 79 106 118 132 
26 3 37 102 283 
27 6 32 55 71 86 236 306 
28 5 52 83 104 113 214 
29 4 72 78 106 311 
30 7 41 102 115 191 234 250 287 
31 4 67 130 258 283 
32 4 27 73 88 224 
33 5 48 62 99 155 267 
34 4 5 194 236 310 
35 10 58 104 134 180 196 232 234 262 265 269 
36 2 66 273 
37 8 26 117 194 204 238 246 256 288 
38 8 51 63 91 101 137 236 264 267 
39 5 51 104 119 217 270 
40 6 9 46 115 165 181 307 
41 3 20 30 58 
42 3 187 226 230 
43 5 49 75 187 251 297 
44 3 199 257 278 
45 4 193 201 222 318 
46 4 2 7 40 118 
47 3 51 70 119 
48 2 33 106 
49 2 43 107 
50 8 18 93 127 140 162 194 223 276 
51 6 38 39 47 146 282 301 
52 3 28 152 186 
53 4 118 125 282 316 
54 3 15 73 89 
55 4 27 125 144 313 
56 2 12 314 
57 6 151 173 201 243 276 283 
58 4 35 41 125 150 
59 6 7 14 108 125 255 312 
60 2 137 266 
61 5 18 140 156 206 316 
62 12 12 33 105 120 139 199 226 267 276 279 290 302 
63 7 38 76 78 138 157 171 184 
64 2 8 235 
65 3 163 202 319 
66 5 2 36 93 143 209 
67 4 31 186 197 205 
68 7 18 70 82 133 164 193 199 
69 5 175 176 211 214 276 
70 5 19 47 68 185 248 
71 8 27 98 135 140 211 213 278 284 
72 6 2 29 214 216 222 262 
73 5 32 54 101 298 313 
74 3 248 292 314 
75 5 43 123 156 186 202 
76 1 63 
77 3 13 81 294 
78 8 29 63 119 241 253 275 278 291 
79 5 25 117 123 190 239 
80 1 250 
81 3 0 77 221 
82 3 68 198 318 
83 7 28 118 139 143 147 224 248 
84 5 178 224 235 236 257 
85 2 120 188 
86 6 13 27 190 228 237 312 
87 5 2 89 203 257 287 
88 6 5 32 161 181 190 276 
89 5 54 87 97 225 261 
90 4 21 202 261 274 
91 4 20 38 241 257 
92 2 2 154 
93 8 1 50 66 102 158 196 240 313 
94 2 3 169 
95 4 8 134 242 291 
96 0 
97 4 12 89 234 243 
98 6 10 71 113 119 243 251 
99 3 33 192 253 
100 10 124 134 142 147 150 170 210 225 254 260 
101 7 38 73 130 230 266 294 297 
102 5 26 30 93 165 199 
103 1 243 
104 5 28 35 39 156 254 
105 6 62 112 125 209 240 319 
106 4 8 25 29 48 
107 5 49 126 159 183 235 
108 5 59 138 188 194 210 
109 4 122 192 216 284 
110 3 177 240 308 
111 3 237 296 312 
112 3 20 105 128 
113 7 20 28 98 159 188 241 310 
114 3 118 279 306 
115 4 30 40 261 265 
116 4 20 177 193 309 
117 4 37 79 301 314 
118 6 25 46 53 83 114 259 
119 5 39 47 78 98 231 
120 6 62 85 159 230 277 286 
121 1 202 
122 5 109 159 164 268 282 
123 5 12 75 79 206 283 
124 3 100 283 292 
125 7 53 55 58 59 105 242 261 
126 2 107 208 
127 5 50 192 259 268 302 
128 5 16 112 176 188 214 
129 3 256 303 309 
130 4 12 31 101 224 
131 1 311 
132 5 25 134 273 285 309 
133 3 68 265 308 
134 6 35 95 100 132 174 315 
135 2 71 290 
136 1 138 
137 5 38 60 269 289 297 
138 11 63 108 136 143 155 164 175 188 217 222 232 
139 3 62 83 183 
140 6 10 50 61 71 146 192 
141 2 150 206 
142 2 100 248 
143 3 66 83 138 
144 6 9 55 203 227 248 275 
145 4 183 290 293 300 
146 4 5 51 140 304 
147 6 83 100 183 229 242 288 
148 6 9 19 168 218 247 290 
149 4 164 210 251 297 
150 6 58 100 141 158 215 248 
151 1 57 
152 4 52 155 185 288 
153 2 206 287 
154 3 92 166 208 
155 4 33 138 152 232 
156 7 61 75 104 228 275 282 314 
157 3 63 194 264 
158 4 93 150 206 316 
159 9 107 113 120 122 175 224 232 237 242 
160 4 9 164 241 316 
161 2 88 316 
162 3 50 186 206 
163 4 65 196 285 312 
164 6 68 122 138 149 160 269 
165 5 40 102 251 260 282 
166 3 154 306 310 
167 2 2 271 
168 3 6 148 206 
169 4 94 223 300 309 
170 2 100 302 
171 4 63 240 280 317 
172 5 207 257 290 293 301 
173 5 0 2 57 216 229 
174 2 134 230 
175 9 0 19 24 69 138 159 204 276 287 
176 3 69 128 238 
177 3 110 116 208 
178 3 84 276 300 
179 2 267 300 
180 3 35 265 268 
181 5 40 88 199 239 251 
182 1 319 
183 5 107 139 145 147 202 
184 3 63 246 256 
185 10 20 70 152 249 260 264 265 281 316 317 
186 7 52 67 75 162 191 277 311 
187 4 4 20 42 43 
188 7 85 108 113 128 138 306 319 
189 3 2 216 318 
190 4 79 86 88 260 
191 4 30 186 210 228 
192 5 99 109 127 140 209 
193 5 45 68 116 198 310 
194 8 19 34 37 50 108 157 226 268 
195 6 4 232 267 282 283 319 
196 3 35 93 163 
197 4 67 199 271 292 
198 5 21 82 193 279 294 
199 9 16 44 62 68 102 181 197 281 306 
200 3 203 275 305 
201 5 45 57 221 262 263 
202 6 65 75 90 121 183 273 
203 8 18 87 144 200 245 288 295 310 
204 3 37 175 305 
205 2 67 290 
206 7 61 123 141 153 158 162 168 
207 6 172 208 227 274 293 298 
208 6 126 154 177 207 296 318 
209 4 66 105 192 241 
210 7 15 100 108 149 191 234 316 
211 3 69 71 298 
212 0 
213 2 71 275 
214 4 28 69 72 128 
215 4 150 217 283 299 
216 5 72 109 173 189 279 
217 4 39 138 215 264 
218 3 148 233 251 
219 3 226 233 299 
220 1 14 
221 4 81 201 256 298 
222 3 45 72 138 
223 3 50 169 252 
224 7 7 32 83 84 130 159 297 
225 3 89 100 310 
226 7 42 62 194 219 238 254 306 
227 2 144 207 
228 7 15 17 86 156 191 270 282 
229 4 147 173 239 297 
230 5 42 101 120 174 251 
231 3 119 278 279 
232 6 35 138 155 159 195 247 
233 3 218 219 263 
234 6 3 30 35 97 210 269 
235 4 64 84 107 292 
236 6 27 34 38 84 277 282 
237 5 18 86 111 159 243 
238 5 9 19 37 176 226 
239 4 79 181 229 252 
240 5 93 105 110 171 304 
241 7 78 91 113 160 209 268 272 
242 5 95 125 147 159 286 
243 5 57 97 98 103 237 
244 2 16 278 
245 3 203 273 278 
246 2 37 184 
247 4 5 148 232 299 
248 7 18 70 74 83 142 144 150 
249 2 185 266 
250 3 30 80 261 
251 8 43 98 149 165 181 218 230 303 
252 4 223 239 255 274 
253 2 78 99 
254 3 100 104 226 
255 3 59 252 279 
256 4 37 129 184 221 
257 7 44 84 87 91 172 265 270 
258 3 15 31 262 
259 3 118 127 305 
260 7 12 100 165 185 190 288 291 
261 7 89 90 115 125 250 271 287 
262 5 21 35 72 201 258 
263 2 201 233 
264 4 38 157 185 217 
265 9 6 15 35 115 133 180 185 257 270 
266 4 60 101 249 287 
267 5 33 38 62 179 195 
268 8 12 122 127 180 194 241 276 292 
269 4 35 137 164 234 
270 4 39 228 257 265 
271 4 167 197 261 319 
272 3 3 9 241 
273 5 36 132 202 245 317 
274 4 90 207 252 291 
275 5 78 144 156 200 213 
276 8 50 57 62 69 88 175 178 268 
277 4 8 120 186 236 
278 6 44 71 78 231 244 245 
279 8 8 62 114 198 216 231 255 291 
280 2 19 171 
281 3 185 199 293 
282 8 51 53 122 156 165 195 228 236 
283 7 26 31 57 123 124 195 215 
284 3 71 109 306 
285 2 132 163 
286 2 120 242 
287 6 30 87 153 175 261 266 
288 5 37 147 152 203 260 
289 2 137 294 
290 7 62 135 145 148 172 205 306 
291 5 78 95 260 274 279 
292 5 74 124 197 235 268 
293 5 145 172 207 281 307 
294 6 77 101 198 289 308 318 
295 1 203 
296 4 18 111 208 319 
297 10 21 43 101 137 149 224 229 299 307 314 
298 4 73 207 211 221 
299 4 215 219 247 297 
300 5 6 145 169 178 179 
301 3 51 117 172 
302 4 17 62 127 170 
303 2 129 251 
304 3 8 146 240 
305 3 200 204 259 
306 8 27 114 166 188 199 226 284 290 
307 4 8 40 293 297 
308 3 110 133 294 
309 4 116 129 132 169 
310 6 34 113 166 193 203 225 
311 4 20 29 131 186 
312 5 59 86 111 163 314 
313 3 55 73 93 
314 6 56 74 117 156 297 312 
315 1 134 
316 7 53 61 158 160 161 185 210 
317 3 171 185 273 
318 5 45 82 189 208 294 
319 7 65 105 182 188 195 271 296 
