320 51
0 1 132 
1 0 
2 0 
3 1 262 
4 0 
5 0 
6 1 254 
7 0 
8 0 
9 1 149 
10 0 
11 1 70 
12 1 114 
13 0 
14 1 174 
15 0 
16 0 
17 0 
18 0 
19 0 
20 1 149 
21 0 
22 0 
23 0 
24 1 144 
25 0 
26 0 
27 2 255 282 
28 0 
29 1 294 
30 1 110 
31 0 
32 0 
33 1 237 
34 0 
35 0 
36 0 
37 1 225 
38 0 
39 1 157 
40 0 
41 0 
42 0 
43 1 191 
44 0 
45 0 
46 0 
47 1 64 
48 0 
49 0 
50 0 
51 0 
52 0 
53 0 
54 0 
55 0 
56 2 221 289 
57 0 
58 0 
59 0 
60 1 299 
61 0 
62 0 
63 1 317 
64 1 47 
65 0 
66 1 254 
67 0 
68 0 
69 1 246 
70 1 11 
71 0 
72 0 
73 0 
74 1 220 
75 0 
76 1 316 
77 0 
78 0 
79 0 
80 0 
81 1 161 
82 0 
83 0 
84 0 
85 0 
86 0 
87 1 273 
88 0 
89 0 
90 0 
91 0 
92 0 
93 0 
94 0 
95 0 
96 0 
97 1 155 
98 0 
99 0 
100 0 
101 0 
102 0 
103 0 
104 1 152 
105 0 
106 1 114 
107 0 
108 1 251 
109 0 
110 1 30 
111 0 
112 0 
113 0 
114 2 12 106 
115 0 
116 0 
117 0 
118 0 
119 0 
120 1 186 
121 0 
122 0 
123 0 
124 0 
125 0 
126 1 146 
127 0 
128 0 
129 0 
130 0 
131 0 
132 2 0 163 
133 0 
134 0 
135 0 
136 0 
137 0 
138 0 
139 0 
140 0 
141 0 
142 0 
143 1 201 
144 1 24 
145 0 
146 1 126 
147 0 
148 0 
149 2 9 20 
150 0 
151 0 
152 3 104 173 182 
153 0 
154 0 
155 2 97 212 
156 0 
157 1 39 
158 1 225 
159 1 272 
160 1 179 
161 1 81 
162 0 
163 1 132 
164 0 
165 0 
166 0 
167 0 
168 0 
169 0 
170 0 
171 0 
172 0 
173 1 152 
174 1 14 
175 0 
176 0 
177 1 281 
178 0 
179 1 160 
180 0 
181 0 
182 1 152 
183 0 
184 1 285 
185 0 
186 1 120 
187 0 
188 0 
189 0 
190 0 
191 1 43 
192 0 
193 0 
194 0 
195 0 
196 0 
197 0 
198 0 
199 0 
200 1 246 
201 1 143 
202 0 
203 1 289 
204 0 
205 0 
206 0 
207 0 
208 0 
209 0 
210 0 
211 0 
212 1 155 
213 0 
214 0 
215 0 
216 0 
217 1 275 
218 0 
219 0 
220 1 74 
221 1 56 
222 0 
223 0 
224 0 
225 2 37 158 
226 0 
227 0 
228 0 
229 0 
230 0 
231 0 
232 1 246 
233 0 
234 0 
235 0 
236 0 
237 1 33 
238 0 
239 0 
240 0 
241 0 
242 0 
243 0 
244 0 
245 0 
246 3 69 200 232 
247 0 
248 0 
249 0 
250 0 
251 1 108 
252 0 
253 0 
254 2 6 66 
255 1 27 
256 0 
257 0 
258 0 
259 0 
260 0 
261 0 
262 1 3 
263 0 
264 0 
265 0 
266 0 
267 0 
268 0 
269 0 
270 0 
271 0 
272 1 159 
273 2 87 278 
274 0 
275 1 217 
276 0 
277 0 
278 1 273 
279 0 
280 1 312 
281 1 177 
282 1 27 
283 0 
284 0 
285 2 184 309 
286 0 
287 0 
288 0 
289 2 56 203 
290 0 
291 0 
292 0 
293 0 
294 1 29 
295 0 
296 0 
297 0 
298 0 
299 1 60 
300 0 
301 0 
302 0 
303 0 
304 0 
305 0 
306 0 
307 0 
308 0 
309 1 285 
310 0 
311 0 
312 1 280 
313 0 
314 0 
315 0 
316 1 76 
317 1 63 
318 0 
319 0 
