320 5227
0 36 18 19 22 24 29 30 32 47 48 59 67 94 96 104 115 130 132 156 161 171 179 183 190 202 215 220 228 241 250 257 260 261 268 300 302 313 
1 37 2 14 20 30 33 37 41 45 55 56 68 69 81 86 93 104 113 125 133 134 138 162 167 172 198 205 207 216 218 240 253 258 271 273 291 297 311 
2 34 1 12 35 40 47 59 65 67 68 78 100 109 127 130 131 140 160 164 173 181 198 202 220 235 242 262 266 272 279 280 305 307 313 319 
3 31 48 56 58 119 131 136 143 147 150 159 162 163 172 175 176 178 189 200 214 220 232 248 250 251 262 268 271 280 281 304 308 
4 33 8 19 28 29 30 36 46 131 132 138 162 179 184 186 197 198 212 213 215 219 227 231 246 250 258 267 268 280 282 297 303 316 318 
5 30 23 38 39 62 63 73 110 113 143 152 166 169 181 186 190 202 218 235 246 255 274 275 276 286 288 294 301 304 317 319 
6 31 13 19 20 24 37 56 60 62 65 72 74 116 132 139 141 153 164 200 203 236 239 254 262 265 267 270 289 292 296 298 301 
7 25 12 41 43 69 73 82 95 99 121 122 141 161 181 194 200 227 233 237 260 262 277 290 300 316 319 
8 37 4 16 29 30 41 53 79 84 96 114 117 125 131 143 144 148 149 171 175 182 188 190 196 204 207 212 230 237 243 250 265 279 287 293 296 307 319 
9 33 11 30 41 50 52 61 64 95 132 149 154 164 166 175 182 185 204 214 215 216 228 230 232 249 278 279 284 291 294 303 306 308 315 
10 38 29 32 57 60 61 81 86 107 114 115 117 125 127 128 129 130 140 146 153 166 171 198 206 210 212 219 224 233 240 241 243 248 252 267 285 297 299 307 
11 34 9 13 18 31 51 56 61 67 70 78 84 90 93 102 131 176 181 184 192 217 239 245 246 273 274 280 281 287 290 291 307 309 310 312 
12 30 2 7 17 44 68 94 100 114 118 121 131 147 167 176 223 230 232 238 256 264 265 273 276 288 291 303 304 307 316 319 
13 32 6 11 16 17 31 44 45 67 77 93 107 124 134 144 146 164 171 179 202 228 233 254 256 259 261 262 263 289 298 300 306 315 
14 39 1 21 24 29 33 36 76 77 85 89 113 120 131 132 135 149 168 174 175 178 187 193 208 213 217 224 236 238 240 245 253 256 260 283 294 298 301 302 317 
15 34 51 74 82 88 104 105 119 122 123 124 128 129 139 143 146 156 157 162 173 178 195 206 212 214 220 223 225 226 235 244 248 262 285 288 
16 23 8 13 51 53 73 98 116 130 172 177 195 199 200 203 211 219 239 240 251 260 281 286 298 
17 39 12 13 19 30 31 37 41 51 70 86 87 90 94 106 110 112 121 122 128 134 137 148 162 176 184 194 205 208 212 213 223 235 256 286 289 290 295 315 319 
18 35 0 11 20 32 42 43 48 51 71 80 81 83 87 88 104 105 108 127 134 142 150 174 184 190 201 210 218 226 255 257 267 278 289 294 316 
19 33 0 4 6 17 23 38 62 69 82 86 88 102 111 119 137 143 149 162 167 184 185 186 203 215 218 231 259 260 298 299 301 311 319 
20 44 1 6 18 30 33 35 39 52 57 63 66 90 93 97 110 127 131 134 138 141 149 178 182 188 189 191 200 214 219 221 226 227 235 237 239 245 262 267 273 276 294 295 306 307 
21 33 14 29 30 31 37 51 55 63 67 81 116 117 119 135 146 158 164 172 179 180 204 220 231 253 257 259 260 266 275 281 293 311 315 
22 24 0 37 52 80 83 85 86 96 107 115 136 137 140 154 181 195 210 224 236 237 243 249 255 278 
23 32 5 19 26 40 48 50 106 110 111 116 122 124 127 140 149 160 165 171 173 174 181 190 195 206 216 229 242 244 256 266 289 300 
24 28 0 6 14 28 31 38 53 77 79 82 114 119 123 144 168 173 174 176 180 202 205 218 219 233 245 268 294 304 
25 31 30 37 42 76 85 86 96 102 121 128 136 138 142 144 145 150 153 174 192 197 200 222 229 237 264 271 279 284 288 296 311 
26 36 23 31 33 44 54 56 60 61 63 65 72 83 86 97 98 111 126 133 144 146 153 186 188 195 204 210 215 224 242 246 256 261 284 299 310 317 
27 30 39 58 62 87 93 116 117 125 133 144 146 182 187 189 193 205 238 245 250 255 257 259 261 266 270 275 282 301 311 313 
28 34 4 24 32 42 67 107 117 119 128 140 149 155 164 165 169 172 174 178 182 185 202 207 211 218 219 228 233 243 258 262 264 276 288 294 
29 43 0 4 8 10 14 21 30 32 42 49 59 66 68 84 91 96 98 106 109 111 114 125 146 165 180 181 187 194 208 222 224 225 240 244 248 254 262 263 274 284 286 294 306 
30 45 0 1 4 8 9 17 20 21 25 29 31 33 35 39 57 77 94 97 110 111 113 136 140 147 156 161 169 170 178 197 206 207 219 223 241 244 252 258 264 268 276 279 302 309 312 
31 38 11 13 17 21 24 26 30 41 43 66 67 70 78 84 86 95 98 101 102 130 131 134 148 151 165 178 183 195 206 220 236 240 247 260 263 270 275 292 
32 23 0 10 18 28 29 59 88 89 98 149 184 185 190 192 224 240 249 256 272 306 313 314 318 
33 30 1 14 20 26 30 35 48 51 105 113 115 118 132 133 134 142 150 155 164 179 187 189 216 229 236 237 240 253 281 282 
34 20 43 80 94 110 113 130 133 135 137 147 157 173 189 200 224 237 265 276 287 312 
35 37 2 20 30 33 43 44 62 66 97 104 106 113 114 122 127 139 140 147 152 154 156 170 186 202 203 204 206 212 234 239 268 285 287 300 302 306 316 
36 21 4 14 43 67 94 111 127 129 137 146 175 190 211 256 266 270 278 279 305 310 319 
37 40 1 6 17 21 22 25 40 47 61 65 73 82 84 86 90 92 96 113 114 122 126 146 168 180 183 185 193 194 195 207 208 210 225 229 235 251 261 268 284 311 
38 34 5 19 24 48 59 60 63 64 75 109 126 136 162 171 172 180 184 191 196 197 198 201 213 215 221 239 255 262 274 289 306 310 312 318 
39 34 5 20 27 30 47 75 81 84 90 92 117 121 130 133 135 149 155 157 171 172 180 184 195 212 218 219 224 236 243 247 260 274 283 304 
40 18 2 23 37 59 67 78 92 143 147 166 177 231 247 248 285 288 289 317 
41 42 1 7 8 9 17 31 56 91 105 110 113 126 133 151 167 174 175 187 193 195 197 202 207 209 225 231 238 244 249 259 266 268 276 277 278 280 284 287 289 301 307 313 
42 33 18 25 28 29 54 55 63 68 76 98 104 107 115 116 123 127 128 136 167 188 201 211 256 258 266 275 280 290 292 299 306 310 312 
43 36 7 18 31 34 35 36 53 55 66 75 82 83 121 134 143 145 147 178 191 198 202 216 223 225 227 243 251 254 265 267 288 293 295 298 301 319 
44 23 12 13 26 35 53 80 82 98 125 142 152 174 180 181 183 195 211 238 253 282 284 286 295 
45 27 1 13 51 67 68 95 99 100 104 105 154 155 165 177 185 187 192 198 202 237 263 288 290 292 298 305 309 
46 33 4 49 55 58 67 79 83 88 113 123 124 135 136 149 174 189 194 200 210 211 227 229 247 255 256 276 282 289 290 294 300 305 309 
47 32 0 2 37 39 63 64 65 68 74 82 109 123 141 142 146 147 163 185 193 217 218 225 232 249 263 283 289 300 302 307 309 318 
48 35 0 3 18 23 33 38 56 72 74 81 87 89 103 107 114 116 126 128 146 148 152 161 163 167 174 186 207 209 223 225 244 250 265 271 282 
49 26 29 46 55 84 92 97 109 110 129 139 145 154 184 194 197 201 206 213 242 246 250 259 287 290 313 315 
50 31 9 23 51 59 63 65 69 85 95 111 115 133 139 147 150 153 188 191 193 195 200 206 227 237 239 255 261 263 293 304 311 
51 39 11 15 16 17 18 21 33 45 50 55 85 100 101 120 127 133 143 154 161 166 168 177 181 183 195 197 205 232 238 243 244 261 270 272 279 293 301 304 318 
52 31 9 20 22 63 96 128 153 170 173 182 183 186 196 198 203 206 215 226 229 230 252 255 258 259 279 288 298 302 303 313 314 
53 41 8 16 24 43 44 59 62 76 79 82 88 99 113 126 129 143 144 158 164 166 168 172 175 180 186 195 197 198 204 209 220 221 246 253 260 274 288 298 311 312 314 
54 24 26 42 62 66 69 76 78 93 102 116 130 137 158 166 174 175 178 190 235 275 303 305 311 318 
55 27 1 21 42 43 46 49 51 78 98 105 106 108 109 148 150 151 166 167 207 211 224 225 244 254 283 295 303 
56 32 1 3 6 11 26 41 48 75 76 97 122 123 126 133 149 150 153 170 175 204 212 221 229 231 248 250 269 276 282 287 289 300 
57 27 10 20 30 62 66 76 80 82 98 110 113 115 117 157 165 172 175 192 203 211 266 278 279 291 299 309 311 
58 27 3 27 46 60 84 89 132 137 140 164 172 176 178 195 197 202 207 224 228 247 260 262 276 288 302 308 311 
59 27 0 2 29 32 38 40 50 53 119 125 136 139 155 166 195 198 214 220 233 258 272 298 303 304 310 315 317 
60 36 6 10 26 38 58 70 103 110 112 117 123 125 141 142 148 155 163 171 178 182 183 204 208 220 226 233 245 254 257 272 283 285 291 295 299 301 
61 31 9 10 11 26 37 69 72 93 110 121 125 135 136 148 151 154 163 166 179 184 189 199 236 241 249 251 272 283 292 295 298 
62 35 5 6 19 27 35 53 54 57 63 68 88 92 95 97 104 106 110 112 158 164 166 172 173 192 193 195 201 204 223 235 240 245 261 268 302 
63 33 5 20 21 26 38 42 47 50 52 62 96 124 126 136 179 187 188 198 205 211 221 231 233 235 260 269 272 296 298 300 309 315 317 
64 26 9 38 47 68 82 85 87 91 96 101 129 130 134 155 166 170 172 178 182 183 210 233 255 270 279 300 
65 27 2 6 26 37 47 50 68 71 98 110 113 119 123 125 134 135 149 154 175 196 254 267 283 288 295 298 315 
66 35 20 29 31 35 43 54 57 67 72 103 104 108 112 114 122 125 127 136 138 161 162 164 177 178 180 187 198 233 251 254 276 280 295 297 310 
67 33 0 2 11 13 21 28 31 36 40 45 46 66 69 80 90 109 112 115 127 133 168 172 190 204 205 220 223 231 237 251 265 285 308 
68 37 1 2 12 29 42 45 47 62 64 65 78 84 90 109 118 125 128 135 154 161 171 180 182 202 204 220 234 260 262 273 275 282 290 297 303 307 319 
69 21 1 7 19 50 54 61 67 88 143 161 196 201 203 210 225 246 247 253 278 306 314 
70 34 11 17 31 60 78 80 82 87 91 101 107 142 145 147 166 173 174 176 190 198 203 220 228 235 237 254 258 260 262 272 284 294 296 302 
71 24 18 65 75 83 86 101 108 147 151 154 156 169 171 181 184 197 198 219 227 233 246 256 279 284 
72 33 6 26 48 61 66 75 82 94 102 105 111 115 129 138 151 165 172 189 214 230 240 246 250 256 263 275 279 287 289 296 311 313 317 
73 27 5 7 16 37 82 99 118 122 132 143 148 158 166 172 213 219 227 237 239 241 248 263 265 267 271 279 288 
74 26 6 15 47 48 84 90 97 98 101 108 130 131 145 146 155 181 184 185 218 220 260 261 266 269 281 282 
75 40 38 39 43 56 71 72 79 86 98 119 125 130 137 142 145 148 150 155 160 172 187 194 199 200 206 218 221 225 230 238 253 255 258 261 266 275 288 298 312 318 
76 36 14 25 42 53 54 56 57 81 98 105 121 137 141 155 193 208 210 213 214 215 217 219 222 224 258 266 286 287 289 293 295 305 309 315 316 318 
77 26 13 14 24 30 93 99 102 106 114 127 130 132 138 149 150 167 197 208 214 219 241 265 276 296 299 306 
78 28 2 11 31 40 54 55 68 70 107 132 138 141 147 149 162 194 200 217 235 240 243 248 262 265 283 289 293 296 
79 38 8 24 46 53 75 101 114 117 119 123 128 129 130 132 139 145 159 165 169 195 197 198 202 210 221 231 239 250 255 256 260 263 271 280 295 297 300 302 
80 35 18 22 34 44 57 67 70 82 88 94 103 118 128 148 162 174 178 185 189 190 198 204 213 221 244 245 258 263 267 268 287 290 291 300 318 
81 25 1 10 18 21 39 48 76 94 106 133 135 161 189 204 215 221 222 233 240 249 293 303 306 310 319 
82 43 7 15 19 24 37 43 44 47 53 57 64 70 72 73 80 91 97 98 99 101 103 106 132 138 162 164 177 179 185 196 202 203 216 240 241 244 246 247 267 280 291 292 316 
83 32 18 22 26 43 46 71 106 131 136 142 144 151 170 177 185 200 202 208 209 214 222 242 245 253 268 276 282 284 297 309 315 317 
84 34 8 11 29 31 37 39 49 58 68 74 87 88 141 145 146 153 157 171 177 181 211 223 238 249 255 258 260 276 283 284 286 298 309 315 
85 19 14 22 25 50 51 64 152 181 206 220 229 242 246 254 262 272 281 304 308 
86 41 1 10 17 19 22 25 26 31 37 71 75 89 94 95 102 105 106 118 132 143 154 162 164 173 187 195 197 202 224 236 242 243 259 260 261 266 286 289 291 304 315 
87 28 17 18 27 48 64 70 84 98 116 118 125 130 136 143 164 189 194 202 208 238 244 264 273 278 286 288 296 308 
88 35 15 18 19 32 46 53 62 69 80 84 93 97 105 125 128 137 138 142 172 174 181 184 185 191 192 195 196 235 254 255 264 268 289 297 298 
89 31 14 32 48 58 86 94 101 115 125 128 162 166 182 191 217 226 232 240 242 246 248 249 254 269 277 280 287 298 303 306 319 
90 28 11 17 20 37 39 67 68 74 97 104 115 119 145 148 154 163 171 205 212 216 250 264 270 278 289 293 307 317 
91 32 29 41 64 70 82 92 94 129 131 137 139 149 150 157 160 169 171 179 194 201 211 228 234 243 258 268 273 281 283 306 309 312 
92 28 37 39 40 49 62 91 97 100 114 115 120 136 158 176 183 199 205 237 239 241 249 255 259 273 281 285 289 308 
93 30 1 11 13 20 27 54 61 77 88 105 114 117 119 130 158 168 172 175 184 192 201 211 246 269 273 274 283 292 300 306 
94 35 0 12 17 30 34 36 72 80 81 86 89 91 100 103 106 140 168 191 194 195 200 209 221 234 246 249 255 257 266 277 280 294 299 306 313 
95 29 7 9 31 45 50 62 86 100 102 124 127 140 147 156 174 189 193 197 203 210 211 219 240 248 256 285 299 303 304 
96 40 0 8 22 25 29 37 52 63 64 107 115 125 138 143 149 155 159 175 177 198 203 209 223 227 229 232 237 243 247 249 254 266 272 277 291 294 297 304 312 317 
97 37 20 26 30 35 49 56 62 74 82 88 90 92 101 104 109 118 119 123 144 152 155 159 162 168 188 223 224 247 250 256 263 268 269 278 291 294 311 
98 37 16 26 29 31 32 42 44 55 57 65 74 75 76 82 87 106 119 128 138 143 149 162 166 167 173 179 188 202 215 231 234 238 261 298 305 313 317 
99 23 7 45 53 73 77 82 103 110 124 144 161 164 165 196 208 210 211 218 240 252 264 292 296 
100 25 2 12 45 51 92 94 95 107 112 121 123 126 165 176 188 205 211 213 222 254 280 294 302 304 306 
101 25 31 51 64 70 71 74 79 82 89 97 143 144 153 176 197 205 210 217 237 245 248 250 271 285 292 
102 29 11 19 25 31 54 72 77 86 95 105 113 126 139 147 148 151 164 170 179 182 185 228 229 252 253 257 275 299 303 
103 36 48 60 66 80 82 94 99 113 114 119 120 124 125 139 142 143 146 149 153 163 182 190 197 200 202 223 229 236 241 245 246 269 299 300 306 316 
104 31 0 1 15 18 35 42 45 62 66 90 97 107 112 125 127 135 152 161 168 177 185 213 237 238 257 270 271 279 282 283 290 
105 37 15 18 33 41 45 55 72 76 86 88 93 102 110 149 155 177 178 179 185 188 189 190 198 205 217 220 221 233 236 249 252 255 272 282 287 289 306 
106 36 17 23 29 35 55 62 77 81 82 83 86 94 98 114 121 127 129 159 161 181 204 214 217 218 224 227 228 239 240 242 263 265 272 279 308 310 
107 36 10 13 22 28 42 48 70 78 96 100 104 108 119 127 130 131 154 157 168 169 174 185 186 187 217 221 236 242 247 262 265 269 280 292 297 311 
108 29 18 55 66 71 74 107 146 155 170 175 179 185 198 221 223 231 232 237 248 250 251 256 277 284 293 300 305 306 317 
109 27 2 29 38 47 49 55 67 68 97 139 161 175 177 191 194 197 205 208 212 224 251 259 267 290 299 304 316 
110 41 5 17 20 23 30 34 41 49 57 60 61 62 65 99 105 113 117 124 133 168 174 177 178 184 191 203 215 220 221 227 234 235 268 277 284 287 289 299 300 304 310 
111 25 19 23 26 29 30 36 50 72 114 137 139 153 155 181 191 197 200 213 235 240 262 265 288 315 317 
112 30 17 60 62 66 67 100 104 122 123 132 135 143 164 165 169 178 192 194 202 210 224 231 238 249 257 260 270 295 306 316 
113 42 1 5 14 30 33 34 35 37 41 46 53 57 65 102 103 110 120 140 145 149 151 159 161 167 185 187 203 209 212 220 222 229 230 234 243 244 265 266 269 283 297 300 
114 39 8 10 12 24 29 35 37 48 66 77 79 92 93 103 106 111 118 138 144 175 188 199 203 205 220 222 236 238 247 249 261 264 269 270 276 284 313 314 319 
115 30 0 10 22 33 42 50 57 67 72 89 90 92 96 132 133 145 154 167 185 196 202 207 211 236 253 254 270 271 301 317 
116 36 6 16 21 23 27 42 48 54 87 130 131 143 158 161 165 166 180 188 194 197 214 221 229 236 237 243 251 256 261 265 268 276 279 288 300 319 
117 32 8 10 21 27 28 39 57 60 79 93 110 136 139 140 152 159 168 180 181 185 200 205 224 225 253 257 272 284 299 303 313 318 
118 32 12 33 68 73 80 86 87 97 114 137 139 141 169 192 201 209 233 242 250 260 261 262 271 275 277 284 289 290 304 313 314 315 
119 32 3 15 19 21 24 28 59 65 75 79 90 93 97 98 103 107 123 140 152 185 202 208 210 222 225 236 237 281 300 307 309 312 
120 26 14 51 92 103 113 125 157 158 163 166 178 179 183 186 204 211 212 224 265 272 287 299 303 310 311 312 
121 29 7 12 17 25 39 43 61 76 100 106 125 130 133 166 170 175 182 185 205 221 224 243 246 248 267 271 279 281 294 
122 28 7 15 17 23 35 37 56 66 73 112 126 149 169 170 185 186 189 198 211 216 222 258 277 293 305 309 317 319 
123 35 15 24 42 46 47 56 60 65 79 97 100 112 119 128 167 168 181 189 202 207 208 219 222 229 231 235 257 258 260 273 282 290 291 306 309 
124 31 13 15 23 46 63 95 99 103 110 128 130 149 151 158 163 167 183 196 204 210 211 217 243 254 256 257 280 282 283 300 304 
125 43 1 8 10 27 29 44 59 60 61 65 66 68 75 87 88 89 96 103 104 120 121 132 135 153 154 157 169 172 173 175 193 220 222 223 238 242 243 253 256 261 280 301 316 
126 31 26 37 38 41 48 53 56 63 100 102 122 136 139 141 144 146 148 152 154 189 192 199 217 220 223 225 237 254 287 301 302 
127 34 2 10 18 20 23 35 36 42 51 66 67 77 95 104 106 107 157 166 178 190 194 226 228 234 241 248 249 286 296 306 308 309 310 312 
128 32 10 15 17 25 28 42 48 52 68 79 80 88 89 98 123 124 159 163 166 188 207 216 217 219 221 252 254 267 270 293 301 307 
129 30 10 15 36 49 53 64 72 79 91 106 150 155 172 175 181 183 187 188 192 203 221 231 253 260 278 284 288 290 299 315 
130 43 0 2 10 16 31 34 39 54 64 74 75 77 79 87 93 107 116 121 124 143 161 163 187 188 200 212 219 225 231 233 236 240 247 249 250 256 258 259 264 270 287 306 310 
131 33 2 3 4 8 11 12 14 20 31 74 83 91 107 116 134 135 136 163 170 177 189 192 215 219 237 248 275 276 288 290 295 301 307 
132 34 0 4 6 9 14 33 58 73 77 78 79 82 86 112 115 125 146 163 165 167 171 184 186 191 194 202 205 207 225 234 258 259 310 312 
133 40 1 26 27 33 34 39 41 50 51 56 67 81 110 115 121 137 146 159 162 186 188 201 206 218 230 232 251 257 260 270 273 276 279 282 284 286 296 300 305 319 
134 32 1 13 17 18 20 31 33 43 64 65 131 152 162 167 176 182 196 203 206 218 231 236 238 243 268 269 275 279 289 295 308 314 
135 37 14 21 34 39 46 61 65 68 81 104 112 125 131 145 149 150 151 156 163 165 167 176 177 180 181 182 190 219 224 225 227 230 239 244 251 266 307 
136 50 3 22 25 30 38 42 46 59 61 63 66 83 87 92 117 126 131 147 150 154 155 159 165 180 188 190 195 199 204 212 218 219 224 239 244 257 268 269 270 280 284 287 289 294 295 298 301 305 306 313 
137 31 17 19 22 34 36 54 58 75 76 88 91 111 118 133 140 142 151 153 155 164 168 169 170 196 251 271 277 284 297 301 310 
138 31 1 4 20 25 66 72 77 78 82 88 96 98 114 157 159 162 165 166 187 189 237 241 248 256 257 295 301 302 308 310 319 
139 35 6 15 35 49 50 59 79 91 102 103 109 111 117 118 126 165 167 168 178 186 188 197 206 209 222 228 233 234 237 239 256 293 302 313 315 
140 33 2 10 22 23 28 30 35 58 94 95 113 117 119 137 143 160 163 173 179 181 183 197 221 232 235 239 241 258 260 263 274 279 290 
141 27 6 7 20 47 60 76 78 84 118 126 159 180 182 191 193 210 214 216 219 232 238 276 277 282 296 304 307 
142 36 18 25 33 44 47 60 70 75 83 88 103 137 147 150 160 166 173 189 194 198 208 219 223 233 237 243 250 259 285 287 290 295 306 312 317 319 
143 45 3 5 8 15 19 40 43 51 53 69 73 86 87 96 98 101 103 112 116 130 140 147 151 158 175 201 208 212 218 220 225 233 238 241 243 250 255 256 269 280 284 288 292 306 312 
144 36 8 13 24 25 26 27 53 83 97 99 101 114 126 157 171 174 175 181 189 200 213 229 232 233 237 239 243 244 250 255 257 278 283 292 315 317 
145 30 25 43 49 70 74 75 79 84 90 113 115 135 162 172 173 183 190 196 230 232 233 241 248 273 284 285 300 309 311 314 
146 33 10 13 15 21 26 27 29 36 37 47 48 74 84 103 108 126 132 133 177 203 211 220 234 241 255 262 265 268 275 291 307 308 313 
147 29 3 12 30 34 35 40 43 47 50 70 71 78 95 102 136 142 143 148 170 207 221 223 240 250 255 272 273 296 309 
148 32 8 17 31 48 55 60 61 73 75 80 90 102 126 147 149 150 168 195 200 204 217 227 231 245 248 251 253 286 287 294 307 315 
149 33 8 9 14 19 20 23 28 32 39 46 56 65 77 78 91 96 98 103 105 113 122 124 135 148 189 206 210 229 256 268 274 312 317 
150 36 3 18 25 33 50 55 56 75 77 91 129 135 136 142 148 153 161 167 173 193 199 206 213 223 226 243 246 248 249 254 271 284 295 312 314 315 
151 34 31 41 55 61 71 72 83 102 113 124 135 137 143 152 163 166 167 168 172 179 195 203 205 209 223 238 248 252 269 287 302 307 312 313 
152 31 5 35 44 48 85 97 104 117 119 126 134 151 163 165 169 173 176 180 182 191 193 197 198 233 236 247 259 277 284 301 312 
153 25 6 10 25 26 50 52 56 84 101 103 111 125 137 150 158 162 163 166 172 203 213 215 217 225 270 
154 35 9 22 35 45 49 51 61 65 68 71 86 90 107 115 125 126 136 165 169 180 181 185 212 223 225 242 245 255 271 283 284 289 317 318 319 
155 39 28 33 39 45 59 60 64 74 75 76 96 97 105 108 111 129 136 137 157 165 168 169 197 212 213 215 244 245 247 254 257 261 268 271 280 291 304 310 319 
156 26 0 15 30 35 71 95 135 173 180 187 191 208 209 211 214 216 220 256 261 277 287 289 291 302 303 310 
157 26 15 34 39 57 84 91 107 120 125 127 138 144 155 159 161 170 179 193 206 223 231 243 247 263 282 284 
158 36 21 53 54 62 73 92 93 116 120 124 143 153 165 187 192 195 204 215 220 222 225 227 232 240 241 245 246 267 268 278 281 295 297 307 308 316 
159 31 3 79 96 97 106 113 117 128 133 136 138 141 157 176 180 184 187 198 205 209 213 217 223 237 254 256 272 274 289 299 300 
160 19 2 23 75 91 140 142 179 186 196 213 239 251 254 260 265 279 293 303 313 
161 36 0 7 30 48 51 66 68 69 81 99 104 106 109 113 116 130 150 157 179 187 189 194 195 212 217 230 248 252 254 264 265 275 289 303 313 316 
162 30 1 3 4 15 17 19 38 66 78 80 82 86 89 97 98 133 134 138 145 153 198 212 219 237 254 270 278 287 292 296 
163 37 3 47 48 60 61 90 103 120 124 128 130 131 132 135 140 151 152 153 164 172 177 205 219 234 235 237 241 258 259 262 265 267 287 290 299 306 316 
164 30 2 6 9 13 21 28 33 53 58 62 66 82 86 87 99 102 112 137 163 173 184 206 225 231 264 268 273 296 303 307 
165 26 23 28 29 31 45 57 72 79 99 100 112 116 132 135 136 138 139 152 154 155 158 169 204 214 254 319 
166 39 5 9 10 40 51 53 54 55 59 61 62 64 70 73 89 98 116 120 121 127 128 138 142 151 153 167 168 175 182 209 248 250 261 267 276 279 294 300 308 
167 38 1 12 19 41 42 48 55 77 98 113 115 123 124 132 134 135 139 150 151 166 177 178 189 195 197 198 218 226 236 242 246 251 262 277 278 296 315 319 
168 30 14 24 37 51 53 67 93 94 97 104 107 110 117 123 137 139 148 151 155 166 181 185 189 193 207 220 235 286 300 310 
169 31 5 28 30 71 79 91 107 112 118 122 125 137 152 154 155 165 176 200 225 244 248 251 258 267 269 278 279 297 300 303 308 
170 24 30 35 52 56 64 83 102 108 121 122 131 137 147 157 195 205 217 252 264 277 284 290 291 304 
171 32 0 8 10 13 23 38 39 60 68 71 84 90 91 132 144 186 188 197 201 205 227 232 249 252 256 271 286 288 303 314 317 319 
172 43 1 3 16 21 28 38 39 53 57 58 62 64 67 72 73 75 88 93 125 129 145 151 153 163 175 183 185 202 203 209 213 221 224 250 257 261 265 268 271 277 287 290 302 
173 38 2 15 23 24 34 52 62 70 86 98 125 140 142 145 150 152 156 164 177 179 185 193 195 206 224 235 241 247 252 267 268 274 282 289 290 293 298 306 
174 32 14 18 23 24 25 28 41 44 46 48 54 70 80 88 95 107 110 144 175 180 188 212 223 228 246 259 277 280 292 296 317 319 
175 36 3 8 9 14 36 41 53 54 56 57 65 93 96 108 109 114 121 125 129 143 144 166 172 174 188 199 204 229 232 240 252 255 257 287 301 308 
176 33 3 11 12 17 24 58 70 92 100 101 134 135 152 159 169 177 187 190 199 205 206 211 213 232 260 263 268 280 289 302 303 310 316 
177 40 16 40 45 51 66 82 83 84 96 104 105 109 110 131 135 146 163 167 173 176 181 188 191 196 200 220 221 229 253 270 278 281 284 287 292 294 300 301 302 310 
178 34 3 14 15 20 28 30 31 43 54 58 60 64 66 80 105 110 112 120 127 139 167 179 218 220 238 251 253 255 266 291 292 299 310 317 
179 37 0 4 13 21 33 61 63 82 91 98 102 105 108 120 140 151 157 160 161 173 178 183 197 200 204 210 218 221 222 223 238 259 267 274 297 299 316 
180 35 21 24 29 37 38 39 44 53 66 68 116 117 135 136 141 152 154 156 159 174 184 239 244 256 259 267 270 275 288 298 302 307 309 314 315 
181 34 2 5 7 11 22 23 29 44 51 71 74 84 85 88 106 111 117 123 129 135 140 144 154 168 177 193 227 244 269 270 273 278 286 287 
182 36 8 9 20 27 28 52 60 64 68 89 102 103 121 134 135 141 152 166 190 191 195 196 198 209 211 217 219 244 245 246 248 249 258 283 294 314 
183 28 0 31 37 44 51 52 60 64 92 120 124 129 140 145 172 179 184 191 197 206 228 240 260 265 295 297 300 315 
184 31 4 11 17 18 19 32 38 39 49 61 71 74 88 93 110 132 159 164 180 183 228 245 254 258 285 299 310 313 314 316 317 
185 39 9 19 28 32 37 45 47 74 80 82 83 88 102 104 105 107 108 113 115 117 119 121 122 154 168 172 173 186 198 211 212 215 232 235 254 255 259 270 312 
186 28 4 5 19 26 35 48 52 53 107 120 122 132 133 139 160 171 185 197 200 201 224 225 239 265 272 285 307 308 
187 26 14 27 29 33 41 45 63 66 75 86 107 113 129 130 138 156 158 159 161 176 190 238 244 253 265 307 
188 31 8 20 26 42 50 63 97 98 100 105 114 116 128 129 130 133 136 139 171 174 175 177 204 215 219 227 228 270 276 279 318 
189 35 3 20 27 33 34 46 61 72 80 81 87 95 105 122 123 126 131 138 142 144 149 161 167 168 194 197 202 221 237 255 259 262 263 281 318 
190 41 0 5 8 18 23 32 36 54 67 70 80 103 105 127 135 136 145 176 182 187 199 201 204 218 222 227 230 233 237 249 252 267 272 274 277 285 298 299 301 303 309 
191 29 20 38 43 50 88 89 94 109 110 111 132 141 152 156 177 182 183 197 224 236 237 242 249 257 260 267 305 315 318 
192 26 11 25 32 45 57 62 88 93 112 118 126 129 131 158 193 213 220 225 227 233 234 236 245 272 274 304 
193 22 14 27 37 41 47 50 62 76 95 125 141 150 152 157 168 173 181 192 239 245 287 312 
194 26 7 17 29 37 46 49 75 78 87 91 94 109 112 116 127 132 142 161 189 217 233 235 248 250 261 283 
195 46 15 16 22 23 26 31 37 39 41 44 50 51 53 58 59 62 79 86 88 94 136 148 151 158 161 167 170 173 182 200 205 209 216 222 223 248 256 261 263 276 280 282 284 285 298 302 
196 25 8 38 52 65 69 82 88 99 115 124 134 137 145 160 177 182 197 200 213 228 229 245 249 284 300 
197 44 4 25 30 38 41 49 51 53 58 71 77 79 86 95 101 103 109 111 116 139 140 152 155 167 171 179 183 186 189 191 196 219 229 258 274 281 283 285 301 302 309 311 312 314 
198 40 1 2 4 10 38 43 45 52 53 59 63 66 70 71 79 80 96 105 108 122 142 152 159 162 167 182 185 209 212 213 223 237 256 258 261 272 280 294 306 309 
199 22 16 61 75 92 114 126 136 150 175 176 190 206 211 229 230 236 240 244 255 271 277 307 
200 37 3 6 7 16 20 25 34 46 50 75 78 83 94 103 111 117 130 144 148 169 177 179 186 195 196 218 229 238 246 249 254 262 270 276 279 284 317 
201 29 18 38 42 49 62 69 91 93 118 133 143 171 186 190 204 205 228 235 250 255 260 263 269 273 282 295 306 307 311 
202 42 0 2 5 13 24 28 35 41 43 45 58 68 79 82 83 86 87 98 103 112 115 119 123 132 172 189 203 204 220 232 233 239 256 266 284 291 295 296 306 313 317 319 
203 34 6 16 19 35 52 57 69 70 82 95 96 110 113 114 129 134 146 151 153 172 202 207 208 233 252 263 268 273 287 289 295 300 307 319 
204 33 8 9 21 26 35 53 56 60 62 67 68 80 81 106 120 124 136 148 158 165 175 179 188 190 201 202 211 226 240 252 279 280 319 
205 40 1 17 24 27 51 63 67 90 92 100 101 105 109 114 117 121 132 151 159 163 170 171 176 195 201 215 216 223 232 244 262 270 271 276 280 286 289 312 313 319 
206 38 10 15 23 30 31 35 49 50 52 75 85 133 134 139 149 150 157 164 173 176 183 199 218 221 223 251 253 260 264 265 266 268 272 274 286 293 309 319 
207 36 1 8 28 30 37 41 48 55 58 115 123 128 132 147 168 203 213 223 230 237 247 252 258 259 261 267 274 277 285 290 293 302 313 315 316 318 
208 27 14 17 29 37 60 76 77 83 87 99 109 119 123 142 143 156 203 211 214 225 243 248 251 261 266 307 308 
209 34 41 48 53 83 94 96 113 118 139 151 156 159 166 172 182 195 198 215 217 219 223 225 227 235 247 262 265 267 285 286 291 302 306 310 
210 30 10 18 22 26 37 46 64 69 76 79 95 99 101 112 119 124 141 149 179 220 225 237 265 268 276 282 285 286 300 304 
211 41 16 28 36 42 44 46 55 57 63 84 91 93 95 99 100 115 120 122 124 146 156 176 182 185 199 204 208 220 228 238 240 266 268 269 278 288 290 308 311 315 316 
212 34 4 8 10 15 17 35 39 56 90 109 113 120 130 136 143 154 155 161 162 174 185 198 231 238 239 247 257 268 273 280 290 294 312 316 
213 36 4 14 17 38 49 73 76 80 100 104 111 144 150 153 155 159 160 172 176 192 196 198 207 225 230 239 245 251 265 289 298 302 305 307 309 318 
214 23 3 9 15 20 59 72 76 77 83 106 116 141 156 165 208 222 242 258 262 267 288 291 309 
215 28 0 4 9 19 26 38 52 76 81 98 110 131 153 155 158 185 188 205 209 234 235 252 264 274 278 292 296 300 
216 26 1 9 23 33 43 82 90 122 128 141 156 195 205 219 228 245 252 259 268 281 302 304 306 310 318 319 
217 28 11 14 47 76 78 89 101 105 106 107 124 126 128 148 153 159 161 170 182 194 209 219 225 238 258 259 275 318 
218 34 1 5 18 19 24 28 39 47 74 75 99 106 133 134 136 143 167 178 179 190 200 206 220 225 236 245 256 265 272 289 296 305 307 312 
219 39 4 10 16 20 24 28 30 39 71 73 76 77 95 123 128 130 131 135 136 141 142 162 163 182 188 197 209 216 217 221 223 234 235 260 272 293 307 312 319 
220 42 0 2 3 15 21 31 53 59 60 67 68 70 74 85 105 110 113 114 125 126 143 146 156 158 168 177 178 192 202 210 211 218 226 247 249 281 288 304 305 316 317 319 
221 34 20 38 53 56 63 75 79 80 81 94 105 107 108 110 116 121 128 129 140 147 172 177 179 189 206 219 231 246 249 250 270 271 282 297 
222 28 25 29 76 81 83 100 113 114 119 122 123 125 139 158 179 190 195 214 232 244 247 252 261 269 277 293 295 307 
223 36 12 15 17 30 43 48 62 67 84 96 97 103 108 125 126 142 147 150 151 154 157 159 174 179 195 198 205 206 207 209 219 230 231 241 260 291 
224 34 10 14 22 26 29 32 34 39 55 58 76 86 97 106 109 112 117 120 121 135 136 172 173 186 191 232 248 249 262 265 279 299 302 309 
225 44 15 29 37 41 43 47 48 55 69 75 117 119 126 130 132 135 143 153 154 158 164 169 186 192 208 209 210 213 217 218 228 247 256 268 269 270 275 277 278 284 305 308 311 316 
226 19 15 18 20 52 60 89 127 150 167 204 220 230 234 240 274 281 299 301 317 
227 33 4 7 20 43 46 50 71 73 96 106 110 135 148 158 171 181 188 190 192 209 229 242 267 269 273 275 276 293 300 310 311 315 319 
228 33 0 9 13 28 58 70 91 102 106 127 139 174 183 184 188 196 201 211 216 225 231 244 246 248 251 253 273 279 296 300 310 311 316 
229 34 23 25 33 37 46 52 56 85 96 102 103 113 116 123 144 149 175 177 196 197 199 200 227 230 237 238 242 243 252 260 264 272 302 313 
230 30 8 9 12 52 72 75 113 133 135 145 161 190 199 207 213 223 226 229 258 260 265 268 271 279 287 292 296 299 300 304 
231 32 4 19 21 40 41 56 63 67 79 98 108 112 123 129 130 134 148 157 164 212 221 223 228 240 241 254 274 280 285 300 301 303 
232 30 3 9 12 47 51 89 96 108 133 140 141 144 145 158 171 175 176 185 202 205 222 224 234 242 246 254 255 270 278 294 
233 33 7 10 13 24 28 59 60 63 64 66 71 81 105 118 130 139 142 143 144 145 152 190 192 194 202 203 235 247 248 261 266 295 312 
234 23 35 68 91 94 98 110 113 127 132 139 146 163 192 215 219 226 232 243 267 268 282 299 305 
235 29 2 5 15 17 20 37 54 62 63 70 78 88 110 111 123 140 163 168 173 185 194 201 209 215 219 233 238 239 241 
236 30 6 14 22 31 33 39 61 86 103 105 107 114 115 116 119 130 134 152 167 191 192 199 218 237 243 262 270 274 303 319 
237 40 7 8 20 22 25 33 34 45 50 67 70 73 92 96 101 104 108 116 119 126 131 138 139 142 144 159 162 163 189 190 191 198 207 210 229 236 240 292 312 319 
238 33 12 14 27 41 44 51 75 84 87 98 104 112 114 125 134 141 143 151 178 179 187 200 211 212 217 229 235 250 265 267 277 295 314 
239 27 6 11 16 20 35 38 50 73 79 92 106 135 136 139 140 144 160 180 186 193 202 212 213 235 242 249 288 
240 39 1 10 14 16 29 31 32 33 62 72 78 81 82 89 95 99 106 111 130 147 158 175 183 199 204 211 226 231 237 255 257 260 262 266 275 282 292 311 318 
241 29 0 10 30 61 73 77 82 92 103 127 138 140 143 145 146 158 163 173 223 231 235 244 249 253 264 271 276 294 302 
242 26 2 23 26 49 83 85 86 89 106 107 118 125 154 167 191 214 227 229 232 239 243 273 277 306 312 313 
243 32 8 10 22 28 39 43 51 78 86 91 96 113 116 121 124 125 134 142 143 144 150 157 208 229 234 236 242 247 249 264 301 310 
244 34 15 23 29 30 41 48 51 55 80 82 87 113 135 136 144 155 169 180 181 182 187 199 205 222 228 241 247 248 252 260 273 301 304 312 
245 30 11 14 20 24 27 60 62 80 83 101 103 148 154 155 158 182 184 192 193 196 213 216 218 249 250 259 262 274 287 290 
246 32 4 5 11 26 49 53 69 71 72 82 85 89 93 94 103 121 150 158 167 174 182 200 221 228 232 268 271 289 290 294 297 303 
247 33 31 39 40 46 58 69 82 96 97 107 114 130 152 155 157 173 207 209 212 220 222 225 233 243 244 248 251 258 267 272 287 306 312 
248 38 3 10 15 29 40 56 73 78 89 95 101 108 121 127 131 138 145 148 150 151 161 166 169 182 194 195 208 224 228 233 244 247 257 262 268 273 281 299 
249 40 9 22 32 41 47 61 81 84 89 92 94 96 105 112 114 127 130 150 171 182 190 191 196 200 220 221 224 239 241 243 245 256 258 271 275 303 308 309 317 318 
250 35 0 3 4 8 27 48 49 56 72 79 90 97 101 108 118 130 142 143 144 147 166 172 194 201 221 238 245 254 261 271 279 290 308 316 317 
251 32 3 16 37 43 61 66 67 108 109 116 133 135 137 148 160 167 169 178 206 208 213 228 247 253 254 256 261 267 271 275 283 289 
252 23 10 30 52 99 102 105 128 151 161 170 171 173 175 190 203 204 207 215 216 222 229 244 276 
253 27 1 14 21 33 44 53 69 75 83 102 115 117 125 129 148 177 178 187 206 228 241 251 263 278 281 312 313 
254 40 6 13 29 43 55 60 65 66 70 85 88 89 96 100 115 124 126 128 150 155 159 160 161 162 165 184 185 200 231 232 250 251 261 273 292 303 308 309 315 316 
255 37 5 18 22 27 38 46 50 52 64 75 79 84 88 92 94 105 143 144 146 147 154 175 178 185 189 199 201 232 240 259 263 265 274 280 285 290 316 
256 45 12 13 14 17 23 26 32 36 42 46 71 72 79 95 97 108 116 124 125 130 138 139 143 149 156 159 171 180 195 198 202 218 225 249 251 262 267 269 289 294 297 315 316 318 319 
257 29 0 18 21 27 60 94 102 104 112 117 123 124 133 136 138 144 155 172 175 191 212 240 248 266 273 275 277 302 304 
258 38 1 4 28 30 42 52 59 70 75 76 80 84 91 122 123 130 132 140 163 169 182 184 197 198 207 214 217 230 247 249 264 278 283 284 299 312 315 319 
259 32 13 19 21 27 41 49 52 86 92 109 130 132 142 152 163 174 179 180 185 189 207 216 217 245 255 269 278 283 302 305 312 319 
260 41 0 7 14 16 19 21 31 39 53 58 63 68 70 74 79 84 86 112 118 123 129 133 140 160 176 183 191 201 206 219 223 229 230 240 244 264 269 291 295 302 317 
261 35 0 13 26 27 37 50 51 62 74 75 86 98 114 116 118 125 155 156 166 172 194 195 198 207 208 222 233 250 251 254 269 296 307 310 314 
262 36 2 3 6 7 13 15 20 28 29 38 58 68 70 78 85 107 111 118 146 163 167 189 200 205 209 214 224 236 240 245 248 256 267 281 292 311 
263 28 13 29 31 45 47 50 72 73 79 80 97 106 140 157 176 189 195 201 203 253 255 271 279 283 284 286 287 306 
264 25 12 25 28 30 87 88 90 99 114 130 161 164 170 206 215 229 241 243 258 260 272 281 291 294 313 
265 39 6 8 12 34 43 48 67 73 77 78 106 107 111 113 116 120 146 160 161 163 172 183 186 187 206 209 210 213 218 224 230 238 255 267 281 293 305 310 315 
266 30 2 21 23 27 36 41 42 57 74 75 76 86 94 96 113 135 178 202 206 208 211 233 240 257 270 295 296 301 307 310 
267 38 4 6 10 18 20 43 65 73 80 82 109 121 128 158 163 166 169 173 179 180 190 191 207 209 214 227 234 238 247 251 256 262 265 287 300 313 316 318 
268 41 0 3 4 24 30 35 37 41 62 80 83 88 91 97 110 116 134 136 146 149 155 158 164 172 173 176 203 206 210 211 212 216 225 230 234 246 248 271 284 294 296 
269 32 56 63 74 89 93 97 103 107 113 114 134 136 143 151 169 181 201 211 222 225 227 256 259 260 261 272 273 280 282 292 293 304 
270 32 6 27 31 36 51 64 90 104 112 114 115 128 130 133 136 153 162 177 180 181 185 188 200 205 221 225 232 236 266 295 302 311 
271 33 1 3 25 48 73 79 101 104 115 118 121 137 150 154 155 171 172 199 205 221 230 241 246 249 250 251 263 268 273 282 295 307 318 
272 33 2 32 51 59 60 61 63 70 85 96 105 106 117 120 147 159 186 190 192 198 206 218 219 229 247 264 269 276 283 288 298 302 319 
273 31 1 11 12 20 68 87 91 92 93 123 133 145 147 164 181 201 203 212 227 228 242 244 248 254 257 269 271 278 292 308 315 
274 29 5 11 29 38 39 53 93 140 149 159 173 179 190 192 197 206 207 215 226 231 236 245 255 281 285 293 295 300 302 
275 31 5 21 27 31 42 54 68 72 75 102 118 131 134 146 161 180 217 225 227 240 249 251 257 281 288 291 297 303 304 313 315 
276 33 5 12 20 28 30 34 41 46 56 58 66 77 83 84 114 116 131 133 141 166 188 195 200 205 210 227 241 252 272 285 294 300 306 
277 27 7 41 89 94 96 108 110 118 122 137 141 152 156 167 170 172 174 190 199 207 222 225 238 242 257 310 311 
278 29 9 18 22 36 41 57 69 87 90 97 129 144 158 162 167 169 177 181 211 215 225 232 253 258 259 273 279 282 296 
279 37 2 8 9 25 30 36 51 52 57 64 71 72 73 104 106 116 121 133 134 140 160 166 169 188 200 204 224 228 230 250 263 278 287 294 307 311 312 
280 32 2 3 4 11 41 42 66 79 82 89 94 100 107 124 125 136 143 155 174 176 195 198 204 205 212 231 255 269 283 290 300 312 
281 29 3 11 16 21 33 74 85 91 92 119 121 158 177 189 197 216 220 226 248 253 262 264 265 274 275 285 293 311 317 
282 31 4 27 33 44 46 48 56 68 74 83 104 105 123 124 133 141 157 173 195 201 210 221 234 240 269 271 278 306 310 315 318 
283 28 14 39 47 55 60 61 65 78 84 91 93 104 113 124 144 154 182 194 197 251 258 259 263 272 280 297 307 318 
284 42 9 25 26 29 37 41 44 70 71 83 84 108 110 114 117 118 129 133 136 137 143 145 150 152 154 157 170 177 195 196 200 202 225 258 263 268 287 291 298 302 310 319 
285 27 10 15 35 40 60 67 92 95 101 142 145 184 186 190 195 197 207 209 210 231 255 274 276 281 294 304 309 
286 22 5 16 17 29 44 76 84 86 87 127 133 148 168 171 181 205 206 209 210 263 291 316 
287 39 8 11 34 35 41 49 56 72 76 80 89 105 110 120 126 130 136 142 148 151 156 162 163 172 175 177 181 193 203 230 245 247 263 267 279 284 297 302 318 
288 29 5 12 15 25 28 40 43 45 52 53 58 65 73 75 87 111 116 129 131 143 171 180 211 214 220 239 272 275 310 
289 39 6 13 17 18 23 38 40 41 46 47 56 72 76 78 86 88 90 92 105 110 118 134 136 154 156 159 161 173 176 203 205 213 218 246 251 256 297 300 317 
290 32 7 11 17 42 45 46 49 68 80 104 109 118 123 129 131 140 142 163 170 172 173 207 211 212 245 246 250 255 280 293 305 316 
291 33 1 9 11 12 57 60 80 82 86 96 97 123 146 155 156 170 178 202 209 214 223 260 264 275 284 286 293 295 297 299 302 306 317 
292 28 6 31 42 45 61 82 93 99 101 107 143 144 162 174 177 178 215 230 237 240 254 262 269 273 295 300 309 317 
293 31 8 21 43 50 51 76 78 81 90 108 122 128 139 160 173 206 207 219 222 227 265 269 274 281 290 291 296 309 311 316 319 
294 35 5 9 14 18 20 24 28 29 46 70 94 96 97 100 121 136 148 166 177 182 198 212 232 241 246 256 264 268 276 279 285 298 312 314 318 
295 34 17 20 43 44 55 60 61 65 66 76 79 112 131 134 136 138 142 150 158 183 201 202 203 222 233 238 260 266 270 271 274 291 292 298 
296 30 6 8 25 63 70 72 77 78 87 99 127 133 141 147 162 164 167 174 202 215 218 228 230 261 266 268 278 293 305 306 
297 25 1 4 10 66 68 79 83 88 96 107 113 137 158 169 179 183 221 246 256 275 283 287 289 291 314 
298 29 6 13 14 16 19 43 45 52 53 59 61 63 65 75 84 88 89 98 136 173 180 190 195 213 272 284 294 295 307 
299 32 10 19 26 42 57 60 77 94 95 102 103 109 110 117 120 129 159 163 178 179 184 190 224 226 230 234 248 258 291 302 306 319 
300 45 0 7 13 23 35 46 47 56 63 64 79 80 93 103 108 110 113 116 119 124 133 145 159 166 168 169 177 183 196 203 210 215 227 228 230 231 267 274 276 280 289 292 304 314 319 
301 29 5 6 14 19 27 41 43 51 60 115 125 126 128 131 136 137 138 152 175 177 190 197 226 231 243 244 266 310 316 
302 42 0 14 30 35 47 52 58 62 70 79 100 126 138 139 151 156 172 176 177 180 195 197 207 209 213 216 224 229 241 257 259 260 270 272 274 284 287 291 299 304 310 317 
303 29 4 9 12 52 54 55 59 68 81 89 95 102 117 120 156 160 161 164 169 171 176 190 231 236 246 249 254 275 307 
304 34 3 5 12 24 39 50 51 59 85 86 95 96 100 109 110 118 124 141 155 170 192 210 216 220 230 244 257 269 275 285 300 302 310 311 
305 23 2 36 45 46 54 76 98 108 122 133 136 191 213 218 220 225 234 259 265 290 296 311 316 
306 41 9 13 20 29 32 35 38 42 69 77 81 89 91 93 94 100 103 105 108 112 123 127 130 136 142 143 163 173 198 201 202 209 216 242 247 263 276 282 291 296 299 
307 39 2 8 10 11 12 20 41 47 68 90 119 128 131 135 141 146 148 151 158 164 180 186 187 199 201 203 208 213 218 219 222 261 266 271 279 283 298 303 319 
308 25 3 9 58 67 85 87 92 106 127 134 138 146 158 166 169 175 186 208 211 225 249 250 254 273 319 
309 31 11 30 45 46 47 57 63 76 83 84 91 119 122 123 127 145 147 180 190 197 198 206 213 214 224 249 254 285 292 293 314 
310 39 11 26 36 38 42 59 66 81 106 110 120 127 130 132 137 138 155 156 168 176 177 178 184 209 216 227 228 243 261 265 266 277 282 284 288 301 302 304 314 
311 32 1 19 21 25 27 37 50 53 54 57 58 72 97 107 120 145 197 201 211 225 227 228 240 262 270 277 279 281 293 304 305 312 
312 41 11 30 34 38 42 53 75 91 96 119 120 127 132 142 143 149 150 151 152 185 193 197 205 212 218 219 233 237 242 244 247 253 258 259 279 280 294 311 313 315 318 
313 30 0 2 27 32 41 49 52 72 94 98 114 117 118 136 139 146 151 160 161 184 202 205 207 229 242 253 264 267 275 312 
314 22 32 52 53 69 114 118 134 145 150 171 180 182 184 197 238 261 294 297 300 309 310 316 
315 36 9 13 17 21 49 59 63 65 76 83 84 86 111 118 129 139 144 148 150 167 180 183 191 207 211 227 254 256 258 265 273 275 282 312 316 318 
316 36 4 7 12 18 35 76 82 103 109 112 125 158 161 163 176 179 184 207 211 212 220 225 228 250 254 255 256 267 286 290 293 301 305 314 315 318 
317 35 5 14 26 40 59 63 72 83 90 96 98 108 111 115 122 142 144 149 154 171 174 178 184 200 202 220 226 249 250 260 281 289 291 292 302 
318 31 4 32 38 47 51 54 75 76 80 117 154 188 189 191 207 213 216 217 240 249 256 267 271 282 283 287 294 312 315 316 319 
319 46 2 5 7 8 12 17 19 36 43 68 81 89 114 116 122 133 138 142 154 155 165 167 171 174 202 203 204 205 206 216 219 220 227 236 237 256 258 259 272 284 293 299 300 307 308 318 
