320 10252
0 56 4 7 10 26 27 38 46 48 53 55 61 65 76 81 84 102 116 121 126 133 136 140 149 162 163 164 166 173 174 175 176 181 183 185 197 200 202 205 214 216 217 220 228 231 232 238 239 267 269 270 276 281 285 293 305 310 
1 51 3 12 14 15 24 28 33 38 45 50 52 59 61 76 77 78 89 90 93 98 99 106 127 129 140 150 152 153 159 167 173 174 175 177 182 189 196 197 203 222 233 237 267 274 278 288 290 297 299 307 319 
2 69 3 12 29 44 46 48 55 57 62 66 67 71 72 80 82 87 89 92 94 97 100 105 109 117 126 132 133 135 136 137 140 146 150 158 167 170 173 183 185 189 194 199 204 205 206 221 230 233 240 247 248 249 256 258 261 267 269 271 276 277 280 281 287 290 291 304 306 313 318 
3 63 1 2 5 7 45 50 56 60 64 71 73 74 78 79 81 88 91 93 94 95 99 100 120 121 123 132 135 140 146 152 155 157 164 177 180 196 200 203 207 215 225 233 234 236 239 247 248 250 252 253 260 272 281 287 288 289 294 295 296 299 303 305 317 
4 76 0 5 10 11 18 22 34 43 47 52 53 55 58 64 72 82 93 95 99 100 107 111 113 115 121 123 124 125 126 131 139 141 150 151 158 159 160 163 166 173 181 183 187 191 195 196 204 205 206 208 211 214 224 227 229 232 236 243 246 247 248 253 256 257 258 259 266 268 272 279 282 300 303 305 313 317 
5 49 3 4 7 11 17 20 26 32 34 35 40 41 42 47 51 53 63 69 70 75 76 85 87 88 103 117 121 127 128 131 146 174 177 183 222 230 231 236 245 247 252 266 268 270 281 291 308 309 313 
6 59 14 20 25 29 38 39 41 48 53 55 57 62 64 75 79 90 92 93 94 105 113 115 129 132 136 139 140 141 144 147 155 168 175 177 182 191 209 210 214 223 226 228 236 242 243 251 256 265 270 277 279 281 300 303 304 312 315 316 317 
7 50 0 3 5 9 37 38 43 46 59 60 61 62 70 72 80 87 100 103 105 116 140 142 144 152 162 165 174 186 189 203 204 206 207 224 227 230 231 233 234 237 238 242 244 252 255 264 273 277 300 312 
8 66 10 11 17 37 46 51 64 65 70 73 78 84 95 102 106 107 109 113 116 117 128 139 140 146 152 160 161 163 168 173 181 182 192 197 205 210 222 224 240 241 243 245 249 250 251 253 254 255 256 258 265 268 273 277 279 280 282 289 290 292 293 297 304 307 310 316 
9 62 7 11 13 17 24 31 38 40 44 46 48 49 58 73 76 77 91 97 99 102 103 116 121 122 123 130 132 134 142 144 148 158 160 163 164 194 201 206 207 211 217 220 229 232 238 243 246 247 250 251 255 257 260 271 272 284 288 289 290 301 304 312 
10 75 0 4 8 13 17 21 28 29 33 34 36 43 47 62 64 65 66 67 68 70 74 77 78 82 85 89 90 92 93 94 98 105 110 118 120 132 139 140 143 158 164 165 167 170 172 173 181 190 191 192 209 213 225 228 238 242 244 247 250 257 266 270 271 273 279 280 287 289 293 296 297 302 307 309 314 
11 68 4 5 8 9 18 22 23 26 46 47 54 57 61 63 64 81 82 83 84 89 91 94 106 121 138 139 143 146 153 157 166 167 168 169 170 174 178 179 182 183 187 190 193 194 199 206 215 216 220 223 233 237 245 248 250 261 274 278 279 288 289 302 304 306 307 309 311 312 
12 60 1 2 13 20 27 54 55 56 61 62 64 70 86 92 97 102 109 113 116 121 123 130 132 133 137 138 139 141 143 149 155 170 173 175 179 183 185 189 194 222 229 235 242 244 245 246 253 260 268 269 278 279 281 285 288 290 305 308 309 318 
13 67 9 10 12 17 22 26 32 43 45 49 66 74 77 83 86 88 89 99 103 106 111 114 119 127 128 135 137 145 146 154 155 157 158 164 166 167 169 172 187 188 189 197 199 202 206 208 213 218 223 227 229 235 238 244 248 252 259 260 273 275 285 291 292 297 298 299 302 
14 60 1 6 19 20 26 27 28 34 42 46 48 53 59 63 68 71 73 75 90 93 103 104 109 119 123 125 127 128 133 134 138 143 161 165 167 180 189 191 193 196 205 216 220 235 244 249 253 265 267 273 279 283 284 285 286 290 296 298 308 310 
15 62 1 17 20 21 25 35 48 51 54 68 70 72 74 75 83 95 103 106 119 122 124 135 151 153 176 177 179 183 186 189 190 195 210 217 219 228 230 239 244 246 248 252 255 257 258 260 263 265 270 272 275 285 286 289 290 294 298 301 307 308 311 312 
16 62 18 22 33 35 38 44 49 62 63 78 79 86 91 92 99 102 104 112 116 119 127 128 138 144 151 154 157 161 163 164 170 172 178 180 181 196 197 198 199 207 211 213 224 233 235 244 255 256 257 259 261 262 267 274 276 279 281 292 298 303 312 319 
17 65 5 8 9 10 13 15 19 20 23 25 27 29 40 47 48 51 56 60 65 67 77 86 90 101 109 110 112 113 114 119 126 129 144 151 156 162 168 182 186 193 195 200 202 204 207 209 212 218 221 223 228 242 245 248 252 260 269 275 279 284 290 302 310 318 319 
18 62 4 11 16 21 29 31 37 40 42 44 50 58 61 63 68 71 84 86 91 97 105 111 112 119 120 124 129 136 138 152 174 186 194 196 201 203 209 210 213 235 237 239 240 241 243 245 246 248 250 258 259 261 280 285 286 289 290 291 296 299 312 316 
19 73 14 17 29 33 41 52 60 63 66 68 70 73 76 77 78 79 81 84 89 96 99 104 105 107 114 115 116 118 121 122 129 130 131 141 148 149 150 153 159 163 164 166 172 175 194 201 204 211 215 217 219 222 225 226 230 238 244 245 250 253 254 260 262 280 284 297 301 304 308 311 314 315 318 
20 68 5 6 12 14 15 17 23 30 32 37 41 44 56 58 60 62 73 74 91 100 104 108 109 112 113 114 116 123 125 127 130 140 143 144 146 147 150 158 163 166 178 184 185 187 189 190 197 203 206 207 217 220 222 226 234 250 251 258 264 265 267 272 286 294 301 303 311 318 
21 57 10 15 18 37 40 44 66 67 75 90 92 97 101 102 104 111 117 118 122 133 138 143 151 164 165 180 181 186 190 191 193 197 198 200 203 208 214 218 226 227 228 231 241 244 248 251 261 262 264 273 275 277 278 281 286 297 318 
22 48 4 11 13 16 23 36 42 43 56 57 60 61 68 80 86 91 95 100 105 107 110 119 156 157 160 166 167 176 177 197 209 214 216 234 241 248 261 265 273 275 285 288 291 295 298 301 304 308 
23 59 11 17 20 22 24 26 28 30 31 32 35 45 49 50 53 59 60 62 65 68 73 83 84 87 96 108 109 112 117 118 137 145 147 148 154 156 167 175 178 182 184 193 197 202 214 219 220 221 227 229 257 265 268 276 278 290 299 314 318 
24 63 1 9 23 36 37 45 46 56 62 64 70 73 76 78 82 94 103 108 112 117 120 121 124 125 135 136 143 144 149 151 152 153 158 162 164 167 168 175 181 185 189 194 202 208 213 214 220 221 225 231 243 249 253 269 270 275 286 287 297 299 309 314 319 
25 50 6 15 17 43 45 56 57 61 79 90 92 94 95 102 106 113 118 121 126 129 131 132 139 144 147 152 156 170 179 184 185 186 194 196 200 201 231 244 245 247 248 250 254 274 279 283 286 302 305 309 
26 69 0 5 11 13 14 23 31 35 37 43 47 49 50 54 57 58 67 77 79 80 84 85 88 96 100 102 107 109 112 116 117 127 128 143 151 155 158 163 173 174 177 184 188 195 196 197 205 209 214 216 218 222 228 235 244 249 250 255 258 274 275 277 280 282 283 287 304 307 309 
27 52 0 12 14 17 32 48 55 64 67 71 84 86 90 91 99 102 103 107 108 109 110 113 119 121 123 129 150 162 165 186 187 192 197 214 223 233 236 243 248 249 251 255 257 268 269 272 274 276 306 308 313 319 
28 56 1 10 14 23 38 49 52 56 64 70 79 82 83 89 97 99 103 104 113 121 125 129 139 141 162 168 178 180 183 186 191 198 200 204 207 214 217 221 222 223 225 232 234 237 246 259 261 273 282 285 293 295 302 308 313 318 
29 80 2 6 10 17 18 19 40 41 44 52 54 56 62 65 68 71 72 73 75 76 78 82 83 87 89 94 95 96 98 99 104 106 112 115 118 119 121 127 129 131 134 136 137 145 155 159 161 166 172 175 177 186 187 193 201 206 214 226 228 236 246 250 254 255 256 258 262 264 265 266 267 268 269 283 291 295 307 310 311 315 
30 57 20 23 32 41 46 54 63 65 68 71 83 96 97 100 102 103 114 115 119 129 136 139 142 143 145 157 160 164 168 173 182 191 192 204 211 215 217 221 229 234 240 243 246 247 250 251 257 264 266 278 281 287 299 304 305 307 312 
31 67 9 18 23 26 32 45 49 55 56 60 64 67 68 72 73 82 83 87 93 95 98 103 120 123 128 130 138 143 146 147 148 150 153 158 159 160 171 172 176 186 192 194 196 199 204 205 208 219 221 228 238 243 245 246 248 255 258 270 279 282 283 293 297 304 307 312 314 
32 60 5 13 20 23 27 30 31 38 40 41 44 54 56 57 62 70 73 75 78 88 95 97 106 110 129 130 136 143 147 149 162 167 172 176 184 189 205 209 224 226 230 231 232 236 237 241 255 262 272 279 289 290 293 294 295 302 307 308 313 315 
33 60 1 10 16 19 36 42 48 50 55 62 63 73 78 83 84 87 93 94 95 99 103 107 112 124 127 133 140 154 155 156 158 165 168 172 182 183 186 208 223 225 228 236 242 243 245 255 261 263 267 271 275 278 287 288 291 292 294 297 306 309 
34 61 4 5 10 14 42 55 64 66 69 71 72 74 76 87 90 92 95 98 100 118 120 121 133 136 145 150 154 170 180 181 187 190 194 202 204 205 214 216 225 228 234 236 239 242 243 249 251 253 257 266 273 275 276 281 283 288 304 307 310 311 316 
35 74 5 15 16 23 26 44 45 48 56 58 62 69 71 72 80 85 88 97 104 131 134 141 150 151 157 161 164 169 172 177 178 180 187 188 196 203 204 211 221 223 226 227 229 230 232 234 235 236 238 239 247 248 249 250 257 259 261 262 265 269 272 277 280 282 284 285 288 290 293 295 308 312 313 317 
36 56 10 22 24 33 41 50 58 66 84 91 110 112 118 134 140 141 142 152 155 157 167 172 178 179 196 197 200 201 202 214 216 218 220 221 226 227 232 234 235 243 258 263 269 273 274 288 290 291 297 301 304 308 312 314 315 318 
37 61 7 8 18 20 21 24 26 38 39 43 45 49 52 63 67 71 72 77 88 94 103 116 117 122 126 127 128 130 133 145 146 148 159 160 164 167 183 188 189 191 192 194 199 202 204 212 215 224 225 238 246 256 260 266 267 269 281 288 296 304 310 
38 62 0 1 6 7 9 16 28 32 37 40 41 48 51 54 57 59 60 61 63 70 71 83 84 91 92 101 107 109 126 130 131 133 134 137 151 155 169 172 175 180 182 190 213 214 221 236 243 244 254 257 264 267 273 277 278 285 287 297 300 301 308 310 
39 59 6 37 47 51 56 64 74 77 81 85 93 102 104 110 113 119 131 137 147 150 154 155 157 158 165 167 168 177 180 191 192 194 197 199 202 204 215 217 223 229 235 236 243 245 249 251 254 255 259 265 270 282 283 285 293 299 306 312 316 
40 58 5 9 17 18 21 29 32 38 41 46 48 59 72 73 81 83 91 94 102 104 105 109 110 115 125 127 133 137 141 147 165 168 173 181 190 197 201 214 224 226 229 237 249 254 262 267 271 272 278 279 285 289 290 300 307 309 310 319 
41 69 5 6 19 20 29 30 32 36 38 40 49 51 58 63 68 76 79 80 86 87 89 93 96 99 101 109 115 118 120 122 123 138 142 146 153 155 160 163 177 180 188 195 198 200 204 215 217 220 221 222 233 235 239 248 251 259 261 262 276 279 285 286 290 293 295 298 303 306 312 
42 81 5 14 18 22 33 34 45 48 49 52 55 56 57 62 63 79 83 95 101 102 108 110 111 112 113 114 115 116 118 125 128 129 141 147 148 151 156 161 168 175 177 178 182 187 189 193 194 195 199 200 201 208 209 215 218 222 226 230 239 240 241 244 247 251 254 256 257 263 274 275 277 283 286 287 289 291 309 311 312 314 318 
43 69 4 7 10 13 22 25 26 37 49 50 51 56 58 67 71 72 75 78 79 91 93 101 105 110 124 126 129 135 137 145 149 152 154 155 159 163 164 167 173 181 187 188 199 208 213 215 216 217 221 227 235 239 247 248 251 264 266 267 269 277 280 284 285 290 292 297 305 306 316 
44 68 2 9 16 18 20 21 29 32 35 49 52 53 58 61 65 66 73 79 80 84 93 94 95 96 110 114 124 125 140 153 157 159 163 170 174 175 188 193 195 199 200 204 208 216 218 219 223 224 225 232 234 237 241 245 257 262 264 266 269 271 272 273 278 289 305 306 310 319 
45 66 1 3 13 23 24 25 31 35 37 42 48 54 60 65 68 74 79 82 88 90 91 93 98 104 105 111 121 122 123 127 135 140 141 142 150 173 174 179 181 192 193 200 201 204 208 213 218 220 222 223 226 234 236 261 265 267 269 270 277 281 285 289 292 299 316 318 
46 58 0 2 7 8 9 11 14 24 30 40 48 64 68 71 75 84 89 98 99 106 108 114 115 118 123 132 147 151 154 164 165 166 173 178 179 182 186 187 191 193 201 232 234 236 241 245 250 256 261 266 271 281 286 292 299 301 310 319 
47 64 4 5 10 11 17 26 39 49 51 57 64 65 67 68 70 74 77 80 85 90 93 94 97 104 106 107 115 116 119 123 132 138 140 141 142 147 150 161 168 176 196 200 202 213 215 236 237 240 257 270 275 284 287 291 292 294 299 300 301 303 309 311 314 318 
48 77 0 2 6 9 14 15 17 27 33 35 38 40 42 45 46 49 50 53 54 59 62 64 66 72 75 82 87 91 94 95 102 106 107 111 112 116 120 123 131 137 140 142 144 145 163 171 172 173 175 185 189 192 198 203 206 208 211 214 224 226 235 238 242 243 249 251 256 257 279 280 284 290 293 297 306 310 316 
49 66 9 13 16 23 26 28 31 37 41 42 43 44 47 48 53 57 64 71 72 78 91 107 108 112 117 118 120 122 127 137 147 150 151 152 165 169 175 176 179 181 185 190 191 195 199 207 210 218 219 221 229 230 241 245 254 256 260 264 268 275 277 290 300 303 311 313 
50 67 1 3 18 23 26 33 36 43 48 52 58 69 75 77 82 84 93 99 107 111 127 128 129 130 132 137 140 142 146 150 152 153 154 162 163 172 178 186 190 193 194 201 208 210 223 231 235 238 245 252 256 258 265 266 269 276 277 278 280 286 288 289 301 304 305 307 319 
51 60 5 8 15 17 38 39 41 43 47 53 58 60 65 77 85 88 93 94 101 102 111 112 125 131 132 135 136 137 138 140 142 143 146 166 183 193 194 199 205 207 225 227 231 239 243 265 281 282 283 294 297 298 301 303 306 314 315 316 318 319 
52 63 1 4 19 28 29 37 42 44 50 58 65 75 82 102 103 107 109 112 114 124 135 137 138 139 144 152 164 165 167 171 174 176 179 180 183 186 188 190 195 199 203 204 206 211 212 220 221 222 223 224 228 232 233 254 258 262 264 266 271 275 284 312 316 
53 58 0 4 5 6 14 23 44 48 49 51 57 58 67 75 85 115 118 120 125 129 140 144 147 148 149 152 153 159 168 174 188 200 201 206 209 212 213 220 226 233 235 241 243 256 262 266 268 273 280 281 282 292 295 297 301 302 304 316 
54 66 11 12 15 26 29 30 32 38 45 48 55 65 70 71 73 81 89 92 97 99 103 105 113 115 127 128 130 134 136 145 153 154 156 166 171 175 177 187 192 194 198 200 205 206 207 222 234 245 246 249 250 251 264 273 279 289 294 296 297 298 301 305 310 312 315 316 
55 64 0 2 4 6 12 27 31 33 34 42 54 57 68 73 77 79 80 82 86 91 95 96 102 104 105 107 112 113 114 118 119 125 131 138 144 154 157 158 159 168 174 176 179 181 194 201 202 210 215 217 257 260 265 272 276 281 284 285 291 295 306 312 313 319 
56 82 3 12 17 20 22 24 25 28 29 31 32 35 39 42 43 59 64 67 71 72 73 76 78 80 83 87 88 89 98 99 103 107 110 111 123 135 140 146 151 156 161 162 169 170 171 172 178 179 185 186 192 193 194 205 206 207 209 211 212 213 215 239 243 245 246 247 248 255 258 260 264 265 267 269 280 288 301 305 309 310 314 316 
57 72 2 6 11 22 25 26 32 38 42 47 49 53 55 58 59 62 73 78 81 85 86 90 91 92 95 101 104 105 110 112 113 116 120 121 131 133 136 142 151 162 173 180 181 190 198 201 204 205 209 211 212 216 226 236 239 242 243 246 261 270 276 283 288 293 295 300 301 304 306 307 309 313 
58 63 4 9 18 20 26 35 36 41 43 44 50 51 52 53 57 60 62 65 82 91 92 96 97 106 108 109 114 116 119 122 125 135 136 139 142 144 145 148 150 153 159 165 170 177 218 223 226 227 229 246 248 253 261 264 274 275 280 282 289 302 309 314 318 
59 55 1 7 14 23 38 40 48 56 57 60 71 75 76 81 85 87 88 89 92 104 108 110 120 121 125 127 144 151 157 163 164 166 193 205 224 225 233 234 235 237 239 244 255 261 267 268 273 278 280 283 286 292 299 309 312 
60 76 3 7 17 19 20 22 23 31 38 45 51 58 59 63 65 68 71 73 74 75 78 85 87 108 112 113 118 119 123 124 125 126 132 135 136 137 138 142 144 145 146 149 151 156 164 166 177 180 184 191 194 197 198 199 210 212 214 222 225 230 231 232 234 239 245 247 256 258 260 262 265 266 287 300 303 304 
61 74 0 1 7 11 12 18 22 25 38 44 66 69 73 82 84 87 88 89 93 97 100 107 110 111 116 117 126 130 136 140 153 155 156 165 173 177 180 183 184 189 192 206 211 213 214 220 221 222 226 228 233 234 237 238 243 245 256 262 263 264 268 271 272 273 275 281 287 291 293 299 302 306 313 316 
62 81 2 6 7 10 12 16 20 23 24 29 32 33 35 42 48 57 58 66 67 68 69 70 73 79 81 86 94 101 102 104 105 107 109 113 120 126 128 132 136 139 140 141 146 154 157 164 168 191 193 195 199 208 210 211 212 213 216 221 225 226 236 239 242 254 255 263 265 267 269 270 271 274 276 279 281 289 290 302 305 311 312 
63 68 5 11 14 16 18 19 30 33 37 38 41 42 60 71 72 74 75 76 78 85 93 99 106 111 113 121 128 129 138 145 157 158 160 164 171 176 177 179 184 185 189 193 196 206 209 211 218 219 228 230 235 244 245 247 250 257 268 272 274 280 281 289 290 297 299 300 309 315 
64 74 3 4 6 8 10 11 12 24 27 28 31 34 39 46 47 48 49 56 72 75 78 82 98 101 106 109 110 111 118 119 123 124 125 129 134 135 137 138 143 144 145 149 153 164 171 178 182 185 186 190 191 200 201 210 235 239 246 254 256 261 265 269 272 274 280 285 286 291 294 297 303 306 312 315 
65 54 0 8 10 17 23 29 30 44 45 47 51 52 54 58 60 66 70 76 84 85 90 100 112 114 122 129 136 144 147 152 156 162 163 165 182 189 202 203 207 208 209 215 218 222 223 232 239 254 267 269 280 311 317 319 
66 69 2 10 13 19 21 34 36 44 48 61 62 65 72 74 90 93 97 103 104 105 106 107 108 109 113 128 131 140 143 146 151 152 154 157 161 163 169 175 185 186 199 200 205 209 213 216 223 234 235 236 239 241 263 272 273 281 284 286 289 291 296 303 305 306 308 311 312 313 315 
67 66 2 10 17 21 26 27 31 37 43 47 53 56 62 75 79 88 92 95 97 108 109 121 123 127 130 131 146 150 154 161 168 170 171 172 176 186 187 189 197 198 203 205 206 214 229 233 237 239 245 249 262 264 269 270 273 274 278 283 289 290 291 294 298 299 300 301 
68 64 10 14 15 18 19 22 23 29 30 31 41 45 46 47 55 60 62 70 75 82 87 92 93 116 117 118 128 130 131 133 135 138 156 163 164 170 171 173 181 183 186 193 194 199 203 206 211 214 221 227 228 236 237 242 248 258 268 271 288 289 295 299 301 309 
69 54 5 34 35 50 61 62 73 79 90 91 96 101 103 108 117 119 120 127 132 141 155 158 159 167 175 176 186 193 209 210 211 213 214 216 217 221 230 235 246 248 252 261 262 265 269 270 276 277 279 287 288 303 304 307 
70 60 5 7 8 10 12 15 19 24 28 32 38 47 54 62 65 68 71 89 98 100 110 116 127 128 129 131 141 144 145 152 153 155 158 167 173 175 185 202 203 204 217 227 240 243 246 248 249 257 258 263 265 270 273 274 277 280 295 303 305 309 
71 81 2 3 14 18 27 29 30 34 35 37 38 43 46 49 54 56 59 60 63 70 82 84 87 90 97 98 101 102 103 110 114 118 119 121 126 129 132 135 137 140 142 147 152 159 170 172 177 178 186 193 198 208 211 212 213 222 225 228 241 243 245 248 254 262 265 268 278 279 284 288 293 294 295 297 305 311 312 314 315 316 319 
72 64 2 4 7 15 29 31 34 35 37 40 43 48 49 56 63 64 66 80 83 85 90 94 101 104 106 126 136 141 159 168 170 171 180 181 184 189 191 195 202 203 207 212 213 214 216 218 222 231 234 237 240 244 257 261 262 267 268 280 287 288 297 298 305 307 
73 74 3 8 9 14 19 20 23 24 29 31 32 33 40 44 54 55 56 57 60 61 62 69 74 76 82 84 93 95 97 98 101 102 104 115 127 129 132 143 154 164 165 167 171 176 192 193 194 195 204 208 215 227 240 244 251 254 265 266 270 271 279 286 288 290 295 296 298 299 301 302 309 313 314 319 
74 70 3 10 13 15 20 34 39 45 47 60 63 66 73 77 78 79 82 83 88 89 91 93 101 104 106 125 130 134 139 141 150 153 155 162 164 169 171 178 184 188 191 199 202 207 208 216 217 218 221 236 242 248 252 256 262 263 269 276 280 286 292 298 299 304 308 309 310 314 318 319 
75 68 5 6 14 15 21 29 32 43 46 48 50 52 53 59 60 63 64 67 68 88 90 98 100 101 102 104 112 122 123 124 132 136 138 140 147 151 153 154 155 156 167 173 186 191 202 204 206 208 209 225 227 233 239 240 244 249 250 254 267 268 280 283 291 302 303 307 318 319 
76 54 0 1 5 9 19 24 29 34 41 56 59 63 65 73 85 88 89 90 99 108 110 124 125 134 152 158 161 164 165 169 172 178 183 212 217 224 231 237 243 246 250 254 255 266 268 270 272 273 298 301 302 314 316 317 
77 64 1 9 10 13 17 19 26 37 39 47 50 51 55 74 78 81 84 91 102 104 115 123 126 132 133 134 139 144 157 165 166 168 172 175 182 185 187 195 199 207 209 211 213 221 222 223 226 229 232 235 237 247 248 257 261 264 269 285 289 294 297 299 302 312 
78 73 1 3 8 10 16 19 24 29 32 33 43 49 56 57 60 63 64 74 77 82 85 86 101 106 108 113 115 116 119 132 133 142 146 147 148 161 164 166 167 184 185 193 200 203 206 212 213 216 219 221 223 224 230 231 234 241 245 249 251 252 253 254 259 260 262 274 275 278 281 291 299 306 309 
79 60 3 6 16 19 25 26 28 41 42 43 44 45 55 62 67 69 74 80 91 93 99 102 106 109 114 116 117 123 135 147 153 158 172 173 175 177 187 190 191 208 217 220 234 239 241 242 245 248 254 260 263 265 274 275 281 285 289 299 300 319 
80 54 2 7 22 26 35 41 44 47 55 56 72 79 81 82 91 98 111 119 120 122 130 131 132 137 143 147 150 159 163 164 166 178 187 192 201 207 209 211 212 216 235 250 252 257 258 260 267 269 272 286 294 296 307 308 
81 53 0 3 11 19 39 40 54 57 59 62 77 80 92 96 98 99 101 104 122 138 140 142 147 154 157 162 167 182 202 207 208 209 221 222 227 229 231 240 248 256 259 266 273 274 280 284 286 292 294 295 309 310 312 
82 70 2 4 10 11 24 28 29 31 45 48 50 52 55 58 61 64 68 71 73 74 78 80 85 87 91 95 96 99 101 103 106 107 108 109 110 127 146 149 167 171 175 178 184 196 198 216 217 232 234 236 244 247 250 255 267 269 271 278 283 286 287 290 294 296 297 303 313 317 318 319 
83 69 11 13 15 23 28 29 30 31 33 38 40 42 56 72 74 90 92 97 99 103 114 115 118 121 123 133 135 139 143 145 146 147 148 151 153 159 169 172 176 186 188 191 193 198 207 209 220 224 226 228 229 237 241 245 246 248 257 267 271 272 275 276 279 285 288 289 295 297 315 
84 63 0 8 11 18 19 23 26 27 33 36 38 44 46 50 61 65 71 73 77 88 89 92 99 104 119 126 132 135 141 150 153 168 174 175 176 178 179 186 187 193 197 212 216 217 223 224 232 233 235 236 237 249 254 257 259 268 275 288 290 291 293 313 319 
85 64 5 10 26 35 39 47 51 53 57 59 60 63 65 72 76 78 82 90 91 92 98 99 107 114 120 124 125 126 144 147 156 157 161 165 175 176 181 183 184 188 192 193 195 199 205 211 226 228 230 241 244 255 263 277 278 279 299 301 305 307 308 311 314 318 
86 54 12 13 16 17 18 22 27 41 55 57 62 78 94 97 106 110 111 119 124 128 157 158 160 163 168 170 172 182 190 199 201 203 215 219 228 237 238 242 244 246 247 250 252 258 260 265 266 268 272 289 294 299 308 312 
87 75 2 5 7 23 29 31 33 34 41 48 56 59 60 61 68 71 82 89 91 94 98 101 107 114 115 142 144 146 147 148 149 151 153 156 159 162 170 171 174 190 196 203 205 206 212 213 217 228 229 233 234 237 239 244 251 253 254 255 256 257 260 261 269 277 287 288 292 293 298 312 313 314 315 316 318 
88 58 3 5 13 26 32 35 37 45 51 56 59 61 67 74 75 76 84 94 100 106 131 134 137 138 145 149 161 166 174 175 177 180 181 190 194 196 203 207 208 213 216 218 221 226 230 233 240 255 271 275 276 279 284 288 304 306 308 316 
89 63 1 2 10 11 13 19 28 29 41 46 54 56 59 61 70 74 76 84 87 97 101 103 108 111 120 124 125 127 128 133 135 141 145 146 147 152 153 183 186 188 189 191 202 208 218 219 225 229 233 241 257 261 264 284 285 287 288 291 297 304 311 316 318 
90 69 1 6 10 14 17 21 25 27 34 45 47 57 65 66 69 71 72 75 76 83 85 92 94 96 98 102 103 110 121 125 136 141 142 143 148 149 158 176 184 185 186 190 194 196 202 203 208 212 216 229 231 236 239 241 244 249 250 261 266 267 274 288 290 298 300 301 307 311 315 
91 73 3 9 11 16 18 20 22 27 36 38 40 43 45 48 49 55 57 58 69 74 77 79 80 82 85 87 95 98 101 114 117 118 123 126 141 150 151 152 155 157 158 161 164 165 167 169 173 175 183 187 190 191 192 203 209 215 233 238 239 241 243 252 254 256 257 264 269 272 274 291 309 313 317 
92 62 2 6 10 12 16 21 25 34 38 54 57 58 59 67 68 81 83 84 85 90 94 96 104 112 120 126 129 131 137 140 141 147 148 150 154 157 169 171 172 175 181 188 190 198 207 213 220 227 245 252 263 266 270 275 277 279 286 290 295 301 308 316 
93 75 1 3 4 6 10 14 31 33 39 41 43 44 45 47 50 51 61 63 66 68 73 74 79 96 98 102 109 120 122 128 139 144 147 156 158 159 162 163 164 169 170 179 184 185 188 189 193 196 204 205 212 214 217 218 220 225 227 230 232 234 238 240 246 255 257 259 260 276 287 289 291 298 304 305 313 
94 64 2 3 6 10 11 24 25 29 33 37 40 44 47 48 51 62 72 86 87 88 90 92 104 105 111 112 118 126 133 137 152 154 155 164 165 167 169 179 180 185 187 190 195 199 211 212 216 226 228 230 232 252 258 260 261 269 275 279 289 296 297 303 306 309 
95 81 3 4 8 15 22 25 29 31 32 33 34 42 44 48 55 57 67 73 82 91 107 108 110 117 118 121 123 126 134 139 144 146 147 148 149 150 152 153 155 156 165 169 171 186 187 189 190 191 198 205 207 210 212 214 222 225 228 231 234 237 242 243 245 247 250 259 264 266 268 274 283 284 287 291 293 304 307 309 311 312 319 
96 60 19 23 26 29 30 41 44 55 58 69 81 82 90 92 93 105 107 109 112 116 117 120 121 124 126 130 131 132 134 136 141 145 159 161 162 164 170 176 214 215 217 219 221 228 229 236 239 241 245 248 252 263 266 271 286 288 297 301 306 309 
97 62 2 9 12 18 21 28 30 32 35 47 54 58 61 66 67 71 73 83 86 89 100 103 106 108 109 114 115 119 120 125 126 129 140 149 157 165 168 173 176 181 186 192 200 204 208 216 220 233 234 237 238 242 243 257 258 263 264 291 294 295 296 314 
98 62 1 10 29 31 34 45 46 56 64 70 71 73 75 80 81 85 87 90 91 93 103 104 112 113 115 118 119 120 126 127 130 134 145 150 155 173 174 178 179 180 196 198 204 210 216 223 229 235 243 250 251 255 256 257 276 285 290 304 310 314 316 317 
99 61 1 3 4 9 13 16 19 27 28 29 33 41 46 50 54 56 63 76 79 81 82 83 84 85 116 119 120 125 139 140 141 145 156 157 161 169 171 175 186 188 192 196 203 204 206 208 241 246 253 261 267 269 273 278 291 294 299 300 311 313 319 
100 66 2 3 4 7 20 22 26 30 34 61 65 70 75 88 97 115 124 125 127 129 132 133 134 137 138 142 147 150 153 154 169 170 172 173 178 181 183 190 192 208 209 210 212 214 219 223 224 225 227 236 242 250 254 260 261 265 266 273 283 284 286 287 300 303 311 316 
101 73 17 21 38 41 42 43 51 57 62 64 69 71 72 73 74 75 78 81 82 87 89 91 102 107 108 109 112 130 131 133 148 151 161 162 181 183 188 192 194 198 201 204 205 211 213 221 226 227 230 232 235 241 243 246 253 261 262 265 266 271 283 285 286 288 291 294 295 297 303 306 309 314 317 
102 64 0 8 9 12 16 21 25 26 27 30 39 40 42 48 51 52 55 62 71 73 75 77 79 90 93 101 106 123 127 132 134 139 140 145 147 155 156 160 161 163 165 172 173 176 177 184 185 187 199 202 221 232 244 264 265 268 288 289 299 306 308 309 310 317 
103 66 5 7 9 13 14 15 24 27 28 30 31 33 37 52 54 56 66 69 71 82 83 89 90 97 98 104 105 108 111 119 120 123 129 135 145 154 159 168 181 186 194 198 209 211 212 218 227 232 233 235 243 247 250 257 260 261 264 266 277 282 284 292 299 304 305 319 
104 75 14 16 19 20 21 28 29 35 39 40 45 47 55 57 59 62 66 72 73 74 75 77 81 84 92 94 98 103 113 114 125 127 129 138 139 140 156 157 168 172 177 179 184 185 188 190 197 200 206 212 219 223 228 231 232 240 243 246 254 261 262 269 273 275 276 282 285 290 295 303 304 306 314 316 318 
105 65 2 6 7 10 18 19 22 40 43 45 54 55 57 62 66 94 96 103 111 112 116 118 119 125 130 136 146 148 150 151 158 172 178 179 182 186 188 191 207 208 209 210 215 218 223 232 234 239 240 264 268 269 271 274 275 276 277 281 284 292 293 304 307 309 319 
106 53 1 8 11 13 15 25 29 32 46 47 48 58 63 64 66 72 74 78 79 82 86 88 97 102 109 117 150 157 167 169 173 177 178 185 196 205 209 214 216 235 236 242 243 248 273 283 292 296 300 303 309 311 319 
107 68 4 8 19 22 26 27 33 38 47 48 49 50 52 55 56 61 62 66 82 85 87 95 96 101 108 113 116 119 125 126 148 153 156 159 160 163 169 177 180 182 183 191 198 199 202 206 207 208 210 213 226 229 235 238 240 241 242 246 252 255 268 272 282 287 290 294 296 298 
108 60 20 23 24 27 42 46 49 58 59 60 66 67 69 76 78 82 89 95 97 101 103 107 112 118 125 129 133 136 138 158 162 163 174 175 182 183 187 188 194 201 208 209 210 214 223 226 228 231 239 243 245 256 259 262 272 283 296 299 301 306 
109 60 2 8 12 14 17 20 23 26 27 38 40 41 52 58 62 64 66 67 79 82 93 96 97 101 106 110 122 127 130 131 138 142 162 170 173 184 186 187 192 198 201 212 216 220 239 242 249 252 253 254 268 269 284 287 300 303 308 309 313 316 
110 67 10 17 22 27 32 36 39 40 42 43 44 56 57 59 61 64 70 71 76 82 86 90 95 109 114 122 125 127 129 139 141 145 147 149 155 156 158 160 163 169 172 174 176 177 184 186 191 200 202 204 210 214 219 220 221 229 240 246 254 255 258 263 265 279 286 295 308 
111 66 4 13 18 21 42 45 48 50 51 56 61 63 64 80 86 89 94 103 105 112 115 117 120 123 127 136 141 146 147 148 154 157 159 165 168 172 191 206 208 218 223 232 233 237 238 240 244 249 251 255 256 261 264 266 269 276 288 292 294 296 297 300 307 308 312 316 
112 74 16 17 18 20 23 24 26 29 33 36 42 48 49 51 52 55 57 60 65 75 92 94 96 98 101 105 108 111 117 124 127 128 131 135 137 146 147 148 168 176 184 185 186 194 200 203 204 205 209 211 217 218 219 220 225 232 236 242 247 252 253 265 268 280 283 286 295 299 300 303 304 313 314 318 
113 65 4 6 8 12 17 20 25 27 28 39 42 54 55 57 60 62 63 66 78 98 104 107 117 123 128 129 132 133 147 150 159 162 165 166 173 175 179 187 188 192 205 212 213 218 222 223 227 230 236 240 241 248 251 255 256 263 268 271 277 278 288 296 307 310 317 
114 59 13 17 19 20 30 42 44 46 52 55 58 65 71 79 83 85 87 91 97 104 110 118 119 135 142 146 148 149 151 152 160 164 167 171 181 191 195 196 200 204 209 215 217 218 237 246 252 260 269 270 279 280 282 286 303 306 309 317 319 
115 51 4 6 19 29 30 40 41 42 46 47 53 54 73 77 78 83 87 97 98 100 111 136 151 157 164 166 172 175 177 186 195 198 206 213 216 217 224 226 232 234 236 250 259 261 265 275 276 295 297 309 318 
116 58 0 7 8 9 12 16 19 20 26 37 42 47 48 57 58 61 68 70 78 79 96 99 105 107 119 124 129 131 143 149 150 166 172 177 180 181 189 191 193 200 205 207 208 215 216 220 225 231 242 246 254 258 281 282 293 297 308 309 
117 58 2 5 8 21 23 24 26 37 49 61 68 69 79 91 95 96 106 111 112 113 133 137 148 150 154 156 164 166 179 183 184 200 203 204 207 209 213 215 219 221 245 252 255 258 260 269 281 282 284 286 287 298 301 310 311 313 314 317 
118 82 10 19 21 23 25 29 34 36 41 42 46 49 53 55 60 64 68 71 83 91 94 95 98 105 108 114 126 130 136 137 139 140 157 158 159 163 166 172 174 177 179 184 186 190 192 194 196 199 205 208 212 220 222 223 224 232 238 241 246 247 248 253 259 265 266 267 269 271 285 286 293 295 298 299 307 308 309 312 314 316 318 319 
119 69 13 14 15 16 17 18 22 27 29 30 39 47 55 58 60 64 69 71 78 80 84 86 97 98 99 103 105 107 114 116 121 124 130 131 138 164 170 171 175 183 189 203 204 205 206 216 219 220 225 231 234 236 240 241 243 247 250 259 262 265 266 270 276 277 287 289 298 305 309 
120 72 3 10 18 24 31 34 41 48 49 53 57 59 62 69 80 85 89 92 93 96 97 98 99 103 111 127 130 135 137 139 142 150 153 154 155 159 189 191 197 198 202 207 211 218 221 226 229 230 231 233 234 236 240 241 250 253 268 269 270 276 277 284 286 290 292 293 294 298 300 301 304 307 
121 66 0 3 4 5 9 11 12 19 24 25 27 28 29 34 45 57 59 63 67 71 83 90 95 96 119 127 128 130 138 142 148 153 154 155 158 162 165 171 173 176 193 195 202 206 208 213 215 216 226 229 237 247 249 250 255 259 263 264 269 277 278 284 285 295 301 313 
122 63 9 15 19 21 37 41 45 49 58 65 75 80 81 93 109 110 129 132 135 138 140 148 151 156 158 159 163 164 168 170 171 178 179 180 185 192 194 197 199 201 210 217 218 223 225 240 247 256 257 258 268 271 274 275 282 285 286 288 300 307 312 316 317 
123 66 3 4 9 12 14 20 27 31 41 45 46 47 48 56 60 64 67 75 77 79 83 91 95 102 103 111 113 131 147 153 156 174 178 179 187 199 206 211 214 223 232 234 241 244 245 249 255 256 270 272 273 276 277 279 280 283 285 286 293 295 302 305 308 315 316 317 
124 54 4 15 18 24 33 43 44 52 60 64 75 76 85 86 89 96 100 112 116 119 137 143 145 151 159 161 165 171 179 188 200 203 204 209 231 238 242 245 258 259 260 261 267 271 276 283 292 295 301 304 305 309 315 317 
125 70 4 14 20 24 28 40 42 44 51 53 55 58 59 60 64 74 76 85 89 90 97 99 100 104 105 107 108 110 133 136 141 151 154 163 167 172 174 175 177 181 182 191 197 200 202 211 216 220 223 225 226 231 235 237 242 243 244 247 252 260 261 277 283 286 293 294 296 304 305 308 
126 60 0 2 4 17 25 37 38 43 60 61 62 71 72 77 84 85 91 92 94 95 96 97 98 107 118 139 145 147 149 167 173 177 188 191 193 200 202 206 208 214 220 221 224 226 237 245 248 251 252 258 259 266 285 287 299 306 309 310 315 319 
127 62 1 5 13 14 16 20 26 29 33 37 40 45 49 50 54 59 67 69 70 73 82 89 98 100 102 104 109 110 111 112 120 121 140 148 177 180 183 189 191 192 196 208 216 229 231 239 244 249 255 257 258 259 265 268 269 275 286 295 300 302 304 309 
128 66 5 8 13 14 16 26 31 37 42 50 54 62 63 66 68 70 86 89 93 112 113 121 134 149 150 154 157 169 174 176 177 178 182 183 188 200 209 213 214 216 220 221 222 226 229 238 241 248 249 251 256 263 268 286 289 292 294 295 296 298 300 301 307 308 313 319 
129 70 1 6 17 18 19 25 27 28 29 30 32 42 43 50 53 63 64 65 70 71 73 92 97 100 103 104 108 110 113 116 122 132 135 137 143 157 163 164 166 172 176 185 193 195 197 199 208 209 211 214 232 237 238 239 247 248 255 256 262 263 272 275 276 281 285 298 299 303 309 319 
130 57 9 12 19 20 31 32 37 38 50 54 61 67 68 74 80 96 98 101 105 109 118 119 120 121 139 142 146 147 153 163 173 182 184 195 205 209 214 216 221 223 224 229 233 248 254 257 267 270 276 284 293 296 300 312 313 318 319 
131 69 4 5 19 25 29 35 38 39 48 51 55 57 66 67 68 70 80 88 92 96 101 109 112 116 119 123 132 134 135 141 146 151 152 153 161 165 167 171 173 180 188 189 194 197 201 205 212 215 216 218 237 238 239 245 248 251 258 270 271 275 285 289 292 295 297 298 308 310 311 
132 64 2 3 6 9 10 12 25 46 47 50 51 60 62 69 71 73 75 77 78 80 84 96 100 102 113 122 129 131 134 135 139 142 150 154 155 169 170 175 177 182 187 192 201 211 212 216 220 229 239 259 261 262 268 270 273 279 280 285 294 296 299 307 309 313 
133 59 0 2 12 14 21 33 34 37 38 40 57 68 77 78 83 89 94 100 101 108 113 117 125 137 139 150 153 162 167 171 173 176 177 186 206 207 213 216 219 220 224 227 233 238 244 251 254 256 261 262 265 275 278 282 292 298 308 316 319 
134 52 9 14 29 35 36 38 54 64 74 76 77 88 95 96 98 100 102 128 131 132 137 147 150 160 172 173 174 186 188 194 197 224 225 227 228 229 230 231 238 242 254 266 271 274 275 278 281 291 296 303 315 316 
135 62 2 3 13 15 24 43 45 51 52 56 58 60 64 68 71 79 83 84 89 103 112 114 120 122 129 131 132 137 142 143 153 155 175 177 181 190 195 210 213 214 219 221 223 232 234 236 237 242 243 248 249 257 258 263 271 275 280 284 286 290 297 315 
136 58 0 2 6 18 24 29 30 32 34 51 54 57 58 60 61 62 65 72 75 90 96 105 108 111 115 118 125 138 140 154 162 163 165 166 172 179 204 212 220 232 238 239 241 247 249 254 263 265 267 270 281 282 288 291 297 303 309 317 
137 77 2 12 13 23 29 38 39 40 43 48 49 50 51 52 60 64 71 80 88 92 94 100 112 117 118 120 124 129 133 134 135 142 149 157 158 161 162 168 169 186 191 193 198 202 210 213 218 219 221 226 229 232 233 234 237 238 249 254 255 257 263 265 269 273 274 277 287 289 294 296 297 302 303 304 309 314 316 
138 72 11 12 14 16 18 21 31 41 47 51 52 55 60 63 64 68 75 81 88 100 104 108 109 119 121 122 136 140 142 143 146 150 155 158 163 164 167 169 175 185 188 189 192 202 205 211 213 214 217 222 228 229 232 234 240 244 248 252 258 265 267 269 273 274 275 292 296 305 306 307 312 316 
139 60 4 6 8 10 11 12 25 28 30 52 58 62 74 77 83 93 95 99 102 104 110 118 120 126 130 132 133 143 145 149 151 163 169 170 172 182 183 185 186 189 194 213 215 218 228 250 263 271 272 276 277 284 288 290 292 295 297 301 304 307 
140 67 0 1 2 3 6 7 8 10 20 33 36 44 45 47 48 50 51 53 56 61 62 66 71 75 81 92 97 99 102 104 118 122 127 136 138 141 146 147 149 159 163 165 166 167 179 188 192 202 213 216 218 226 227 232 235 243 244 248 252 259 261 265 271 283 289 296 315 
141 59 4 6 12 19 28 35 36 40 42 45 47 62 69 70 72 74 84 89 90 91 92 96 99 110 111 125 131 140 150 155 159 160 161 168 172 191 195 196 198 206 208 214 224 226 229 239 243 261 263 266 270 281 289 292 294 295 297 303 306 
142 64 7 9 30 36 41 45 47 48 50 51 57 58 60 71 78 81 87 90 100 109 114 120 121 130 132 135 137 138 155 156 167 168 175 177 189 199 201 202 204 214 215 216 230 231 232 244 246 248 260 272 278 280 286 287 289 297 299 301 302 306 309 312 316 319 
143 58 10 11 12 14 20 21 24 26 30 31 32 51 64 66 73 80 83 90 116 124 129 135 138 139 145 153 155 157 162 166 169 170 174 176 183 184 189 195 197 211 212 213 220 221 233 240 242 244 252 253 266 280 285 287 298 301 309 310 
144 71 6 7 9 16 17 20 24 25 48 52 53 55 58 59 60 64 65 70 77 85 87 93 95 146 152 157 162 163 167 171 173 181 189 192 195 196 201 203 204 205 207 208 210 212 213 218 227 244 247 248 255 256 257 261 263 267 270 273 275 277 278 289 293 294 295 296 298 303 305 306 319 
145 78 13 23 29 30 34 37 43 48 54 58 60 63 64 70 83 88 89 96 98 99 102 103 110 124 126 139 143 146 148 153 165 170 171 174 176 179 180 183 187 188 196 197 202 205 206 207 211 217 218 219 220 221 232 238 245 248 250 251 254 255 258 260 264 270 271 275 276 277 282 287 289 290 293 297 300 303 308 317 
146 61 2 3 5 8 11 13 20 31 37 41 50 51 56 60 62 66 67 78 82 83 87 89 95 105 111 112 114 130 131 138 140 144 145 147 155 156 157 158 166 177 182 205 211 216 223 236 238 240 247 250 251 255 265 266 278 282 284 294 304 311 315 
147 72 6 20 23 25 31 32 39 40 42 46 47 49 53 65 71 75 78 79 80 81 83 85 87 89 92 93 95 100 102 110 111 112 113 123 126 130 134 140 146 149 150 156 162 163 171 173 174 176 178 179 183 197 200 203 208 209 222 229 236 242 245 246 255 261 262 266 267 276 281 288 305 316 
148 63 9 19 23 31 37 42 53 58 78 83 87 90 92 95 101 105 107 111 112 114 117 121 122 127 145 165 168 169 170 179 184 185 188 190 192 193 197 201 215 218 229 230 232 234 237 247 251 252 253 255 264 267 274 277 290 292 295 300 303 304 309 311 313 
149 60 0 12 19 24 32 43 53 60 64 82 87 88 90 95 97 110 114 116 126 128 137 139 140 147 150 153 164 165 183 192 205 207 208 210 213 214 232 234 238 239 241 242 248 251 257 264 266 267 270 277 279 287 290 296 297 299 302 308 314 319 
150 71 1 2 4 19 20 27 31 34 35 39 45 47 49 50 58 67 74 80 84 91 92 95 98 100 105 106 113 116 117 120 128 132 133 134 138 141 147 149 152 157 158 172 173 176 178 192 195 199 207 208 211 215 220 227 228 230 248 251 255 272 273 274 277 292 295 299 305 307 312 316 317 
151 65 4 15 16 17 21 24 26 35 38 42 46 49 56 57 59 60 66 75 83 87 91 101 105 114 115 122 124 125 131 139 154 155 156 168 171 172 175 198 200 203 208 212 216 223 224 230 234 236 240 241 245 250 256 258 261 273 276 277 282 284 287 290 309 316 317 
152 55 1 3 7 8 18 24 25 36 43 49 50 52 53 65 66 70 71 76 89 91 94 95 114 131 144 150 155 158 161 177 181 183 185 187 192 197 198 215 222 233 238 244 251 262 268 274 275 279 282 288 300 301 303 310 318 
153 70 1 11 15 19 24 31 41 44 50 53 54 58 61 64 70 74 75 79 83 84 87 89 95 100 107 120 121 123 130 131 133 135 143 145 149 162 175 176 182 183 184 185 186 189 195 204 206 209 210 212 222 227 231 236 242 250 255 261 263 267 280 282 287 288 292 293 295 297 298 310 
154 61 13 16 23 33 34 39 43 46 50 54 55 62 66 67 73 75 81 92 94 100 103 111 117 120 121 125 128 132 136 151 164 166 174 184 186 191 201 208 209 210 213 214 218 221 229 239 243 244 250 255 258 262 265 279 292 299 303 305 306 315 317 
155 71 3 6 12 13 26 29 33 36 38 39 41 43 61 69 70 74 75 91 94 95 98 102 110 120 121 132 135 138 141 142 143 146 151 152 162 170 179 180 187 191 195 198 200 203 210 221 224 230 231 232 237 245 252 256 259 260 263 270 276 278 286 292 293 294 296 302 305 306 307 318 319 
156 62 17 22 23 25 33 42 54 56 60 61 65 68 75 85 87 93 95 99 102 104 107 110 117 122 123 142 146 147 151 158 161 162 165 168 175 182 186 188 189 193 194 196 225 228 233 235 249 251 263 269 275 277 281 282 287 289 290 295 307 310 314 319 
157 68 3 11 13 16 22 30 35 36 39 44 55 59 62 63 66 77 81 85 86 91 92 97 99 104 106 111 115 118 128 129 137 143 144 146 150 158 163 168 179 184 189 194 195 207 219 220 222 223 228 231 248 256 264 268 269 272 273 277 282 289 297 298 299 303 309 310 311 313 
158 65 2 4 9 10 13 20 24 26 31 33 39 55 63 69 70 76 79 86 90 91 93 105 108 110 118 121 122 137 138 146 150 152 156 157 161 164 168 172 174 177 186 189 198 205 206 208 223 227 229 236 243 249 253 269 270 275 278 280 285 290 291 299 304 316 319 
159 59 1 4 19 29 31 37 43 44 53 55 58 69 71 72 80 83 87 93 96 103 107 111 113 118 120 122 124 140 141 166 170 175 176 186 187 188 190 193 199 224 232 234 237 242 255 260 263 266 267 270 271 275 278 289 293 294 303 310 319 
160 47 4 8 9 22 30 31 37 41 63 86 102 107 110 114 134 141 163 164 165 175 180 182 193 194 202 203 206 207 209 210 222 225 241 245 258 259 270 282 288 290 291 294 299 306 307 314 316 
161 52 8 14 16 29 35 42 47 56 66 67 76 78 85 88 91 96 99 101 102 124 131 137 141 152 156 158 166 169 172 174 191 193 196 212 214 224 231 248 251 256 260 273 274 282 284 292 294 295 304 312 316 319 
162 54 0 7 17 24 27 28 32 50 56 57 65 74 81 87 93 96 101 108 109 113 121 133 136 137 143 144 147 153 155 156 163 174 176 186 191 197 206 209 217 223 228 233 234 235 236 242 259 260 283 285 293 294 305 317 
163 71 0 4 8 9 16 19 20 26 41 43 44 48 50 59 65 66 68 80 86 93 102 107 108 110 118 122 125 129 130 136 138 139 140 144 147 157 160 162 166 167 170 177 179 185 187 189 190 191 192 196 204 215 218 220 241 255 262 272 274 277 279 284 285 291 296 298 299 308 312 316 319 
164 66 0 3 9 10 13 16 19 21 24 30 35 37 43 46 52 59 60 62 63 64 68 73 74 76 78 80 91 93 94 96 114 115 117 119 122 129 138 149 154 158 160 175 176 180 185 197 201 215 217 224 225 234 248 250 259 264 266 267 269 272 274 283 292 303 308 313 
165 63 7 10 14 21 27 33 39 40 46 49 52 58 61 65 73 76 77 85 91 94 95 97 102 111 113 121 124 131 136 140 145 148 149 156 160 166 169 178 188 189 206 210 217 222 236 237 242 243 244 245 246 250 251 252 260 269 275 276 282 288 293 305 317 
166 61 0 4 11 13 19 20 22 29 46 51 54 59 60 77 78 80 88 113 115 116 117 118 129 136 140 143 146 154 159 161 163 165 169 172 174 179 181 190 202 207 213 221 229 235 249 257 260 266 269 270 273 281 284 292 306 307 310 312 313 314 315 
167 61 1 2 10 11 13 14 22 23 24 32 36 37 39 43 52 69 70 73 75 78 81 82 91 94 106 114 125 126 131 133 138 140 142 144 163 180 186 189 192 194 198 200 201 203 205 212 214 219 224 253 271 279 292 293 295 296 297 298 307 313 319 
168 64 6 8 11 17 24 28 30 33 39 40 42 47 53 55 62 67 72 77 84 86 97 103 104 111 112 122 137 141 142 148 151 156 157 158 170 176 182 189 190 192 193 202 205 206 209 214 215 217 221 230 231 232 237 250 252 268 269 273 279 285 290 305 311 318 
169 63 11 13 35 38 49 56 66 74 76 83 91 92 93 94 95 99 100 106 107 110 128 132 137 138 139 143 148 161 165 166 180 186 192 198 204 217 218 219 221 223 225 226 228 229 236 244 250 254 257 265 277 281 285 298 299 300 304 307 309 311 312 314 317 
170 65 2 10 11 12 16 25 34 44 56 58 67 68 71 72 86 87 93 96 100 109 119 122 132 139 143 145 148 155 159 163 168 173 184 196 197 204 206 212 214 215 216 221 223 225 228 234 238 245 248 260 262 269 271 280 285 286 287 289 294 297 298 302 305 306 316 
171 57 31 48 52 54 56 63 64 67 68 72 73 74 82 87 92 95 99 114 119 121 122 124 131 133 144 145 147 151 173 190 191 195 196 197 199 202 212 215 221 232 240 247 255 259 271 278 280 286 287 290 291 293 298 299 304 315 317 
172 69 10 13 16 19 29 31 32 33 35 36 38 48 50 56 67 71 76 77 79 83 86 92 100 102 104 105 110 111 115 116 118 125 129 134 136 139 141 150 151 158 161 166 174 177 182 193 202 207 209 221 226 255 257 258 269 273 280 282 285 288 289 290 293 300 301 308 311 313 316 
173 72 0 1 2 4 8 10 12 26 30 40 43 45 46 48 57 61 68 70 75 79 91 97 98 100 102 106 109 113 121 126 130 131 133 134 144 147 150 170 171 183 190 195 203 205 214 216 218 224 229 231 232 240 242 243 246 249 250 252 261 266 268 272 276 284 286 290 300 301 303 305 307 314 
174 60 0 1 5 7 11 18 26 44 45 52 53 55 84 87 88 98 108 110 118 123 125 128 134 143 145 147 154 158 161 162 166 172 188 197 205 209 212 213 226 228 229 230 232 233 246 252 257 258 260 261 264 268 273 276 277 288 290 294 302 311 
175 67 0 1 6 12 19 23 24 29 38 42 44 48 49 54 66 69 70 77 79 82 84 85 88 91 92 99 108 113 115 119 125 132 135 138 142 151 153 156 159 160 164 178 187 195 199 200 202 204 208 209 219 222 229 233 239 240 243 258 261 267 271 275 276 287 294 314 316 
176 62 0 15 22 31 32 47 49 52 55 63 67 69 73 83 84 85 90 96 97 102 110 112 121 128 129 133 143 145 147 150 153 159 162 164 168 184 186 189 192 199 201 209 211 216 218 224 232 233 238 243 244 261 274 278 282 283 292 293 298 308 314 318 
177 67 1 3 5 6 15 22 26 29 35 39 41 42 54 58 60 61 63 71 79 88 102 104 106 107 110 115 116 118 125 126 127 128 132 133 135 142 146 152 158 163 172 185 191 196 201 202 208 218 231 238 251 259 261 274 276 278 279 282 283 285 293 294 302 306 313 317 319 
178 62 11 16 20 23 28 35 36 42 46 50 56 64 71 74 76 80 82 84 98 100 105 106 122 123 128 147 150 165 175 182 184 195 202 203 204 208 212 224 233 238 243 247 258 261 264 266 273 275 276 277 283 284 286 291 293 297 300 305 310 313 318 319 
179 54 11 12 15 25 36 45 46 49 52 55 56 63 84 93 94 98 104 105 113 117 118 122 123 124 136 140 145 147 148 155 157 163 166 180 194 199 228 236 242 247 261 266 267 273 279 281 282 285 291 292 300 311 313 316 
180 60 3 14 16 21 28 34 35 38 39 41 52 57 60 61 72 88 94 98 107 116 122 127 131 145 155 160 164 167 169 179 183 184 189 191 199 202 204 205 210 221 222 223 228 236 238 246 248 250 252 254 257 265 268 269 273 284 287 292 303 309 
181 60 0 4 8 10 16 21 24 34 40 43 45 49 55 57 68 72 85 88 92 97 100 101 103 114 116 125 135 144 152 166 182 194 196 197 199 201 202 208 217 222 223 230 239 240 247 248 251 252 254 258 275 280 281 286 296 303 304 305 316 317 
182 60 1 6 8 11 17 23 30 33 38 42 46 64 65 77 81 86 105 107 108 125 128 130 132 139 146 153 156 160 168 172 178 181 187 188 191 206 214 215 221 226 228 230 232 246 247 254 255 257 259 262 276 277 284 289 293 295 311 313 315 319 
183 59 0 2 4 5 11 12 15 28 33 37 51 52 61 68 76 85 89 91 100 101 107 108 117 119 127 128 139 143 145 147 149 152 153 173 180 186 192 193 199 202 208 209 215 223 226 228 234 236 248 260 262 295 297 302 303 304 306 314 315 
184 64 20 23 25 26 32 60 61 63 72 74 78 82 85 90 93 102 104 109 110 112 117 118 130 143 148 153 154 157 170 176 178 180 186 189 197 198 201 220 221 229 243 244 246 250 252 255 256 258 261 268 271 272 274 277 280 281 284 285 289 290 297 298 303 306 
185 60 0 2 12 20 24 25 48 49 56 63 64 66 70 77 78 90 93 94 102 104 106 112 122 129 138 139 148 152 153 163 164 177 186 201 207 220 230 232 234 238 241 244 245 249 250 253 255 257 260 263 264 265 266 272 281 284 289 303 316 317 
186 82 7 15 17 18 21 25 27 28 29 31 33 46 50 52 56 64 66 67 68 69 71 75 83 84 89 90 95 97 99 103 105 109 110 112 115 118 133 134 137 139 153 154 156 158 159 162 167 169 176 183 184 185 190 191 201 205 216 217 218 227 230 232 237 238 239 248 255 260 277 279 280 287 288 289 297 299 301 303 311 315 318 319 
187 61 4 11 13 20 27 29 34 35 42 43 46 54 67 77 79 80 84 91 94 95 102 108 109 113 123 132 145 152 155 159 163 175 182 196 203 207 208 217 218 220 221 226 229 236 240 242 245 255 256 274 276 277 278 281 284 285 289 291 308 311 317 
188 66 13 26 35 37 41 43 44 52 53 74 83 85 89 92 93 99 101 104 105 108 113 124 126 128 131 134 138 140 145 148 156 159 165 174 182 192 201 205 207 209 211 214 219 226 228 233 238 244 245 246 251 253 263 265 276 282 283 284 293 302 305 306 307 310 316 319 
189 80 1 2 7 12 13 14 15 20 24 32 37 42 48 61 63 65 67 72 89 93 95 116 119 120 127 131 138 139 142 143 144 153 156 157 158 163 165 167 168 176 180 184 191 198 200 201 202 204 205 216 224 229 230 232 238 248 254 257 260 265 266 268 269 270 272 282 284 285 288 289 290 294 297 298 305 311 314 316 318 319 
190 63 10 11 15 20 21 34 38 40 49 50 52 57 64 79 86 87 88 90 91 92 94 95 100 104 118 135 148 159 163 166 168 171 173 186 191 204 208 210 213 215 219 221 223 224 231 236 238 241 250 251 253 254 260 275 289 292 299 303 307 309 315 317 319 
191 65 4 6 10 14 21 28 30 37 39 46 49 60 62 64 72 74 75 79 83 89 91 95 105 107 110 111 114 116 120 125 126 127 137 141 154 155 161 162 163 171 177 180 182 186 189 190 210 213 216 223 228 229 238 240 253 255 259 270 274 296 302 306 311 316 318 
192 66 8 10 27 30 31 37 39 45 48 54 56 61 73 80 85 91 97 99 100 101 109 113 118 122 127 132 138 140 144 148 149 150 152 163 167 168 169 176 183 188 193 207 209 210 214 217 218 220 223 227 232 237 240 242 247 251 252 257 278 286 287 299 306 309 318 319 
193 66 11 14 17 21 23 29 42 44 45 46 50 51 56 59 62 63 68 69 71 73 78 83 84 85 93 116 121 126 129 137 148 156 159 160 161 168 172 183 192 194 195 198 202 210 217 218 220 222 229 237 250 257 263 265 268 270 272 275 286 293 296 301 304 305 306 310 
194 60 2 9 11 12 18 19 24 25 31 34 37 39 42 50 51 54 55 56 60 68 73 88 90 101 103 108 112 118 122 131 134 139 156 157 160 167 179 181 193 196 200 203 205 211 226 230 247 255 256 258 260 262 268 272 274 279 281 296 298 305 
195 55 4 15 17 26 41 42 44 49 52 62 72 73 77 85 94 114 115 121 129 130 135 141 143 144 150 153 155 157 171 173 175 178 193 196 206 208 209 212 216 232 234 236 243 250 251 252 261 267 276 282 283 292 293 299 319 
196 62 1 3 4 14 16 18 25 26 31 35 36 47 63 82 87 88 90 93 98 99 106 114 118 127 141 144 145 156 161 163 170 171 177 181 187 194 195 201 205 207 213 218 225 226 239 243 251 252 262 266 267 271 289 291 295 298 300 305 306 307 311 315 
197 59 0 1 8 13 16 20 21 22 23 26 27 36 39 40 60 67 84 104 120 122 125 129 131 134 143 145 147 148 152 162 164 170 171 174 181 184 199 200 203 205 207 210 217 223 235 242 248 254 259 264 271 272 280 292 299 302 305 315 316 
198 54 16 21 28 41 48 54 57 60 67 71 82 83 92 95 98 101 103 107 109 115 120 137 141 151 152 155 158 167 169 184 189 193 201 215 218 231 257 264 265 274 278 279 285 287 288 290 294 299 301 304 306 307 310 319 
199 62 2 11 13 16 31 37 39 42 43 44 49 51 52 60 62 66 68 74 77 85 86 94 102 107 118 122 123 129 142 150 159 171 175 176 179 180 181 183 197 204 205 209 214 227 230 235 238 243 245 252 267 271 275 281 287 289 294 298 301 306 311 315 
200 69 0 3 17 21 25 28 36 41 42 44 45 47 53 54 64 66 78 97 104 110 112 114 116 117 124 125 126 128 147 151 155 167 175 189 194 197 203 206 207 214 219 220 221 225 229 238 239 243 244 254 255 256 257 260 263 264 266 268 269 273 274 275 280 285 300 303 305 306 314 
201 66 9 18 19 25 29 36 40 42 45 46 50 53 55 57 64 80 86 101 108 109 122 131 132 142 144 148 154 164 167 176 177 181 184 185 186 188 189 196 198 202 203 206 221 225 228 230 231 234 246 260 261 262 263 264 278 281 283 285 294 299 303 304 305 308 309 310 
202 62 0 13 17 23 24 34 36 37 39 47 55 65 70 72 74 75 81 89 90 102 107 110 120 121 125 126 137 138 140 142 145 160 166 168 171 172 175 177 178 180 181 183 189 193 201 206 216 237 239 245 260 261 271 273 274 283 286 288 289 297 299 319 
203 63 1 3 7 18 20 21 35 48 52 65 67 68 70 72 78 86 87 88 90 91 99 112 117 119 124 144 147 151 155 160 167 173 178 187 194 197 200 201 207 213 214 216 222 224 233 235 237 243 245 248 249 263 267 269 274 282 287 288 295 296 309 310 317 
204 68 2 4 7 17 19 28 30 31 34 35 37 39 41 44 45 52 57 70 73 75 93 97 98 99 101 110 112 114 117 119 124 136 142 144 153 163 169 170 175 178 180 189 190 199 205 212 226 231 232 235 241 242 246 247 252 256 261 262 266 269 270 271 280 284 292 294 305 319 
205 72 0 2 4 8 14 26 31 32 34 51 54 56 57 59 66 67 85 87 93 95 101 106 112 113 116 118 119 130 131 138 144 145 146 149 158 167 168 173 174 180 186 188 189 194 196 197 199 204 213 219 231 232 233 242 246 248 252 254 261 266 267 274 276 278 282 290 294 296 303 308 312 317 
206 62 2 4 7 9 11 13 20 29 48 52 53 54 56 61 63 67 68 75 78 87 99 104 107 111 115 119 121 123 126 133 141 145 153 158 160 162 165 168 170 182 195 200 201 202 228 233 235 236 238 239 260 263 265 266 269 272 281 290 294 297 315 317 
207 68 3 7 9 16 17 20 28 49 51 54 56 65 72 74 77 80 81 83 88 92 95 105 107 116 117 120 133 144 145 149 150 157 160 166 172 185 187 188 192 196 197 200 203 208 212 219 221 222 224 225 227 230 241 245 255 271 274 291 292 293 295 298 303 307 309 311 312 316 
208 80 4 13 21 24 31 33 42 43 44 45 48 50 62 65 71 73 74 75 79 81 88 89 90 97 99 100 105 107 108 111 116 118 121 126 127 129 141 144 147 149 150 151 154 158 175 177 178 181 183 187 190 195 207 220 223 226 230 233 234 237 239 241 247 249 250 253 255 257 269 271 279 284 289 290 295 296 298 306 308 318 
209 76 6 10 17 18 22 26 32 42 53 56 57 63 65 66 69 75 77 80 81 83 91 100 103 105 106 108 112 114 117 124 128 129 130 147 153 154 160 162 168 172 174 175 176 183 188 192 195 199 210 211 216 218 221 227 230 234 235 237 241 242 245 255 265 271 274 278 284 292 296 297 300 306 308 311 314 319 
210 53 6 8 15 18 49 50 55 60 62 64 69 95 98 100 105 107 108 110 122 135 137 144 149 153 154 155 160 165 180 190 191 192 193 197 209 211 220 229 232 233 234 243 245 250 260 263 270 278 280 296 299 307 316 
211 57 4 9 16 19 30 35 48 52 56 57 61 62 63 68 69 71 77 80 85 94 101 103 112 120 123 125 129 132 138 143 145 146 150 176 188 194 209 210 214 215 228 231 235 236 238 248 266 277 278 283 297 298 299 300 304 307 313 
212 55 17 37 52 53 56 57 60 62 71 72 76 78 80 84 87 90 93 94 95 100 103 104 109 113 118 131 132 136 143 144 151 153 161 167 170 171 174 178 195 204 207 219 225 244 258 271 279 288 301 303 305 306 312 314 316 
213 68 10 13 16 18 24 38 43 45 47 53 56 61 62 66 69 71 72 77 78 87 88 92 101 107 113 115 117 121 128 133 135 137 138 139 140 143 144 149 154 166 174 190 191 196 203 205 223 228 230 231 233 235 237 239 240 244 245 253 256 259 271 275 276 279 281 286 295 315 
214 69 0 4 6 21 22 23 24 26 27 28 29 34 36 38 40 48 60 61 67 68 69 72 93 95 96 100 106 108 110 123 126 128 129 130 135 138 141 142 149 154 161 167 168 170 173 182 188 192 199 200 203 211 216 217 218 219 225 250 254 261 274 280 284 287 300 305 306 307 315 
215 60 3 11 19 30 37 39 41 42 43 47 55 56 65 73 86 91 96 105 114 116 117 121 131 139 142 148 150 152 163 164 168 170 171 182 183 190 198 211 217 221 223 228 232 236 239 242 243 251 253 254 271 282 283 288 291 292 297 298 299 303 
216 67 0 11 14 22 26 34 36 43 44 57 62 66 69 72 74 78 80 82 84 88 90 94 97 98 106 109 115 116 119 121 125 127 128 130 131 132 133 140 142 146 151 170 173 176 186 189 191 195 202 203 209 214 219 229 230 235 245 248 253 254 264 273 279 286 298 314 316 
217 62 0 9 15 19 20 28 30 39 41 43 55 69 70 74 76 79 82 84 87 93 96 112 114 115 122 138 145 162 164 165 168 169 181 186 187 192 193 197 214 215 222 223 224 226 227 238 250 252 255 260 264 265 271 272 273 274 280 289 290 291 294 318 
218 64 13 17 21 26 36 42 44 45 49 58 63 65 72 74 88 89 93 103 105 111 112 113 114 120 122 131 137 139 140 144 145 148 154 163 169 173 176 177 186 187 192 193 196 198 209 214 225 227 230 231 233 246 247 251 262 271 277 282 285 299 306 311 313 316 
219 47 15 19 23 31 44 49 63 78 86 89 96 100 104 110 112 117 119 133 135 137 145 157 167 169 175 188 190 200 205 207 212 214 216 220 222 226 233 237 269 271 279 284 289 299 302 305 317 
220 63 0 9 11 14 20 23 24 36 41 45 52 53 61 79 83 92 93 97 109 110 112 116 118 119 125 126 128 132 133 136 143 145 150 157 163 184 185 187 192 193 200 208 210 219 246 247 262 266 277 279 283 286 288 294 301 302 303 307 310 313 314 317 319 
221 72 2 17 23 24 28 30 31 35 36 38 41 43 49 52 61 62 68 69 74 77 78 81 88 96 101 102 110 117 120 126 128 130 135 137 143 145 154 155 166 168 169 170 171 172 180 182 184 187 190 200 201 207 209 215 227 238 242 249 256 264 267 268 269 270 272 273 274 275 286 298 301 310 
222 58 1 5 8 12 19 20 26 28 41 42 45 52 54 60 61 65 71 72 77 81 95 113 118 128 138 147 152 153 157 160 165 175 180 181 193 203 207 217 219 235 241 257 258 262 267 269 273 275 284 292 293 294 298 301 306 308 312 313 
223 63 6 11 13 17 27 28 33 35 39 44 45 50 52 58 65 66 77 78 84 98 100 104 105 108 111 113 118 122 123 125 130 135 146 151 157 158 162 169 170 180 181 183 190 191 192 197 208 213 215 217 227 238 239 243 245 252 258 273 276 288 298 301 317 
224 58 4 7 8 16 32 37 40 44 48 52 59 76 78 83 84 100 115 118 126 130 133 134 141 151 155 159 161 164 167 173 176 178 189 190 203 207 217 225 226 231 233 240 241 243 245 254 259 268 274 279 287 289 297 298 303 309 314 319 
225 66 3 10 19 24 28 33 34 37 44 51 59 60 62 71 75 89 93 95 100 112 116 119 122 125 134 156 160 164 169 170 196 200 201 207 212 214 218 224 226 227 235 237 240 241 242 246 252 256 257 259 260 263 264 269 279 288 290 300 304 305 306 308 310 313 316 317 
226 70 6 19 20 21 29 32 35 36 40 42 45 48 53 57 58 61 62 77 83 85 88 94 101 107 108 115 120 121 125 126 128 137 140 141 169 172 174 182 183 187 188 194 196 204 208 217 219 224 225 228 238 241 242 244 245 246 252 253 254 266 275 280 286 288 290 293 294 302 306 317 
227 55 4 7 13 21 23 35 36 43 51 58 68 70 73 75 81 92 93 100 101 103 113 133 134 140 144 150 153 158 186 192 199 207 209 217 218 221 223 225 233 234 243 249 251 252 254 256 262 275 279 285 292 296 301 312 314 
228 66 0 6 10 15 17 21 26 29 31 33 34 52 61 63 68 71 83 85 86 87 94 95 96 104 108 134 138 139 150 156 157 162 169 170 174 179 180 182 183 188 191 201 206 211 213 215 226 230 232 238 240 241 247 248 255 268 270 277 281 282 292 296 299 305 311 317 
229 66 4 9 12 13 23 30 35 39 40 49 58 67 77 81 83 87 89 90 96 98 107 110 120 121 127 128 130 132 134 137 138 141 147 148 154 158 166 169 173 174 175 184 187 189 191 193 200 210 216 237 238 239 247 269 270 283 284 287 290 295 297 298 299 306 312 313 
230 62 2 5 7 15 19 32 35 42 49 60 63 69 78 85 88 93 94 101 113 120 134 142 148 150 151 155 168 174 181 182 185 186 189 194 199 201 207 208 209 213 216 218 228 233 240 244 248 251 252 256 262 268 269 277 283 287 290 295 297 301 305 316 
231 53 0 5 7 21 24 25 32 50 51 60 72 76 78 81 90 95 104 108 116 119 120 124 125 127 134 142 153 155 157 161 168 173 177 190 198 201 204 205 211 213 218 224 234 238 244 256 261 264 274 278 279 284 290 
232 77 0 4 9 28 32 35 36 44 46 52 60 65 77 82 84 93 94 101 102 103 104 105 111 112 115 118 123 129 135 136 137 138 140 142 145 148 149 155 159 168 171 173 174 176 182 185 186 189 192 195 204 205 210 215 228 234 235 236 243 245 247 255 262 268 271 272 273 274 276 282 290 298 299 302 311 315 318 
233 66 1 2 3 7 11 16 27 41 52 53 59 61 67 75 84 87 88 89 91 97 103 111 120 130 133 137 143 152 156 162 174 175 176 178 188 203 205 206 208 210 213 218 219 224 227 230 234 239 242 244 248 249 254 256 263 264 274 284 285 299 308 309 310 311 313 317 
234 64 3 7 20 22 28 30 34 35 36 44 45 46 54 59 60 61 66 72 78 79 82 87 93 95 97 105 115 119 120 123 135 137 138 148 149 151 159 162 164 170 183 185 195 201 208 209 210 227 231 232 233 238 251 254 256 269 277 287 289 291 293 298 304 306 
235 58 12 13 14 16 18 26 35 36 39 41 43 48 50 53 59 63 64 66 69 77 80 84 98 101 103 106 107 125 140 156 162 166 197 199 203 204 206 209 211 213 216 222 225 232 237 240 243 247 249 259 263 271 275 279 285 292 300 317 
236 73 3 4 5 6 27 29 32 33 34 35 38 39 45 46 47 57 62 66 68 74 82 84 90 96 100 106 112 113 115 119 120 135 146 147 151 153 158 162 165 169 179 180 183 187 190 195 206 211 215 232 239 240 247 250 257 258 262 265 266 269 275 277 278 282 284 288 290 291 293 300 308 314 318 
237 64 1 7 11 18 28 32 40 44 47 59 61 67 68 72 76 77 83 84 86 87 95 97 111 114 121 125 126 129 131 135 137 148 155 159 165 168 186 192 193 202 203 208 209 213 219 225 229 235 243 252 254 257 266 270 271 276 288 291 292 293 296 298 299 302 
238 69 0 7 9 10 13 19 31 35 37 48 50 61 86 91 93 97 107 111 118 124 128 129 131 133 134 136 137 145 146 149 152 170 176 177 178 180 185 186 188 189 190 191 199 200 206 211 217 221 223 226 228 229 231 234 239 251 253 255 266 268 273 282 283 288 291 296 297 314 319 
239 71 0 3 15 18 34 35 41 42 43 51 56 57 59 60 62 64 65 66 67 75 79 87 90 91 96 105 108 109 127 129 131 132 136 141 149 154 175 181 186 196 200 202 206 208 213 215 223 229 233 236 238 242 243 252 254 257 269 270 274 276 279 283 288 291 296 301 302 305 312 316 317 
240 58 2 8 18 30 42 47 70 72 73 75 81 88 93 104 105 107 110 111 113 119 120 122 138 143 146 151 171 173 175 181 187 191 192 213 224 225 228 230 235 236 244 249 251 255 258 259 264 266 270 276 283 284 285 291 298 304 309 311 
241 56 8 18 21 22 32 42 44 46 49 53 66 71 78 79 83 85 89 90 91 96 99 101 107 113 118 119 120 123 128 136 149 151 160 163 185 190 204 207 208 209 222 224 225 226 228 262 268 272 274 286 287 288 289 290 293 306 
242 65 6 7 10 12 17 33 34 48 57 62 68 74 79 86 95 97 100 106 107 109 112 116 124 125 134 135 143 147 149 153 159 162 165 173 179 187 192 197 204 205 209 215 221 225 226 233 239 244 251 257 259 260 267 276 277 280 284 286 288 293 294 305 306 308 309 
243 71 4 6 8 9 18 24 27 30 31 33 34 36 38 39 48 51 53 56 57 61 70 71 76 91 95 97 98 101 103 104 106 108 119 125 135 140 141 154 158 165 173 175 176 178 184 195 196 199 200 203 210 215 223 224 227 232 235 237 239 244 245 247 249 253 269 273 285 298 302 317 319 
244 65 7 10 12 13 14 15 16 19 21 25 26 38 42 59 63 72 73 75 82 85 86 87 90 102 111 123 125 127 133 138 140 142 143 144 152 154 165 169 176 184 185 188 200 212 213 226 230 231 233 240 242 243 245 247 248 252 254 257 262 276 277 278 283 290 294 
245 77 5 8 11 12 17 18 19 25 31 33 39 44 46 49 50 54 56 60 61 63 67 71 78 79 83 92 95 96 108 117 123 124 126 131 145 147 151 155 160 165 170 185 187 188 199 202 203 207 209 210 213 216 223 224 226 232 243 244 248 253 254 255 258 262 267 273 277 278 286 287 297 299 300 302 311 318 319 
246 54 4 9 12 15 18 28 29 30 31 37 54 56 57 58 64 69 70 76 83 86 93 99 101 104 107 110 114 116 118 142 147 165 173 174 180 182 184 188 201 204 205 218 220 225 226 269 274 282 297 300 302 312 314 318 
247 61 2 3 4 5 9 10 25 30 35 42 43 56 60 63 77 82 86 95 103 112 118 119 121 122 125 129 136 144 146 148 171 178 179 181 182 192 194 204 208 218 220 228 229 232 235 236 243 244 248 249 253 254 256 260 267 268 293 294 299 307 312 
248 74 2 3 4 11 13 15 17 18 21 22 25 27 31 35 41 43 56 58 68 69 70 71 74 77 79 81 83 96 106 113 118 126 128 129 130 131 135 138 140 142 144 145 149 150 157 161 164 170 180 181 183 186 189 197 203 205 211 216 228 230 233 244 245 247 251 259 264 265 268 282 300 305 307 312 
249 61 2 8 14 24 26 27 34 35 39 40 48 54 67 70 75 78 84 90 109 111 121 123 127 128 135 136 137 156 158 166 173 185 203 208 221 227 233 235 240 243 247 251 254 255 256 262 264 265 266 268 269 270 271 272 274 275 283 307 308 310 312 
250 72 3 8 9 10 11 18 19 20 25 26 29 30 35 46 54 63 75 76 80 82 86 90 95 98 100 103 115 119 120 121 139 145 146 151 153 154 164 165 168 169 173 180 184 185 190 193 195 208 210 214 217 236 252 255 257 261 267 268 270 276 277 278 282 283 286 288 292 300 302 308 309 316 
251 59 6 8 9 20 21 27 30 34 39 41 42 43 48 54 73 78 87 98 111 113 126 128 131 133 145 146 148 149 150 152 156 161 165 177 181 188 190 192 195 196 215 218 227 230 234 238 240 242 248 249 265 273 283 293 297 300 303 312 315 
252 66 3 5 7 13 15 17 50 69 74 78 80 86 91 92 94 96 107 109 112 114 117 125 126 138 140 143 148 155 165 168 173 174 180 181 184 192 195 196 199 204 205 217 223 225 226 227 230 237 239 244 250 255 259 265 271 272 274 277 284 285 294 296 299 302 304 318 
253 45 3 4 8 12 14 19 24 34 58 78 87 99 101 109 112 118 120 143 148 158 167 185 188 190 191 208 213 215 216 226 238 243 245 247 256 264 268 271 272 277 286 294 306 309 312 
254 66 8 19 25 29 38 39 40 42 49 52 62 64 65 71 73 75 76 78 79 84 87 91 100 104 109 110 116 130 133 134 136 137 145 169 180 181 182 189 190 197 200 205 214 215 216 224 226 227 233 234 237 239 244 245 247 249 257 265 266 269 271 278 289 297 310 312 
255 79 7 8 9 15 16 26 27 29 31 32 33 39 56 59 62 76 82 85 87 88 93 98 107 110 111 113 117 121 123 127 129 137 144 145 146 147 148 150 153 154 159 163 171 172 182 184 185 186 187 191 194 200 207 208 209 217 228 232 238 240 245 249 250 252 256 261 266 275 277 279 281 285 286 290 292 294 300 310 318 
256 60 2 4 6 8 16 29 37 42 46 48 49 50 53 60 61 64 74 81 87 91 98 108 111 113 122 123 128 129 133 144 151 155 157 161 184 187 194 200 204 213 221 225 227 230 231 233 234 247 249 253 255 265 268 276 277 284 298 304 309 311 
257 73 4 9 10 15 16 23 27 30 34 35 38 42 44 47 48 55 63 70 72 77 80 83 84 87 89 91 93 97 98 103 122 127 130 135 137 144 149 166 169 172 174 180 182 185 189 192 193 198 200 208 222 225 236 237 239 242 244 250 254 259 260 265 266 270 273 278 288 293 303 307 309 317 318 
258 55 2 4 8 15 18 20 26 29 31 36 50 52 56 60 68 70 80 86 94 97 110 116 117 122 124 126 127 131 135 138 145 151 154 160 172 174 175 178 181 184 194 212 222 223 236 240 245 262 266 270 276 283 292 306 319 
259 56 4 13 16 18 28 35 39 41 78 81 84 93 95 108 115 118 119 121 124 126 127 132 140 155 160 162 164 171 177 182 191 197 213 224 225 235 240 242 248 252 257 260 261 270 273 279 280 286 287 294 296 300 302 305 309 315 
260 66 3 9 12 13 15 17 19 37 49 55 56 60 78 79 80 86 87 93 94 100 103 114 117 124 125 142 145 155 159 161 162 165 166 170 174 183 185 186 189 190 194 200 201 202 206 210 217 225 242 247 257 259 264 267 278 282 284 287 288 291 303 304 305 308 315 318 
261 71 2 11 16 18 21 22 28 33 35 41 45 46 57 58 59 64 69 72 77 87 89 90 94 99 100 101 103 104 111 115 124 125 132 133 140 141 144 147 151 153 173 174 175 176 177 178 179 184 195 201 202 204 205 214 231 250 255 259 262 271 275 280 287 289 291 297 299 302 307 310 311 
262 64 16 19 21 29 32 35 40 41 44 52 53 60 61 67 69 71 72 74 78 101 104 108 119 129 132 133 147 152 154 163 170 182 183 194 196 201 204 218 220 222 227 230 232 236 241 244 245 249 258 261 264 266 274 279 282 284 286 291 302 304 306 315 318 319 
263 53 15 33 36 42 61 62 66 70 74 79 85 92 96 97 110 113 121 128 129 135 136 137 139 141 144 153 155 156 159 185 188 193 200 201 203 206 210 225 233 235 274 277 278 284 287 290 294 298 304 305 306 315 318 
264 57 7 20 21 29 30 38 43 44 49 52 54 56 58 61 67 77 89 91 95 97 102 103 105 111 121 145 148 149 157 164 174 178 185 197 198 200 201 216 217 221 225 231 233 240 248 249 253 260 262 269 282 284 294 298 300 311 317 
265 70 6 8 14 15 20 22 23 29 35 39 45 50 51 55 56 60 62 64 69 70 71 73 79 86 100 101 102 110 112 115 118 119 127 133 136 137 138 140 146 154 169 180 185 188 189 193 198 206 209 217 236 248 249 251 252 254 256 257 266 270 274 275 278 279 293 296 304 311 312 316 
266 72 4 5 10 29 30 34 37 43 44 46 50 52 53 60 73 76 81 86 90 92 95 96 100 101 103 111 118 119 126 134 141 143 146 147 149 159 164 166 173 178 179 185 189 196 200 204 205 206 211 220 226 236 237 238 240 249 254 255 257 258 262 265 272 280 287 301 304 308 309 312 318 319 
267 56 0 1 2 14 16 20 29 33 37 38 40 43 45 56 59 62 65 72 75 80 82 83 90 99 118 124 130 136 138 144 147 148 149 153 159 164 175 179 195 196 199 203 205 221 222 242 245 247 250 260 279 289 292 316 317 319 
268 69 4 5 8 12 23 27 29 49 53 59 61 63 68 71 72 75 76 84 86 95 102 105 107 109 112 113 120 122 127 128 132 152 157 168 173 174 180 184 189 193 194 200 221 224 228 230 232 238 241 247 248 249 250 253 256 269 270 271 272 275 276 278 285 292 293 302 310 313 316 
269 81 0 2 12 17 24 27 29 35 36 37 43 44 45 50 56 62 64 65 67 69 74 77 80 82 87 91 94 99 104 105 109 111 114 117 118 120 121 127 137 138 156 157 158 164 165 166 168 170 172 180 189 200 203 204 206 208 219 221 222 225 229 230 234 236 239 243 246 249 254 264 268 271 274 277 279 280 283 286 290 291 314 
270 64 0 5 6 10 15 24 31 39 45 47 57 62 67 69 70 73 76 92 114 119 120 123 130 131 132 136 141 144 145 149 155 158 159 160 166 189 191 193 204 210 221 228 229 237 239 240 249 250 257 258 259 265 268 271 272 277 290 297 300 301 303 306 310 313 
271 67 2 9 10 33 40 44 46 52 61 62 68 73 82 83 88 96 101 105 113 118 122 124 131 134 135 139 140 145 159 167 170 171 175 184 196 197 199 202 204 207 208 209 212 213 215 217 218 219 232 235 237 249 252 253 254 261 268 269 270 277 279 282 289 300 305 306 319 
272 59 3 4 9 15 20 27 32 35 40 44 55 61 63 64 66 76 80 83 86 91 107 108 123 129 139 142 150 157 163 164 173 184 185 189 193 194 197 206 217 221 232 241 249 252 253 266 268 270 274 279 280 281 282 287 288 296 302 303 312 
273 62 7 8 10 13 14 21 22 28 34 36 38 44 53 54 59 61 66 67 70 76 81 99 100 104 106 123 132 137 138 144 150 151 157 161 166 168 172 174 178 179 180 200 202 216 217 221 222 223 232 238 243 245 251 257 259 280 293 301 308 313 314 317 
274 65 1 11 16 25 26 27 36 42 58 62 63 64 67 70 78 79 81 90 91 95 105 122 134 137 138 148 150 152 161 163 164 176 177 184 187 191 194 198 200 202 203 205 207 209 214 217 221 224 231 232 233 239 241 246 249 252 262 263 265 269 272 291 295 296 314 
275 68 13 15 17 21 22 24 26 33 34 42 47 49 52 58 61 78 79 83 84 88 92 94 104 105 115 122 127 129 131 133 134 135 138 144 145 152 156 158 159 165 175 178 181 190 193 199 200 213 221 222 226 227 235 236 249 255 261 265 268 279 284 285 292 293 296 299 301 315 
276 62 0 2 16 23 27 34 41 50 55 57 62 69 74 83 88 93 98 104 105 111 115 119 120 123 124 129 130 139 145 147 151 155 165 173 174 175 177 178 182 187 188 195 205 213 223 232 237 239 240 242 244 250 256 258 268 277 280 282 288 292 310 311 
277 70 2 6 7 8 21 26 35 38 42 43 45 49 50 69 70 85 87 92 103 105 113 119 120 121 123 125 137 139 144 145 148 149 150 151 156 157 163 169 174 178 182 184 186 187 211 218 220 228 230 234 236 242 244 245 250 252 253 255 256 263 269 270 271 276 278 280 284 285 293 307 
278 57 1 11 12 21 23 30 33 38 40 44 50 59 67 71 78 82 85 99 113 121 133 134 142 144 146 155 158 159 171 176 177 187 192 198 201 205 209 210 211 231 236 244 245 250 254 257 260 263 265 268 277 279 284 295 303 304 314 
279 71 4 6 8 10 11 12 14 16 17 25 31 32 40 41 48 54 62 69 71 73 83 85 88 92 94 110 114 123 132 149 152 154 163 167 168 177 179 186 194 198 208 212 213 216 219 220 224 225 227 231 235 239 255 259 262 265 267 269 271 272 275 278 280 289 291 294 299 304 314 316 318 
280 64 2 8 10 18 19 26 35 43 48 50 53 56 58 59 63 64 65 70 72 74 75 81 112 114 123 132 135 142 143 153 158 170 171 172 181 184 186 197 200 204 210 214 217 226 242 259 261 266 269 272 273 276 277 279 290 292 296 298 301 307 308 312 313 316 
281 54 0 2 3 5 6 12 16 21 30 34 37 45 46 51 53 55 61 62 63 66 78 79 105 116 117 129 134 136 141 147 156 166 169 179 181 184 185 187 194 199 201 206 213 228 255 272 287 290 291 292 293 294 299 315 
282 61 4 8 26 28 31 35 39 51 53 58 103 104 107 114 116 117 122 133 136 145 146 151 152 153 156 157 160 161 165 172 176 177 179 188 189 195 203 205 215 218 228 232 236 238 246 248 250 260 262 264 271 272 276 283 284 287 292 299 303 316 319 
283 54 14 25 26 29 31 34 39 42 51 57 59 67 75 82 95 100 101 106 108 112 123 124 125 140 162 164 176 177 178 188 195 201 202 211 215 220 229 230 238 239 240 244 249 250 251 258 269 282 288 296 301 306 317 318 
284 73 9 14 17 19 35 43 47 48 52 55 66 71 81 88 89 95 100 103 105 109 117 120 121 130 135 139 146 151 161 163 166 173 178 180 182 184 185 187 188 189 204 208 209 214 219 222 229 231 233 236 240 242 252 256 260 262 263 264 275 277 278 282 291 296 297 299 303 306 309 313 314 318 319 
285 65 0 12 13 14 15 18 22 28 35 38 39 40 41 43 45 55 64 77 79 83 89 98 101 104 118 121 122 123 126 129 131 132 143 158 162 163 168 169 170 172 177 179 184 187 189 198 200 201 218 227 233 235 240 243 252 255 268 275 277 288 291 295 296 312 317 
286 63 14 15 18 20 21 24 25 41 42 46 50 59 64 66 73 74 80 81 82 92 96 100 101 110 112 114 117 118 120 122 123 125 127 128 135 142 155 170 171 173 178 181 192 193 202 213 216 220 221 226 241 242 245 250 253 255 259 262 269 293 301 312 314 
287 66 2 3 10 24 26 30 33 38 42 47 60 61 69 72 82 87 89 93 95 100 107 109 117 119 126 137 142 143 145 149 151 153 156 170 171 175 180 186 192 198 199 203 214 224 229 230 234 241 245 259 260 261 263 266 272 281 282 289 291 292 294 296 302 305 311 318 
288 67 1 3 9 11 12 22 33 34 35 36 37 50 56 57 68 69 71 72 73 83 84 87 88 89 90 96 101 102 111 113 122 136 139 147 152 153 160 165 172 174 186 189 198 202 203 212 215 220 223 225 226 236 237 238 239 241 242 250 257 260 272 276 283 285 301 312 315 
289 75 3 8 9 10 11 15 18 32 40 42 44 45 50 54 58 62 63 66 67 68 77 79 83 86 93 94 102 119 128 131 137 140 141 142 144 145 156 157 159 170 172 182 184 185 186 187 189 190 196 199 202 208 217 219 224 234 241 254 261 267 271 279 287 290 292 294 295 297 298 302 305 308 311 313 318 
290 75 1 2 8 9 12 14 15 17 18 23 32 35 36 40 41 43 48 49 62 63 67 73 82 84 90 92 98 104 107 120 135 139 145 148 149 151 156 158 160 168 171 172 173 174 184 189 198 205 206 208 217 225 226 229 230 231 232 236 241 244 255 263 269 270 280 281 289 291 297 300 302 306 309 314 317 
291 60 2 5 13 18 22 29 33 36 42 47 55 61 64 66 67 75 78 84 89 91 93 95 97 99 101 134 136 158 160 163 171 178 179 187 196 207 215 217 234 236 237 238 239 240 260 261 262 269 274 279 281 284 285 287 290 298 309 312 313 318 
292 65 8 13 16 33 43 45 46 47 53 59 74 81 87 103 105 106 111 120 124 128 131 133 138 139 141 148 150 153 154 155 161 164 166 167 176 179 180 190 195 197 204 207 209 215 222 227 228 235 237 250 255 258 267 268 275 276 280 281 282 287 289 301 305 312 313 
293 62 0 8 10 28 31 32 35 39 41 48 57 61 71 84 87 95 105 116 118 120 123 125 130 144 145 153 155 159 162 165 167 171 172 176 177 178 182 188 193 195 207 222 226 234 236 237 241 242 247 251 257 265 268 273 275 277 281 286 300 301 307 310 
294 71 3 15 20 32 33 47 51 54 64 67 71 77 80 81 82 86 97 99 101 107 111 120 125 128 132 137 141 144 146 155 159 160 161 162 170 174 175 177 189 198 199 201 204 205 206 217 220 222 226 242 244 247 252 253 255 259 263 264 279 281 287 289 295 296 300 301 304 308 314 316 318 
295 56 3 22 28 29 32 35 41 53 55 57 68 70 71 73 81 83 92 97 101 104 110 112 115 118 121 123 124 127 128 131 139 141 144 148 150 153 156 161 167 182 183 196 203 207 208 213 229 230 274 278 285 289 294 314 317 319 
296 62 3 10 14 18 37 54 66 73 80 82 94 97 106 107 108 111 113 125 128 130 132 134 137 138 140 144 149 155 163 167 181 191 193 194 203 205 208 209 210 227 228 237 238 239 252 259 265 272 274 275 280 283 284 285 287 294 299 300 302 315 316 319 
297 71 1 8 10 13 19 21 24 31 33 36 38 43 48 51 53 54 63 64 71 72 77 82 83 89 94 96 101 111 115 116 131 135 136 137 139 141 142 145 149 153 157 167 170 178 183 184 186 189 202 206 209 211 215 224 229 230 238 245 246 251 254 261 270 284 289 290 299 301 305 307 314 
298 62 13 14 15 16 22 41 51 54 67 72 73 74 76 87 90 93 107 117 118 119 120 128 129 131 133 143 144 153 157 163 167 169 170 171 176 184 189 194 196 199 207 208 211 215 216 221 222 223 224 229 232 234 237 240 243 256 263 264 280 289 291 306 
299 79 1 3 13 18 23 24 30 39 45 46 47 59 61 63 67 68 73 74 77 78 79 85 86 99 102 103 108 112 118 126 129 132 142 149 150 154 157 158 160 163 169 171 186 190 192 195 197 198 201 202 210 211 215 218 219 228 229 232 233 237 245 247 252 261 275 279 281 282 284 296 297 300 301 304 312 315 316 317 318 
300 60 4 6 7 38 40 47 49 57 60 63 67 79 90 99 100 106 109 111 112 120 122 127 128 130 145 148 152 169 172 173 178 179 196 200 209 211 214 225 235 236 245 246 248 250 251 255 259 264 270 271 290 293 294 296 299 307 309 314 317 318 
301 64 9 15 19 20 22 36 38 46 47 50 51 53 54 56 57 67 68 73 76 85 90 92 96 108 117 120 121 124 128 139 142 143 152 172 173 186 193 198 199 212 220 221 222 223 227 230 239 266 270 273 275 280 283 286 288 292 293 294 297 299 311 312 317 319 
302 50 10 11 13 17 25 28 32 53 58 61 62 73 75 76 77 123 127 137 142 149 155 170 174 177 183 188 191 197 219 220 226 232 237 239 243 245 246 250 252 259 261 262 268 272 287 289 290 296 305 313 
303 66 3 4 6 16 20 41 47 49 51 60 64 66 69 70 75 82 94 100 101 104 106 109 112 114 129 134 136 137 141 144 145 148 152 154 157 159 164 173 180 181 183 184 185 186 190 200 201 205 207 212 215 220 224 251 257 260 270 272 278 282 284 304 307 308 310 317 
304 66 2 6 8 9 11 19 22 26 30 31 34 36 37 50 53 57 60 69 74 88 89 93 95 98 103 104 105 112 120 124 125 127 137 139 146 148 158 161 169 171 181 183 193 198 201 211 225 234 240 252 256 260 262 263 265 266 278 279 294 299 303 308 309 310 317 318 
305 65 0 3 4 12 25 30 43 44 50 54 56 62 66 70 71 72 85 93 103 119 123 124 125 138 144 147 150 154 155 162 165 168 170 173 178 181 188 189 193 194 196 197 200 201 204 212 214 219 225 228 230 239 242 248 259 260 263 271 287 289 292 297 302 314 317 
306 68 2 11 27 33 39 41 43 44 48 51 55 57 61 64 66 78 88 94 96 101 102 104 108 114 126 138 141 142 144 154 155 160 166 170 177 183 184 188 191 192 193 196 198 199 200 208 209 212 214 218 222 225 226 229 234 241 242 253 258 262 263 270 271 283 284 290 298 308 
307 62 1 8 10 11 15 26 29 30 31 32 34 40 50 57 69 72 75 80 85 90 95 105 111 113 118 120 122 128 132 138 139 150 155 156 160 166 167 169 173 188 190 196 198 207 210 211 214 220 247 248 249 257 261 277 280 293 297 300 303 310 312 314 
308 60 5 12 14 15 19 22 27 28 32 35 36 38 66 74 80 85 86 88 92 102 109 110 111 116 118 123 125 128 131 133 145 149 163 164 172 176 187 201 205 208 209 222 225 233 236 242 249 250 260 266 273 280 289 294 303 304 306 312 314 318 
309 70 5 10 11 12 24 25 26 33 40 42 47 56 57 58 59 63 68 70 73 74 78 81 91 94 95 96 101 102 105 106 109 114 115 116 118 119 124 126 127 129 132 136 137 142 143 148 151 157 169 180 190 192 201 203 207 224 233 240 242 250 253 256 257 259 266 284 290 291 300 304 
310 51 0 8 14 17 29 34 37 38 40 44 46 48 54 56 74 81 98 102 113 117 126 131 143 152 153 156 157 159 166 178 188 193 198 201 203 220 221 225 233 249 254 255 261 268 270 276 293 303 304 307 317 
311 54 11 15 19 20 29 34 42 47 49 62 65 66 71 85 89 90 95 99 100 106 117 131 146 148 157 168 169 172 174 179 182 186 187 189 191 196 199 207 209 218 228 232 233 240 245 256 261 264 265 276 287 289 301 317 
312 67 6 7 9 11 15 16 18 30 31 35 36 39 41 42 52 54 55 59 62 64 66 71 77 81 86 87 95 111 118 122 130 138 142 150 161 163 166 169 205 207 212 222 227 229 239 246 247 248 249 251 253 254 265 266 272 280 285 286 288 291 292 299 301 307 308 314 316 
313 52 2 4 5 27 28 32 35 49 55 57 61 66 73 82 84 87 91 93 99 109 112 117 121 128 130 132 148 157 164 166 167 172 177 178 179 182 211 218 220 222 225 229 233 268 270 273 280 284 289 291 292 302 
314 61 10 19 23 24 31 36 42 47 51 56 58 71 73 74 76 85 87 97 98 101 104 112 117 118 137 149 156 160 166 169 173 175 176 183 189 200 209 212 216 220 224 227 236 238 246 269 273 274 278 279 284 286 290 294 295 297 300 305 307 308 312 
315 45 6 19 29 32 36 51 54 63 64 66 71 83 87 90 123 124 126 134 135 140 146 154 166 171 182 183 186 190 196 197 199 206 213 214 232 251 259 260 262 263 275 281 288 296 299 
316 70 6 8 18 34 39 43 45 48 51 52 53 54 56 61 71 76 87 88 89 92 98 100 104 109 111 118 122 123 133 134 137 138 142 147 150 151 158 160 161 163 170 172 175 179 181 185 188 189 191 197 207 210 212 216 218 225 230 239 250 265 267 268 279 280 282 294 296 299 312 318 
317 61 3 4 6 35 65 76 82 91 98 101 102 113 114 117 122 123 124 136 145 150 151 154 162 165 169 171 177 181 185 187 190 203 205 206 219 220 223 225 226 228 233 235 239 243 257 264 267 273 283 285 290 295 299 300 301 303 304 305 310 311 319 
318 59 2 12 17 19 20 21 23 28 36 42 45 47 51 58 74 75 82 85 87 89 104 112 115 118 130 152 155 168 176 178 186 189 191 192 208 217 232 236 245 246 252 255 257 260 262 263 266 279 283 284 287 289 291 294 299 300 304 308 316 
319 70 1 16 17 24 27 40 44 46 50 51 55 65 71 73 74 75 79 82 84 95 99 103 105 106 114 118 126 128 129 130 133 142 144 149 155 156 158 159 161 163 167 177 178 182 186 188 189 190 192 195 198 202 204 209 220 224 238 243 245 258 262 266 267 271 282 284 295 296 301 317 
