320 994
0 8 18 32 48 115 132 257 260 268 
1 5 30 86 134 198 240 
2 2 127 202 
3 4 147 220 262 271 
4 5 29 30 184 219 231 
5 2 110 294 
6 8 60 74 141 164 239 254 267 270 
7 5 82 161 227 260 316 
8 5 79 84 96 144 237 
9 8 41 52 61 149 175 182 215 228 
10 10 57 61 81 114 171 206 212 224 248 307 
11 7 13 31 56 70 102 239 291 
12 4 114 265 273 288 
13 9 11 77 134 179 202 228 254 298 315 
14 6 77 131 174 224 294 301 
15 5 206 212 235 262 288 
16 3 172 200 203 
17 5 19 110 128 194 205 
18 9 0 48 81 83 105 184 210 257 289 
19 6 17 119 137 260 301 319 
20 9 52 90 149 178 191 221 235 239 245 
21 6 30 31 63 116 204 275 
22 2 195 236 
23 3 110 122 229 
24 8 38 53 82 144 168 174 219 304 
25 6 96 102 174 271 279 311 
26 5 146 188 256 299 317 
27 4 193 255 261 282 
28 6 42 165 169 178 276 294 
29 10 4 114 146 165 187 194 224 263 284 294 
30 6 1 4 21 110 244 252 
31 13 11 21 41 66 70 95 102 134 151 183 220 236 270 
32 3 0 98 306 
33 6 155 179 229 237 253 282 
34 2 137 237 
35 6 113 127 147 156 302 316 
36 5 129 175 211 266 305 
37 3 114 210 225 
38 8 24 171 180 196 215 255 274 306 
39 9 121 135 155 157 195 224 243 247 274 
40 2 166 289 
41 7 9 31 56 175 266 277 313 
42 7 28 55 115 123 127 167 201 
43 8 53 82 121 145 191 251 265 295 
44 2 125 295 
45 3 68 202 292 
46 8 67 135 210 227 229 289 300 305 
47 5 64 82 109 163 307 
48 6 0 18 103 126 161 250 
49 6 110 129 154 206 242 259 
50 6 63 115 153 227 261 263 
51 3 154 197 261 
52 8 9 20 96 170 183 186 196 258 
53 6 24 43 76 143 221 314 
54 2 69 190 
55 5 42 78 106 166 225 
56 10 11 41 97 126 204 221 248 276 282 289 
57 7 10 76 82 110 165 278 299 
58 4 140 262 276 311 
59 4 195 198 214 303 
60 6 6 141 148 178 183 299 
61 11 9 10 125 135 151 163 236 241 249 295 298 
62 4 110 172 192 201 
63 4 21 50 179 317 
64 4 47 101 129 178 
65 9 110 123 125 135 154 254 267 288 315 
66 7 31 114 127 178 254 295 310 
67 5 46 115 133 190 231 
68 8 45 90 118 135 273 282 290 319 
69 3 54 246 314 
70 5 11 31 237 254 302 
71 1 86 
72 6 75 82 105 214 275 279 
73 6 82 122 166 227 241 263 
74 6 6 84 90 130 155 220 
75 8 72 125 200 218 230 258 261 288 
76 7 53 57 141 210 309 315 316 
77 8 13 14 106 127 149 265 276 306 
78 7 55 107 132 200 235 243 265 
79 7 8 117 129 130 198 210 221 
80 6 88 94 198 258 290 291 
81 5 10 18 106 161 215 
82 9 7 24 43 47 57 72 73 97 196 
83 5 18 242 268 276 315 
84 7 8 74 87 157 177 181 255 
85 5 152 181 229 272 281 
86 7 1 71 118 197 259 266 291 
87 8 84 130 136 164 189 208 238 273 
88 6 80 97 142 181 195 264 
89 4 94 191 248 303 
90 6 20 68 74 97 264 289 
91 5 149 150 157 169 194 
92 3 114 249 273 
93 2 273 292 
94 2 80 89 
95 4 31 147 174 248 
96 8 8 25 52 138 198 227 247 294 
97 9 56 82 88 90 109 144 155 224 278 
98 8 32 128 162 188 234 298 305 317 
99 3 208 218 240 
100 4 107 165 211 302 
101 5 64 143 176 217 237 
102 6 11 25 31 105 185 303 
103 5 48 114 119 236 245 
104 7 107 152 161 168 185 237 271 
105 7 18 72 102 149 188 190 198 
106 9 55 77 81 114 121 161 227 263 265 
107 9 78 100 104 108 119 130 131 169 221 
108 9 107 237 248 250 251 277 284 305 317 
109 7 47 97 139 175 194 205 299 
110 11 5 17 23 30 49 57 62 65 174 287 289 
111 3 240 265 288 
112 3 132 135 165 
113 5 35 145 151 161 297 
114 13 10 12 29 37 66 92 103 106 205 236 249 276 314 
115 7 0 42 50 67 270 271 301 
116 9 21 158 180 188 194 229 256 261 265 
117 5 79 180 272 284 299 
118 9 68 86 169 242 250 275 284 313 315 
119 5 19 103 107 225 309 
120 5 125 158 186 212 265 
121 6 39 43 106 224 267 281 
122 5 23 73 186 211 258 
123 5 42 65 202 208 231 
124 4 128 167 257 280 
125 9 44 61 65 75 120 135 169 175 243 
126 8 48 56 136 141 146 192 199 287 
127 9 2 35 42 66 77 234 306 308 309 
128 4 17 98 124 254 
129 4 36 49 64 79 
130 4 74 79 87 107 
131 2 14 107 
132 5 0 78 112 163 225 
133 2 67 279 
134 7 1 13 31 176 218 269 295 
135 14 39 46 61 65 68 112 125 149 167 177 180 190 227 266 
136 9 87 126 150 180 269 280 287 306 313 
137 7 19 34 140 271 277 284 301 
138 3 96 165 295 
139 6 109 165 167 206 228 293 
140 6 58 137 183 197 274 279 
141 9 6 60 76 126 193 214 282 296 304 
142 4 88 189 208 259 
143 9 53 101 175 201 208 250 280 288 292 
144 5 8 24 97 174 233 
145 7 43 113 196 248 273 300 309 
146 5 26 29 126 203 262 
147 7 3 35 95 223 255 272 309 
148 6 60 217 227 287 294 307 
149 8 9 20 77 91 105 135 274 312 
150 5 91 136 193 284 314 
151 9 31 61 113 179 195 203 205 302 312 
152 8 85 104 173 176 182 197 247 259 
153 5 50 163 217 225 270 
154 9 49 51 65 181 185 212 223 271 319 
155 8 33 39 74 97 212 215 247 271 
156 3 35 208 220 
157 5 39 84 91 170 243 
158 10 116 120 165 192 225 241 281 297 307 308 
159 2 209 272 
160 4 179 239 254 265 
161 9 7 48 81 104 106 113 212 230 252 
162 3 98 219 254 
163 10 47 61 132 153 205 235 241 259 287 316 
164 4 6 87 225 303 
165 10 28 29 57 100 112 138 139 158 254 319 
166 7 40 55 73 175 209 248 276 
167 5 42 124 135 139 242 
168 3 24 104 220 
169 9 28 91 107 118 125 176 225 258 297 
170 3 52 157 217 
171 6 10 38 188 205 256 303 
172 9 16 62 175 183 185 202 203 277 287 
173 4 152 268 274 298 
174 9 14 24 25 95 110 144 228 277 292 
175 11 9 36 41 109 125 143 166 172 232 255 287 
176 9 101 134 152 169 205 280 289 302 316 
177 5 84 135 200 281 301 
178 8 20 28 60 64 66 251 291 317 
179 7 13 33 63 151 160 183 210 
180 6 38 116 117 135 136 267 
181 5 84 85 88 154 244 
182 6 9 152 209 245 246 314 
183 8 31 52 60 140 172 179 184 260 
184 6 4 18 183 254 258 285 
185 6 102 104 154 172 212 232 
186 5 52 120 122 225 272 
187 2 29 244 
188 8 26 98 105 116 171 215 276 279 
189 6 87 142 194 197 259 262 
190 11 54 67 105 135 204 222 227 285 298 303 309 
191 5 20 43 89 197 242 
192 7 62 126 158 193 220 233 272 
193 5 27 141 150 192 312 
194 7 17 29 91 109 116 189 250 
195 9 22 39 59 88 151 200 205 222 298 
196 4 38 52 82 145 
197 9 51 86 140 152 189 191 219 281 302 
198 8 1 59 79 80 96 105 258 261 
199 6 126 206 211 230 244 277 
200 10 16 75 78 177 195 218 238 246 249 279 
201 6 42 62 143 228 235 263 
202 8 2 13 45 123 172 203 232 239 
203 8 16 146 151 172 202 207 289 300 
204 4 21 56 190 240 
205 11 17 109 114 151 163 171 176 195 232 280 319 
206 9 10 15 49 139 199 218 260 268 274 
207 5 203 213 252 267 313 
208 6 87 99 123 142 143 156 
209 3 159 166 182 
210 7 18 37 46 76 79 179 285 
211 7 36 100 122 199 240 288 290 
212 7 10 15 120 154 155 161 185 
213 3 207 225 309 
214 3 59 72 141 
215 7 9 38 81 155 188 234 274 
216 2 252 304 
217 5 101 148 153 170 275 
218 6 75 99 134 200 206 272 
219 5 4 24 162 197 221 
220 8 3 31 74 156 168 192 288 305 
221 8 20 53 56 79 107 219 246 250 
222 3 190 195 277 
223 3 147 154 241 
224 7 10 14 29 39 97 121 248 
225 16 37 55 119 132 153 158 164 169 186 213 228 247 269 275 277 316 
226 1 234 
227 10 7 46 50 73 96 106 135 148 190 300 
228 8 9 13 139 174 201 225 246 248 
229 8 23 33 46 85 116 237 252 272 
230 4 75 161 199 268 
231 4 4 67 123 254 
232 5 175 185 202 205 246 
233 3 144 192 248 
234 5 98 127 215 226 282 
235 5 15 20 78 163 201 
236 7 22 31 61 103 114 243 274 
237 9 8 33 34 70 101 104 108 229 240 
238 2 87 200 
239 6 6 11 20 160 202 242 
240 8 1 99 111 204 211 237 282 311 
241 7 61 73 158 163 223 253 276 
242 6 49 83 118 167 191 239 
243 5 39 78 125 157 236 
244 6 30 181 187 199 273 301 
245 5 20 103 182 249 262 
246 7 69 182 200 221 228 232 290 
247 8 39 96 152 155 225 272 306 312 
248 11 10 56 89 95 108 145 166 224 228 233 299 
249 8 61 92 114 200 245 258 309 318 
250 6 48 108 118 143 194 221 
251 6 43 108 178 256 261 271 
252 6 30 161 207 216 229 276 
253 3 33 241 312 
254 12 6 13 65 66 70 128 160 162 165 184 231 308 
255 6 27 38 84 147 175 265 
256 6 26 116 171 251 267 289 
257 5 0 18 124 273 302 
258 10 52 75 80 122 169 184 198 249 278 283 
259 6 49 86 142 152 163 189 
260 5 0 7 19 183 206 
261 7 27 50 51 75 116 198 251 
262 6 3 15 58 146 189 245 
263 7 29 50 73 106 201 271 284 
264 3 88 90 313 
265 11 12 43 77 78 106 111 116 120 160 255 315 
266 5 36 41 86 135 301 
267 6 6 65 121 180 207 256 
268 5 0 83 173 206 230 
269 3 134 136 225 
270 5 6 31 115 153 311 
271 9 3 25 104 115 137 154 155 251 263 
272 11 85 117 147 159 186 192 218 229 247 298 319 
273 9 12 68 87 92 93 145 244 257 278 
274 9 38 39 140 149 173 206 215 236 285 
275 6 21 72 118 217 225 291 
276 12 28 56 58 77 83 114 166 188 241 252 294 306 
277 9 41 108 137 172 174 199 222 225 310 
278 4 57 97 258 273 
279 6 25 72 133 140 188 200 
280 6 124 136 143 176 205 312 
281 8 85 121 158 177 197 285 293 317 
282 7 27 33 56 68 141 234 240 
283 2 258 297 
284 8 29 108 117 118 137 150 263 291 
285 6 184 190 210 274 281 309 
286 1 316 
287 9 110 126 136 148 163 172 175 297 302 
288 8 12 15 65 75 111 143 211 220 
289 9 18 40 46 56 90 110 176 203 256 
290 4 68 80 211 246 
291 7 11 80 86 178 275 284 306 
292 5 45 93 143 174 309 
293 2 139 281 
294 9 5 14 28 29 96 148 276 298 312 
295 6 43 44 61 66 134 138 
296 1 141 
297 6 113 158 169 283 287 314 
298 9 13 61 98 173 190 195 272 294 307 
299 7 26 57 60 109 117 248 306 
300 5 46 145 203 227 304 
301 8 14 19 115 137 177 244 266 316 
302 9 35 70 100 151 176 197 257 287 317 
303 7 59 89 102 164 171 190 307 
304 5 24 141 216 300 311 
305 5 36 46 98 108 220 
306 9 32 38 77 127 136 247 276 291 299 
307 6 10 47 148 158 298 303 
308 3 127 158 254 
309 10 76 119 127 145 147 190 213 249 285 292 
310 2 66 277 
311 5 25 58 240 270 304 
312 7 149 151 193 247 253 280 294 
313 5 41 118 136 207 264 
314 6 53 69 114 150 182 297 
315 6 13 65 76 83 118 265 
316 8 7 35 76 163 176 225 286 301 
317 7 26 63 98 108 178 281 302 
318 1 249 
319 6 19 68 154 165 205 272 
