320 2845
0 11 4 7 61 76 81 163 173 175 183 202 285 
1 14 15 77 78 89 93 127 150 174 182 196 197 288 307 319 
2 21 46 48 66 71 72 87 92 135 137 167 173 189 221 233 247 249 256 281 287 304 318 
3 9 60 73 94 157 234 236 253 272 287 
4 21 0 10 64 95 107 113 121 151 158 166 183 187 191 195 196 205 211 246 272 305 313 
5 16 7 34 40 47 51 76 88 146 174 177 222 236 247 266 268 308 
6 19 25 38 62 90 105 129 132 140 141 168 210 223 251 265 279 300 304 312 315 
7 16 0 5 37 38 43 46 59 100 152 165 189 203 224 231 233 264 
8 20 10 37 51 64 95 102 106 107 146 163 181 243 250 254 277 279 289 304 307 310 
9 19 24 31 40 76 116 122 134 144 148 160 207 229 238 246 251 272 288 290 304 
10 18 4 8 33 34 43 64 66 90 98 105 139 140 143 192 213 225 287 309 
11 15 18 26 63 64 84 89 106 143 166 167 199 220 223 289 306 
12 13 56 62 97 123 130 132 173 185 189 229 244 260 268 
13 13 43 49 77 86 89 111 155 172 197 199 273 285 298 
14 16 27 28 46 59 63 75 103 104 165 167 205 216 220 244 284 285 
15 16 1 20 54 83 103 186 210 228 230 246 248 257 258 265 270 311 
16 19 22 33 44 78 92 102 128 163 164 180 199 211 244 255 262 267 279 281 312 
17 15 20 23 40 48 112 151 168 186 195 202 218 221 228 279 302 
18 18 11 37 50 61 68 97 120 124 152 174 196 201 203 237 248 261 286 296 
19 16 70 76 77 96 116 122 148 150 153 175 194 238 260 262 280 284 
20 22 15 17 41 62 74 91 112 113 116 127 185 187 189 190 197 222 267 272 286 301 303 311 
21 15 90 97 104 111 117 143 151 198 203 241 261 262 264 281 297 
22 15 16 23 43 56 86 95 110 157 160 176 209 214 265 273 301 
23 21 17 22 24 26 30 31 32 35 45 59 83 137 154 167 175 182 214 219 221 229 268 
24 17 9 23 37 56 62 73 117 143 144 149 151 164 175 194 249 275 319 
25 16 6 56 79 102 106 118 126 132 147 184 200 201 231 274 279 286 
26 18 11 23 37 43 47 49 57 77 102 127 151 163 174 184 196 209 282 283 
27 17 14 32 55 71 86 90 91 108 121 123 236 243 249 255 272 306 313 
28 21 14 52 64 70 82 83 89 99 104 113 121 139 178 207 214 223 246 261 293 295 313 
29 24 65 68 72 78 82 83 87 94 98 106 115 121 134 136 137 145 155 214 226 236 254 268 310 311 
30 18 23 41 46 63 102 115 129 168 182 191 234 243 250 251 257 266 287 299 
31 24 9 23 55 67 68 82 93 130 153 172 194 199 204 205 208 219 245 246 258 283 297 304 307 314 
32 13 23 27 44 62 73 78 88 143 224 230 231 241 290 
33 16 10 16 48 62 99 107 155 156 183 228 255 267 278 291 292 306 
34 15 5 10 64 72 100 194 202 204 228 234 236 251 304 310 316 
35 28 23 48 56 58 62 71 88 97 104 134 141 157 177 180 188 196 229 232 234 236 257 262 265 269 284 290 293 295 
36 9 66 157 216 227 232 273 288 297 318 
37 26 7 8 18 24 26 38 52 71 88 94 117 126 130 133 159 194 204 215 224 238 246 256 266 267 281 288 
38 15 6 7 37 51 63 91 101 107 137 180 236 264 267 300 310 
39 17 51 104 110 119 157 158 165 167 197 217 245 249 251 265 270 282 293 
40 16 5 9 17 46 59 104 115 125 165 181 190 201 254 271 278 307 
41 18 20 30 58 63 80 93 96 101 120 122 138 142 220 276 285 286 298 306 
42 12 83 102 110 111 147 187 195 201 226 230 239 283 
43 25 7 10 13 22 26 49 75 78 110 129 154 163 181 187 188 199 221 235 251 266 280 284 297 306 316 
44 21 16 32 65 73 95 110 153 163 188 195 199 200 224 225 237 257 262 264 269 278 305 
45 17 23 60 93 122 141 142 179 192 193 201 220 222 277 281 289 299 318 
46 15 2 7 14 30 40 48 118 151 179 186 191 299 301 310 319 
47 17 5 26 49 51 68 70 74 90 94 119 140 161 176 275 292 294 301 
48 16 2 17 33 35 46 106 107 131 145 172 185 203 257 297 310 316 
49 17 13 26 43 47 57 107 108 117 122 152 219 229 230 256 277 290 303 
50 18 18 75 93 127 128 137 140 162 163 172 186 194 223 245 256 266 276 286 
51 18 5 8 38 39 47 88 131 140 142 146 227 231 282 283 298 301 306 315 
52 14 28 37 102 107 137 152 164 179 186 188 204 221 271 275 
53 13 67 85 118 125 147 188 206 212 241 282 297 301 316 
54 8 15 70 73 89 105 154 177 310 
55 13 27 31 80 96 102 125 138 144 168 181 201 257 313 
56 20 12 22 24 25 35 67 72 88 151 161 171 185 193 194 243 265 269 301 305 314 
57 22 26 49 58 85 101 113 151 162 173 181 201 204 209 211 216 239 243 276 283 288 309 313 
58 14 35 41 57 114 125 135 136 142 144 150 218 248 253 289 
59 18 7 14 23 40 75 85 89 108 121 125 166 205 225 235 239 255 267 312 
60 15 3 45 118 132 137 142 151 166 177 194 199 239 256 266 304 
61 28 0 18 69 82 88 97 100 110 140 155 156 165 180 206 211 213 220 221 228 238 243 263 264 271 287 291 299 316 
62 25 6 12 20 24 32 33 35 69 101 105 120 139 199 208 213 216 225 226 236 267 276 279 289 290 302 
63 24 11 14 30 38 41 74 76 78 85 99 113 129 138 157 160 164 171 184 209 218 219 245 247 257 
64 22 4 8 10 11 28 34 72 98 124 125 145 153 182 185 190 235 265 274 297 303 306 312 
65 14 29 44 66 76 90 100 114 136 152 163 202 239 254 319 
66 20 2 10 36 65 93 131 143 151 152 154 163 209 213 223 273 284 291 303 311 312 
67 15 31 53 56 97 130 131 150 176 186 187 197 205 273 298 299 
68 19 18 29 31 47 70 82 131 133 164 173 183 186 193 194 199 236 258 289 301 
69 19 61 62 90 96 120 141 155 175 176 186 209 211 213 214 235 246 262 269 276 
70 20 19 28 47 54 68 100 116 129 141 155 167 175 185 246 248 249 274 295 305 309 
71 27 2 27 35 37 97 98 101 114 126 129 135 140 172 186 208 211 213 245 268 278 284 293 294 305 311 312 315 
72 18 2 29 34 56 64 94 141 171 184 195 202 213 214 216 222 262 268 287 
73 19 3 24 32 44 54 82 98 101 165 167 204 215 270 290 295 298 301 309 313 
74 18 20 47 63 78 79 83 91 155 162 164 199 208 248 262 280 292 309 314 
75 23 14 43 50 59 104 123 132 136 147 151 154 155 156 186 202 204 208 209 225 244 250 283 318 
76 13 0 5 9 19 63 65 88 172 178 224 255 272 316 
77 19 1 13 19 26 81 104 134 144 157 166 207 213 221 222 223 235 261 294 312 
78 25 1 16 29 32 43 63 74 108 119 142 147 161 193 200 206 221 223 224 241 251 253 259 275 278 291 
79 14 25 74 114 116 117 123 135 147 177 190 234 239 265 300 
80 15 41 55 91 111 137 143 147 159 163 209 250 252 257 269 296 
81 10 0 77 140 147 157 167 221 229 273 294 
82 22 28 29 31 61 68 73 91 95 103 108 149 167 171 178 198 244 255 269 271 283 296 318 
83 30 15 23 28 29 42 74 92 118 135 139 143 147 176 186 188 191 198 224 226 228 229 246 248 257 271 272 275 285 288 297 
84 17 11 92 126 132 141 168 174 175 176 178 179 212 224 235 236 257 291 
85 18 53 57 59 63 99 120 124 147 156 183 188 199 230 241 263 299 305 311 
86 15 13 22 27 106 128 190 199 201 203 228 237 247 252 260 312 
87 14 2 29 89 144 174 190 203 206 233 239 256 257 287 298 
88 15 5 32 35 37 51 56 61 76 106 161 181 190 196 233 276 
89 15 1 11 13 28 54 59 87 97 147 152 186 225 257 261 291 
90 14 6 10 21 27 47 65 69 110 125 148 202 236 261 274 
91 17 20 27 38 74 80 82 98 150 165 167 241 252 257 264 274 291 309 
92 17 2 16 83 84 94 137 141 154 171 188 220 227 245 277 279 290 308 
93 27 1 31 41 45 50 66 98 102 122 128 139 144 156 158 163 179 188 189 196 214 217 225 230 238 240 276 313 
94 13 3 29 37 47 72 92 112 118 169 187 212 226 279 
95 19 4 8 22 44 82 117 118 134 144 146 150 212 228 237 242 259 291 304 311 
96 17 19 41 55 69 117 121 132 136 145 176 215 252 266 286 288 297 301 
97 25 12 18 21 35 61 67 71 89 114 115 120 125 140 176 192 200 204 220 234 243 257 258 291 295 314 
98 18 10 29 64 71 73 91 93 104 113 118 119 145 173 210 235 243 251 316 
99 14 28 33 63 85 116 171 186 188 192 196 253 294 311 313 
100 32 7 34 61 65 70 115 124 127 133 134 142 147 150 170 173 178 181 190 208 209 210 212 214 219 224 225 227 254 260 265 284 303 
101 24 38 41 57 62 71 73 102 130 131 133 162 204 230 232 235 241 253 265 266 271 291 294 297 314 
102 22 8 16 25 26 30 42 52 55 93 101 123 147 160 165 172 184 185 199 221 232 264 289 
103 8 14 15 82 111 181 186 243 282 
104 23 14 21 28 35 39 40 75 77 98 129 156 177 185 197 212 228 232 246 254 261 290 303 318 
105 17 6 10 54 62 112 125 158 179 186 209 215 218 240 275 276 277 319 
106 11 8 11 25 29 48 86 88 109 177 216 236 
107 21 4 8 33 38 48 49 52 108 116 125 126 153 159 163 183 210 226 235 252 272 290 
108 18 27 49 59 78 82 107 112 138 158 183 188 194 201 210 231 256 299 301 
109 18 106 122 127 138 162 184 187 192 212 216 220 249 254 268 284 287 303 309 
110 18 22 39 42 43 44 61 90 122 149 155 160 176 177 210 240 246 263 308 
111 17 13 21 42 80 103 115 127 208 233 237 238 266 276 292 294 296 312 
112 15 17 20 94 105 108 128 148 168 219 252 280 295 304 313 318 
113 20 4 20 28 57 63 98 129 132 147 159 187 188 227 240 241 268 278 307 310 317 
114 16 58 65 71 79 97 118 119 152 171 217 218 246 252 279 282 306 
115 15 29 30 40 97 100 111 151 166 206 236 250 261 265 275 318 
116 17 9 19 20 70 79 99 107 166 177 181 193 200 216 258 281 297 309 
117 14 21 24 37 49 79 95 96 154 200 203 213 287 301 314 
118 27 25 46 53 60 83 94 95 98 114 158 159 172 177 190 192 205 220 223 224 248 259 265 266 293 295 316 318 
119 10 39 47 78 98 114 203 220 231 234 276 
120 21 18 41 62 69 85 97 153 159 191 197 221 230 234 240 253 268 269 277 286 292 304 
121 18 4 27 28 29 59 96 127 138 154 162 173 176 202 206 226 237 249 259 
122 19 9 19 41 45 49 93 109 110 132 159 164 168 179 223 268 282 285 286 317 
123 13 12 27 75 79 102 131 179 187 206 249 273 283 293 
124 12 18 64 85 100 238 242 260 267 271 283 292 317 
125 22 40 53 55 58 59 64 90 97 105 107 133 141 182 223 235 242 243 261 293 296 304 305 
126 15 25 37 71 84 107 145 173 193 200 208 220 245 248 258 285 
127 22 1 20 26 50 100 109 111 121 148 192 231 239 255 257 258 259 268 275 286 295 302 309 
128 19 16 50 86 93 112 149 157 176 188 214 220 221 268 294 295 298 300 301 307 
129 18 6 30 43 63 70 71 104 113 163 195 197 208 238 256 262 275 303 309 
130 14 12 31 37 67 101 146 173 184 214 223 224 229 257 267 
131 16 48 51 66 67 68 101 123 135 165 188 194 251 258 271 285 311 
132 20 6 12 25 60 75 84 96 113 122 134 169 170 268 273 279 280 285 296 307 309 
133 10 37 68 100 101 125 173 227 265 282 308 
134 18 9 29 35 77 95 100 132 137 150 173 174 194 197 227 229 278 296 315 
135 13 2 58 71 79 83 131 177 219 236 237 243 275 290 
136 9 29 58 65 75 96 138 166 267 297 
137 22 2 23 29 38 50 52 60 80 92 134 142 149 169 210 226 233 269 289 294 297 309 314 
138 24 41 55 63 108 109 121 136 140 142 143 155 164 175 185 188 205 214 217 222 229 232 252 312 316 
139 15 10 28 62 83 93 151 172 183 194 215 250 284 290 295 304 
140 18 6 10 47 50 51 61 71 81 97 138 146 147 159 166 192 226 248 271 
141 18 6 35 45 69 70 72 84 92 125 150 159 195 198 206 261 270 281 294 
142 18 41 45 51 58 60 78 100 137 138 175 202 214 246 248 278 286 287 302 
143 12 10 11 21 24 32 66 80 83 138 183 197 287 
144 24 9 24 55 58 77 87 93 95 173 181 203 207 212 227 244 248 256 273 275 277 295 296 305 319 
145 21 29 48 64 96 98 126 148 153 183 197 202 206 211 218 220 260 275 290 293 300 303 
146 14 5 8 51 95 130 140 156 157 211 216 247 250 304 311 
147 26 25 42 53 75 78 79 80 81 83 85 89 100 102 113 140 150 163 171 176 183 200 208 229 242 261 288 
148 16 9 19 90 112 127 145 168 185 197 201 218 247 267 277 290 303 
149 19 24 82 110 128 137 164 183 207 208 210 213 232 234 251 290 296 297 314 319 
150 17 1 19 58 67 91 95 100 134 141 147 158 215 220 248 251 274 295 
151 21 4 17 21 24 26 46 56 57 60 66 75 115 139 156 168 171 172 230 250 256 273 
152 18 7 18 49 52 65 66 89 114 155 161 185 187 198 233 251 262 288 301 
153 18 19 31 44 64 107 120 145 186 195 206 231 242 255 263 287 292 295 310 
154 17 23 43 54 66 75 92 117 121 166 174 208 213 244 250 258 279 305 
155 19 13 29 33 61 69 70 74 75 110 138 152 224 230 232 259 276 293 307 319 
156 14 33 61 75 85 93 104 146 151 175 186 228 275 282 314 
157 17 3 22 35 36 39 63 77 81 128 146 189 194 195 222 264 282 299 
158 15 4 39 93 105 108 118 150 161 168 186 189 205 206 290 316 
159 22 37 80 107 113 118 120 122 140 141 175 176 187 199 224 232 237 242 266 270 275 278 310 
160 16 9 22 63 102 110 164 165 180 193 194 203 241 288 307 314 316 
161 12 47 56 78 88 152 158 191 214 292 294 304 316 
162 11 50 57 74 101 109 121 186 206 234 259 305 
163 21 0 8 16 26 43 44 50 65 66 80 93 107 129 147 196 204 215 255 284 285 312 
164 16 16 24 52 63 68 74 122 138 149 160 175 197 225 266 269 313 
165 24 7 14 39 40 61 73 91 102 131 160 166 178 217 237 243 246 251 260 269 282 288 293 305 317 
166 21 4 11 59 60 77 115 116 136 140 154 165 169 172 257 269 284 292 306 310 312 314 
167 17 2 11 14 23 39 70 73 81 82 91 186 189 205 271 296 313 319 
168 12 6 17 30 55 84 112 122 148 151 158 206 252 
169 13 94 132 137 166 192 223 226 228 236 285 300 307 309 
170 13 100 132 184 196 212 215 238 245 260 286 287 302 316 
171 19 56 63 72 82 92 99 114 147 151 191 196 202 240 271 280 299 304 315 317 
172 21 13 31 48 50 71 76 102 118 139 151 166 174 207 257 273 285 288 290 293 301 308 
173 21 0 2 12 57 68 98 100 121 126 130 133 134 144 216 218 229 243 266 272 300 307 
174 16 1 5 18 26 84 87 134 154 172 188 212 226 229 230 232 233 
175 20 0 19 23 24 69 70 84 138 142 156 159 164 178 199 202 204 222 233 276 287 
176 18 22 47 67 69 83 84 96 97 110 121 128 147 159 211 238 274 293 298 
177 19 5 35 54 60 79 104 106 110 116 118 135 185 201 208 251 261 293 313 317 
178 15 28 76 82 84 100 165 175 182 204 238 243 276 277 284 300 
179 15 45 46 52 84 93 105 122 123 261 267 279 281 282 285 300 
180 15 16 35 38 61 160 199 210 228 236 254 257 265 268 269 273 
181 15 8 40 43 55 57 88 100 103 116 144 199 239 251 281 317 
182 12 1 23 30 64 125 178 246 254 255 289 293 319 
183 20 0 4 33 68 85 107 108 139 143 145 147 149 193 199 202 228 248 260 303 306 
184 15 25 26 63 72 102 109 130 170 186 243 246 250 256 281 284 
185 26 12 20 48 56 64 70 102 104 138 148 152 177 186 207 232 249 253 260 263 264 265 281 284 289 316 317 
186 30 15 17 46 50 52 67 68 69 71 75 83 89 99 103 105 153 156 158 162 167 184 185 191 227 255 277 287 288 289 311 
187 16 4 20 42 43 67 94 109 113 123 152 159 196 276 277 285 291 
188 28 35 43 44 52 53 83 85 92 93 99 108 113 128 131 138 174 207 209 214 233 245 253 276 283 284 293 306 319 
189 18 2 7 12 20 93 157 158 167 201 216 229 257 282 290 298 305 316 318 
190 16 20 40 64 79 86 87 88 100 118 221 223 238 250 260 299 315 
191 13 4 30 46 83 120 161 171 186 210 228 240 255 259 
192 16 10 45 97 99 109 118 127 140 169 207 209 217 218 252 257 319 
193 13 45 56 68 78 116 126 160 183 198 250 263 265 310 
194 19 19 24 31 34 37 50 56 60 68 108 131 134 139 157 160 226 260 268 274 
195 16 4 17 42 44 72 129 141 153 157 206 232 252 267 282 283 319 
196 19 1 4 18 26 35 88 93 99 163 170 171 187 207 218 243 251 289 295 305 
197 21 1 13 20 39 67 104 120 129 134 143 145 148 164 199 203 207 248 264 271 292 315 
198 10 21 82 83 141 152 193 274 279 294 319 
199 27 11 13 16 31 43 44 60 62 68 74 85 86 102 159 175 180 181 183 197 238 243 245 252 271 281 306 315 
200 16 25 44 78 97 116 117 126 147 203 255 256 263 266 274 275 305 
201 19 18 25 40 42 45 55 57 86 108 148 177 189 221 225 231 262 263 303 308 
202 17 0 17 34 65 72 75 90 121 142 145 171 175 183 245 273 288 319 
203 19 7 18 21 48 86 87 117 119 144 160 197 200 224 245 249 282 288 295 310 
204 16 31 34 37 52 57 73 75 97 101 163 175 178 246 271 292 305 
205 15 4 14 31 59 67 118 138 158 167 219 233 246 290 296 312 
206 22 53 61 78 87 115 121 123 141 145 153 158 162 168 195 233 236 238 239 260 263 281 294 
207 21 9 28 77 144 149 172 185 188 192 196 197 208 219 221 227 271 274 293 295 298 311 
208 18 31 62 71 74 75 100 111 126 129 147 149 154 177 207 255 296 306 318 
209 17 22 26 57 63 66 69 75 80 100 105 188 192 221 241 245 255 314 
210 17 6 15 98 100 107 108 110 137 149 180 191 232 233 234 245 278 316 
211 16 4 16 57 61 69 71 145 146 176 215 228 231 248 278 298 313 
212 12 53 84 94 95 100 104 109 144 170 174 244 271 
213 16 10 61 62 66 69 71 72 77 117 149 154 223 237 271 275 279 
214 17 22 23 28 29 69 72 93 100 128 130 138 142 161 188 219 306 307 
215 16 37 73 96 105 139 150 163 170 211 217 223 232 239 283 288 299 
216 13 14 36 57 62 72 106 109 116 146 173 189 253 279 
217 14 39 93 114 138 165 192 215 222 224 226 264 272 274 294 
218 14 17 58 63 105 114 145 148 173 192 196 230 233 251 313 
219 15 23 31 49 63 100 112 135 205 207 214 226 233 237 279 299 
220 19 11 14 41 45 61 92 97 109 118 119 126 128 145 150 266 279 301 307 314 
221 24 2 17 23 43 52 61 77 78 81 102 120 128 190 201 207 209 242 256 264 268 274 275 298 310 
222 10 5 20 45 72 77 138 157 175 217 298 
223 20 6 11 28 50 66 77 78 118 122 125 130 169 190 213 215 239 252 288 301 317 
224 20 7 32 37 44 76 78 83 84 100 118 130 155 159 203 217 268 297 298 309 314 
225 17 10 44 59 62 75 89 93 100 164 201 237 242 246 264 288 306 310 
226 23 29 42 62 83 94 107 121 137 140 169 174 194 217 219 238 245 246 254 290 294 302 306 317 
227 14 36 51 92 100 113 133 134 144 186 207 233 243 275 285 
228 20 15 17 33 34 61 83 86 95 104 156 169 180 183 191 211 232 238 270 282 296 
229 17 9 12 23 35 49 81 83 130 134 138 147 173 174 189 239 297 306 
230 17 15 32 42 49 85 93 101 120 151 155 174 218 248 251 262 277 295 
231 16 7 25 32 51 108 119 127 153 201 211 238 261 264 274 278 279 
232 20 35 36 101 102 104 138 149 155 159 174 185 195 210 215 228 235 245 247 271 318 
233 21 2 7 87 88 111 137 152 174 175 188 205 206 210 218 219 227 249 263 308 310 313 
234 16 3 30 34 35 79 97 119 120 149 162 210 256 269 287 293 306 
235 14 43 59 64 69 77 84 98 101 107 125 232 237 285 292 
236 25 3 5 27 29 34 35 38 62 68 84 90 106 115 135 169 180 206 247 262 269 277 282 284 300 314 
237 19 18 44 86 95 111 121 135 159 165 213 219 225 235 243 254 271 291 293 299 
238 20 9 19 37 61 93 111 124 129 170 176 178 190 199 206 226 228 231 291 296 314 
239 22 42 57 59 60 65 79 87 127 181 206 215 223 229 243 252 257 279 288 291 301 302 316 
240 11 93 105 110 113 120 171 191 249 285 304 309 
241 14 21 32 53 78 85 91 101 113 160 209 268 272 287 306 
242 14 95 124 125 147 153 159 221 225 259 267 284 286 305 309 
243 23 8 27 30 56 57 61 97 98 103 125 135 165 173 178 184 196 199 227 237 239 298 317 319 
244 14 12 14 16 75 82 144 154 212 245 247 252 254 262 278 
245 20 31 39 50 63 71 92 126 170 188 199 202 203 209 210 226 232 244 273 278 286 
246 22 4 9 15 28 31 37 69 70 83 104 110 114 142 165 182 184 204 205 225 226 269 302 
247 11 2 5 63 86 146 148 232 236 244 253 299 
248 19 15 18 58 70 74 83 118 126 140 142 144 150 183 197 211 230 265 300 312 
249 15 2 24 27 39 70 109 121 123 185 203 233 240 264 265 266 
250 22 8 30 75 80 115 139 146 151 154 184 190 193 255 261 267 283 286 288 292 300 308 309 
251 22 6 9 30 34 39 43 78 98 131 149 150 152 165 177 181 196 218 230 293 300 303 312 
252 19 80 86 91 96 107 112 114 138 168 192 195 199 223 239 244 255 271 274 294 
253 15 3 58 78 99 101 120 185 188 216 247 256 264 271 277 306 
254 15 8 29 40 65 100 104 109 180 182 226 237 244 265 271 310 
255 21 16 27 33 59 76 82 127 153 163 182 186 191 200 208 209 250 252 261 279 285 290 
256 19 2 37 49 50 60 87 108 129 144 151 184 200 221 234 253 276 304 309 311 
257 26 15 30 35 44 48 55 63 80 83 84 87 89 91 97 127 130 166 172 180 189 192 239 265 266 270 273 
258 10 15 31 68 97 116 126 127 131 154 262 
259 12 78 95 118 121 127 155 162 191 242 270 302 305 
260 18 12 19 86 100 124 145 165 170 183 185 190 194 206 278 288 291 304 315 
261 19 18 21 28 77 89 90 104 115 125 141 147 177 179 231 250 255 271 287 297 
262 18 16 19 21 35 44 69 72 74 129 152 201 230 236 244 258 284 315 318 
263 12 61 85 110 153 185 193 200 201 206 233 284 287 
264 18 7 21 38 44 61 91 102 157 185 197 217 221 225 231 249 253 282 311 
265 23 6 15 22 35 39 56 64 79 100 101 115 118 133 180 185 193 248 249 254 257 270 279 304 
266 19 5 30 37 43 50 60 96 101 111 118 159 164 173 200 220 249 257 287 301 
267 18 16 20 33 37 38 59 62 124 130 136 148 179 195 242 250 289 292 317 
268 23 5 12 23 29 71 72 109 113 120 122 127 128 132 180 194 221 224 241 271 275 276 292 310 
269 17 35 44 56 69 80 82 120 137 164 165 166 180 234 236 246 271 286 
270 10 15 39 73 141 159 228 257 259 265 301 
271 28 40 52 61 82 83 101 124 131 140 167 171 197 199 204 207 212 213 232 237 252 253 254 261 268 269 282 289 319 
272 15 3 4 9 20 27 76 83 107 173 217 241 274 287 288 296 
273 18 13 22 36 66 67 81 123 132 144 151 172 180 202 245 257 280 308 317 
274 18 25 64 70 90 91 150 176 194 198 200 207 217 221 231 252 272 291 295 
275 22 24 47 52 78 83 105 115 127 129 135 144 145 156 159 200 213 221 227 268 292 299 301 
276 17 41 50 57 62 69 88 93 105 111 119 155 175 178 187 188 256 268 
277 16 8 45 49 92 105 120 144 148 178 186 187 230 236 253 285 307 
278 15 33 40 44 71 78 113 134 142 159 210 211 231 244 245 260 
279 24 6 8 16 17 25 62 92 94 114 132 154 179 198 213 216 219 220 231 239 255 265 289 291 314 
280 12 19 43 74 112 132 171 273 290 296 301 313 316 
281 15 2 16 21 37 45 116 141 179 181 184 185 199 206 290 293 
282 21 26 39 51 53 103 114 122 133 156 157 165 179 189 195 203 228 236 264 271 284 287 
283 14 26 31 42 51 57 75 82 123 124 188 195 215 250 306 
284 23 14 19 35 43 66 71 100 109 139 163 166 178 184 185 188 236 242 262 263 282 297 306 319 
285 20 0 13 14 41 83 122 126 131 132 163 169 172 179 187 227 235 240 255 277 296 
286 17 18 20 25 41 50 96 120 122 127 142 170 242 245 250 269 293 301 
287 23 2 3 10 30 61 72 87 109 117 142 143 153 170 175 186 234 241 261 263 266 272 282 302 
288 22 1 9 36 37 57 83 96 147 152 160 165 172 186 202 203 215 223 225 239 250 260 272 
289 20 8 11 45 58 62 68 102 137 182 185 186 196 267 271 279 294 295 297 298 308 
290 24 9 32 35 49 62 73 92 104 107 135 139 145 148 149 158 172 189 205 226 255 280 281 297 306 
291 19 33 61 66 78 84 89 91 95 97 101 187 237 238 239 260 274 279 313 318 
292 16 33 47 74 111 120 124 153 161 166 197 204 235 250 267 268 275 
293 23 28 35 39 71 118 123 125 145 155 165 172 176 177 182 188 207 234 237 251 281 286 300 307 
294 21 47 71 77 81 99 101 111 128 137 141 161 198 206 217 226 252 289 295 300 308 318 
295 20 28 35 70 73 97 112 118 127 128 139 144 150 153 196 203 207 230 274 289 294 
296 21 18 80 82 111 125 132 134 144 149 167 205 208 228 238 272 280 285 299 302 315 319 
297 24 21 31 36 43 48 53 64 83 96 101 116 136 137 149 224 229 261 284 289 290 299 301 307 314 
298 16 13 41 51 67 73 87 128 176 189 207 211 221 222 224 243 289 
299 18 30 45 46 61 67 85 108 157 171 190 215 219 237 247 275 296 297 316 
300 17 6 38 79 128 145 169 173 178 179 236 248 250 251 293 294 309 317 
301 26 20 22 46 47 51 53 56 68 73 96 108 117 128 152 172 220 223 239 266 270 275 280 286 297 311 312 
302 11 17 62 127 142 170 226 239 246 259 287 296 
303 13 20 49 64 66 100 104 109 129 145 148 183 201 251 
304 19 2 6 8 9 31 34 60 95 112 120 125 139 146 161 171 240 256 260 265 
305 18 4 44 56 70 71 85 125 144 154 162 165 189 196 200 204 242 259 317 
306 23 11 27 33 41 43 51 64 114 166 183 188 199 208 214 225 226 229 234 241 253 283 284 290 
307 17 1 8 31 40 113 128 132 155 160 169 173 214 220 277 293 297 312 
308 11 5 92 110 133 172 201 233 250 273 289 294 
309 19 10 57 70 73 74 91 109 116 127 129 132 137 169 224 240 242 250 256 300 
310 18 8 29 34 38 46 48 54 113 153 159 166 193 203 221 225 233 254 268 
311 15 15 20 29 66 71 85 95 99 131 146 186 207 256 264 301 
312 18 6 16 59 64 66 71 77 86 111 138 163 166 205 248 251 301 307 314 
313 17 4 27 28 55 57 73 93 99 112 164 167 177 211 218 233 280 291 
314 19 31 56 74 97 101 117 137 149 156 160 166 209 220 224 236 238 279 297 312 
315 11 6 51 71 134 171 190 197 199 260 262 296 
316 19 34 43 48 53 61 76 98 118 138 158 160 161 170 185 189 210 239 280 299 
317 15 113 122 124 165 171 177 181 185 223 226 243 267 273 300 305 
318 15 2 36 45 75 82 104 112 115 118 189 208 232 262 291 294 
319 19 1 24 46 65 105 144 149 155 167 182 188 192 195 198 202 243 271 284 296 
