340 61
0 0 
1 1 317 
2 0 
3 0 
4 1 187 
5 0 
6 0 
7 0 
8 0 
9 0 
10 0 
11 1 189 
12 0 
13 0 
14 0 
15 1 274 
16 1 120 
17 1 115 
18 0 
19 0 
20 0 
21 0 
22 0 
23 0 
24 0 
25 1 44 
26 0 
27 0 
28 3 145 173 176 
29 1 88 
30 0 
31 0 
32 1 260 
33 1 168 
34 0 
35 1 124 
36 0 
37 0 
38 0 
39 0 
40 0 
41 0 
42 0 
43 0 
44 1 25 
45 0 
46 0 
47 0 
48 1 176 
49 0 
50 1 239 
51 2 156 215 
52 0 
53 0 
54 0 
55 1 177 
56 0 
57 1 229 
58 0 
59 1 156 
60 0 
61 1 211 
62 0 
63 0 
64 0 
65 0 
66 0 
67 1 143 
68 0 
69 0 
70 0 
71 0 
72 1 236 
73 0 
74 0 
75 1 133 
76 1 332 
77 0 
78 1 260 
79 0 
80 0 
81 0 
82 0 
83 0 
84 0 
85 0 
86 0 
87 0 
88 1 29 
89 0 
90 1 308 
91 0 
92 0 
93 1 331 
94 1 206 
95 0 
96 0 
97 0 
98 0 
99 0 
100 1 119 
101 0 
102 0 
103 0 
104 0 
105 0 
106 2 193 314 
107 0 
108 0 
109 1 251 
110 0 
111 0 
112 0 
113 0 
114 0 
115 1 17 
116 0 
117 0 
118 0 
119 2 100 157 
120 1 16 
121 0 
122 0 
123 0 
124 1 35 
125 0 
126 0 
127 0 
128 0 
129 0 
130 0 
131 0 
132 0 
133 1 75 
134 0 
135 1 245 
136 0 
137 0 
138 1 205 
139 0 
140 0 
141 1 195 
142 0 
143 1 67 
144 1 332 
145 1 28 
146 0 
147 0 
148 0 
149 0 
150 0 
151 0 
152 1 230 
153 0 
154 0 
155 0 
156 3 51 59 250 
157 2 119 277 
158 0 
159 0 
160 0 
161 0 
162 0 
163 0 
164 2 235 260 
165 0 
166 0 
167 0 
168 1 33 
169 0 
170 0 
171 0 
172 1 274 
173 1 28 
174 0 
175 0 
176 3 28 48 215 
177 1 55 
178 0 
179 0 
180 0 
181 0 
182 0 
183 0 
184 1 269 
185 1 334 
186 0 
187 1 4 
188 1 210 
189 1 11 
190 0 
191 0 
192 0 
193 2 106 232 
194 0 
195 1 141 
196 1 315 
197 0 
198 0 
199 0 
200 0 
201 0 
202 0 
203 1 334 
204 0 
205 1 138 
206 1 94 
207 0 
208 0 
209 0 
210 1 188 
211 1 61 
212 0 
213 0 
214 1 290 
215 2 51 176 
216 0 
217 0 
218 1 234 
219 0 
220 0 
221 0 
222 1 319 
223 0 
224 1 327 
225 0 
226 0 
227 0 
228 0 
229 1 57 
230 1 152 
231 0 
232 1 193 
233 0 
234 1 218 
235 1 164 
236 1 72 
237 1 335 
238 0 
239 1 50 
240 0 
241 0 
242 0 
243 0 
244 1 280 
245 1 135 
246 0 
247 0 
248 0 
249 0 
250 1 156 
251 1 109 
252 0 
253 0 
254 0 
255 1 316 
256 0 
257 0 
258 0 
259 0 
260 3 32 78 164 
261 0 
262 0 
263 0 
264 0 
265 0 
266 0 
267 0 
268 0 
269 1 184 
270 0 
271 0 
272 0 
273 0 
274 3 15 172 339 
275 0 
276 0 
277 1 157 
278 0 
279 0 
280 1 244 
281 0 
282 0 
283 0 
284 0 
285 1 334 
286 0 
287 0 
288 0 
289 0 
290 1 214 
291 0 
292 0 
293 0 
294 0 
295 0 
296 0 
297 0 
298 0 
299 0 
300 0 
301 0 
302 0 
303 0 
304 0 
305 0 
306 0 
307 0 
308 1 90 
309 0 
310 0 
311 0 
312 0 
313 0 
314 1 106 
315 1 196 
316 1 255 
317 1 1 
318 0 
319 1 222 
320 0 
321 0 
322 0 
323 0 
324 0 
325 0 
326 0 
327 1 224 
328 0 
329 0 
330 0 
331 1 93 
332 2 76 144 
333 0 
334 3 185 203 285 
335 1 237 
336 0 
337 0 
338 0 
339 1 274 
