340 3136
0 11 4 7 61 76 81 163 173 175 183 202 333 
1 13 57 58 69 73 107 130 154 162 176 177 268 287 299 
2 22 6 8 26 31 32 47 52 95 97 127 133 149 181 193 207 209 216 241 247 264 278 336 
3 10 13 34 97 174 176 193 212 227 265 319 
4 26 0 15 27 33 41 71 78 86 103 107 111 115 116 125 131 166 192 225 233 241 268 274 281 285 310 322 
5 14 46 74 77 122 136 147 166 168 208 238 251 275 303 318 
6 21 2 9 12 20 21 48 90 103 131 145 159 180 184 192 195 229 230 235 238 251 292 
7 19 0 12 25 49 63 84 91 93 124 181 208 222 235 266 273 277 278 317 334 
8 21 2 21 83 90 94 117 119 129 144 147 150 174 181 190 226 266 272 284 294 298 310 
9 22 6 27 49 58 66 71 92 108 110 124 162 163 172 193 195 219 227 234 268 269 272 321 
10 17 13 25 87 109 126 134 171 172 192 197 214 251 274 275 307 328 331 
11 13 69 86 143 149 184 210 217 219 260 272 276 316 331 
12 12 6 7 20 28 109 115 143 152 221 238 263 339 
13 19 3 10 25 38 72 73 91 104 108 120 148 149 210 212 250 261 265 289 329 
14 15 44 78 107 127 210 234 252 254 270 272 281 282 289 294 335 
15 20 4 25 47 81 95 105 131 166 167 183 202 214 247 258 270 282 284 315 325 328 
16 15 22 30 94 133 150 168 177 184 200 203 210 261 284 320 333 
17 17 22 29 58 81 85 135 157 162 164 198 209 222 247 257 331 337 338 
18 17 36 56 62 88 90 93 115 134 178 200 202 220 224 280 301 313 330 
19 21 31 32 35 46 104 106 108 109 116 141 186 191 205 220 222 230 307 314 321 328 334 
20 18 6 12 41 49 96 101 139 159 160 162 179 195 218 238 251 281 290 305 
21 19 6 8 34 37 53 86 91 142 150 178 197 199 204 205 208 218 232 310 327 
22 20 16 17 23 31 38 70 75 77 85 124 188 207 213 224 268 294 295 300 315 326 
23 16 22 29 84 110 154 185 208 231 235 247 255 261 276 313 329 330 
24 18 45 88 93 100 144 150 154 156 164 184 209 234 258 270 281 291 303 316 
25 18 7 10 13 15 75 76 117 140 156 171 175 176 193 206 208 321 328 334 
26 22 2 27 44 78 85 115 127 133 145 146 152 162 167 176 184 202 241 270 277 286 309 324 
27 28 4 9 26 44 46 64 106 109 113 119 123 124 128 135 139 147 156 162 175 177 178 186 196 255 267 277 295 309 
28 20 12 40 41 60 65 82 121 134 148 187 201 210 253 262 269 270 276 285 306 318 
29 24 17 23 52 64 65 79 90 127 150 169 191 196 201 202 205 216 242 243 255 280 294 301 304 328 
30 13 16 37 48 53 63 118 199 205 206 216 265 309 323 
31 18 2 19 22 52 60 108 109 136 181 208 220 231 244 245 259 302 310 338 
32 20 2 19 125 133 135 159 165 167 182 235 241 247 263 271 273 277 286 303 312 319 
33 21 4 43 50 66 86 89 97 105 138 141 143 145 166 171 174 178 193 199 202 204 258 
34 20 3 21 44 103 114 119 160 175 184 205 207 221 240 257 263 286 295 299 302 328 
35 18 19 59 69 80 89 103 111 121 131 132 146 153 197 209 237 247 283 326 
36 15 18 79 107 110 143 153 174 227 233 242 280 281 288 290 320 
37 19 21 30 38 66 70 72 86 91 103 114 146 159 204 215 225 265 281 290 301 
38 18 13 22 37 53 70 77 106 135 140 157 170 173 178 197 199 215 219 297 
39 16 53 62 63 75 83 137 156 164 165 201 241 249 280 284 293 337 
40 19 28 80 106 109 141 160 185 194 212 218 219 230 252 266 282 297 311 328 337 
41 21 4 20 28 49 73 118 161 171 196 203 207 208 232 233 245 265 270 272 277 286 313 
42 17 45 78 107 126 127 164 177 178 186 205 207 262 266 274 284 303 306 
43 17 33 80 113 141 148 153 261 263 272 281 283 285 302 304 308 324 328 
44 14 14 26 27 34 58 79 100 115 214 231 233 240 316 317 
45 16 24 42 47 61 88 101 119 173 226 232 243 293 294 303 308 338 
46 18 5 19 27 112 122 123 149 170 196 237 255 289 290 299 302 324 325 334 
47 16 2 15 45 56 64 93 115 126 136 146 156 226 269 278 280 284 
48 20 6 30 74 78 129 130 145 148 153 162 216 221 251 266 278 293 300 302 318 335 
49 15 7 9 20 41 95 99 157 175 208 215 237 278 296 302 331 
50 11 33 83 98 102 117 136 139 155 171 220 243 
51 11 88 122 138 144 167 180 186 210 223 243 299 
52 20 2 29 31 68 85 90 106 169 179 189 203 211 212 261 283 287 319 323 332 338 
53 22 21 30 38 39 79 95 107 145 156 167 175 195 198 203 210 233 237 270 277 282 303 307 
54 15 84 95 105 106 112 114 120 188 218 223 259 305 315 319 338 
55 12 67 71 112 151 171 181 185 201 213 258 323 337 
56 22 18 47 59 64 73 88 99 116 121 161 178 188 226 249 262 268 277 280 290 320 335 336 
57 23 1 63 78 104 109 111 118 119 126 136 141 161 162 169 185 189 197 214 224 256 260 275 294 
58 31 1 9 17 44 73 82 87 90 99 100 110 141 150 153 163 164 176 204 206 208 215 229 243 259 268 287 290 294 301 314 339 
59 16 35 56 68 69 95 97 107 177 203 229 230 250 258 287 290 295 
60 19 28 31 61 91 100 123 132 138 146 156 170 180 194 216 232 243 282 319 334 
61 16 0 45 60 121 148 186 198 206 207 209 218 264 268 278 328 339 
62 17 18 39 69 89 90 127 160 161 180 206 216 217 227 235 303 328 329 
63 19 7 30 39 57 75 87 136 138 169 178 188 191 198 199 204 241 263 294 306 
64 22 27 29 47 56 70 76 100 121 135 155 156 166 189 191 193 194 215 226 242 249 256 329 
65 22 28 29 71 84 96 110 122 130 140 203 204 229 250 260 264 300 301 304 317 329 332 338 
66 21 9 33 37 70 102 116 138 141 143 175 198 208 214 223 224 235 241 242 245 271 318 
67 17 55 76 89 100 107 118 119 121 127 167 173 192 233 249 252 316 318 
68 19 52 59 84 95 150 170 175 178 181 193 203 204 208 216 280 287 289 324 333 
69 26 1 11 35 59 62 103 117 135 147 164 169 203 222 231 235 246 250 253 254 255 285 301 303 307 308 324 
70 14 22 37 38 64 66 74 80 113 148 161 245 251 297 328 
71 19 4 9 55 65 77 121 128 151 181 191 204 213 254 260 268 269 270 282 308 
72 20 13 37 74 92 129 140 163 168 214 221 227 242 244 245 262 274 280 296 299 312 
73 18 1 13 41 56 58 109 111 112 118 130 142 172 185 229 234 260 295 325 
74 16 5 48 70 72 80 106 112 116 128 132 178 219 221 226 238 265 
75 16 22 25 39 63 83 90 100 110 164 172 216 271 275 283 288 329 
76 23 0 25 64 67 84 88 95 115 161 172 186 188 200 213 235 245 271 288 292 296 300 329 339 
77 31 5 22 38 71 79 82 89 115 117 119 120 137 139 148 162 163 166 176 179 188 218 252 258 267 294 300 301 302 304 305 338 
78 20 4 14 26 42 48 57 89 100 101 122 156 198 219 223 246 255 282 287 298 329 
79 21 29 36 44 53 77 80 102 138 144 150 178 200 262 271 273 275 300 309 319 324 332 
80 18 35 40 43 70 74 79 125 134 189 219 235 248 251 278 284 301 302 332 
81 11 0 15 17 85 124 179 199 208 214 251 294 
82 12 28 58 77 88 138 143 177 216 248 252 282 330 
83 11 8 39 50 75 89 112 166 200 225 238 290 
84 20 7 23 54 65 68 76 87 102 104 178 189 194 201 211 228 246 258 305 318 335 
85 25 17 22 26 52 81 98 130 137 155 187 189 200 218 234 238 264 275 280 292 294 299 315 324 325 332 
86 19 4 11 21 33 37 97 100 108 113 121 123 159 196 220 226 277 295 320 334 
87 16 10 58 63 84 135 197 198 214 224 226 230 292 308 317 322 339 
88 20 18 24 45 51 56 76 82 120 133 140 169 173 184 188 197 228 267 304 318 338 
89 26 33 35 62 67 77 78 83 90 99 103 138 139 144 164 200 216 224 228 244 258 267 281 282 315 319 338 
90 21 6 8 18 29 52 58 62 75 89 100 109 114 115 141 169 206 231 239 247 312 332 
91 20 7 13 21 37 60 139 156 160 164 221 262 279 281 311 314 320 321 329 334 337 
92 26 9 72 110 113 118 121 130 148 149 150 152 154 159 164 165 167 194 200 205 224 243 260 288 289 291 320 
93 25 7 18 24 47 116 142 144 147 153 165 177 178 183 203 206 209 226 252 276 289 294 301 313 314 328 
94 9 8 16 105 116 148 173 211 281 286 
95 21 2 15 49 53 54 59 68 76 99 138 200 227 248 256 268 283 299 303 317 325 332 
96 17 20 65 118 131 146 154 167 200 221 228 251 257 260 282 317 318 319 
97 11 2 3 33 59 86 119 122 190 229 249 333 
98 17 50 85 100 109 110 137 143 147 167 194 210 219 236 256 274 307 333 
99 19 49 56 58 89 95 113 138 143 149 156 165 186 211 254 256 287 292 303 327 
100 29 24 44 58 60 64 67 75 78 86 90 98 110 113 118 138 142 146 175 180 194 210 229 235 257 284 290 295 311 312 
101 12 20 45 78 107 137 143 160 205 220 232 313 338 
102 17 50 66 79 84 105 106 134 144 160 162 164 180 203 223 243 294 327 
103 23 4 6 34 35 37 69 89 119 134 143 152 157 174 177 192 204 232 233 272 285 286 313 323 
104 18 13 19 57 84 117 120 127 133 134 167 186 232 233 261 267 294 297 321 
105 14 15 33 54 94 102 136 151 191 221 235 246 250 260 303 
106 19 19 27 38 40 52 54 74 102 121 132 136 148 155 171 213 236 252 264 311 
107 21 1 4 14 36 42 53 59 67 101 125 128 138 212 226 239 284 285 298 316 318 331 
108 20 9 13 19 31 86 115 118 119 143 154 160 161 188 190 211 213 298 315 326 329 
109 22 10 12 19 27 31 40 57 73 90 98 141 217 223 255 261 285 294 298 304 317 332 333 
110 24 9 23 36 58 65 75 92 98 100 112 121 127 139 160 171 187 195 209 235 239 259 270 282 292 
111 15 4 35 57 73 134 161 166 181 225 270 284 287 288 319 329 
112 14 46 54 55 73 74 83 110 150 158 177 220 244 254 264 
113 18 27 43 70 86 92 99 100 178 182 200 207 211 223 232 257 267 275 316 
114 19 34 37 54 90 132 144 151 152 170 202 205 213 214 247 275 295 302 310 322 
115 23 4 12 18 26 44 47 76 77 90 108 123 126 136 163 218 262 301 309 325 327 328 329 338 
116 25 4 19 56 66 74 93 94 122 133 142 149 156 187 195 214 226 252 258 259 306 332 333 336 338 339 
117 17 8 25 50 69 77 104 123 169 201 203 214 244 262 268 281 309 315 
118 19 30 41 57 67 73 92 96 100 108 120 147 158 188 197 198 203 241 297 327 
119 20 8 27 34 45 57 67 77 97 103 108 130 136 193 200 213 227 253 263 298 299 
120 16 13 54 77 88 104 118 178 183 189 190 195 206 217 219 269 323 
121 22 28 35 56 61 64 67 71 86 92 106 110 143 160 186 200 213 236 237 257 260 290 292 
122 17 5 46 51 65 78 97 116 124 142 161 207 249 266 267 273 305 320 
123 12 27 46 60 86 115 117 135 163 264 294 321 328 
124 24 7 9 22 27 81 122 133 174 190 197 233 253 258 261 273 278 285 287 288 300 309 320 330 333 
125 18 4 32 80 107 136 145 148 153 160 163 183 243 247 262 283 294 305 326 
126 17 10 42 47 57 115 148 182 188 193 202 223 224 236 243 269 303 325 
127 19 2 14 26 29 42 62 67 104 110 136 193 202 238 241 249 304 313 324 337 
128 12 27 71 74 107 184 211 223 255 257 287 296 311 
129 8 8 48 72 158 172 262 323 331 
130 30 1 48 65 73 85 92 119 144 148 153 168 185 189 197 214 216 218 236 237 246 260 263 268 298 312 317 321 326 333 335 
131 17 4 6 15 35 96 167 182 197 200 207 210 236 237 291 296 327 330 
132 18 35 60 74 106 114 177 184 195 208 216 221 228 245 253 274 287 306 333 
133 18 2 16 26 32 88 104 116 124 178 195 207 211 228 257 277 287 300 313 
134 23 10 18 28 80 102 103 104 111 139 158 182 183 185 188 207 209 226 265 271 272 289 294 302 
135 19 17 27 32 38 64 69 87 123 155 160 188 191 214 235 264 276 279 280 338 
136 23 5 31 47 50 57 63 105 106 115 119 125 127 155 161 178 227 233 257 259 270 305 323 334 
137 17 39 77 85 98 101 158 171 222 231 242 267 278 291 299 323 328 331 
138 21 33 51 60 63 66 79 82 89 95 99 100 107 145 166 174 208 213 244 250 258 305 
139 18 20 27 50 77 89 91 110 134 188 194 196 223 240 257 271 283 302 313 
140 13 25 38 65 72 88 156 203 210 242 279 284 285 312 
141 17 19 33 40 43 57 58 66 90 109 156 191 214 221 239 242 258 259 
142 22 21 73 93 100 116 122 146 172 191 192 203 215 240 248 253 258 282 286 291 294 326 339 
143 21 11 12 33 36 66 82 98 99 101 103 108 121 172 173 182 220 267 286 293 295 328 
144 16 8 24 51 79 89 93 102 114 130 156 234 236 246 258 285 305 
145 13 6 26 33 48 53 125 138 164 210 257 265 276 316 
146 17 26 35 37 47 60 96 100 142 152 153 180 198 220 248 289 292 336 
147 23 5 8 27 69 93 98 118 151 163 202 222 228 231 236 245 254 267 273 278 290 302 307 310 
148 24 13 28 43 48 61 70 77 92 94 106 125 126 130 204 216 231 239 253 257 259 261 285 288 304 
149 13 2 11 13 46 92 99 116 180 205 222 228 266 312 
150 19 8 16 21 24 29 58 68 79 92 112 213 244 247 249 257 306 321 328 330 
151 18 55 71 105 114 147 166 178 194 197 227 242 268 269 284 298 321 326 332 
152 15 12 26 92 103 114 146 183 214 223 242 247 258 260 264 297 
153 22 35 36 43 48 58 93 125 130 146 161 177 189 194 197 205 212 266 268 279 293 316 322 
154 16 1 23 24 92 96 108 165 172 198 222 236 239 240 242 243 332 
155 14 50 64 85 106 135 136 169 172 174 192 203 246 257 324 
156 24 24 25 27 39 47 53 60 64 78 91 99 116 140 141 144 168 204 223 228 257 273 280 323 333 
157 15 17 38 49 103 183 203 207 213 235 269 274 307 308 315 331 
158 14 112 118 129 134 137 251 257 269 271 272 275 290 328 339 
159 17 6 20 32 37 86 92 177 185 203 206 214 217 218 222 286 326 338 
160 18 20 34 40 62 91 101 102 108 110 121 125 135 189 225 291 299 334 338 
161 21 41 56 57 62 70 76 108 111 122 136 153 186 196 202 205 231 251 263 306 309 324 
162 19 1 9 17 20 26 27 48 57 77 102 204 207 211 217 242 245 281 302 327 
163 25 0 9 58 72 77 115 123 125 147 168 172 179 182 183 184 200 203 208 235 236 243 279 307 329 339 
164 20 17 24 39 42 58 69 75 89 91 92 102 145 165 166 188 205 285 286 294 300 
165 21 32 39 92 93 99 154 164 173 175 180 199 211 219 242 249 259 272 285 297 312 325 
166 23 4 5 15 33 64 77 83 111 138 151 164 180 205 213 221 228 239 241 273 275 290 302 312 
167 18 15 26 32 51 53 67 92 96 98 104 131 179 195 218 236 248 263 267 
168 14 5 16 72 130 156 163 171 173 181 182 216 221 283 288 
169 17 29 52 57 63 69 88 90 117 155 170 183 185 230 271 305 313 319 
170 14 38 46 60 68 114 169 206 232 252 267 282 283 319 330 
171 20 10 25 33 41 50 55 106 110 137 168 173 198 206 244 250 260 276 280 284 325 
172 18 9 10 73 75 76 129 142 143 154 155 163 174 181 202 225 305 310 325 
173 20 0 38 45 67 88 94 143 165 168 171 184 223 228 230 237 256 266 291 300 307 
174 21 3 8 33 36 103 124 138 155 172 194 195 202 205 213 214 244 278 282 288 319 320 
175 15 0 25 27 34 49 53 66 68 100 165 196 255 283 298 329 
176 14 1 3 25 26 58 77 187 208 212 245 251 258 273 324 
177 20 1 16 27 42 59 82 93 103 112 132 153 159 187 208 221 249 263 276 320 326 
178 31 18 21 27 33 38 42 56 63 68 74 79 84 93 113 120 133 136 151 181 215 218 220 221 242 245 263 276 302 313 315 321 
179 13 20 52 77 81 163 167 205 208 227 229 232 245 300 
180 21 6 51 60 62 100 102 146 149 165 166 182 192 204 217 237 241 251 310 337 338 339 
181 19 2 7 8 31 55 68 71 111 168 172 178 192 225 263 270 283 286 303 333 
182 13 32 113 126 131 134 143 163 168 180 196 211 249 276 
183 15 0 15 93 120 125 134 152 157 163 169 192 226 230 234 279 
184 20 6 11 16 24 26 34 88 128 132 163 173 211 212 226 232 241 248 292 297 308 
185 17 23 40 55 57 73 130 134 159 169 211 237 282 284 286 324 332 334 
186 15 19 27 42 51 61 76 99 104 121 161 201 238 241 259 334 
187 12 28 85 110 116 176 177 189 193 235 255 321 334 
188 25 22 54 56 63 76 77 88 108 118 126 134 135 139 164 205 211 218 244 258 266 270 276 277 300 312 
189 15 52 57 64 80 84 85 120 130 153 160 187 247 284 297 333 
190 14 8 97 108 120 124 197 213 259 288 300 305 322 327 331 
191 21 19 29 63 64 71 105 135 141 142 201 225 243 247 268 275 276 284 320 324 332 336 
192 18 4 6 10 67 103 142 155 180 181 183 200 208 218 250 260 298 304 336 
193 16 2 3 9 25 33 64 68 119 126 127 187 202 216 249 307 316 
194 22 40 60 64 84 92 98 100 139 151 153 174 202 205 216 231 249 280 303 306 316 320 321 
195 18 6 9 20 53 110 116 120 132 133 167 174 220 230 232 256 303 320 334 
196 18 27 29 41 46 86 139 161 175 182 236 238 241 269 282 300 306 319 334 
197 23 10 21 35 38 57 87 88 118 124 130 131 151 153 190 240 247 285 300 307 315 320 322 338 
198 18 17 53 61 63 66 78 87 118 146 154 171 211 222 233 250 270 272 278 
199 19 21 30 33 38 63 81 165 211 216 234 243 252 257 288 291 301 302 316 328 
200 22 16 18 76 79 83 85 89 92 95 96 113 119 121 131 163 192 225 244 286 290 305 324 
201 15 28 29 39 55 84 117 186 191 216 224 241 243 262 266 331 
202 25 0 15 18 26 29 33 114 126 127 147 161 172 174 193 194 213 215 216 218 223 225 233 249 318 323 
203 21 16 41 52 53 59 65 68 69 93 102 117 118 140 142 155 157 159 163 251 284 307 
204 20 21 33 37 58 63 65 68 71 103 148 156 162 180 218 255 290 302 324 325 326 
205 28 19 21 29 30 34 42 92 101 114 149 153 161 164 166 174 179 188 194 250 256 262 278 281 283 287 295 303 304 
206 22 25 30 58 61 62 90 93 120 159 170 171 223 230 233 242 252 268 271 291 319 327 334 
207 20 2 22 34 41 42 61 113 122 131 133 134 157 162 208 237 261 267 306 321 339 
208 29 5 7 21 23 25 31 41 49 58 66 68 81 132 138 163 176 177 179 192 207 214 219 268 296 301 319 320 324 327 
209 10 2 17 24 35 61 93 110 134 247 315 
210 22 11 13 14 16 28 51 53 98 100 131 140 145 218 221 253 263 266 279 290 304 320 330 
211 20 52 84 94 99 108 113 128 133 162 165 182 184 185 188 198 199 246 280 302 305 
212 13 3 13 40 52 107 153 176 184 228 257 270 279 304 
213 25 22 55 71 76 106 108 114 119 121 138 150 157 166 174 190 202 214 228 268 271 296 301 305 306 322 
214 24 10 15 44 57 66 72 81 87 114 116 117 130 135 141 152 159 174 208 213 215 226 241 305 334 
215 18 37 38 49 58 64 142 178 202 214 217 247 249 262 263 271 301 329 338 
216 24 2 29 30 48 60 62 68 75 82 89 130 132 148 168 193 194 199 201 202 234 238 279 286 288 
217 12 11 62 109 120 159 162 180 215 235 257 320 322 
218 27 20 21 40 54 61 77 85 115 130 159 167 178 188 192 202 204 210 224 239 245 250 262 265 277 280 308 311 
219 17 9 11 38 40 74 78 80 98 120 165 208 246 272 281 294 305 335 
220 17 18 19 31 50 86 101 112 143 146 178 195 224 257 310 311 313 324 
221 23 12 34 48 72 74 91 96 105 132 141 166 168 177 178 210 224 233 268 273 308 315 328 333 
222 20 7 17 19 69 137 147 149 154 159 198 224 234 262 265 278 282 284 286 292 299 
223 21 51 54 66 78 102 109 113 126 128 139 152 156 173 202 206 226 238 246 258 259 326 
224 19 18 22 57 66 87 89 92 126 201 218 220 221 222 231 278 314 315 328 330 
225 17 4 37 83 111 160 172 181 191 200 202 231 237 265 273 292 321 322 
226 19 8 45 47 56 64 74 86 87 93 107 116 134 183 184 214 223 271 287 313 
227 17 3 9 36 62 72 95 119 136 151 179 234 254 265 271 280 286 296 
228 20 84 88 89 96 132 133 147 149 156 166 173 212 213 234 244 251 277 298 320 332 
229 11 6 58 59 65 73 97 100 179 248 263 313 
230 18 6 19 40 59 87 169 173 183 195 206 234 255 278 293 295 306 309 320 
231 19 23 31 44 69 90 137 147 148 161 194 224 225 256 261 265 286 322 327 332 
232 15 21 41 45 60 101 103 104 113 170 179 184 195 276 311 336 
233 19 4 36 41 44 53 67 103 104 124 136 198 202 206 221 265 287 305 318 319 
234 20 9 14 24 73 85 144 183 199 216 222 227 228 230 235 236 257 275 293 298 326 
235 22 6 7 23 32 62 66 69 76 80 100 105 110 135 157 163 187 217 234 256 263 277 329 
236 20 98 106 121 126 130 131 144 147 154 163 167 196 234 251 278 280 305 309 317 323 
237 14 35 46 49 53 121 130 131 173 180 185 207 225 294 323 
238 20 5 6 12 20 74 83 85 127 186 196 216 223 245 246 273 288 291 314 321 324 
239 12 90 107 110 141 148 154 166 218 282 283 325 337 
240 12 34 44 139 142 154 197 249 250 252 262 299 336 
241 20 2 4 26 32 39 63 66 118 127 166 180 184 186 196 201 214 256 287 330 337 
242 23 29 36 64 66 72 137 140 141 151 152 154 162 165 178 206 262 263 271 285 300 304 319 323 
243 21 29 45 50 51 58 60 92 102 125 126 154 163 191 199 201 248 264 270 299 327 332 
244 15 31 72 89 112 117 138 150 171 174 188 200 228 249 301 338 
245 17 31 41 66 70 72 76 132 147 162 176 178 179 218 238 250 318 335 
246 16 69 78 84 105 130 144 155 211 219 223 238 250 290 298 310 324 
247 19 2 15 17 23 32 35 90 114 125 150 152 189 191 197 209 215 253 261 264 
248 10 80 82 95 142 146 167 184 229 243 292 
249 20 39 56 64 67 97 122 127 150 165 177 182 193 194 202 215 240 244 251 298 337 
250 18 13 59 65 69 105 138 171 192 198 205 218 240 245 246 251 275 283 289 
251 20 5 6 10 20 48 70 80 81 96 158 161 176 180 203 228 236 249 250 266 269 
252 14 14 40 67 77 82 93 106 116 170 199 206 240 291 304 
253 11 28 69 119 124 132 142 148 210 247 261 335 
254 12 14 69 71 99 112 147 227 266 268 273 319 338 
255 15 23 27 29 46 69 78 109 128 175 187 204 230 277 294 320 
256 18 57 64 95 98 99 173 195 205 231 235 241 258 261 295 303 319 328 329 
257 26 17 34 96 100 113 121 128 133 136 139 145 148 150 155 156 158 199 212 217 220 234 261 270 312 313 326 
258 25 15 24 33 55 59 77 84 89 116 124 138 141 142 144 152 176 188 223 256 264 276 278 282 303 310 
259 19 31 54 58 110 116 136 141 148 165 186 190 223 272 294 297 306 334 337 339 
260 16 11 57 65 71 73 92 96 105 121 130 152 171 192 284 313 321 
261 20 13 16 23 43 52 104 109 124 148 207 231 247 253 256 257 262 283 325 332 335 
262 23 28 42 56 72 79 91 115 117 125 129 201 205 215 218 222 240 242 261 271 288 305 312 326 
263 23 12 32 34 43 63 119 130 161 167 177 178 181 210 215 229 235 242 273 278 300 314 320 321 
264 14 2 61 65 85 106 112 123 135 152 243 247 258 313 333 
265 20 3 13 30 37 41 74 134 145 218 222 225 227 231 233 275 278 284 309 317 323 
266 15 7 8 40 42 48 122 149 153 173 188 201 210 251 254 321 
267 15 27 77 88 89 104 113 122 137 143 147 167 170 207 306 323 
268 22 1 4 9 22 56 58 61 71 95 117 130 151 153 191 206 208 213 221 254 288 318 339 
269 14 9 28 47 71 120 126 151 157 158 196 251 294 316 320 
270 24 14 15 24 26 28 41 53 71 110 111 136 181 188 198 212 243 257 272 280 284 309 316 320 327 
271 21 32 66 75 76 79 134 139 158 169 206 213 215 226 227 242 262 273 278 288 327 339 
272 18 8 9 11 14 41 43 103 134 158 165 198 219 259 270 281 300 323 336 
273 18 7 32 79 122 124 147 156 166 176 221 225 238 254 263 271 280 323 339 
274 10 4 10 42 72 98 132 157 319 324 330 
275 18 5 10 57 75 79 85 113 114 158 166 191 234 250 265 285 307 308 334 
276 18 11 23 28 93 135 145 171 177 178 182 188 191 232 258 287 328 335 338 
277 19 7 26 27 32 41 53 56 86 133 188 218 228 235 255 278 293 295 297 333 
278 25 2 7 47 48 49 61 80 124 137 147 174 198 205 222 224 230 236 258 263 265 271 277 306 329 339 
279 15 91 135 140 153 163 183 210 212 216 281 283 287 292 294 313 
280 20 18 29 36 39 47 56 68 72 85 135 156 171 194 211 218 227 236 270 273 293 
281 18 4 14 20 24 36 37 43 89 91 94 117 162 205 219 272 279 294 334 
282 25 14 15 40 53 60 71 78 82 89 96 110 142 170 174 185 196 222 239 258 293 297 301 323 326 333 
283 21 35 43 52 75 95 125 139 168 170 175 181 205 239 250 261 279 287 320 326 329 335 
284 21 8 15 16 39 42 47 80 100 107 111 140 151 171 185 189 191 203 222 260 265 270 
285 19 4 28 43 69 103 107 109 124 140 144 148 164 165 197 242 275 322 332 338 
286 21 26 32 34 41 94 103 142 143 159 164 181 185 200 216 222 227 231 292 297 303 321 
287 22 1 52 58 59 68 78 99 111 124 128 132 133 205 226 233 241 276 279 283 299 327 337 
288 17 36 75 76 92 111 124 148 168 174 190 199 216 238 262 268 271 309 
289 15 13 14 46 68 92 93 134 146 250 294 310 312 319 333 335 
290 20 20 36 37 46 56 58 59 83 100 121 147 158 166 200 204 210 246 292 314 320 
291 17 24 92 131 137 142 160 173 199 206 238 252 292 293 311 314 315 322 
292 18 6 76 85 87 99 110 121 146 184 222 225 248 279 286 290 291 308 335 
293 14 39 45 48 143 153 230 234 277 280 282 291 312 313 315 
294 29 8 14 22 29 45 57 58 63 77 81 85 93 102 104 109 123 125 134 142 164 219 237 255 259 269 279 281 289 314 
295 18 22 27 34 59 73 86 100 114 143 205 230 256 277 303 314 316 317 336 
296 9 49 72 76 128 131 208 213 227 337 
297 14 38 40 70 104 118 152 165 184 189 259 277 282 286 326 
298 15 8 78 107 108 109 119 130 151 175 192 228 234 246 249 305 
299 17 1 34 46 51 72 85 95 119 137 160 222 240 243 287 319 325 333 
300 19 22 48 65 76 77 79 124 133 164 173 179 188 190 196 197 242 263 272 319 
301 17 18 29 37 58 65 69 77 80 93 115 199 208 213 215 244 282 339 
302 20 31 34 43 46 48 49 77 80 114 134 139 147 162 166 178 199 204 211 310 328 
303 22 5 24 32 42 45 53 62 69 95 99 105 126 181 194 195 205 256 258 286 295 324 333 
304 17 29 43 65 77 88 109 127 148 192 205 210 212 242 252 308 313 320 
305 22 20 54 77 84 122 125 136 138 144 169 172 190 200 211 213 214 219 233 236 262 298 334 
306 17 28 42 63 116 132 150 161 194 196 207 213 230 259 267 278 321 335 
307 15 10 19 53 69 98 147 157 163 173 193 197 203 275 323 336 
308 15 43 45 69 71 87 157 184 218 221 275 292 304 318 325 326 
309 15 26 27 30 79 115 117 124 161 230 236 265 270 288 310 336 
310 14 4 8 21 31 114 147 172 180 220 246 258 289 302 309 
311 14 40 91 100 106 128 218 220 232 291 321 323 327 334 338 
312 14 32 72 90 100 130 140 149 165 166 188 257 262 289 293 
313 21 18 23 41 93 101 103 127 133 139 169 178 220 226 229 257 260 264 279 293 304 326 
314 12 19 58 91 93 224 238 263 290 291 294 295 335 
315 17 15 22 54 85 89 108 117 157 178 197 209 221 224 291 293 316 325 
316 17 11 24 44 67 107 113 145 153 193 194 199 269 270 295 315 326 328 
317 12 7 44 65 87 95 96 109 130 236 265 295 320 
318 14 5 28 48 66 67 84 88 96 107 202 233 245 268 308 
319 23 3 32 52 54 60 79 89 96 111 169 170 174 196 206 208 233 242 254 256 274 289 299 300 
320 28 16 36 56 86 91 92 122 124 174 177 191 194 195 197 208 210 217 228 230 255 263 269 270 283 290 304 317 327 
321 22 9 19 25 91 104 123 130 150 151 178 187 194 207 225 238 260 263 266 286 306 311 333 
322 13 4 87 114 153 190 197 213 217 225 231 285 291 325 
323 21 30 52 55 103 120 129 136 137 156 202 236 237 242 265 267 272 273 282 307 311 333 
324 22 26 43 46 68 69 79 85 127 155 161 176 185 191 200 204 208 220 238 246 274 303 326 
325 17 15 46 73 85 95 115 126 165 171 172 204 239 261 299 308 315 322 
326 22 22 35 108 125 130 142 151 159 177 204 223 234 257 262 282 283 297 308 313 316 324 334 
327 17 21 99 102 115 118 131 162 190 206 208 231 243 270 271 287 311 320 
328 25 10 15 19 25 29 34 40 43 61 62 70 93 115 123 137 143 150 158 199 221 224 256 276 302 316 
329 19 13 23 62 64 65 75 76 78 91 108 111 115 163 175 215 235 256 278 283 
330 11 18 23 82 124 131 150 170 210 224 241 274 
331 12 10 11 17 49 107 129 137 157 190 201 332 337 
332 20 52 65 79 80 85 90 95 109 116 151 154 185 191 228 231 243 261 285 331 336 
333 22 0 16 68 97 98 109 116 124 130 132 156 181 189 221 264 277 282 289 299 303 321 323 
334 22 7 19 25 46 60 86 91 136 160 185 186 187 195 196 206 214 259 275 281 305 311 326 
335 15 14 48 56 84 130 219 245 253 261 276 283 289 292 306 314 
336 13 2 56 116 146 191 192 232 240 272 295 307 309 332 
337 14 17 39 40 55 91 127 180 239 241 249 259 287 296 331 
338 23 17 31 45 52 54 65 77 88 89 101 115 116 135 159 160 180 197 215 244 254 276 285 311 
339 17 12 58 61 76 87 116 142 158 163 180 207 259 268 271 273 278 301 
