340 1037
0 7 21 33 73 80 125 170 326 
1 10 13 66 134 186 203 228 232 269 285 317 
2 5 51 65 82 128 158 
3 6 20 97 150 166 326 332 
4 9 39 64 101 187 214 215 295 319 331 
5 7 63 97 121 125 150 178 304 
6 4 15 41 42 172 
7 1 287 
8 11 9 19 34 37 82 91 197 220 236 240 331 
9 11 8 23 34 57 73 140 232 274 277 314 327 
10 5 117 185 200 255 271 
11 5 154 170 189 219 253 
12 5 46 129 308 315 321 
13 7 1 81 164 186 237 283 294 
14 4 64 139 259 312 
15 7 6 205 239 248 274 282 295 
16 8 120 132 137 236 249 259 295 310 
17 7 115 136 251 252 253 274 290 
18 2 112 233 
19 11 8 52 60 76 152 234 242 246 272 291 315 
20 6 3 45 102 106 118 140 
21 2 0 240 
22 11 34 52 62 69 166 171 174 180 183 185 278 
23 6 9 128 195 239 300 316 
24 1 237 
25 4 44 55 103 147 
26 7 141 145 159 206 225 270 275 
27 5 41 90 178 285 305 
28 10 39 105 137 145 173 176 260 286 289 300 
29 6 45 88 99 192 221 265 
30 8 56 99 127 154 182 185 264 324 
31 5 35 55 212 219 227 
32 5 58 83 127 251 260 
33 4 0 167 168 188 
34 11 8 9 22 136 137 144 183 201 223 263 316 
35 4 31 65 97 124 
36 7 52 82 97 117 178 208 258 
37 7 8 54 128 148 161 191 333 
38 6 40 93 95 163 228 336 
39 12 4 28 42 80 104 156 168 177 188 203 266 318 
40 4 38 207 278 315 
41 11 6 27 61 89 131 185 202 296 300 301 319 
42 9 6 39 66 139 150 178 195 279 319 
43 5 56 179 215 220 221 
44 3 25 136 232 
45 9 20 29 158 176 190 212 247 301 337 
46 4 12 82 118 265 
47 9 48 82 121 155 223 315 318 328 329 
48 8 47 60 167 176 197 229 256 324 
49 5 161 172 181 230 290 
50 1 239 
51 7 2 82 156 202 215 263 278 
52 5 19 22 36 142 265 
53 6 124 163 206 207 285 335 
54 11 37 61 66 68 109 129 185 199 208 282 315 
55 9 25 31 159 177 186 222 280 286 337 
56 5 30 43 136 178 218 
57 8 9 103 140 173 179 200 229 326 
58 7 32 67 94 149 165 212 278 
59 5 128 133 156 254 300 
60 7 19 48 127 140 149 203 293 
61 8 41 54 88 163 211 306 322 326 
62 4 22 120 208 226 
63 6 5 116 168 193 200 216 
64 3 4 14 338 
65 8 2 35 69 77 112 202 214 237 
66 5 1 42 54 119 215 
67 7 58 143 198 206 218 220 282 
68 6 54 91 106 114 310 322 
69 7 22 65 115 138 207 247 314 
70 7 72 136 151 243 258 260 337 
71 5 95 96 220 273 310 
72 3 70 217 236 
73 4 0 9 80 133 
74 6 176 190 237 265 268 306 
75 6 117 133 176 260 283 297 
76 6 19 102 159 207 316 332 
77 5 65 118 129 282 328 
78 6 105 196 221 256 260 297 
79 4 126 176 177 223 
80 10 0 39 73 103 118 131 158 194 205 236 
81 6 13 153 195 212 223 260 
82 12 2 8 36 46 47 51 101 107 110 197 199 276 
83 3 32 319 328 
84 3 135 301 333 
85 2 165 175 
86 3 115 145 269 
87 3 100 183 184 
88 9 29 61 103 109 156 240 269 279 326 
89 5 41 157 208 220 234 
90 6 27 144 154 173 275 308 
91 7 8 68 123 159 247 277 298 
92 2 226 327 
93 3 38 222 331 
94 8 58 98 99 202 206 268 297 307 
95 6 38 71 176 254 284 331 
96 4 71 131 211 333 
97 7 3 5 35 36 169 247 334 
98 6 94 143 159 221 266 278 
99 8 29 30 94 206 231 287 301 337 
100 5 87 119 143 148 299 
101 7 4 82 157 172 280 286 338 
102 7 20 76 126 157 168 195 285 
103 10 25 57 80 88 148 185 192 194 259 276 
104 4 39 221 308 320 
105 3 28 78 160 
106 11 20 68 140 150 191 193 221 224 258 314 326 
107 2 82 330 
108 3 130 307 317 
109 6 54 88 130 228 241 251 
110 9 82 170 220 228 231 244 267 277 296 
111 4 136 142 157 201 
112 5 18 65 121 133 146 
113 6 141 186 219 220 245 309 
114 6 68 139 227 306 317 335 
115 5 17 69 86 237 334 
116 4 63 159 211 221 
117 6 10 36 75 159 232 266 
118 12 20 46 77 80 166 176 229 233 254 263 318 319 
119 6 66 100 157 295 300 339 
120 4 16 62 256 312 
121 7 5 47 112 200 261 281 310 
122 4 171 226 278 288 
123 5 91 143 199 213 221 
124 7 35 53 156 217 254 284 327 
125 7 0 5 145 150 157 191 229 
126 3 79 102 282 
127 6 30 32 60 244 293 328 
128 6 2 23 37 59 185 273 
129 7 12 54 77 146 169 212 277 
130 5 108 109 218 330 331 
131 5 41 80 96 224 327 
132 4 16 183 287 335 
133 9 59 73 75 112 240 243 273 277 337 
134 3 1 195 219 
135 7 84 180 195 211 235 245 321 
136 13 17 34 44 56 70 111 138 167 246 276 281 320 328 
137 10 16 28 34 155 186 200 232 247 263 284 
138 7 69 136 205 233 236 252 300 
139 8 14 42 114 180 189 228 255 325 
140 7 9 20 57 60 106 185 231 
141 8 26 113 146 158 195 205 218 242 
142 11 52 111 173 180 182 211 260 267 298 323 326 
143 5 67 98 100 123 153 
144 7 34 90 192 260 268 298 332 
145 5 26 28 86 125 282 
146 8 112 129 141 171 229 239 286 323 
147 5 25 161 181 222 330 
148 7 37 100 103 188 211 248 312 
149 5 58 60 209 221 320 
150 6 3 5 42 106 125 312 
151 3 70 255 269 
152 2 19 230 
153 6 81 143 159 186 193 230 
154 7 11 30 90 236 288 299 310 
155 4 47 137 208 318 
156 11 39 51 59 88 124 157 196 250 269 290 300 
157 13 89 101 102 111 119 125 156 208 265 277 284 285 336 
158 8 2 45 80 141 172 199 226 286 
159 8 26 55 76 91 98 116 117 153 
160 5 105 219 227 296 335 
161 6 37 49 147 182 258 308 
162 2 219 304 
163 7 38 53 61 236 282 285 307 
164 6 13 235 260 270 271 329 
165 3 58 85 240 
166 8 3 22 118 199 229 243 269 291 
167 5 33 48 136 220 304 
168 6 33 39 63 102 194 262 
169 4 97 129 315 332 
170 3 0 11 110 
171 6 22 122 146 181 297 306 
172 8 6 49 101 158 220 246 274 277 
173 4 28 57 90 142 
174 4 22 303 315 316 
175 1 85 
176 12 28 45 48 74 75 79 95 118 205 215 284 330 
177 7 39 55 79 208 228 254 285 
178 6 5 27 36 42 56 314 
179 3 43 57 199 
180 7 22 135 139 142 210 257 321 
181 6 49 147 171 247 306 312 
182 6 30 142 161 217 285 338 
183 8 22 34 87 132 188 199 306 323 
184 7 87 205 224 226 269 295 329 
185 9 10 22 30 41 54 103 128 140 334 
186 10 1 13 55 113 137 153 232 241 251 304 
187 4 4 255 283 286 
188 5 33 39 148 183 210 
189 3 11 139 320 
190 6 45 74 206 250 271 285 
191 6 37 106 125 198 280 316 
192 5 29 103 144 275 287 
193 4 63 106 153 232 
194 4 80 103 168 228 
195 15 23 42 81 102 134 135 141 202 207 211 236 246 256 279 309 
196 6 78 156 222 260 283 315 
197 5 8 48 82 249 270 
198 5 67 191 265 319 339 
199 8 54 82 123 158 166 179 183 325 
200 7 10 57 63 121 137 220 228 
201 2 34 111 
202 7 41 51 65 94 195 315 317 
203 6 1 39 60 259 287 334 
204 5 229 235 313 325 330 
205 8 15 80 138 141 176 184 234 238 
206 6 26 53 67 94 99 190 
207 7 40 53 69 76 195 250 272 
208 10 36 54 62 89 155 157 177 217 221 306 
209 5 149 244 246 262 271 
210 2 180 188 
211 8 61 96 116 135 142 148 195 282 
212 6 31 45 58 81 129 273 
213 2 123 250 
214 6 4 65 280 284 290 330 
215 9 4 43 51 66 176 262 303 330 334 
216 2 63 296 
217 5 72 124 182 208 326 
218 9 56 67 130 141 234 256 280 299 325 
219 9 11 31 113 134 160 162 247 269 294 
220 10 8 43 67 71 89 110 113 167 172 200 
221 11 29 43 78 98 104 106 116 123 149 208 282 
222 11 55 93 147 196 260 287 291 299 319 328 338 
223 5 34 47 79 81 283 
224 4 106 131 184 327 
225 4 26 238 290 329 
226 6 62 92 122 158 184 234 
227 5 31 114 160 241 314 
228 9 1 38 109 110 139 177 194 200 301 
229 10 48 57 118 125 146 166 204 238 284 289 
230 6 49 152 153 233 244 328 
231 3 99 110 140 
232 8 1 9 44 117 137 186 193 236 
233 6 18 118 138 230 296 332 
234 10 19 89 205 218 226 251 279 282 302 331 
235 4 135 164 204 258 
236 13 8 16 72 80 138 154 163 195 232 239 265 279 295 
237 7 13 24 65 74 115 322 335 
238 5 205 225 229 298 303 
239 7 15 23 50 146 236 252 323 
240 6 8 21 88 133 165 326 
241 7 109 186 227 269 311 332 336 
242 4 19 141 270 314 
243 7 70 133 166 253 282 324 337 
244 9 110 127 209 230 252 253 280 283 337 
245 3 113 135 300 
246 6 19 136 172 195 209 251 
247 9 45 69 91 97 137 181 219 269 336 
248 4 15 148 253 309 
249 3 16 197 256 
250 5 156 190 207 213 331 
251 8 17 32 109 186 234 246 276 327 
252 5 17 138 239 244 265 
253 6 11 17 243 244 248 313 
254 6 59 95 118 124 177 316 
255 6 10 139 151 187 282 316 
256 8 48 78 120 195 218 249 259 293 
257 4 180 271 272 312 
258 7 36 70 106 161 235 269 309 
259 7 14 16 103 203 256 313 333 
260 12 28 32 70 75 78 81 142 144 164 196 222 288 
261 2 121 330 
262 4 168 209 215 280 
263 6 34 51 118 137 283 336 
264 1 30 
265 9 29 46 52 74 157 198 236 252 323 
266 4 39 98 117 270 
267 4 110 142 326 331 
268 3 74 94 144 
269 11 1 86 88 151 156 166 184 219 241 247 258 
270 5 26 164 197 242 266 
271 6 10 164 190 209 257 276 
272 4 19 207 257 280 
273 4 71 128 133 212 
274 5 9 15 17 172 339 
275 4 26 90 192 333 
276 5 82 103 136 251 271 
277 7 9 91 110 129 133 157 172 
278 7 22 40 51 58 98 122 316 
279 7 42 88 195 234 236 325 337 
280 9 55 101 191 214 218 244 262 272 317 
281 3 121 136 337 
282 12 15 54 67 77 126 145 163 211 221 234 243 255 
283 8 13 75 187 196 223 244 263 297 
284 8 95 124 137 157 176 214 229 316 
285 10 1 27 53 102 157 163 177 182 190 334 
286 6 28 55 101 146 158 187 
287 6 7 99 132 192 203 222 
288 4 122 154 260 314 
289 3 28 229 313 
290 7 17 49 156 214 225 301 316 
291 5 19 166 222 305 333 
292 1 310 
293 3 60 127 256 
294 2 13 219 
295 6 4 15 16 119 184 236 
296 5 41 110 160 216 233 
297 5 75 78 94 171 283 
298 4 91 142 144 238 
299 5 100 154 218 222 328 
300 8 23 28 41 59 119 138 156 245 
301 6 41 45 84 99 228 290 
302 2 234 338 
303 4 174 215 238 305 
304 5 5 162 167 186 322 
305 3 27 291 303 
306 9 61 74 114 171 181 183 208 317 329 
307 3 94 108 163 
308 5 12 90 104 161 318 
309 5 113 195 248 258 337 
310 6 16 68 71 121 154 292 
311 1 241 
312 6 14 120 148 150 181 257 
313 5 204 253 259 289 334 
314 7 9 69 106 178 227 242 288 
315 9 12 19 40 47 54 169 174 196 202 
316 11 23 34 76 174 191 254 255 278 284 290 332 
317 6 1 108 114 202 280 306 
318 5 39 47 118 155 308 
319 7 4 41 42 83 118 198 222 
320 4 104 136 149 189 
321 3 12 135 180 
322 4 61 68 237 304 
323 5 142 146 183 239 265 
324 3 30 48 243 
325 5 139 199 204 218 279 
326 10 0 3 57 61 88 106 142 217 240 267 
327 6 9 92 124 131 224 251 
328 8 47 77 83 127 136 222 230 299 
329 5 47 164 184 225 306 
330 8 107 130 147 176 204 214 215 261 
331 8 4 8 93 95 130 234 250 267 
332 7 3 76 144 169 233 241 316 
333 6 37 84 96 259 275 291 
334 7 97 115 185 203 215 285 313 
335 6 53 114 132 160 237 337 
336 5 38 157 241 247 263 
337 11 45 55 70 99 133 243 244 279 281 309 335 
338 5 64 101 182 222 302 
339 3 119 198 274 
