340 5828
0 30 2 6 21 32 33 51 57 69 73 80 85 98 117 125 146 153 170 171 172 197 219 231 234 237 239 262 276 304 321 326 
1 48 13 14 20 31 32 39 42 50 66 78 79 86 87 92 101 106 120 123 131 134 135 146 160 164 186 187 195 203 208 211 218 228 229 232 236 260 263 267 269 285 288 291 303 304 309 317 324 331 
2 35 0 4 8 11 16 21 27 41 51 62 65 72 80 82 86 128 134 140 143 149 158 176 192 204 223 225 231 239 255 267 268 269 313 324 335 
3 27 20 22 50 75 97 115 118 124 126 150 154 166 168 171 176 188 219 220 237 254 278 298 304 314 326 332 333 
4 35 2 20 39 56 64 65 85 95 101 130 141 143 156 163 165 180 185 187 207 214 215 216 222 226 242 245 262 266 273 277 278 295 319 331 339 
5 26 11 12 31 59 61 63 85 96 97 120 121 125 136 149 150 152 171 178 192 238 257 265 267 291 304 336 
6 29 0 8 15 32 34 41 42 47 68 71 90 92 94 107 143 150 154 172 183 184 229 235 258 261 293 304 324 333 337 
7 29 24 40 69 72 99 105 112 116 122 124 134 154 184 193 227 239 253 259 260 273 276 281 287 292 293 294 309 321 329 
8 37 2 6 9 15 19 26 34 37 65 73 76 81 82 91 93 98 102 105 119 122 129 130 149 179 188 197 220 236 240 249 250 254 264 270 289 326 331 
9 43 8 12 17 19 23 28 34 48 57 58 66 69 73 75 80 84 104 110 113 116 119 138 140 160 163 164 168 209 231 232 245 263 274 277 297 303 314 316 318 319 327 333 339 
10 29 51 59 72 111 117 124 127 153 154 162 163 165 166 171 176 185 200 206 214 218 248 249 255 271 275 284 303 330 332 
11 34 2 5 12 28 39 40 42 45 54 64 74 77 89 99 143 146 154 164 170 189 207 219 224 225 229 235 242 253 256 273 288 316 323 329 
12 40 5 9 11 24 30 41 46 52 57 59 66 70 124 129 135 147 158 165 171 185 189 194 211 235 246 251 255 256 269 270 289 291 293 305 308 313 315 321 325 327 
13 42 1 16 23 26 27 31 55 65 70 72 81 93 124 125 135 144 146 154 156 164 166 167 168 173 186 208 213 237 241 254 263 267 269 283 289 292 294 306 313 323 334 337 
14 29 1 24 44 62 63 64 87 97 113 139 169 181 182 202 208 236 238 241 259 261 265 270 291 312 321 328 335 337 339 
15 36 6 8 49 72 85 87 89 94 96 104 106 122 164 172 202 205 211 222 224 225 227 229 239 248 252 259 274 282 293 295 300 304 308 313 320 328 
16 31 2 13 18 21 34 38 45 60 75 93 120 132 133 137 141 156 188 201 219 220 235 236 249 259 264 288 295 310 324 327 337 
17 37 9 20 27 33 57 75 76 81 83 99 115 118 133 136 146 151 193 213 230 231 242 248 251 252 253 272 273 274 289 290 291 302 305 310 327 331 335 
18 26 16 36 57 60 104 106 112 140 142 156 157 163 178 180 181 182 186 233 235 272 276 290 314 326 328 332 
19 39 8 9 36 52 60 76 140 146 149 152 153 161 174 177 178 179 186 192 207 216 234 236 242 246 261 263 272 285 287 289 291 292 294 297 303 310 315 318 332 
20 36 1 3 4 17 36 45 56 61 70 82 98 102 106 109 110 118 119 136 140 156 185 187 195 197 213 214 222 227 233 236 237 252 285 298 299 323 
21 32 0 2 16 55 61 64 68 80 82 92 102 107 111 131 149 161 166 170 177 179 193 230 234 240 253 255 266 284 287 291 310 314 
22 33 3 23 34 35 52 57 62 68 69 70 71 79 127 130 132 162 166 171 174 176 180 183 185 198 200 258 262 274 278 282 307 312 329 
23 30 9 13 22 34 38 42 51 58 69 81 91 100 126 128 195 206 207 225 236 239 268 270 278 279 284 295 300 307 316 338 
24 35 7 12 14 28 36 55 60 111 147 156 158 161 167 176 184 188 202 206 211 220 225 226 237 238 249 250 265 270 287 297 314 316 317 321 337 
25 25 31 34 37 44 49 55 69 71 100 103 121 125 126 134 147 154 161 197 203 211 253 254 255 264 313 
26 39 8 13 41 47 64 72 76 86 90 93 131 137 141 145 153 159 165 167 170 188 192 201 206 212 214 225 234 237 246 262 267 270 274 275 287 299 312 327 329 
27 40 2 13 17 37 41 50 68 74 75 87 90 119 122 124 141 159 165 166 170 178 207 210 211 212 226 227 258 273 280 285 290 291 292 305 312 315 317 319 324 327 
28 35 9 11 24 39 46 89 105 106 109 133 137 145 171 173 176 205 214 222 230 235 253 260 275 277 280 282 286 289 296 298 300 317 324 327 332 
29 36 32 45 66 70 72 73 76 85 86 88 99 131 137 139 142 156 157 161 164 170 173 179 192 195 197 208 211 219 221 258 265 278 293 313 323 325 
30 37 12 35 53 56 62 78 82 84 87 99 105 110 119 127 130 135 139 154 173 174 182 185 196 205 208 218 231 264 269 274 278 279 293 307 312 324 326 
31 32 1 5 13 25 33 35 55 71 74 92 109 132 149 160 170 175 178 197 205 212 219 227 230 250 272 273 296 297 299 301 311 328 
32 27 0 1 6 29 38 40 45 46 49 52 58 83 92 99 103 127 130 137 150 170 208 233 246 251 260 264 320 
33 28 0 17 31 35 42 44 45 60 72 81 111 117 165 167 168 174 188 214 238 243 253 260 269 276 283 296 304 333 
34 38 6 8 9 16 22 23 25 63 68 70 80 81 117 118 136 137 142 144 156 161 170 183 201 223 224 240 254 260 263 284 293 294 302 311 314 316 319 329 
35 40 22 30 31 33 36 46 65 86 97 98 112 123 124 128 137 151 154 159 164 165 177 180 198 207 218 232 240 242 245 274 286 287 293 298 307 310 319 323 331 338 
36 40 18 19 20 24 35 39 52 64 75 82 95 97 104 116 117 131 132 135 136 144 165 167 176 178 181 188 208 217 237 241 258 259 263 277 283 285 297 319 320 337 
37 36 8 25 27 46 54 74 80 90 94 115 119 125 126 127 128 148 150 152 154 161 165 170 177 191 193 215 218 223 231 241 299 307 308 319 333 339 
38 28 16 23 32 40 45 55 64 68 93 95 103 105 113 116 125 163 166 202 224 228 244 277 284 297 306 308 333 336 
39 37 1 4 11 28 36 42 69 75 80 92 99 104 131 140 144 151 156 162 168 177 186 188 197 199 203 219 223 233 243 266 272 281 304 305 318 320 326 
40 39 7 11 32 38 51 62 70 85 91 106 111 112 118 130 137 138 163 177 184 185 205 207 214 215 232 242 248 264 266 268 278 285 287 290 292 307 313 315 318 
41 37 2 6 12 26 27 47 61 67 71 84 87 89 109 114 131 152 153 167 174 177 185 195 202 232 250 256 264 266 278 284 296 298 300 301 308 313 319 
42 37 1 6 11 23 33 39 65 66 99 102 104 108 110 122 139 150 151 152 153 163 178 179 181 190 193 195 213 217 224 234 258 259 270 279 287 319 325 
43 28 47 56 57 73 95 105 125 136 143 155 166 169 179 191 211 215 219 220 221 231 235 260 261 277 287 302 319 333 
44 29 14 25 33 57 68 71 73 115 136 137 143 152 160 187 222 224 227 231 232 236 255 256 267 268 279 280 288 293 303 
45 47 11 16 20 29 32 33 38 46 54 59 60 67 83 93 107 114 131 132 158 161 171 173 176 177 182 190 210 212 214 220 247 254 261 264 269 270 273 280 290 301 302 325 328 330 334 336 337 
46 37 12 28 32 35 37 45 52 79 82 83 97 117 118 120 130 141 145 164 167 179 186 192 218 223 230 240 250 251 252 254 258 265 278 284 287 300 334 
47 31 6 26 41 43 48 66 73 77 82 90 103 107 121 155 165 166 182 198 203 209 223 254 263 280 284 297 315 318 320 328 329 
48 35 9 47 54 60 72 74 84 92 99 135 149 151 162 167 172 176 182 194 197 210 214 229 231 238 243 246 249 251 256 261 265 290 303 312 324 
49 34 15 25 32 55 56 64 88 98 107 109 116 121 124 125 126 133 140 150 161 172 181 194 196 230 237 246 250 272 276 290 296 323 327 332 
50 33 1 3 27 51 52 88 90 97 101 117 130 156 160 161 180 188 192 196 200 204 218 236 239 240 245 247 257 277 278 282 284 288 337 
51 37 0 2 10 23 40 50 52 55 57 63 74 82 99 112 116 117 146 151 156 159 178 202 209 215 217 233 235 243 260 263 266 278 282 296 328 332 334 
52 38 12 19 22 32 36 46 50 51 54 78 81 100 118 123 128 142 143 169 185 187 191 200 204 212 214 227 231 232 240 243 265 271 275 280 309 331 335 336 
53 34 30 58 106 112 115 119 123 124 130 140 156 163 165 176 185 191 192 196 205 206 207 219 234 237 285 286 287 289 291 295 299 300 328 335 
54 30 11 37 45 48 52 55 61 65 66 67 68 85 109 115 128 129 164 185 199 208 225 229 243 258 273 282 298 303 315 334 
55 36 13 21 24 25 31 38 49 51 54 92 99 151 159 162 177 179 186 190 200 204 206 214 217 220 221 222 247 264 274 280 286 290 308 311 327 337 
56 42 4 20 30 43 49 63 76 99 100 110 111 131 136 147 162 168 172 173 178 187 194 198 201 218 220 222 229 250 254 257 259 268 269 280 295 300 301 308 310 311 312 327 
57 37 0 9 12 17 18 22 43 44 51 103 111 132 133 139 140 157 161 173 175 179 199 200 203 206 227 229 233 245 258 267 275 290 298 306 316 323 326 
58 30 9 23 32 53 67 94 107 111 149 150 164 165 169 171 172 176 182 212 223 229 231 254 263 278 281 282 296 307 311 333 
59 32 5 10 12 45 61 66 74 100 110 113 123 128 131 132 133 147 150 156 157 171 175 179 180 208 233 236 249 254 258 282 283 300 
60 32 16 18 19 24 33 45 48 68 69 71 81 83 114 115 127 140 149 172 203 214 221 245 250 254 269 273 278 279 293 301 328 336 
61 33 5 20 21 41 54 59 65 73 88 97 100 107 129 133 143 163 184 200 211 236 245 253 271 281 284 295 306 311 312 318 322 326 338 
62 32 2 14 22 30 40 64 71 78 102 107 120 123 129 146 151 168 184 200 201 208 217 221 226 227 233 250 263 279 280 288 299 304 
63 31 5 14 34 51 56 77 84 101 116 118 120 131 155 168 182 185 190 193 195 196 200 216 221 236 239 257 271 293 304 314 330 
64 37 4 11 14 21 26 36 38 49 62 84 99 100 112 121 140 153 155 193 207 215 222 254 256 267 268 275 287 288 293 304 306 310 312 315 320 336 338 
65 31 2 4 8 13 35 42 54 61 67 69 77 84 89 112 115 118 120 159 178 202 214 237 254 265 266 267 268 280 307 317 329 
66 35 1 9 12 29 42 47 54 59 71 72 73 74 75 80 106 119 123 126 139 145 197 199 202 203 207 211 215 245 248 264 268 271 284 310 315 
67 30 41 45 54 58 65 90 101 113 115 126 140 143 149 152 163 181 189 197 198 206 218 220 222 223 229 230 239 263 282 310 
68 36 6 21 22 27 34 38 44 54 60 76 90 91 94 106 109 114 162 167 173 190 218 233 239 250 251 252 274 286 310 315 318 322 328 330 332 334 
69 42 0 7 9 22 23 25 39 60 65 74 77 79 82 96 103 115 120 131 134 136 138 198 199 207 208 221 222 236 240 244 247 264 265 301 302 305 306 307 314 323 327 333 
70 34 12 13 20 22 29 34 40 72 82 95 110 115 136 151 165 171 172 211 227 239 243 258 260 272 273 277 290 301 310 314 316 323 336 337 
71 37 6 22 25 31 41 44 60 62 66 78 91 95 96 99 107 133 138 143 159 185 199 209 220 226 236 249 256 257 273 277 286 306 310 317 322 327 335 
72 48 2 7 10 13 15 26 29 33 48 66 70 81 85 91 92 94 101 116 120 122 125 140 145 159 169 170 178 190 196 198 212 217 233 236 238 246 253 262 266 268 272 303 306 309 310 314 326 337 
73 37 0 8 9 29 43 44 47 61 66 77 80 93 105 117 122 131 133 141 143 156 160 172 173 198 223 225 233 251 266 271 291 302 304 306 315 326 333 
74 43 11 27 31 37 48 51 59 66 69 82 83 89 95 111 112 126 132 135 143 161 163 168 171 174 176 190 208 221 222 225 227 232 234 237 239 251 261 265 268 306 325 328 332 
75 34 3 9 16 17 27 36 39 66 82 100 110 117 122 133 143 148 156 176 177 179 182 195 220 230 242 246 258 260 264 271 283 297 324 338 
76 36 8 17 19 26 29 56 68 79 97 102 114 117 119 139 140 143 156 158 159 174 177 184 194 204 207 239 244 266 267 283 298 304 305 316 326 332 
77 21 11 47 63 65 69 73 78 100 116 118 129 132 163 213 226 268 271 282 294 296 328 
78 43 1 30 52 62 71 77 85 94 105 130 141 148 152 153 165 172 174 175 182 187 188 189 190 196 204 206 221 222 223 228 254 256 259 260 268 276 288 291 297 304 305 307 314 
79 35 1 22 46 69 76 80 104 113 118 123 126 159 163 164 168 176 177 182 184 193 201 218 223 230 242 256 258 262 271 275 301 312 333 335 337 
80 35 0 2 9 21 34 37 39 66 73 79 85 103 114 115 118 122 131 133 150 153 158 159 167 170 184 194 205 228 236 237 300 308 313 321 329 
81 37 8 13 17 23 33 34 52 60 72 88 101 117 120 125 129 152 153 155 159 173 174 183 185 191 195 212 215 223 232 238 242 251 252 253 260 263 295 
82 37 2 8 20 21 30 36 46 47 51 69 70 74 75 101 107 110 116 119 134 144 159 164 182 183 197 199 205 243 244 250 271 273 276 312 317 334 338 
83 20 17 32 45 46 60 74 101 111 122 125 158 160 177 189 211 260 281 316 319 328 
84 26 9 30 41 48 63 64 65 114 118 135 150 162 176 184 195 214 217 235 239 240 252 277 298 300 301 333 
85 36 0 4 5 15 29 40 54 72 78 80 99 125 128 153 154 165 167 175 188 191 192 221 222 226 241 244 263 269 284 289 312 318 328 331 336 339 
86 28 1 2 26 29 35 101 115 119 130 141 145 187 191 212 229 236 237 262 267 269 272 282 289 291 294 309 317 336 
87 33 1 14 15 27 30 41 100 103 105 114 126 140 151 158 175 176 183 184 225 233 249 256 261 264 269 278 279 287 291 306 314 320 322 
88 33 29 49 50 61 81 94 97 101 103 109 117 147 151 156 168 176 198 202 215 216 221 240 262 268 269 279 291 313 316 320 326 331 338 
89 29 11 15 28 41 65 74 95 105 108 123 139 146 157 158 165 170 173 177 179 208 220 224 225 234 270 297 322 332 338 
90 35 6 26 27 37 47 50 67 68 110 115 130 144 150 153 154 161 166 173 196 201 204 217 218 235 241 268 274 275 281 294 296 302 308 311 312 
91 33 8 23 40 68 71 72 101 117 123 130 137 149 159 171 181 191 192 219 229 234 238 239 247 248 263 264 273 277 282 298 307 316 333 
92 43 1 6 21 31 32 39 48 55 72 93 99 104 106 117 127 140 142 146 149 151 164 165 171 177 180 203 204 216 220 226 250 256 257 275 276 284 306 313 318 323 324 325 327 
93 31 8 13 16 26 38 45 73 92 95 107 119 135 158 213 222 231 243 252 264 271 279 281 287 292 305 306 307 309 331 336 338 
94 32 6 15 37 58 68 72 78 88 98 99 125 143 149 159 188 202 205 206 217 244 251 260 266 268 269 286 297 307 322 325 329 336 
95 27 4 36 38 43 70 71 74 89 93 96 97 113 176 204 206 207 213 241 247 254 255 271 281 284 316 321 331 
96 28 5 15 69 71 95 98 99 113 122 123 131 149 157 160 185 193 211 218 246 261 276 302 306 318 326 329 333 338 
97 26 3 5 14 35 36 46 50 61 76 88 95 118 169 178 208 211 212 234 247 256 263 268 294 315 334 335 
98 27 0 8 20 35 49 94 96 122 141 143 159 162 166 209 216 221 255 266 272 275 278 283 304 316 320 323 324 
99 40 7 11 17 29 30 32 39 42 48 51 55 56 64 71 85 92 94 96 115 125 165 184 195 206 216 223 231 232 243 256 257 287 301 306 307 317 331 332 337 338 
100 35 23 25 52 56 59 61 64 75 77 87 108 113 119 143 148 157 162 176 179 185 189 204 209 213 220 228 251 277 297 299 301 303 307 314 336 
101 35 1 4 50 63 67 72 81 82 83 86 88 91 118 138 143 151 157 160 167 172 174 221 231 232 256 266 271 280 286 295 296 305 311 319 338 
102 27 8 20 21 42 62 76 121 126 142 152 157 168 177 190 195 203 205 206 231 234 263 266 278 285 293 318 327 
103 34 25 32 38 47 57 69 80 87 88 105 112 124 148 164 168 185 187 192 194 195 196 206 215 217 233 240 259 276 280 304 307 308 312 337 
104 38 9 15 18 36 39 42 79 92 117 119 121 126 128 141 145 148 151 162 179 189 208 221 254 255 262 264 271 275 277 285 286 291 302 308 320 323 335 338 
105 29 7 8 28 30 38 43 73 78 87 89 103 156 158 160 190 206 211 224 231 261 275 279 288 304 305 306 308 309 338 
106 37 1 15 18 20 28 40 53 66 68 92 107 108 126 128 140 148 150 161 165 174 186 191 193 196 221 224 228 239 241 258 274 277 285 314 324 326 330 
107 30 6 21 45 47 49 58 61 62 71 82 93 106 131 132 141 172 184 188 191 196 199 207 242 263 295 297 313 318 328 330 
108 27 42 89 100 106 112 113 120 130 143 152 166 194 216 228 238 239 252 260 272 281 294 307 308 317 329 331 334 
109 33 20 28 31 41 49 54 68 88 113 122 130 139 152 171 172 174 179 182 188 195 199 206 208 219 228 241 251 260 268 294 320 324 336 
110 37 9 20 30 42 56 59 70 75 82 90 125 134 147 167 170 189 193 194 195 220 226 228 231 237 244 251 253 267 277 278 283 290 295 296 300 319 331 
111 29 10 21 24 33 40 56 57 58 74 83 118 136 142 144 157 179 201 209 212 222 241 244 280 297 308 312 320 333 334 
112 29 7 18 35 40 51 53 64 65 74 103 108 121 133 141 146 163 170 175 211 216 225 250 252 254 272 290 294 298 313 
113 37 9 14 38 59 67 79 95 96 100 108 109 117 122 141 149 164 165 180 186 196 208 211 219 220 226 230 244 245 246 271 275 276 295 309 314 324 330 
114 32 41 45 60 68 76 80 84 87 116 129 138 139 143 144 156 165 182 206 210 213 215 227 230 232 248 275 295 306 317 335 336 338 
115 35 3 17 37 44 53 54 60 65 67 69 70 80 86 90 99 123 138 152 158 172 176 210 223 229 237 250 253 270 271 289 297 334 336 338 339 
116 23 7 9 36 38 49 51 63 72 77 82 114 149 159 161 176 191 202 211 221 256 285 295 315 
117 39 0 10 33 34 36 46 50 51 73 75 76 81 88 91 92 104 113 131 132 140 141 159 183 192 202 208 232 241 243 246 256 257 264 266 275 312 331 333 336 
118 47 3 17 20 34 40 46 52 63 65 77 79 80 84 97 101 111 127 153 159 166 168 176 185 195 201 214 229 233 239 249 253 254 263 287 290 293 294 305 311 318 319 321 322 325 332 338 339 
119 39 8 9 20 27 30 37 53 66 76 82 86 93 100 104 121 127 139 154 157 164 175 177 201 202 211 221 227 229 238 244 252 272 279 295 300 318 331 336 339 
120 27 1 5 16 46 62 63 65 69 72 81 108 137 154 158 161 170 197 238 240 255 256 280 286 312 321 332 338 
121 30 5 25 47 49 64 102 104 112 119 135 161 179 186 187 189 200 212 220 226 232 258 261 272 281 288 301 310 311 324 335 
122 40 7 8 15 27 42 72 73 75 80 83 96 98 109 113 142 145 155 156 163 165 171 174 193 201 205 226 231 246 248 262 267 269 272 278 282 288 307 311 319 336 
123 32 1 35 52 53 59 62 66 79 89 91 96 115 125 143 191 199 201 213 215 221 224 231 238 247 282 291 292 298 309 326 327 334 
124 28 3 7 10 12 13 27 35 49 53 103 156 164 169 178 192 195 214 217 254 258 262 266 284 292 299 305 314 327 
125 32 0 5 13 25 37 38 43 49 72 81 83 85 94 99 110 123 127 145 150 157 158 161 162 191 199 229 244 247 272 281 283 337 
126 33 3 23 25 37 49 66 67 74 79 87 102 104 106 131 139 160 173 200 237 239 241 248 253 258 265 277 281 282 286 299 301 321 322 
127 27 10 22 30 32 37 60 92 118 119 125 148 152 159 163 172 174 180 195 200 219 228 232 244 282 293 295 328 
128 33 2 23 35 37 52 54 59 85 104 106 144 153 162 164 170 179 181 185 202 212 214 220 221 222 252 258 264 273 276 285 301 313 315 
129 28 8 12 54 61 62 77 81 114 135 143 144 146 169 186 209 212 217 224 225 230 260 266 277 281 287 307 315 334 
130 38 4 8 22 30 32 40 46 50 53 78 86 90 91 108 109 144 145 149 157 162 173 184 187 209 218 240 244 258 276 278 289 294 310 325 330 331 338 339 
131 37 1 21 26 29 36 39 41 45 56 59 63 69 73 80 96 107 117 126 142 145 150 160 169 183 187 198 216 224 241 265 271 293 312 314 320 322 327 
132 30 16 22 31 36 45 57 59 74 77 107 117 140 141 144 171 183 191 194 200 210 217 224 268 287 300 313 316 328 335 338 
133 32 16 17 28 49 57 59 61 71 73 75 80 112 141 178 192 193 231 238 240 243 254 263 264 268 273 277 290 302 315 331 336 337 
134 22 1 2 7 25 69 82 110 136 181 187 195 219 224 231 235 239 272 273 279 287 298 311 
135 40 1 12 13 30 36 48 74 84 93 121 129 150 170 180 184 190 191 192 195 197 202 211 228 234 235 236 243 245 249 256 257 259 271 273 289 305 313 319 321 339 
136 39 5 17 20 34 36 43 44 56 69 70 111 134 137 138 141 147 158 162 163 167 183 236 238 246 252 257 258 264 266 274 276 281 309 311 312 320 327 328 339 
137 34 16 26 28 29 32 34 35 40 44 91 120 136 140 155 158 163 178 181 184 186 189 194 200 201 232 239 240 247 248 263 267 272 284 304 
138 24 9 40 69 71 101 114 115 136 167 187 189 205 227 229 233 236 245 252 260 300 303 307 323 333 
139 34 14 29 30 42 57 66 76 89 109 114 119 126 140 155 157 159 160 173 180 186 189 209 212 224 228 254 255 275 308 314 321 325 327 331 
140 43 2 9 18 19 20 39 49 53 57 60 64 67 72 76 87 92 106 117 132 137 139 150 155 165 175 185 191 205 218 229 231 244 246 260 266 279 290 304 312 318 319 336 338 
141 44 4 16 26 27 46 73 78 86 98 104 107 112 113 117 132 133 136 146 148 156 158 161 162 171 184 188 192 193 195 201 205 218 220 221 224 225 229 241 242 262 273 280 319 327 
142 38 18 29 34 52 92 102 111 122 131 146 153 156 173 180 182 183 191 193 204 211 214 224 241 249 252 259 260 267 270 280 286 298 303 323 326 328 334 339 
143 40 2 4 6 11 43 44 52 61 67 71 73 74 75 76 94 98 100 101 108 114 123 129 153 175 187 196 210 222 224 236 246 259 269 295 296 313 315 317 323 337 
144 32 13 34 36 39 82 90 111 114 128 129 130 132 149 171 184 188 190 192 210 216 226 234 248 260 267 268 276 279 280 286 298 332 
145 32 26 28 46 66 72 86 104 122 125 130 131 146 150 152 153 178 197 209 224 226 231 236 247 266 270 275 277 280 282 299 306 317 
146 32 0 1 11 13 17 19 51 62 89 92 112 129 141 142 145 147 171 174 175 197 199 224 229 231 239 262 286 291 299 310 323 334 
147 34 12 24 25 56 59 88 110 136 146 156 161 162 171 176 181 191 198 212 222 228 229 234 248 266 271 273 292 293 297 298 304 327 330 334 
148 28 37 75 78 100 103 104 106 127 141 151 164 172 188 202 205 211 241 243 244 248 254 267 292 293 295 306 312 326 
149 37 2 5 8 19 21 31 48 58 60 67 91 92 94 96 113 116 130 144 154 160 166 178 180 194 195 196 209 221 230 247 280 290 309 312 314 320 336 
150 30 3 5 6 32 37 42 49 58 59 80 84 90 106 125 131 135 140 145 159 162 212 213 241 242 251 253 258 292 297 312 
151 30 17 35 39 42 48 51 55 62 70 87 88 92 101 104 148 158 184 187 191 211 219 234 235 243 249 255 259 265 269 334 
152 30 5 19 37 41 42 44 67 78 81 102 108 109 115 127 145 165 179 183 200 205 228 230 241 245 258 274 291 316 321 330 
153 39 0 10 19 26 41 42 64 78 80 81 85 90 118 128 142 143 145 159 174 179 186 193 204 230 245 252 268 272 278 280 283 286 287 288 291 297 299 314 322 
154 38 3 6 7 10 11 13 25 30 35 37 85 90 119 120 149 165 178 180 193 197 208 213 218 225 228 233 236 239 248 278 282 288 299 310 322 326 331 338 
155 32 43 47 63 64 81 122 137 139 140 157 158 162 168 180 181 189 196 208 211 219 225 229 230 238 275 289 293 304 307 318 320 333 
156 39 4 13 16 18 20 24 29 34 39 50 51 53 59 73 75 76 88 105 114 122 124 141 142 147 157 186 192 194 196 200 211 243 250 269 290 300 301 312 327 
157 42 18 29 57 59 89 96 100 101 102 111 119 125 130 139 155 156 158 169 171 179 189 204 206 208 214 222 223 240 244 250 256 265 277 284 285 294 299 311 313 332 334 336 
158 39 2 12 24 45 76 80 83 87 89 93 105 115 120 125 136 137 141 151 155 157 168 169 172 191 194 199 210 211 221 226 229 246 256 257 269 280 284 286 320 
159 37 26 27 35 51 55 65 71 72 76 79 80 81 82 91 94 98 116 117 118 127 139 150 153 183 184 200 205 218 228 231 242 244 251 265 276 317 338 
160 34 1 9 31 44 50 73 83 96 101 105 126 131 139 149 170 181 192 202 205 209 212 219 227 259 268 269 278 284 296 303 321 327 328 335 
161 38 19 21 24 25 29 34 37 45 49 50 57 74 90 106 116 120 121 125 141 147 162 182 187 204 226 228 234 246 258 267 286 308 312 325 331 335 337 339 
162 44 10 22 39 48 55 56 68 84 98 100 104 125 128 130 136 141 147 150 155 161 175 182 186 190 204 213 218 219 221 227 238 241 244 245 270 284 295 304 305 309 311 314 328 334 
163 34 4 9 10 18 38 40 42 53 61 67 74 77 79 112 122 127 136 137 170 178 189 196 203 235 236 249 261 268 280 282 285 304 307 312 
164 40 1 9 11 13 15 29 35 46 54 58 79 82 92 103 113 119 124 128 148 172 183 187 200 211 215 230 235 244 260 262 270 271 281 291 304 306 313 314 324 329 
165 37 4 10 12 26 27 33 35 36 37 47 53 58 70 78 85 89 92 99 106 113 114 122 140 152 154 187 200 221 232 240 260 280 293 298 304 319 335 
166 36 3 10 13 21 22 27 38 43 47 90 98 108 118 149 178 179 199 211 217 219 229 231 238 243 248 254 263 269 291 292 297 303 306 309 323 328 
167 33 13 24 26 33 36 41 46 48 68 80 85 101 110 136 138 173 186 191 203 211 214 216 220 231 232 246 249 267 271 285 287 304 326 
168 30 3 9 13 33 39 56 62 63 74 79 88 102 103 118 155 158 172 183 188 194 203 220 221 241 244 258 262 281 303 321 
169 28 14 43 52 58 72 97 124 129 131 157 158 186 187 200 208 243 262 271 272 276 289 290 301 312 315 320 325 332 
170 30 0 11 21 26 27 29 31 32 34 37 72 80 89 110 112 120 128 135 160 163 174 204 228 231 245 257 291 294 306 317 
171 41 0 3 5 10 12 22 28 45 58 59 70 74 91 92 109 122 132 141 144 146 147 157 175 177 181 186 192 211 220 227 247 255 256 258 273 280 289 297 306 326 334 
172 42 0 6 15 48 49 56 58 60 70 73 78 101 107 109 115 127 148 158 164 168 195 209 210 213 214 220 233 242 246 252 262 263 270 274 277 279 291 294 308 309 324 335 
173 36 13 28 29 30 45 56 57 68 73 81 89 90 126 130 139 142 167 175 184 191 199 207 213 220 230 234 235 237 260 266 268 282 306 323 338 339 
174 35 19 22 30 33 41 74 76 78 81 101 106 109 122 127 146 153 170 178 183 197 209 224 228 233 236 252 260 272 303 306 315 316 320 321 328 
175 29 31 57 59 78 85 87 112 119 140 143 146 162 171 173 178 184 224 226 228 229 232 233 234 250 290 300 309 315 337 
176 42 2 3 10 22 24 28 36 45 48 53 58 74 75 79 84 87 88 95 100 115 116 118 147 181 205 206 213 215 222 249 265 276 279 284 294 298 299 300 308 316 320 330 
177 32 19 21 35 37 39 40 41 45 55 75 76 79 83 89 92 102 119 171 201 208 213 220 223 228 231 233 237 254 285 291 315 331 
178 40 5 18 19 27 31 36 42 51 56 65 72 97 124 133 137 145 149 154 163 166 174 175 184 205 220 238 241 255 266 278 287 297 301 304 306 309 314 315 334 337 
179 39 8 19 21 29 42 43 46 55 57 59 75 89 100 104 109 111 121 128 152 153 157 166 181 190 199 200 208 213 214 242 251 257 265 266 267 300 301 319 329 
180 36 4 18 22 35 50 59 92 113 127 135 139 142 149 154 155 188 190 193 202 210 211 218 229 239 244 247 257 264 281 287 295 299 304 321 322 327 
181 29 14 18 36 42 49 67 91 128 134 137 147 155 160 171 176 179 185 232 240 247 253 264 272 277 286 306 310 312 319 
182 36 14 18 30 45 47 48 58 63 75 78 79 82 109 114 142 161 162 198 202 207 208 212 217 231 245 248 284 285 291 297 298 302 323 328 330 338 
183 42 6 22 34 81 82 87 117 131 132 136 142 152 159 164 168 174 186 188 189 191 199 218 227 229 245 266 271 272 282 283 284 287 295 297 306 317 323 329 331 332 333 339 
184 37 6 7 24 40 61 62 76 79 80 84 87 99 107 130 135 137 141 144 151 159 173 175 178 205 208 223 224 226 228 229 234 247 269 295 298 299 329 
185 32 4 10 12 20 22 30 40 41 52 53 54 63 71 81 96 100 103 118 128 140 181 191 192 215 225 229 250 307 326 334 335 338 
186 39 1 13 18 19 39 46 55 106 113 121 129 137 139 153 156 162 167 169 171 183 192 198 227 232 236 239 241 251 268 276 293 302 304 312 317 320 332 335 337 
187 36 1 4 20 44 52 56 78 86 103 121 130 131 134 138 143 151 161 164 165 169 192 208 210 211 237 244 255 283 286 288 289 293 298 305 313 325 
188 36 3 8 16 24 26 33 36 39 50 78 85 94 107 109 141 144 148 168 180 183 193 194 210 218 226 228 230 297 298 299 303 307 308 317 334 335 
189 28 11 12 67 78 83 100 104 110 121 137 138 139 155 157 163 183 190 199 203 218 219 235 246 267 280 293 320 327 
190 28 42 45 55 63 68 72 74 78 102 105 135 144 162 179 180 189 205 206 213 218 250 257 259 268 271 285 288 328 
191 36 37 43 52 53 81 85 86 91 106 107 116 123 125 132 135 140 142 147 151 158 167 173 183 185 198 199 227 242 255 264 273 280 285 288 316 319 
192 36 2 5 19 26 29 46 50 53 85 91 103 117 124 133 135 141 144 156 160 171 185 186 187 197 198 200 201 225 228 257 271 275 287 308 329 330 
193 31 7 17 21 37 42 63 64 79 96 106 110 122 133 141 142 153 154 180 188 198 199 228 232 258 295 310 312 325 326 332 333 
194 30 12 48 49 56 76 80 103 108 110 132 137 149 156 158 168 188 201 226 228 233 236 242 246 274 277 296 298 303 309 315 
195 48 1 20 23 29 41 42 63 75 81 84 99 102 103 109 110 118 124 127 134 135 141 149 172 196 202 207 211 214 217 221 224 230 236 246 252 253 255 256 262 279 284 287 297 301 309 318 325 339 
196 38 30 49 50 53 63 72 78 90 103 106 107 113 143 149 155 156 163 195 204 209 211 222 227 231 232 254 259 260 265 270 283 308 310 315 321 324 330 335 
197 28 0 8 20 25 29 31 39 48 66 67 82 120 135 145 146 154 174 192 202 203 241 249 270 281 284 303 310 328 
198 30 22 35 47 56 67 69 72 73 88 131 147 182 186 191 192 193 208 226 253 265 268 274 286 298 309 319 323 332 336 339 
199 39 39 54 57 66 69 71 82 107 109 123 125 146 158 166 173 179 183 189 191 193 205 207 209 213 231 238 245 253 254 305 306 307 312 315 320 321 322 325 327 
200 37 10 22 50 52 55 57 61 62 63 121 126 127 132 137 152 156 159 164 165 169 179 192 203 205 216 219 220 221 228 232 236 252 260 297 323 334 335 
201 28 16 26 34 56 62 79 90 111 118 119 122 123 137 141 177 192 194 217 226 230 252 254 282 283 290 293 309 311 
202 34 14 15 24 38 41 51 65 66 88 94 116 117 119 128 135 148 160 180 182 195 197 218 240 256 259 263 275 286 292 303 315 317 328 332 
203 36 1 25 39 47 57 60 66 92 102 163 167 168 189 197 200 205 206 209 212 217 220 221 223 233 259 261 269 280 282 286 287 290 306 311 325 334 
204 29 2 50 52 55 76 78 90 92 95 100 142 153 157 161 162 170 196 211 229 235 237 242 260 287 311 313 325 330 338 
205 37 15 28 30 31 40 53 80 82 94 102 122 138 140 141 148 152 159 160 176 178 184 190 199 200 203 212 220 223 234 238 251 269 274 286 301 322 326 
206 29 10 23 24 26 53 55 57 67 78 94 95 99 102 103 105 109 114 157 176 190 203 225 262 279 313 315 323 329 331 
207 30 4 11 19 23 27 35 40 53 64 66 69 76 95 107 173 182 195 199 219 242 248 250 266 272 276 279 290 291 334 336 
208 42 1 13 14 29 30 32 36 54 59 62 69 74 89 97 104 109 113 117 154 155 157 169 177 179 182 184 187 198 215 217 221 222 250 258 259 282 283 295 300 306 313 314 
209 37 9 47 51 71 98 100 111 129 130 139 145 149 160 172 174 196 199 203 221 226 228 232 241 244 246 258 262 270 271 280 289 292 306 312 319 332 334 
210 24 27 45 48 114 115 132 143 144 158 172 180 187 188 220 244 268 269 281 286 289 294 307 328 336 
211 44 1 12 15 24 25 27 29 43 61 66 70 83 96 97 105 112 113 116 119 135 142 148 151 155 156 158 164 166 167 171 180 187 195 196 204 214 215 260 282 286 287 298 326 329 
212 34 26 27 31 45 52 58 72 81 86 97 111 121 128 129 139 147 150 160 182 203 205 221 222 234 239 242 249 268 273 308 317 320 331 336 
213 30 13 17 20 42 77 93 95 100 114 123 150 154 162 172 173 176 177 179 190 199 222 250 253 263 305 306 312 322 335 339 
214 36 4 10 20 26 28 33 40 45 48 52 55 60 65 84 118 124 128 142 157 167 172 179 195 211 222 227 234 238 239 269 280 284 290 298 309 330 
215 27 4 37 40 43 51 64 66 81 88 103 114 123 164 176 185 208 211 224 236 246 261 262 289 291 303 330 334 
216 23 4 19 63 88 92 98 99 108 112 131 144 167 200 247 248 252 264 278 291 296 305 321 332 
217 33 36 42 51 55 62 72 84 90 94 103 124 129 132 166 182 195 201 203 208 234 242 244 264 294 298 299 301 304 312 315 326 331 337 
218 41 1 10 30 35 37 46 50 56 67 68 79 90 96 130 140 141 154 159 162 180 183 188 189 190 202 220 226 234 236 245 254 255 256 258 261 280 281 299 317 325 339 
219 35 0 3 11 16 29 31 39 43 53 91 109 113 127 134 151 155 160 162 166 189 200 207 225 231 247 253 254 263 269 286 288 293 294 307 311 
220 37 3 8 16 24 43 45 55 56 67 71 75 89 92 100 110 113 121 128 141 167 168 171 172 173 177 178 200 203 205 210 218 233 253 285 316 318 333 
221 39 29 43 55 60 62 63 69 74 78 85 88 98 101 104 106 116 119 123 128 141 149 158 162 165 168 195 200 203 208 209 212 246 258 261 278 282 314 323 330 
222 39 4 15 20 28 44 55 56 64 67 69 74 78 85 93 111 128 143 147 157 176 196 208 212 213 214 233 242 249 260 265 287 291 297 299 307 319 328 337 338 
223 35 2 34 37 39 46 47 58 67 73 78 79 81 99 115 157 177 184 203 205 224 248 251 258 261 265 266 283 295 296 299 303 313 317 323 332 
224 37 11 15 34 38 42 44 89 105 106 123 129 131 132 134 139 141 142 143 145 146 174 175 184 195 215 223 228 230 240 269 307 320 321 326 327 330 339 
225 31 2 11 15 23 24 26 54 73 74 87 89 112 129 141 154 155 185 192 206 219 238 271 277 289 290 303 316 317 327 329 333 
226 33 4 24 27 62 71 77 85 92 110 113 121 122 144 145 158 161 175 184 188 194 198 201 209 218 228 234 240 243 246 247 253 296 328 
227 36 7 15 20 27 31 44 52 57 62 70 74 114 119 138 160 162 171 183 186 191 196 214 229 241 243 249 258 263 270 282 284 301 305 310 314 316 
228 38 1 38 78 80 100 106 108 109 110 127 135 139 147 152 154 159 161 170 174 175 177 184 188 192 193 194 200 209 224 226 230 250 265 267 268 301 316 331 
229 42 1 6 11 15 48 54 56 57 58 67 86 91 115 118 119 125 138 140 141 146 147 155 158 166 175 180 183 184 185 204 227 233 234 238 266 276 284 285 289 290 295 317 
230 30 17 21 28 31 46 49 67 75 79 113 114 129 149 152 153 155 164 173 188 195 201 224 228 233 244 255 276 291 313 328 
231 40 0 2 9 17 30 37 43 44 48 52 58 93 99 101 102 105 110 122 123 133 134 140 145 146 159 166 167 170 177 182 196 199 219 256 275 281 295 301 306 312 
232 31 1 9 35 40 41 44 52 74 81 99 101 114 117 121 127 137 165 167 175 181 186 193 196 200 209 236 242 250 268 310 335 
233 34 18 20 32 39 51 57 59 62 68 72 73 87 103 118 138 154 172 174 175 177 194 203 220 222 229 230 234 250 275 282 288 296 300 332 
234 39 0 19 21 26 42 53 74 89 91 97 102 135 144 147 151 161 173 175 184 205 212 214 217 218 226 229 233 244 251 252 270 277 279 282 302 316 328 331 332 
235 29 6 11 12 16 18 28 43 51 84 90 134 135 151 163 164 173 189 204 244 250 258 259 284 287 291 296 300 309 325 
236 41 1 8 14 16 19 20 23 44 50 59 61 63 69 71 72 80 86 135 136 138 143 145 154 163 174 186 194 195 200 215 218 232 239 265 272 279 282 290 291 295 332 
237 34 0 3 13 20 24 26 36 49 53 65 74 80 86 110 115 126 173 177 187 204 250 251 258 261 262 281 307 311 315 322 333 334 335 338 
238 37 5 14 24 33 48 72 81 91 108 119 120 123 133 136 155 162 166 178 199 205 214 225 229 253 260 264 275 280 281 282 285 289 298 303 309 337 339 
239 37 0 2 7 15 23 50 63 67 68 70 74 76 84 91 106 108 118 126 134 137 146 154 180 186 212 214 236 247 251 252 286 311 316 317 321 323 325 
240 30 8 21 34 35 46 50 52 69 84 88 103 120 130 133 137 157 165 181 202 224 226 242 267 274 280 290 313 315 326 327 
241 36 13 14 36 37 85 90 95 106 109 111 117 126 131 141 142 148 150 152 162 168 178 186 197 209 227 256 259 261 268 269 294 311 312 332 334 336 
242 33 4 11 17 19 35 40 75 79 81 107 141 150 159 172 179 191 194 204 207 212 217 222 232 240 245 251 259 270 273 287 291 307 314 
243 32 33 39 48 51 52 54 70 82 93 99 117 133 135 148 151 156 166 169 226 227 249 253 256 268 282 285 287 303 324 329 337 338 
244 42 38 69 76 82 85 94 110 111 113 119 125 127 130 140 148 157 159 162 164 168 180 187 209 210 217 230 234 235 248 252 253 256 258 259 275 280 283 292 295 324 327 337 
245 25 4 9 35 50 57 60 61 66 113 135 138 152 153 162 170 182 183 199 218 242 249 299 300 329 336 
246 37 12 19 26 32 48 49 72 75 96 113 117 122 136 140 143 158 161 167 172 189 194 195 209 215 221 226 247 251 256 294 304 308 310 314 326 331 332 
247 33 45 50 55 69 91 95 97 123 125 137 145 149 171 180 181 184 216 219 226 239 246 248 255 269 282 297 300 313 314 315 336 337 338 
248 28 10 15 17 40 66 91 114 122 126 137 144 147 148 154 166 182 207 216 223 244 247 253 270 304 305 308 309 337 
249 31 8 10 16 24 48 59 71 87 118 135 142 151 163 167 176 197 212 222 227 243 245 250 253 256 264 266 285 301 305 310 329 
250 36 8 24 31 41 46 49 56 60 62 68 82 92 112 115 156 157 175 185 190 207 208 213 228 232 233 235 237 249 253 260 266 267 277 317 331 337 
251 36 12 17 32 46 48 68 73 74 81 94 100 109 110 150 159 179 186 205 223 234 237 239 242 246 259 267 276 285 291 295 300 304 307 308 327 336 
252 38 15 17 20 46 68 81 84 93 108 112 119 128 136 138 142 153 172 174 195 200 201 216 234 239 244 265 266 278 283 286 288 301 312 313 318 319 325 330 
253 36 7 11 17 21 25 28 33 61 72 81 110 115 118 126 150 181 195 198 199 213 219 220 226 238 243 244 248 249 250 266 270 272 288 313 325 334 
254 40 3 8 13 25 34 45 46 47 56 58 59 60 64 65 78 95 104 112 118 124 133 139 148 166 177 196 199 201 218 219 269 280 287 299 302 316 317 322 338 339 
255 28 2 10 12 21 25 44 95 98 104 120 139 151 171 178 187 191 195 218 230 247 258 282 285 298 304 316 332 339 
256 45 11 12 41 44 48 64 71 78 79 87 92 97 99 101 116 117 120 135 157 158 171 195 202 218 231 241 243 244 246 249 259 267 271 290 293 294 303 306 308 319 323 326 329 330 332 
257 25 5 50 56 63 71 92 99 117 135 136 158 170 179 180 190 192 271 272 275 285 289 312 324 327 328 
258 45 6 22 27 29 36 42 46 54 57 59 70 75 79 106 121 124 126 128 130 136 150 152 161 168 171 193 208 209 218 221 223 227 235 237 244 255 262 268 269 273 284 291 309 329 332 
259 31 7 14 15 16 36 42 56 78 103 135 142 143 151 160 190 196 202 203 208 235 241 242 244 251 256 262 270 297 313 333 337 
260 39 1 7 28 32 33 34 43 51 70 75 78 81 83 94 108 109 129 138 140 142 144 164 165 173 174 196 200 204 211 222 238 250 283 288 289 315 323 334 339 
261 22 6 14 19 43 45 48 74 87 96 105 121 163 203 215 218 221 223 237 241 294 325 330 
262 32 0 4 22 26 72 79 86 88 104 122 124 141 146 164 168 169 172 195 206 209 215 237 258 259 270 280 289 296 304 319 331 337 
263 35 1 9 13 19 34 36 47 51 58 62 67 81 85 91 97 102 107 118 133 137 166 172 202 213 219 227 265 271 281 283 285 286 306 307 336 
264 33 8 16 25 30 32 40 41 45 55 66 69 75 87 91 93 104 117 128 133 136 180 181 191 216 217 238 249 280 283 293 298 313 337 
265 28 5 14 24 29 46 48 52 65 69 74 126 131 151 157 159 176 179 196 198 222 223 228 236 252 263 268 292 323 
266 47 4 21 39 40 41 51 65 72 73 76 94 98 101 102 117 124 129 136 140 145 147 173 178 179 183 207 223 229 249 250 252 253 267 270 279 295 298 300 301 307 316 322 325 326 327 330 337 
267 37 1 2 5 13 26 44 57 64 65 76 86 110 122 137 142 144 148 161 167 179 189 228 240 250 251 256 266 275 282 285 296 297 309 326 331 332 333 
268 42 2 23 40 44 56 64 65 66 72 74 77 78 88 90 94 97 109 132 133 144 153 160 163 173 186 190 198 210 212 228 232 241 243 258 265 273 282 283 286 290 335 339 
269 36 1 2 12 13 30 33 45 56 60 85 86 87 88 94 122 143 151 156 158 160 166 184 203 205 210 214 219 224 241 247 254 258 277 292 314 319 
270 35 8 12 14 23 24 26 42 45 89 115 142 145 162 164 172 196 197 209 227 234 242 248 253 259 262 266 273 275 283 298 308 316 317 326 330 
271 39 10 52 61 63 66 73 75 77 79 82 93 95 101 104 113 115 131 135 147 164 167 169 183 190 192 209 225 256 257 263 275 276 280 288 311 322 325 327 339 
272 36 17 18 19 31 39 49 70 72 86 98 108 112 119 121 122 125 134 137 153 169 174 181 183 207 236 253 257 273 279 280 283 297 304 317 319 330 
273 37 4 7 11 17 27 31 45 54 60 70 71 82 91 128 133 134 135 141 147 171 191 212 242 258 268 270 272 279 280 282 289 296 299 303 315 325 334 
274 26 9 15 17 22 26 30 35 55 68 90 106 136 152 172 194 198 205 240 284 291 317 320 321 324 330 339 
275 36 10 26 28 52 57 64 79 90 92 98 104 105 113 114 117 139 145 155 192 202 231 233 238 244 257 267 270 271 288 300 301 308 312 317 333 335 
276 26 0 7 18 33 49 78 82 92 96 103 113 128 130 136 144 159 169 176 186 207 229 230 251 271 277 285 
277 33 4 9 28 36 38 43 50 70 71 84 91 100 104 106 110 126 129 133 145 157 172 181 194 225 234 250 269 276 290 305 318 321 326 
278 37 3 4 22 23 29 30 40 41 46 50 51 58 60 87 98 102 110 122 130 153 154 160 178 216 221 252 279 285 288 295 308 311 312 316 319 326 328 
279 30 23 30 42 44 60 62 87 88 93 105 119 134 140 144 172 176 195 206 207 234 236 266 272 273 278 302 325 326 332 337 
280 45 27 28 44 45 47 52 55 56 62 65 101 103 111 120 141 142 144 145 149 153 158 163 165 171 189 191 203 209 214 218 238 240 244 254 262 264 271 272 273 283 291 317 323 326 333 
281 32 7 39 58 61 83 90 93 95 108 121 125 126 129 136 164 168 180 197 210 218 231 237 238 263 294 301 302 306 315 331 337 339 
282 43 15 22 28 50 51 54 58 59 67 77 86 91 122 123 126 127 145 154 163 173 183 201 203 208 211 221 227 233 234 236 238 243 247 255 267 268 273 284 291 303 323 328 335 
283 27 13 33 36 59 75 76 98 110 125 153 183 187 196 201 208 223 244 252 260 263 264 268 270 272 280 297 326 
284 42 10 21 23 34 38 41 46 47 50 61 66 85 92 95 124 137 157 158 160 162 176 182 183 195 197 214 227 229 235 258 274 282 292 293 294 301 308 316 317 319 322 329 
285 35 1 19 20 27 36 40 53 102 104 106 116 128 157 163 167 177 182 190 191 220 229 238 243 249 251 255 257 263 267 276 278 294 319 322 334 
286 33 28 35 53 55 68 71 94 101 104 120 126 142 144 146 153 158 161 181 187 198 202 203 205 210 211 219 239 252 263 268 297 302 333 
287 40 7 19 21 24 26 35 40 42 43 46 53 64 87 93 99 118 129 132 134 153 167 178 180 183 192 195 203 204 211 222 235 242 243 254 301 305 311 316 321 337 
288 27 1 11 16 44 50 62 64 78 105 121 122 153 154 187 190 191 219 233 252 253 260 271 275 278 314 317 339 
289 30 8 12 13 17 19 28 53 85 86 115 130 135 155 169 171 187 209 210 215 225 229 238 257 260 262 273 294 309 313 314 
290 36 17 18 27 40 45 48 49 55 57 70 110 112 118 133 140 149 156 169 175 201 203 207 214 225 229 236 240 256 268 277 291 297 301 316 324 331 
291 46 1 5 12 14 17 19 21 27 53 73 78 86 87 88 104 123 146 152 153 164 166 170 172 177 182 207 215 216 222 230 235 236 242 251 258 274 280 282 290 292 294 305 318 321 333 336 
292 23 7 13 19 27 40 93 123 124 147 148 150 166 202 209 244 265 269 284 291 310 314 317 320 
293 32 6 7 12 15 29 30 34 35 44 60 63 64 102 118 127 131 147 148 155 165 186 187 189 201 219 256 264 284 310 314 317 329 
294 31 7 13 19 34 77 86 90 97 108 109 112 118 130 157 170 172 176 210 217 219 241 246 256 261 281 284 285 289 291 312 320 
295 35 4 15 16 23 53 56 61 81 101 107 110 113 114 116 119 127 143 148 162 180 183 184 193 208 223 229 231 236 244 251 266 278 298 320 328 
296 24 28 31 33 41 49 51 58 77 90 101 110 143 160 194 216 223 226 233 235 262 267 273 316 335 
297 36 9 19 24 31 36 38 47 75 78 89 94 100 107 111 115 147 150 153 166 171 178 182 183 188 195 200 222 247 259 267 272 283 286 290 299 331 
298 34 3 20 28 35 41 54 57 76 84 91 112 123 134 142 144 147 165 176 182 184 187 188 194 198 211 214 217 238 255 264 266 270 295 322 
299 30 20 26 31 37 53 62 100 124 126 145 146 153 154 157 176 180 184 188 217 218 222 223 245 254 273 297 300 323 328 338 
300 29 15 23 28 41 46 53 56 59 80 84 110 119 132 138 156 175 176 179 208 233 235 245 247 251 266 275 299 312 329 
301 36 31 41 45 56 60 69 70 79 84 99 100 121 126 128 156 169 178 179 195 205 217 227 228 231 249 252 266 275 281 284 287 290 304 314 338 339 
302 21 17 34 43 45 69 73 90 96 104 133 182 186 234 254 279 281 286 304 307 313 338 
303 33 1 9 10 19 44 48 54 72 100 138 142 160 166 168 174 188 194 197 202 215 223 225 238 243 256 273 282 305 308 319 322 330 338 
304 42 0 1 3 5 6 15 33 39 62 63 64 73 76 78 98 103 105 137 140 147 155 162 163 164 165 167 178 180 186 217 246 248 251 255 262 272 301 302 305 312 321 322 
305 27 12 17 27 39 69 76 78 93 101 105 118 124 135 162 187 199 213 216 227 248 249 277 287 291 303 304 330 
306 41 13 38 57 61 64 69 71 72 73 74 87 92 93 96 99 105 114 145 148 164 166 170 171 173 174 178 181 183 199 203 208 209 213 231 256 263 281 317 318 329 333 
307 36 22 23 30 35 37 40 58 65 69 78 91 93 94 99 100 103 108 122 129 138 155 163 185 188 199 210 219 222 224 237 242 251 263 266 302 331 
308 35 12 15 37 38 41 55 56 80 90 103 104 105 108 111 139 161 172 176 188 192 196 212 246 248 251 256 270 275 278 284 303 317 318 329 339 
309 30 1 7 52 72 86 93 105 113 123 136 149 162 166 172 175 178 194 195 198 201 214 235 238 248 258 267 289 324 330 337 
310 28 16 17 19 21 35 56 64 66 67 68 70 71 72 121 130 146 154 181 193 196 197 227 232 246 249 292 293 311 
311 29 31 34 55 56 58 61 90 101 118 121 122 134 136 157 162 201 203 204 219 237 239 241 271 278 287 310 314 325 328 
312 46 14 22 26 27 30 48 56 61 64 79 82 85 90 103 111 117 120 131 136 140 148 149 150 156 161 163 169 181 186 193 199 209 213 217 231 241 252 257 275 278 294 300 304 317 320 326 
313 36 2 12 13 15 25 29 40 41 80 88 92 107 112 128 132 135 143 157 164 187 204 206 208 223 230 240 247 252 253 259 264 289 302 328 334 339 
314 37 3 9 18 21 24 34 63 69 70 72 78 87 100 106 113 124 131 139 149 153 162 164 178 208 221 227 242 246 247 269 288 289 292 293 301 311 328 
315 35 12 19 27 40 47 54 64 66 68 73 97 116 128 129 133 143 169 174 175 177 178 194 196 199 202 206 217 237 240 247 260 273 281 326 339 
316 34 9 11 23 24 34 57 70 76 83 88 91 95 98 132 152 174 176 191 220 225 227 228 234 239 254 255 266 270 278 284 287 290 296 332 
317 40 1 24 27 28 65 71 82 86 99 108 114 143 145 159 170 183 186 188 202 212 218 223 225 229 239 250 254 270 272 274 275 280 284 288 292 293 306 308 312 323 
318 24 9 19 39 40 47 61 68 85 92 96 102 107 118 119 140 155 195 220 252 277 291 306 308 337 
319 36 4 9 27 34 35 36 37 41 42 43 83 101 110 118 122 135 140 141 165 179 181 191 198 209 222 252 256 262 269 272 278 284 285 303 326 333 
320 31 15 32 36 39 47 64 87 88 98 104 109 111 131 136 149 155 158 169 174 176 186 189 199 212 224 274 292 294 295 312 339 
321 32 0 7 12 14 24 80 95 118 120 126 135 139 152 160 168 174 180 196 199 216 224 239 274 277 287 291 304 328 331 332 336 338 
322 24 61 68 71 87 89 94 118 126 131 153 154 180 199 205 213 237 254 266 271 284 285 298 303 304 
323 33 11 13 20 29 35 49 57 69 70 92 98 104 138 142 143 146 166 173 182 183 198 200 206 221 223 239 256 260 265 280 282 299 317 
324 26 1 2 6 16 27 28 30 48 75 92 98 106 109 113 121 164 172 196 243 244 257 274 290 309 328 336 
325 31 12 29 42 45 74 92 94 118 130 139 161 169 187 193 195 199 203 204 218 235 239 252 253 261 266 271 273 279 311 329 336 
326 40 0 3 8 18 30 39 57 61 72 73 76 88 96 106 123 142 148 154 167 171 185 193 205 211 217 224 240 246 256 266 267 270 277 278 279 280 283 312 315 319 
327 36 9 12 16 17 26 27 28 49 55 56 69 71 92 102 123 124 131 136 139 141 147 156 160 180 189 199 224 225 240 244 251 257 266 271 335 337 
328 44 14 15 18 31 45 47 51 53 60 68 74 77 83 85 107 127 132 136 142 160 162 166 174 182 190 197 202 210 222 226 230 234 257 278 282 295 299 311 313 314 321 324 335 337 
329 30 7 11 22 26 34 47 65 80 94 96 108 164 179 183 184 192 206 211 225 243 245 249 256 258 284 293 300 306 308 325 
330 30 10 45 63 68 106 107 113 130 147 152 176 182 192 196 204 214 215 221 224 252 256 261 266 270 272 274 303 305 309 332 
331 36 1 4 8 17 35 52 85 88 93 95 99 108 110 117 119 130 133 139 154 161 177 183 206 212 217 228 234 246 250 262 267 281 290 297 307 321 
332 38 3 10 18 19 28 49 51 68 74 76 89 99 118 120 144 157 169 183 186 193 198 202 209 216 223 233 234 236 241 246 255 256 258 267 279 316 321 330 
333 32 3 6 9 33 37 38 43 58 69 73 79 84 91 96 111 117 138 155 183 193 220 225 237 259 267 275 280 286 291 306 319 336 
334 38 13 45 46 51 54 68 82 97 108 111 115 123 129 142 146 147 151 157 162 171 178 185 188 200 203 207 209 215 237 241 253 260 273 285 313 336 337 338 
335 31 2 14 17 52 53 71 79 97 104 114 121 132 160 161 165 172 185 186 188 196 200 213 232 237 268 275 282 296 327 328 337 
336 39 5 38 45 52 60 64 70 85 86 93 94 100 109 114 115 117 119 122 133 140 149 157 198 207 210 212 241 245 247 251 263 291 321 324 325 333 334 338 339 
337 42 6 13 14 16 24 36 45 50 55 70 72 79 99 103 125 133 143 161 175 178 186 217 222 238 243 244 247 248 250 259 262 264 266 279 281 287 309 318 327 328 334 335 
338 39 23 35 61 64 75 82 88 89 93 96 99 101 104 105 114 115 118 120 130 132 140 154 159 173 182 185 204 222 237 243 247 254 299 301 302 303 321 334 336 
339 35 4 9 14 37 85 115 118 119 130 135 136 142 161 173 183 195 198 213 218 224 238 254 255 260 268 271 274 281 288 301 308 313 315 320 336 
