340 11559
0 60 4 7 10 26 27 38 46 48 53 55 61 65 76 81 84 102 116 121 126 133 136 140 149 162 163 164 166 173 174 175 176 181 183 185 197 200 202 205 214 216 217 220 228 231 232 238 239 267 269 270 276 281 285 293 305 310 321 330 332 333 
1 50 4 8 13 18 25 30 32 39 41 56 57 58 69 70 73 78 79 86 107 109 120 130 132 133 139 147 153 154 155 157 162 169 176 177 183 202 213 217 247 254 258 268 270 277 279 287 299 300 309 326 
2 72 4 6 8 15 17 22 26 27 31 32 40 42 47 49 52 54 57 60 65 69 77 86 92 93 95 96 97 100 106 110 118 127 130 133 143 145 149 154 159 164 165 166 181 190 193 200 207 208 209 216 218 221 227 229 231 236 237 240 241 247 250 251 264 266 273 278 281 283 321 326 332 336 
3 70 4 11 13 14 18 19 21 28 31 33 34 35 39 40 60 61 63 72 75 80 86 92 95 97 104 117 120 136 140 143 147 155 165 173 174 176 179 187 188 190 192 193 200 212 221 227 228 229 234 235 236 239 243 245 257 260 265 266 273 277 289 298 302 307 308 310 313 319 327 337 
4 87 0 1 2 3 13 15 19 20 27 31 33 35 41 43 44 45 46 51 59 61 70 71 78 79 80 83 86 93 101 103 107 111 115 116 124 125 126 128 131 134 144 147 149 152 156 163 166 167 168 173 176 177 178 179 186 188 192 199 202 220 223 225 233 237 241 245 251 254 260 266 268 269 274 275 276 281 285 287 297 303 304 309 310 319 321 322 337 
5 46 17 21 27 28 31 46 74 77 83 122 130 131 136 145 147 152 166 168 170 181 191 208 209 213 227 233 238 242 251 252 254 261 266 268 270 275 277 288 292 303 305 306 307 318 326 328 
6 58 2 9 12 16 19 20 21 24 27 35 48 55 57 62 71 89 90 94 103 106 108 116 122 123 131 136 145 150 157 159 161 180 183 184 192 195 196 197 201 229 230 235 238 251 252 253 254 262 264 272 279 292 295 297 308 332 334 336 
7 57 0 12 22 25 34 46 49 63 64 66 67 84 87 90 91 93 94 97 98 102 104 112 115 124 133 137 160 172 181 182 188 208 217 222 235 236 241 244 249 255 266 273 277 278 280 284 287 288 299 310 311 317 323 331 332 334 339 
8 73 1 2 13 21 22 32 37 45 50 62 64 80 81 83 85 89 90 91 93 94 95 96 98 105 108 113 117 119 120 122 129 130 132 133 137 144 147 150 156 161 163 167 174 181 188 190 194 196 198 199 208 223 226 227 241 247 249 252 253 266 271 272 273 280 282 284 292 294 298 308 310 313 314 
9 76 6 14 21 26 27 31 37 40 49 52 58 63 66 67 70 71 75 77 80 91 92 104 108 109 110 121 124 132 142 146 150 157 158 162 163 165 172 176 191 193 194 195 196 197 199 203 206 207 211 214 218 219 221 222 223 227 234 239 247 249 261 268 269 272 287 293 294 296 299 301 302 310 319 320 321 338 
10 71 0 13 25 28 38 42 44 47 50 57 66 70 71 73 79 80 87 89 93 96 97 102 107 109 114 126 130 131 134 154 155 162 165 169 171 172 189 190 191 192 197 199 202 214 229 246 247 251 254 261 265 274 275 276 277 278 282 286 287 290 291 295 298 301 302 307 314 323 324 328 331 
11 63 3 13 17 25 28 30 41 54 58 59 68 69 82 84 86 87 89 91 92 100 107 114 141 142 143 148 149 151 157 173 179 184 189 196 200 203 208 210 217 219 220 224 225 226 228 230 236 242 257 260 262 266 270 272 276 281 309 316 322 329 331 332 333 
12 72 6 7 13 20 28 29 38 39 41 45 48 50 65 68 69 78 83 88 92 98 109 111 115 132 140 143 149 152 154 155 165 169 172 177 180 185 193 194 201 203 211 212 220 221 223 224 230 232 233 235 238 253 254 255 263 265 268 272 274 279 284 289 293 295 301 304 310 314 318 325 326 339 
13 69 1 3 4 8 10 11 12 15 25 31 32 37 38 39 42 64 65 71 72 73 79 87 91 93 98 104 108 113 116 118 120 135 138 148 149 154 164 168 170 172 173 178 179 183 188 206 210 212 225 234 236 238 241 250 261 265 280 289 294 298 310 312 318 324 328 329 330 331 335 
14 67 3 9 16 18 28 30 41 44 45 49 59 72 75 78 92 94 96 98 99 107 119 127 130 143 146 148 159 175 177 200 201 203 207 210 213 214 219 234 241 243 252 254 263 268 270 272 276 279 281 282 284 287 289 294 296 299 309 310 313 314 318 322 325 331 332 335 336 
15 71 2 4 13 21 25 36 38 41 47 52 65 66 81 82 89 94 95 102 105 107 115 119 122 130 131 141 147 154 157 160 164 166 167 173 175 181 183 184 199 200 201 202 210 214 216 227 236 238 247 258 259 260 262 264 265 270 277 279 282 284 295 301 306 315 322 324 325 328 330 332 334 
16 63 6 14 22 29 30 33 38 42 47 49 59 68 72 83 91 92 94 95 96 101 108 111 126 133 138 144 150 164 168 175 177 182 184 186 189 191 194 200 203 205 210 224 227 230 234 242 251 257 261 266 272 284 292 300 301 304 312 314 320 323 325 327 333 
17 67 2 5 11 19 22 24 29 32 45 47 52 58 66 72 73 80 81 85 90 97 99 113 135 147 155 157 162 164 170 171 174 196 198 200 201 202 204 206 207 209 211 219 220 222 241 246 247 250 251 252 257 260 273 277 290 294 302 313 321 324 327 329 331 334 337 338 339 
18 75 1 3 14 19 21 24 29 36 39 44 45 47 54 55 56 58 61 62 69 70 71 81 88 89 90 93 99 103 104 106 112 115 134 141 144 151 155 157 159 162 165 166 170 178 184 185 190 193 194 200 202 220 224 237 241 244 248 251 254 255 258 262 269 271 276 280 283 295 297 299 301 312 313 330 339 
19 69 3 4 6 17 18 23 27 28 31 32 33 35 42 44 46 49 59 62 63 65 66 69 77 82 85 97 103 104 106 108 109 116 122 125 126 136 139 141 145 153 169 170 177 183 184 186 191 205 213 220 222 230 237 254 257 261 283 284 292 307 309 314 318 319 321 328 334 335 339 
20 59 4 6 12 31 36 41 49 62 63 78 79 84 88 89 91 95 96 98 101 106 112 116 124 125 126 129 139 142 146 149 159 160 162 171 173 175 176 179 184 195 216 218 231 237 238 251 252 255 256 263 275 281 286 290 295 300 302 305 314 
21 65 3 5 6 8 9 15 18 33 34 37 43 44 53 54 74 86 91 93 111 118 125 138 142 150 152 162 165 168 172 175 178 181 185 197 199 201 203 204 205 208 218 222 223 226 232 233 235 238 241 246 256 257 260 269 281 282 285 290 291 310 318 320 321 327 329 
22 65 2 7 8 16 17 23 31 34 38 40 49 53 58 70 75 76 77 83 85 113 121 124 132 134 146 155 170 174 187 188 196 197 207 213 215 221 224 227 229 233 245 254 259 263 268 271 272 275 276 286 287 294 295 300 302 303 304 309 313 315 318 319 326 332 336 
23 58 19 22 24 29 37 43 48 49 55 56 60 66 78 84 88 104 105 110 121 122 132 134 144 149 154 172 174 185 186 190 208 219 221 223 224 231 235 242 247 250 255 258 260 261 268 273 276 281 285 299 308 313 314 315 323 325 329 330 
24 65 6 17 18 23 45 58 59 61 62 64 68 88 93 97 100 116 119 123 138 142 144 150 154 156 157 161 164 165 174 184 186 187 191 192 195 203 207 209 214 216 219 223 224 234 235 250 258 262 265 270 280 281 284 291 295 302 303 304 312 316 321 323 325 329 335 
25 59 1 7 10 11 13 15 28 37 42 43 48 51 67 68 70 73 75 76 80 97 100 102 117 133 140 149 152 156 169 171 175 176 184 187 188 192 193 194 195 198 204 206 208 214 235 247 250 271 272 277 282 299 308 318 321 328 333 334 336 
26 58 0 2 9 27 29 40 41 44 46 48 78 80 85 91 101 112 115 119 127 133 142 145 146 152 160 162 166 167 176 184 188 192 202 204 225 231 241 243 246 249 254 261 263 267 270 277 280 284 285 286 288 295 297 300 309 322 324 336 
27 86 0 2 4 5 6 9 19 26 33 36 44 46 53 59 64 69 81 82 85 93 95 97 103 106 109 112 113 114 116 117 119 123 124 128 130 135 136 137 139 140 145 147 153 156 159 160 162 168 170 172 175 177 178 186 196 200 202 207 213 216 218 227 228 234 242 247 255 267 269 277 287 291 295 296 297 299 303 305 306 307 308 309 310 324 332 336 
28 68 3 5 10 11 12 14 19 25 37 40 41 45 51 60 65 73 82 84 87 90 102 115 116 119 121 122 133 134 138 148 155 158 161 162 164 176 179 183 187 192 201 210 211 223 230 234 236 240 248 253 259 262 265 266 269 270 276 283 285 297 300 306 318 323 324 326 331 339 
29 73 12 16 17 18 23 26 42 46 52 53 57 61 64 65 69 70 79 80 84 90 92 95 100 117 120 125 127 135 140 143 144 145 147 150 155 156 157 168 169 173 183 189 191 193 196 201 202 205 216 218 225 235 240 242 243 245 252 255 267 276 279 280 290 294 301 304 309 311 322 324 325 328 338 
30 61 1 11 14 16 31 32 37 45 48 50 53 63 70 72 81 85 104 105 111 118 122 124 137 142 147 151 159 164 180 184 199 201 205 206 207 211 212 216 230 237 247 254 264 265 268 269 270 277 282 283 288 290 297 303 309 311 316 323 324 334 339 
31 72 2 3 4 5 9 13 19 20 22 30 36 37 40 46 47 48 52 56 60 65 77 80 86 93 107 108 109 111 118 121 125 135 136 139 161 176 178 181 189 195 196 198 208 214 216 220 224 228 231 240 241 244 245 247 250 259 262 280 293 302 304 307 309 310 312 314 325 328 330 333 336 338 
32 63 1 2 8 13 17 19 30 49 51 52 64 67 76 81 85 101 111 112 118 121 125 133 135 136 145 147 156 159 165 167 170 173 174 180 182 184 188 197 204 206 207 212 214 219 235 238 241 242 247 259 260 263 271 273 277 284 286 287 295 300 303 312 319 
33 74 3 4 16 19 21 27 40 43 50 59 60 66 70 73 78 81 86 87 89 96 97 105 112 113 120 130 132 135 136 138 139 141 143 144 145 147 148 156 157 158 159 166 168 170 171 174 178 181 186 189 191 193 194 197 199 202 204 217 221 222 226 233 242 250 258 276 283 302 304 310 326 332 333 334 
34 72 3 7 21 22 39 42 44 54 59 65 66 83 84 87 88 89 101 103 105 107 108 113 114 119 121 122 130 145 150 156 160 161 175 177 178 184 188 191 195 199 201 202 205 207 208 212 214 218 221 232 236 240 241 246 257 263 272 285 286 291 295 296 297 299 302 314 315 317 328 329 333 336 
35 62 3 4 6 19 48 53 54 56 57 59 64 67 69 77 80 89 90 103 111 121 125 131 132 134 146 153 161 169 175 186 187 194 197 200 203 205 206 207 209 216 217 229 230 237 238 247 253 255 272 276 277 279 280 283 297 301 315 318 321 326 328 336 
36 60 15 18 20 27 31 56 57 64 79 86 87 97 100 107 110 116 120 121 128 130 140 143 144 151 153 170 174 179 187 197 200 204 208 216 225 227 233 236 242 254 260 270 273 277 278 280 281 288 290 291 300 303 314 315 317 320 322 325 327 338 
37 65 8 9 13 21 23 25 28 30 31 38 44 50 56 57 64 66 70 72 75 76 80 86 91 103 104 106 114 120 127 133 137 141 146 148 159 172 173 181 183 191 194 202 204 205 209 210 215 225 227 233 237 241 247 265 268 273 281 290 297 301 314 324 326 329 337 
38 72 0 10 12 13 15 16 22 37 48 53 61 66 70 71 77 78 84 88 89 99 106 108 109 118 126 128 135 140 145 153 156 157 163 164 166 170 173 176 178 186 192 195 197 199 200 215 219 223 230 232 237 240 254 257 265 272 275 277 281 292 294 297 298 299 310 312 316 325 328 336 338 339 
39 83 1 3 12 13 18 34 53 56 62 63 67 70 72 75 80 83 89 99 102 103 106 109 110 111 116 117 133 137 149 155 156 162 164 165 166 167 168 169 170 172 179 182 183 195 201 202 205 210 215 222 229 231 232 236 241 243 247 248 249 253 254 255 262 263 269 272 276 280 284 293 294 295 298 301 305 308 310 311 317 328 329 331 337 
40 77 2 3 9 22 26 28 31 33 41 42 44 46 64 66 67 69 73 80 81 82 87 89 98 102 103 106 109 110 122 124 132 136 141 155 157 160 166 168 176 180 183 185 186 190 194 195 198 204 212 218 219 230 239 244 246 247 248 252 258 266 270 278 279 282 295 297 298 300 308 311 315 316 321 323 328 336 337 
41 72 1 4 11 12 14 15 20 26 28 40 49 57 60 61 66 69 73 74 81 87 88 92 101 102 103 104 118 122 132 133 148 161 165 167 171 178 182 183 196 201 203 207 208 212 216 224 226 227 231 232 233 240 242 245 249 253 265 270 272 274 277 279 280 281 286 297 313 314 318 327 330 336 
42 68 2 10 13 16 19 25 29 34 40 45 50 53 59 64 67 73 75 76 78 83 89 90 96 106 107 108 112 120 125 126 127 135 158 159 164 166 177 178 185 186 189 193 198 203 205 207 208 211 219 221 246 250 252 254 255 262 266 270 274 277 284 301 303 306 322 326 329 333 
43 65 4 21 23 25 33 46 51 60 61 68 70 76 77 80 85 94 109 113 116 126 127 128 135 140 141 144 148 149 153 155 163 194 196 198 203 207 212 218 223 228 233 243 248 254 261 263 272 281 283 285 291 298 299 301 302 304 308 311 314 319 324 327 328 331 338 
44 74 4 10 14 18 19 21 26 27 34 37 40 45 46 54 55 58 62 71 77 79 80 81 86 89 100 107 115 135 139 141 152 154 175 176 179 196 209 214 223 226 230 231 233 238 239 240 242 248 250 253 257 259 260 263 264 269 272 274 276 282 285 292 297 301 304 305 312 316 317 321 322 326 330 333 
45 70 4 8 12 14 17 18 24 28 30 42 44 47 53 56 58 60 61 79 87 88 89 91 101 105 108 114 119 122 124 127 130 140 142 151 154 158 159 165 167 172 173 195 196 200 206 209 213 222 226 232 239 243 250 257 258 264 277 293 294 298 303 304 306 308 313 323 333 336 337 338 
46 71 0 4 5 7 19 26 27 29 31 40 43 44 58 62 68 69 72 74 78 83 84 88 92 100 103 111 112 114 122 123 134 138 147 149 153 157 161 168 170 183 193 196 204 206 214 220 231 237 239 244 246 255 261 269 273 289 290 291 292 294 299 302 304 308 312 314 315 316 324 325 334 
47 68 2 10 15 16 17 18 31 45 48 56 60 63 64 71 78 80 93 101 105 108 115 122 126 128 135 136 139 146 147 148 150 156 158 159 171 174 175 177 189 191 196 198 203 215 223 226 231 232 239 240 249 250 263 269 270 273 274 275 276 278 280 281 284 304 321 331 332 337 
48 74 0 6 12 23 25 26 30 31 35 38 47 52 54 72 74 78 86 90 112 128 129 130 141 144 145 148 150 153 161 162 163 165 166 172 179 189 196 216 217 221 223 226 228 238 249 251 252 253 258 266 278 279 281 285 288 290 293 294 297 300 302 304 309 313 317 318 320 325 326 334 335 336 337 338 
49 57 2 7 9 14 16 19 20 22 23 32 41 52 56 57 78 82 86 88 90 95 99 108 136 140 147 148 157 165 175 205 208 210 215 219 230 234 237 238 239 242 243 249 258 264 278 290 291 296 299 302 303 310 316 323 325 331 333 
50 66 8 10 12 30 33 37 42 57 63 67 69 74 81 82 83 93 96 98 102 103 105 117 121 131 136 137 139 147 155 158 163 165 169 171 179 181 193 194 196 200 202 211 219 220 222 232 237 241 243 253 258 260 264 266 271 272 273 288 300 311 312 315 316 317 330 339 
51 66 4 25 28 32 43 57 67 72 74 75 76 79 83 88 90 93 94 99 110 115 119 121 122 124 128 133 137 138 144 146 147 149 154 155 156 160 161 167 173 180 186 196 199 200 201 210 216 218 221 223 236 243 244 252 257 259 299 302 307 314 318 323 326 327 333 337 
52 82 2 9 15 17 29 31 32 48 49 61 67 68 74 77 82 85 89 90 91 94 96 98 101 105 106 107 116 117 121 125 128 129 141 153 158 164 169 174 179 180 187 188 189 190 196 197 203 204 210 211 212 223 224 225 227 229 230 231 233 257 261 263 264 265 266 273 276 278 282 283 285 287 298 306 319 323 327 328 332 334 338 339 
53 72 0 21 22 27 29 30 35 38 39 42 45 56 67 72 75 79 80 84 85 86 89 95 98 99 104 106 107 110 114 115 125 127 130 136 145 156 167 174 175 184 192 195 198 199 203 205 206 210 220 230 233 236 237 240 255 264 270 277 282 287 289 294 295 298 300 301 303 307 315 317 320 337 
54 64 2 11 18 21 34 35 44 48 61 62 66 67 76 78 79 84 86 89 92 95 105 106 109 112 114 115 118 120 123 129 135 140 147 188 193 196 197 199 216 218 223 231 234 244 245 250 252 259 272 279 284 288 290 301 305 306 311 315 317 318 319 322 334 338 
55 59 0 6 18 23 44 56 66 67 71 73 90 97 103 109 110 112 139 151 170 171 179 180 181 183 185 190 201 207 213 214 219 224 226 229 232 238 245 255 258 268 270 273 276 278 279 280 283 290 292 313 317 318 323 324 328 329 330 331 337 
56 79 1 18 23 31 35 36 37 39 45 47 49 53 55 57 58 59 60 64 66 67 68 71 73 78 86 88 99 102 106 113 116 119 120 121 132 134 136 144 147 152 153 154 156 161 167 169 178 180 182 184 187 188 209 222 225 226 246 249 253 262 264 267 268 269 273 277 280 287 290 291 296 297 306 310 316 320 333 335 336 
57 84 1 2 6 10 29 35 36 37 41 49 50 51 56 63 71 75 78 81 82 87 90 104 109 111 112 118 119 120 124 126 131 132 135 136 141 143 154 160 161 162 166 169 170 171 173 179 185 189 191 197 200 204 211 214 221 222 223 224 225 228 234 236 241 249 256 257 259 260 262 264 268 275 281 283 287 291 294 295 296 301 309 312 319 323 
58 77 1 9 11 17 18 22 24 44 45 46 56 65 67 69 73 82 84 85 86 87 90 95 99 100 110 113 116 128 129 137 139 141 143 144 145 148 150 153 155 163 164 176 179 185 186 201 202 204 205 206 208 215 223 229 236 241 243 251 258 259 268 275 287 288 290 294 301 306 307 309 314 315 319 323 326 336 339 
59 71 4 11 14 16 19 24 27 33 34 35 42 56 61 68 69 78 80 85 94 95 97 100 107 118 122 124 130 131 139 140 147 149 150 159 165 177 180 183 187 203 206 211 214 215 216 223 224 228 229 230 234 239 240 242 243 248 249 250 254 258 269 276 283 287 290 291 295 296 305 306 315 
60 64 2 3 23 28 31 33 41 43 45 47 56 61 65 72 80 82 87 91 95 98 100 106 111 112 117 120 123 129 132 138 141 146 150 156 164 165 170 180 192 194 202 209 216 224 227 232 236 242 243 245 262 269 282 283 287 288 289 295 298 302 303 312 319 334 
61 65 0 3 4 18 24 29 38 41 43 45 52 54 59 60 69 71 82 113 119 121 127 129 145 148 152 158 159 160 161 162 163 164 168 183 186 195 198 201 206 207 209 212 216 218 224 230 240 241 254 255 260 264 268 271 278 289 290 291 294 296 318 327 328 336 339 
62 75 6 8 18 19 20 24 39 44 46 54 64 67 69 74 81 83 84 86 89 90 91 93 105 109 118 122 125 127 138 139 151 153 157 160 161 176 180 184 191 198 200 201 202 206 216 217 219 227 228 233 235 236 244 259 263 267 269 275 279 292 294 299 300 303 304 308 313 319 320 321 324 328 329 330 331 
63 59 3 7 9 19 20 30 39 47 50 57 75 80 87 92 97 98 121 122 123 133 135 136 138 140 143 161 168 169 175 176 178 186 188 191 198 199 204 208 211 216 219 226 232 233 241 242 247 253 263 273 276 293 294 300 304 306 314 328 334 
64 66 7 8 13 24 27 29 32 35 36 37 40 42 47 56 62 70 71 76 81 83 88 97 99 100 107 112 121 135 138 139 147 155 156 166 173 189 190 191 193 194 196 197 201 210 215 226 228 232 241 242 245 249 250 256 257 259 267 268 283 284 287 300 318 327 329 339 
65 69 0 2 12 13 15 19 28 29 31 34 58 60 71 82 83 84 86 96 99 100 107 108 110 113 122 128 130 140 157 158 159 172 182 195 198 201 203 204 212 213 218 220 225 228 229 232 235 250 258 260 264 285 287 290 293 300 301 304 305 306 313 317 321 322 324 329 332 335 338 
66 71 7 9 10 15 17 19 23 33 34 37 38 40 41 54 55 56 67 70 72 77 82 89 100 102 107 108 116 123 128 138 141 142 143 152 155 158 171 173 175 178 184 192 195 198 208 209 214 218 223 224 225 227 235 241 242 244 245 246 249 257 260 262 267 271 278 281 283 303 313 318 336 
67 75 7 9 25 32 35 39 40 42 50 51 52 53 54 55 56 58 62 66 73 75 76 85 86 89 94 96 100 107 108 112 117 118 119 121 123 127 136 139 142 145 149 162 166 167 172 173 185 192 193 202 203 210 212 225 227 233 235 244 246 248 249 252 253 255 266 278 280 283 294 305 315 316 318 322 327 
68 72 11 12 16 24 25 43 46 52 56 59 72 73 74 75 84 88 95 107 120 124 131 134 145 146 150 151 159 166 168 170 175 176 178 179 181 182 189 193 194 199 202 203 204 207 208 213 214 216 218 226 229 231 250 255 259 264 266 275 278 280 287 289 294 296 303 309 313 316 324 327 332 333 
69 77 1 2 11 12 18 19 27 29 35 40 41 46 50 58 59 61 62 71 72 73 76 91 97 103 107 111 117 118 124 131 135 141 147 153 154 159 163 164 165 169 173 174 187 189 197 199 200 201 203 211 221 222 223 231 235 237 239 246 250 252 253 254 255 266 272 285 290 301 303 305 307 308 324 326 332 338 339 
70 60 1 4 9 10 18 22 25 29 30 33 37 38 39 43 64 66 74 79 80 84 97 98 110 113 121 132 133 137 148 149 158 161 162 163 172 181 183 197 198 207 225 231 234 237 238 242 245 251 256 285 290 297 304 310 316 319 323 327 328 339 
71 71 4 6 9 10 13 18 38 44 47 55 56 57 61 64 65 69 73 75 77 78 103 106 107 119 121 122 125 128 131 138 149 151 162 170 173 179 180 181 186 191 204 212 213 215 219 222 229 232 234 242 246 254 256 258 260 268 269 270 273 276 279 282 284 294 295 304 308 311 316 332 336 
72 75 3 13 14 16 17 30 37 39 46 48 51 53 60 66 68 69 74 77 79 82 92 103 106 107 122 127 129 134 136 137 140 153 154 163 167 168 169 182 185 187 188 205 206 214 221 224 227 233 234 237 240 242 244 245 251 252 255 262 266 270 272 273 274 275 280 281 283 295 296 299 302 312 320 327 330 
73 64 1 10 13 17 25 28 33 40 41 42 55 56 58 67 68 69 71 75 86 88 94 97 101 104 109 111 112 118 130 142 148 153 167 168 170 172 182 185 186 203 212 215 229 234 236 237 240 243 249 255 258 260 269 270 276 280 284 294 295 314 315 316 325 332 
74 57 5 21 41 46 48 50 51 52 62 68 70 72 80 88 89 91 99 100 101 106 112 116 119 128 132 133 135 147 156 161 170 176 178 180 181 185 204 219 221 226 227 229 236 238 241 255 263 265 276 277 299 303 305 306 308 311 329 
75 66 3 9 14 22 25 37 39 42 51 53 57 63 67 68 71 73 81 83 85 90 97 100 105 110 125 145 150 151 152 164 165 170 172 174 183 191 199 202 209 216 217 223 227 229 235 237 238 252 253 255 265 267 271 275 276 279 281 283 286 287 288 289 290 307 326 329 
76 69 0 22 25 32 37 42 43 51 54 64 67 69 84 88 92 95 101 113 115 133 134 149 151 153 161 164 167 172 184 186 188 195 200 203 204 207 211 213 214 220 230 234 235 236 243 245 250 252 256 267 268 271 274 276 286 288 292 296 298 299 300 301 304 306 312 322 325 329 339 
77 66 2 5 9 19 22 31 35 38 43 44 52 66 71 72 79 82 84 89 98 100 111 115 117 119 120 128 132 136 137 139 148 158 162 163 166 167 170 176 179 180 186 188 206 214 215 218 225 230 245 252 258 261 267 276 279 294 300 301 302 304 305 312 313 319 323 338 
78 72 1 4 12 14 20 23 26 33 38 42 46 47 48 49 54 56 57 59 71 81 82 88 89 97 98 100 101 102 114 119 122 124 133 140 153 155 156 158 178 184 189 190 191 197 198 206 213 219 223 224 225 243 246 255 256 260 264 274 275 280 282 283 287 291 292 294 298 304 310 325 327 329 
79 65 1 4 10 13 20 29 36 44 45 51 53 54 70 72 77 80 83 94 102 116 117 118 138 140 144 146 147 150 153 157 166 169 178 182 183 191 196 200 229 230 232 235 240 242 244 254 262 271 273 275 287 291 300 309 310 314 316 318 319 322 324 330 332 337 338 
80 82 3 4 8 9 10 17 25 26 29 31 35 37 39 40 43 44 47 53 59 60 63 70 74 79 81 85 102 107 112 121 125 134 136 139 143 146 152 159 160 187 189 191 192 193 194 196 198 201 204 207 215 216 219 235 241 248 250 251 257 258 262 273 274 278 279 282 284 289 296 298 299 300 301 302 305 306 314 322 332 333 337 338 
81 67 0 8 15 17 18 27 30 32 33 40 41 44 50 57 62 64 75 78 80 85 99 100 101 102 103 105 112 118 124 149 152 155 156 163 167 179 184 192 193 195 198 199 208 212 214 221 225 226 231 234 236 239 244 248 251 258 273 289 293 294 297 302 306 322 324 326 334 
82 69 11 15 19 27 28 40 49 50 52 57 58 60 61 65 66 72 77 78 88 92 94 99 102 111 115 116 118 119 124 126 132 136 137 138 143 144 174 177 179 180 182 193 199 209 210 216 220 224 232 248 252 255 275 276 278 279 282 288 295 302 307 309 312 314 316 318 322 323 330 
83 67 4 5 8 12 16 22 34 39 42 46 50 51 62 64 65 75 79 85 89 100 105 106 107 112 113 122 140 148 149 150 154 158 160 166 167 172 176 180 193 195 200 203 205 208 213 214 225 230 231 238 252 254 262 264 265 271 275 279 287 290 293 306 309 310 315 318 333 
84 77 0 7 11 20 23 28 29 34 38 46 53 54 58 62 65 68 70 76 77 87 88 89 92 94 95 98 101 102 104 106 110 112 120 124 127 128 129 140 146 152 170 175 176 178 180 189 191 193 194 201 206 209 211 228 246 250 254 258 260 268 276 284 290 293 295 301 304 305 311 312 314 318 321 333 335 336 339 
85 65 8 17 19 22 26 27 30 32 43 52 53 58 59 67 75 80 81 83 91 98 100 108 117 123 130 137 155 162 173 176 180 185 187 189 196 200 205 211 218 226 232 234 238 245 256 258 264 275 280 283 292 294 295 298 299 300 305 306 315 320 321 324 325 329 332 
86 76 1 2 3 4 11 21 31 33 36 37 44 48 49 53 54 56 58 62 65 67 73 87 88 95 97 100 101 103 108 110 113 115 117 121 123 129 138 140 142 143 159 170 172 174 181 187 188 196 212 213 219 220 226 234 241 245 260 262 263 272 273 275 277 287 288 293 295 298 303 307 319 320 324 334 336 338 
87 77 7 10 11 13 28 33 34 36 40 41 45 57 58 60 63 84 86 88 108 114 116 117 125 131 135 145 152 153 159 162 165 187 188 190 197 198 201 203 206 214 219 224 226 227 228 229 230 232 233 235 236 245 249 251 266 267 269 270 271 278 285 287 290 292 294 302 305 308 311 314 317 322 323 325 327 330 339 
88 78 12 18 20 23 24 34 38 41 45 46 49 51 56 64 68 73 74 76 78 82 84 86 87 93 95 97 103 112 113 116 120 122 133 136 138 140 141 148 157 159 161 164 168 169 172 173 176 178 182 183 184 186 188 193 197 211 213 214 216 222 228 266 267 269 271 273 280 281 288 291 293 297 300 304 315 318 323 338 
89 74 6 8 10 11 15 18 20 33 34 35 38 39 40 42 44 45 52 53 54 62 66 67 74 77 78 83 84 90 99 103 108 111 124 127 130 132 133 138 139 143 144 149 150 153 164 173 181 189 192 197 200 205 210 216 224 228 232 240 244 257 258 261 262 266 267 281 282 287 288 315 318 319 320 338 
90 64 6 7 8 17 18 28 29 35 42 48 49 51 52 55 57 58 62 75 89 99 100 108 109 111 114 115 116 122 123 126 130 141 146 151 169 170 174 175 176 192 194 200 206 212 219 225 231 239 246 247 251 252 253 272 281 286 300 306 310 312 313 332 335 336 
91 64 7 8 9 11 13 16 20 21 26 37 45 52 60 62 69 74 85 93 107 108 109 113 124 125 129 137 139 143 154 156 160 164 171 172 174 176 209 214 221 229 235 237 241 246 259 262 267 268 279 281 287 302 311 312 314 316 319 320 321 324 325 329 334 337 
92 67 2 3 9 11 12 14 16 29 41 46 54 63 72 76 82 84 93 94 109 110 112 113 118 121 123 130 132 148 149 150 152 154 159 163 164 165 167 176 182 190 194 200 201 205 206 213 223 224 226 227 240 243 251 256 260 265 266 267 270 288 289 291 306 309 319 320 339 
93 80 2 4 7 8 10 13 18 21 24 27 31 47 50 51 62 88 91 92 95 100 104 106 110 113 116 117 123 125 133 138 139 142 144 147 153 155 158 165 173 174 177 178 183 195 197 198 200 203 206 207 209 215 218 221 226 229 235 252 256 261 263 268 269 274 276 284 285 289 290 292 294 301 302 305 306 313 314 316 328 331 
94 55 6 7 8 14 15 16 43 51 52 59 67 73 79 82 84 92 105 116 128 148 149 152 172 173 183 190 192 193 194 201 204 205 208 211 219 220 223 229 235 245 254 259 268 281 286 294 298 309 311 312 318 327 332 333 335 
95 69 2 3 8 15 16 20 27 29 49 53 54 58 59 60 68 76 84 86 88 93 99 103 106 113 116 117 120 122 133 138 140 148 155 160 161 175 184 185 196 198 200 209 210 211 227 228 239 243 248 250 255 256 259 261 268 271 277 283 290 294 299 302 303 311 314 317 325 332 333 
96 69 2 8 10 14 16 20 33 42 50 52 65 67 97 101 103 104 110 113 118 123 131 132 134 142 144 146 153 154 158 160 161 167 172 178 188 190 192 193 200 214 220 221 224 228 230 233 249 250 251 252 257 260 265 274 276 281 282 306 310 311 313 316 317 318 319 323 326 334 335 
97 58 2 3 7 10 17 19 24 25 27 33 36 55 59 63 64 69 70 73 75 78 86 88 96 104 107 109 119 122 130 163 170 180 182 186 190 191 198 209 218 222 227 229 248 249 255 256 261 286 296 305 309 313 316 322 324 332 333 338 
98 66 7 8 12 13 14 20 40 50 52 53 60 63 70 77 78 84 85 100 103 109 110 132 137 140 143 144 147 153 161 164 166 167 175 182 183 186 190 191 192 194 197 210 213 219 222 224 225 226 230 236 239 252 256 266 271 274 278 280 282 307 313 320 324 328 331 333 
99 59 14 17 18 38 39 49 51 53 56 58 64 65 74 81 82 89 90 95 113 117 118 129 130 137 138 142 143 149 156 163 164 165 169 178 181 183 186 194 198 200 211 214 217 227 238 251 254 256 261 275 287 292 295 296 303 307 327 335 338 
100 77 2 11 24 25 29 36 44 46 58 59 60 64 65 66 67 74 75 77 78 81 83 85 86 90 93 98 110 112 113 118 124 127 138 142 146 165 168 175 178 179 180 194 195 210 213 226 229 234 235 239 242 249 257 260 262 264 274 276 280 282 284 290 291 293 295 298 304 307 309 311 312 319 321 326 335 337 339 
101 59 4 16 20 26 32 34 41 45 47 52 73 74 76 78 81 84 86 96 107 111 116 117 118 126 137 143 151 152 155 160 162 176 183 192 205 217 220 222 225 228 232 241 246 251 252 253 259 262 264 270 273 277 296 311 313 323 328 337 338 
102 74 0 7 10 15 25 28 39 40 41 50 56 66 78 79 80 81 82 84 105 106 108 112 117 119 123 124 129 132 134 137 144 156 160 162 164 165 168 175 176 180 184 192 199 202 203 206 210 212 221 222 223 243 251 259 260 261 269 275 278 279 280 284 286 292 293 294 295 300 307 311 317 322 327 328 
103 76 4 6 18 19 27 34 35 37 39 40 41 46 50 55 69 71 72 81 86 88 89 95 96 98 104 107 119 122 125 134 138 139 142 143 152 153 157 162 168 173 174 177 178 192 195 204 207 210 211 218 220 224 232 233 237 250 257 258 263 267 268 272 275 281 285 286 293 296 300 301 308 313 316 322 323 333 
104 60 3 7 9 13 18 19 23 30 37 41 53 57 73 84 93 96 97 103 106 117 120 127 133 134 150 157 161 163 164 166 167 175 179 182 186 196 206 210 211 215 219 224 230 232 233 252 261 267 275 284 285 294 295 297 301 318 321 324 332 334 
105 54 8 15 23 30 33 34 45 47 50 52 54 62 75 81 83 94 102 121 136 142 149 151 157 160 162 171 180 183 191 198 201 202 209 211 217 219 221 235 244 246 250 260 261 280 282 294 303 307 312 317 319 331 337 338 
106 61 2 6 18 19 20 27 37 38 39 40 42 52 53 54 56 60 71 72 74 83 84 93 95 102 104 121 127 132 135 136 144 146 148 155 160 162 163 170 171 175 180 186 197 201 209 213 236 237 248 252 263 264 290 294 305 307 311 313 321 323 336 
107 82 1 4 10 11 14 15 31 34 36 42 44 52 53 59 64 65 66 67 68 69 71 72 80 83 91 97 101 103 108 109 125 128 129 132 134 138 140 144 146 170 177 180 183 185 194 206 207 209 211 212 223 226 235 236 238 239 242 252 256 262 263 265 266 283 284 285 289 292 298 300 303 305 310 312 316 318 320 322 325 331 334 338 
108 80 6 8 9 13 16 19 31 34 38 42 45 47 49 65 66 67 85 86 87 89 90 91 102 107 115 117 118 119 127 133 136 141 142 143 148 154 160 161 162 164 166 180 181 188 190 193 194 202 203 204 207 209 211 213 214 216 219 225 226 233 259 265 266 270 278 284 298 299 300 301 311 314 315 320 326 329 331 335 336 338 
109 70 1 9 10 12 19 27 31 38 39 40 43 54 55 57 62 73 90 91 92 97 98 107 112 115 124 127 130 131 135 141 142 152 154 163 170 174 191 194 199 201 203 206 214 217 218 219 223 253 255 261 262 266 271 275 282 285 290 293 294 295 297 298 300 304 305 314 317 332 333 334 
110 73 2 9 23 36 39 40 51 53 55 58 65 70 75 84 86 92 93 96 98 100 111 112 119 121 125 127 128 129 133 135 136 139 142 160 161 163 171 175 181 186 187 188 191 195 198 204 206 209 226 228 235 239 241 246 248 249 259 262 270 280 282 283 288 292 296 297 302 310 311 317 318 328 334 
111 69 4 12 16 21 30 31 32 35 39 46 57 60 69 73 77 82 89 90 101 110 118 131 134 137 140 142 150 153 158 160 161 165 166 170 172 173 180 181 182 187 194 196 199 201 203 212 219 220 225 227 242 249 258 259 260 270 273 276 277 284 287 288 290 302 309 314 318 319 329 
112 74 7 18 20 26 27 32 33 42 46 48 54 55 57 60 64 67 73 74 80 81 83 84 88 92 100 102 109 110 118 124 127 145 149 150 158 170 177 182 185 194 203 205 212 215 216 220 226 227 241 243 244 247 248 250 251 254 256 257 264 266 273 276 279 286 287 288 303 309 311 317 325 327 331 337 
113 67 8 13 17 22 27 33 34 43 56 58 61 65 70 76 83 86 88 91 92 93 95 96 99 100 119 128 140 143 144 149 171 178 182 185 198 199 200 201 207 211 216 223 232 235 241 244 245 249 255 257 267 270 275 285 288 297 301 306 308 309 311 315 316 325 331 334 336 
114 57 10 11 27 34 37 45 46 53 54 78 87 90 120 125 129 132 134 135 140 144 146 151 152 153 156 161 169 170 186 192 195 202 203 205 213 214 217 241 247 249 251 269 275 279 290 293 295 302 304 308 310 316 322 323 326 328 339 
115 57 4 7 12 15 18 26 28 44 47 51 53 54 76 77 82 86 90 108 109 123 126 129 130 136 137 144 163 165 177 184 187 188 193 197 210 218 247 250 253 259 261 262 266 278 286 299 301 309 314 319 325 327 328 329 335 338 339 
116 73 0 4 6 13 19 20 24 27 28 36 39 43 52 56 58 66 74 79 82 87 88 90 93 94 95 101 122 133 142 147 149 151 156 172 187 188 192 195 207 212 214 215 216 220 221 226 238 247 251 252 254 258 259 260 264 267 276 279 286 287 289 294 301 306 324 327 330 332 333 334 336 338 339 
117 68 3 8 25 27 29 39 50 52 60 67 69 77 79 85 86 87 93 95 99 101 102 104 108 123 124 129 135 138 141 143 149 163 169 170 172 178 182 191 199 201 203 205 214 215 217 220 238 243 244 245 253 254 261 262 268 269 278 281 282 287 291 304 305 309 315 325 334 337 
118 70 2 13 21 30 31 32 38 41 54 57 59 62 67 69 73 79 81 82 92 96 99 100 101 108 111 112 120 121 127 137 147 156 158 169 179 183 188 190 195 197 198 203 207 222 228 231 241 244 250 258 267 270 274 286 287 292 293 294 296 297 303 308 313 314 315 323 327 329 333 335 
119 70 8 14 15 24 26 27 28 34 45 51 56 57 61 67 71 74 77 78 82 97 102 103 108 110 113 122 130 131 136 139 143 147 154 157 158 160 179 180 181 187 190 193 200 212 213 217 227 231 234 237 239 240 250 252 253 263 264 268 271 279 283 284 298 299 304 306 311 316 321 330 
120 63 1 3 8 13 29 33 36 37 42 54 56 57 60 68 77 84 88 95 104 114 118 121 122 126 130 139 149 169 171 172 178 180 183 189 190 195 204 206 209 217 219 223 233 235 246 249 258 263 267 269 272 273 282 302 303 309 312 315 316 320 323 329 334 
121 68 0 9 22 23 28 31 32 34 35 36 50 51 52 56 61 63 64 67 70 71 80 86 92 105 106 110 118 120 122 129 132 134 139 140 143 153 156 160 170 176 186 194 197 200 210 213 223 235 236 237 249 251 257 260 287 288 290 291 292 293 294 301 305 317 329 334 337 338 
122 73 5 6 8 15 19 23 28 30 34 40 41 45 46 47 51 59 62 63 65 71 72 78 83 88 90 95 97 103 116 119 120 121 124 127 137 142 149 161 162 167 172 173 183 185 205 207 211 220 225 240 243 244 249 251 253 262 264 266 267 272 273 278 279 287 288 293 301 305 310 314 316 320 327 
123 54 6 24 27 46 54 60 63 66 67 85 86 90 92 93 96 102 115 117 129 135 137 151 159 160 162 163 169 176 201 209 217 229 235 236 238 244 246 251 260 262 264 267 278 279 285 288 294 300 306 314 321 328 336 337 
124 84 4 7 9 20 22 27 30 40 45 51 57 59 68 69 78 81 82 84 89 91 100 102 109 112 117 122 125 126 132 133 150 155 157 162 166 174 177 182 183 185 190 193 196 197 198 201 202 213 218 219 221 227 229 233 237 238 241 251 253 258 260 261 266 267 268 273 278 280 285 287 288 291 295 300 303 308 309 312 314 320 330 333 334 337 
125 70 4 19 20 21 29 31 32 35 42 52 53 62 71 75 80 87 91 93 103 107 110 114 124 133 136 142 144 145 148 153 159 160 163 165 171 175 179 183 189 196 198 200 204 205 206 223 227 236 237 238 243 247 254 256 260 262 274 280 281 283 293 294 296 297 300 305 324 326 329 339 
126 58 0 4 10 16 19 20 38 42 43 47 57 82 90 101 115 120 124 148 161 169 170 174 175 182 186 188 190 193 195 199 202 205 218 223 224 226 236 240 242 243 244 256 265 269 279 290 293 295 303 304 309 312 320 321 325 329 336 338 
127 58 2 14 26 29 37 42 43 45 53 61 62 67 72 84 89 100 104 106 108 109 110 112 118 122 130 136 148 154 161 180 193 198 202 203 204 211 215 234 238 239 241 249 251 257 267 269 272 282 286 304 306 309 313 324 332 335 337 338 
128 61 4 27 36 38 43 47 48 51 52 58 65 66 71 74 77 84 94 107 110 113 129 135 138 164 165 176 177 184 186 198 208 210 211 213 223 224 225 239 240 241 253 255 257 269 281 287 289 295 296 298 306 308 310 311 315 318 321 325 328 330 338 
129 64 8 20 48 52 54 58 60 61 72 84 86 91 99 102 107 110 114 115 117 121 123 128 130 132 137 141 144 145 149 151 158 159 164 170 172 186 187 188 195 196 208 215 217 219 227 228 241 255 260 262 273 276 284 285 296 302 307 312 313 317 321 323 331 339 
130 92 1 2 5 8 10 14 15 27 33 34 36 45 48 53 59 65 73 85 89 90 92 97 99 109 115 119 120 127 129 133 136 137 142 144 145 146 148 149 151 153 154 159 168 185 188 189 196 197 198 202 204 208 211 214 216 218 219 230 234 235 236 237 239 244 246 247 260 261 263 268 280 285 286 289 291 294 295 298 302 303 311 312 317 320 321 322 326 332 333 334 335 336 
131 62 4 5 6 10 15 35 50 57 59 68 69 71 87 96 109 111 119 139 145 152 155 157 158 161 162 165 167 171 177 178 182 183 184 189 194 196 197 200 204 207 210 215 224 227 235 236 237 238 246 257 262 285 291 296 303 316 318 320 327 330 331 335 
132 68 1 8 9 12 22 23 33 35 40 41 56 57 60 70 74 77 82 89 92 96 98 102 106 107 114 121 124 129 138 139 151 155 157 167 177 184 188 194 195 201 207 208 216 218 219 221 223 224 228 242 245 248 253 254 267 274 281 287 290 291 300 306 307 311 312 321 326 333 
133 72 0 1 2 7 8 16 25 26 28 32 37 39 41 51 63 70 74 76 78 88 89 93 95 104 108 110 116 124 125 130 144 155 175 178 179 180 189 194 195 198 200 202 203 207 211 225 228 239 240 242 244 247 257 261 262 263 265 274 277 284 287 300 302 305 310 313 314 319 321 323 330 333 
134 64 4 10 18 22 23 28 35 46 56 68 72 76 80 96 102 103 104 107 111 114 121 139 140 158 167 180 182 183 185 188 189 207 209 213 214 216 217 223 226 232 239 241 242 245 252 254 262 265 271 272 274 277 283 289 294 296 301 302 316 317 320 322 336 339 
135 66 13 17 27 29 31 32 33 38 42 43 44 47 54 57 63 64 69 74 87 106 109 110 114 117 123 128 139 147 148 151 155 160 167 168 170 188 191 195 212 213 214 217 232 235 239 245 247 252 256 257 262 263 264 276 279 280 283 306 308 311 316 320 324 331 332 338 
136 69 0 3 5 6 19 27 31 32 33 40 47 49 50 53 56 57 63 67 72 77 80 82 88 105 106 108 110 115 119 125 127 130 139 141 145 146 150 155 161 163 166 178 181 182 187 189 192 195 214 221 222 227 230 233 249 253 255 257 259 264 269 270 287 294 305 310 316 323 334 
137 71 7 8 27 30 37 39 50 51 58 70 72 77 82 85 91 98 99 101 102 111 115 118 122 123 129 130 138 144 145 149 152 158 170 171 173 180 188 198 211 212 218 219 220 221 222 225 231 240 242 245 246 248 258 263 267 272 278 286 291 297 299 303 316 318 323 324 328 329 331 333 334 
138 63 13 16 21 24 28 33 46 51 60 62 63 64 66 71 79 82 86 88 89 93 95 99 100 103 107 117 128 132 137 145 164 166 174 184 186 191 201 208 209 210 213 214 218 221 229 239 243 244 250 255 258 262 265 279 292 299 303 305 306 315 317 326 334 
139 78 1 19 20 27 31 33 44 47 50 55 58 59 62 64 67 77 80 89 91 93 103 110 119 120 121 131 132 134 135 136 143 144 151 155 159 162 164 167 174 185 188 194 195 196 201 209 216 220 223 224 227 234 240 242 250 256 257 258 260 266 269 270 271 282 283 285 288 289 292 295 302 309 313 315 316 320 321 323 
140 66 0 3 12 25 27 29 36 38 43 45 49 54 59 63 65 72 78 79 83 84 86 88 95 98 107 111 113 114 121 134 153 156 161 163 177 179 191 197 203 205 209 210 215 217 218 223 235 238 242 247 248 253 258 269 274 279 284 285 297 309 310 312 313 318 321 338 
141 65 11 15 18 19 33 37 40 43 44 48 52 57 58 60 66 69 88 90 108 109 117 129 136 148 156 160 161 164 165 169 174 181 189 190 191 195 201 202 203 205 214 217 221 225 227 230 239 242 251 258 259 261 276 280 282 289 296 302 306 322 323 328 331 333 338 
142 64 9 11 20 21 24 26 30 45 66 67 73 86 93 96 99 100 103 105 108 109 110 111 116 122 125 130 146 147 155 160 172 175 182 186 191 192 202 203 204 206 209 215 240 248 250 253 258 271 276 279 282 283 286 287 291 294 305 309 310 319 326 335 338 339 
143 63 2 3 11 12 14 29 33 36 57 58 63 66 80 82 86 89 91 98 99 101 103 108 113 117 119 121 139 144 154 159 161 172 173 181 182 185 186 188 189 201 204 220 224 237 238 249 261 267 269 270 273 278 285 286 293 295 303 306 309 311 328 330 333 
144 67 4 8 16 18 23 24 29 33 36 43 48 51 56 58 79 82 89 93 96 98 102 106 107 113 114 115 125 129 130 133 137 139 143 154 156 166 173 190 193 198 202 215 216 224 226 234 236 237 246 254 258 261 262 273 275 285 290 296 305 308 316 322 327 332 333 334 335 
145 58 2 5 6 19 26 27 29 32 33 34 38 48 53 58 61 67 68 75 87 112 125 129 130 131 136 137 138 147 164 165 188 190 198 199 210 222 227 228 231 238 240 246 248 250 251 252 253 257 265 276 279 281 302 316 323 333 335 338 
146 59 9 14 20 22 26 35 37 47 51 60 68 79 80 84 90 96 100 106 107 114 130 136 142 147 152 153 159 164 166 167 176 180 184 187 198 199 203 208 220 224 238 240 247 248 257 271 273 282 287 289 290 292 295 297 306 315 326 331 336 
147 67 1 3 4 5 8 15 17 27 29 30 32 33 46 47 49 50 51 54 56 59 64 69 74 79 93 98 116 118 119 135 142 145 146 151 154 163 173 174 191 195 202 207 221 222 227 228 229 230 231 235 236 237 245 254 260 261 267 273 278 290 302 307 310 312 317 319 328 
148 66 11 13 14 28 33 37 41 43 47 48 49 58 61 70 73 77 83 88 92 94 95 106 108 125 126 127 130 135 141 149 154 160 168 176 182 196 204 207 213 216 217 220 228 231 239 253 254 257 259 260 261 262 279 285 288 291 293 297 299 300 302 304 311 313 318 323 
149 72 0 2 4 11 12 13 20 23 25 39 43 46 51 59 67 70 71 76 81 83 89 92 94 99 105 112 113 116 117 120 122 129 130 137 148 162 180 188 201 202 204 205 206 207 216 222 228 230 236 242 249 250 252 253 262 265 266 269 274 275 277 281 290 291 292 297 310 312 328 329 333 339 
150 62 6 8 9 16 21 24 29 34 47 48 58 59 60 68 75 79 83 89 92 104 111 112 124 136 156 161 176 182 189 201 207 213 219 225 238 239 240 242 244 246 247 249 250 257 265 271 275 278 286 298 302 306 319 320 321 325 328 330 332 333 335 338 
151 65 11 18 30 36 45 55 62 68 71 75 76 90 101 105 114 116 123 129 130 132 135 139 147 155 166 178 179 186 188 194 196 197 198 203 205 207 210 216 220 227 230 242 244 251 253 262 267 268 269 271 276 279 280 284 287 288 298 303 320 321 325 326 327 329 332 
152 54 4 5 12 21 25 26 44 56 61 66 75 80 81 84 87 92 94 101 103 109 114 131 137 146 155 158 164 175 183 190 198 202 214 221 223 229 230 233 234 236 241 242 247 258 260 264 267 272 283 292 297 299 311 316 
153 76 1 19 27 35 36 38 43 46 48 52 56 58 62 69 72 73 76 78 79 87 89 93 96 98 103 111 114 121 125 130 140 146 159 161 162 173 177 184 186 189 192 193 194 197 204 205 212 215 217 220 233 240 245 253 255 264 266 268 274 279 281 282 290 292 293 296 299 300 302 311 316 318 322 326 334 336 
154 64 1 2 10 12 13 15 23 24 44 45 51 56 57 69 72 83 91 92 96 108 109 119 127 130 143 144 147 148 155 165 166 168 170 172 179 198 207 215 219 222 223 236 238 239 240 242 243 256 262 267 268 270 271 274 278 283 286 287 298 300 304 312 321 332 
155 71 1 3 10 12 17 18 22 28 29 39 40 43 50 51 58 64 66 78 81 85 93 95 101 106 124 131 132 133 135 136 139 142 151 152 154 157 165 169 170 172 174 178 179 189 192 199 203 209 210 213 228 231 237 241 245 246 257 264 284 286 297 299 302 305 312 314 322 324 329 331 337 
156 59 4 8 24 25 27 29 32 33 34 38 39 47 51 53 56 60 64 74 78 81 91 99 102 114 116 118 121 140 141 144 150 162 163 168 173 174 191 204 208 212 213 222 223 228 238 244 248 257 263 268 273 274 280 290 303 310 323 331 333 
157 69 1 6 9 11 15 17 18 24 29 33 38 40 46 49 62 65 79 88 103 104 105 119 124 131 132 155 164 166 168 169 172 173 175 183 184 192 196 203 207 209 213 215 226 233 234 235 239 243 255 264 269 274 278 289 292 295 297 304 306 307 308 314 315 317 322 324 328 331 336 
158 60 9 28 33 42 45 47 50 52 61 65 66 70 77 78 83 93 96 111 112 118 119 129 131 134 137 152 160 163 168 169 170 184 189 218 226 232 237 251 256 257 263 269 271 272 275 281 282 290 301 303 306 312 313 318 320 328 331 333 334 339 
159 70 2 6 14 18 20 27 30 32 33 37 42 45 47 59 61 65 68 69 80 86 87 88 92 123 125 129 130 139 143 146 153 170 171 172 177 185 187 195 197 199 201 203 206 214 217 218 222 233 236 241 252 258 269 281 283 284 286 288 289 295 304 309 310 317 326 327 334 335 338 339 
160 67 7 15 20 26 27 34 40 51 57 61 62 80 83 91 95 96 101 102 105 106 108 110 111 119 121 123 125 135 141 142 148 158 162 166 183 188 189 194 204 211 212 213 224 225 232 233 236 251 259 260 266 271 273 275 277 291 292 299 300 302 304 307 321 322 329 334 338 
161 72 6 8 24 28 31 34 35 41 46 48 51 56 57 61 62 63 70 74 76 88 95 96 98 104 108 110 111 114 122 126 127 131 136 140 141 143 150 153 162 178 180 182 186 189 195 196 202 205 211 212 218 226 229 231 237 239 251 263 265 298 300 305 306 307 309 317 318 324 327 335 336 339 
162 74 0 1 9 10 17 18 20 21 26 27 28 39 48 57 61 67 70 71 77 85 87 101 102 103 105 106 108 122 123 124 131 139 149 153 156 160 161 181 182 190 204 205 207 211 213 216 217 219 222 229 232 233 235 238 241 242 245 246 250 251 258 259 264 267 281 296 302 315 325 327 329 333 336 339 
163 69 0 4 8 9 38 43 48 50 58 61 69 70 72 77 81 92 97 99 104 106 109 110 115 117 123 125 136 140 147 156 158 164 168 169 172 174 176 179 182 183 184 185 191 200 203 208 222 235 236 242 243 253 257 268 269 270 279 282 284 289 290 291 300 307 312 329 331 332 339 
164 77 0 2 13 15 16 17 24 28 30 38 39 42 52 58 60 61 69 75 76 88 89 91 92 98 99 102 104 108 128 129 138 139 141 145 146 152 157 163 165 166 174 176 178 180 188 192 195 196 205 212 216 217 226 227 229 230 235 238 245 249 251 254 264 265 283 285 286 287 290 293 294 298 300 317 320 326 332 
165 78 2 3 9 10 12 18 21 24 32 39 41 45 48 49 50 59 60 69 75 87 92 93 99 100 102 111 115 125 128 131 141 145 154 155 164 167 171 173 175 177 180 185 192 194 199 204 210 211 212 217 219 229 231 242 248 249 250 259 268 271 272 273 276 282 285 287 294 296 297 298 300 301 312 320 325 326 328 334 
166 79 0 2 4 5 15 18 26 33 38 39 40 42 48 57 64 67 68 77 79 83 98 104 108 111 124 136 138 144 146 151 154 157 160 164 171 177 180 183 188 189 191 192 193 195 205 207 208 211 212 213 217 220 221 228 234 237 239 241 242 243 256 260 262 265 267 271 273 275 276 283 288 290 293 302 303 305 306 312 327 
167 59 4 8 15 26 32 39 41 45 51 53 56 67 72 73 76 77 81 83 92 96 98 104 122 131 132 134 135 139 146 165 169 172 179 183 187 189 195 197 199 218 221 224 231 236 237 246 248 261 263 267 278 282 304 310 314 319 324 326 328 
168 64 4 5 13 16 21 27 29 33 39 40 46 61 63 68 72 73 88 100 102 103 130 135 148 154 156 157 158 163 171 173 174 178 181 182 184 187 191 196 201 204 206 211 215 216 221 242 250 251 263 270 273 282 283 284 285 288 292 300 307 308 310 312 319 327 
169 65 1 10 12 19 25 29 35 39 50 52 56 57 63 69 72 79 88 90 99 114 117 118 120 123 126 141 155 157 158 163 167 170 177 183 185 188 190 192 195 206 213 216 221 224 225 226 230 241 245 248 250 256 271 275 292 300 301 303 305 307 313 317 319 324 326 
170 72 5 13 17 18 19 22 27 32 33 36 38 39 46 55 57 60 68 71 73 74 75 77 84 86 90 97 106 107 109 111 112 114 117 121 126 129 135 137 154 155 158 159 169 172 174 181 196 206 208 209 212 216 232 234 236 243 250 251 252 261 267 276 282 283 292 293 299 319 324 328 330 336 
171 58 10 17 20 25 33 41 47 50 55 57 66 91 105 106 110 113 120 125 131 137 159 165 166 168 173 180 181 194 198 206 207 217 221 222 226 244 246 250 253 255 260 261 262 266 270 276 277 280 282 284 287 294 300 312 319 325 331 336 
172 69 7 9 10 12 13 21 23 27 37 39 45 48 65 67 70 73 75 76 83 86 88 91 94 96 111 116 117 120 122 129 142 143 154 155 157 159 163 167 170 174 181 182 190 202 209 212 215 225 226 232 246 249 262 288 295 296 305 309 310 316 318 319 321 325 330 332 335 337 338 
173 71 0 3 4 11 13 15 20 29 32 37 38 45 51 57 64 66 67 69 71 85 88 89 93 94 103 111 122 137 143 144 147 153 156 157 165 168 171 175 184 189 190 194 199 212 215 220 223 228 230 237 252 256 260 266 272 274 279 283 286 291 296 300 307 310 311 318 323 324 325 329 333 
174 76 0 3 8 17 22 23 24 32 33 36 47 52 53 69 75 82 86 90 91 93 103 109 124 126 138 139 141 147 155 156 163 164 168 170 172 177 178 182 183 193 194 195 196 199 202 203 205 207 208 212 213 214 219 224 239 242 244 245 253 259 260 263 278 282 285 287 288 291 303 317 318 319 320 321 335 338 
175 63 0 14 15 16 20 21 25 27 34 35 44 47 49 53 63 66 68 84 90 95 98 100 102 104 106 110 125 126 133 142 152 157 165 173 176 178 187 192 196 197 198 201 202 203 216 226 247 249 255 270 271 281 283 284 293 296 298 299 307 309 329 333 339 
176 73 0 1 3 4 9 20 25 26 28 31 38 40 44 58 62 63 68 74 77 83 84 85 88 90 91 92 101 102 121 123 128 146 148 150 163 164 175 177 179 185 187 196 198 200 206 208 211 212 226 230 232 237 245 250 251 258 259 272 273 280 283 290 304 309 310 313 319 320 324 325 330 334 339 
177 62 1 4 12 14 16 19 27 34 42 47 59 82 93 103 107 112 115 124 128 131 132 140 153 159 165 166 169 174 176 178 182 185 186 187 196 200 208 210 221 235 243 249 261 262 263 272 276 278 282 284 291 296 297 304 306 308 312 320 324 326 333 338 
178 70 4 13 18 21 27 31 33 34 38 41 42 56 63 66 68 74 78 79 84 88 93 96 99 100 103 113 117 120 131 133 136 151 155 161 164 168 174 175 177 181 186 210 215 217 218 220 221 242 245 247 248 251 254 263 272 276 279 297 299 302 306 313 315 316 318 319 321 324 335 339 
179 68 3 4 11 13 20 28 36 39 44 48 50 52 55 57 58 68 71 77 81 82 100 104 118 119 125 133 140 151 154 155 163 167 176 189 205 208 225 226 227 229 232 237 241 243 245 246 250 265 268 271 275 278 279 282 284 286 292 294 295 298 300 302 314 316 324 329 334 335 
180 80 6 12 30 32 40 51 52 55 56 59 60 62 71 74 77 82 83 84 85 97 100 102 105 106 107 108 111 119 120 127 133 134 137 146 149 161 164 165 166 171 181 182 184 192 194 204 206 207 212 214 217 223 226 230 231 233 237 238 241 251 261 267 270 274 280 288 292 293 296 302 304 307 310 315 316 325 334 337 338 339 
181 57 0 2 5 7 8 15 21 31 33 37 50 55 68 70 71 74 86 89 99 108 110 111 119 136 141 143 162 168 170 171 172 178 180 190 192 197 207 210 217 225 227 243 246 254 263 269 270 283 286 290 291 293 303 321 332 333 338 
182 61 7 16 32 39 41 56 65 68 72 73 79 82 88 92 97 98 104 111 112 113 117 124 126 131 134 136 142 143 148 150 161 162 163 168 172 174 177 180 195 196 197 198 202 205 211 224 230 249 263 276 284 293 306 308 310 311 317 319 321 334 339 
183 71 0 1 6 13 15 19 28 29 37 39 40 41 46 55 59 61 70 75 79 88 93 94 98 99 101 105 107 118 120 122 124 125 131 134 152 157 160 163 166 167 169 174 185 186 188 190 192 194 195 199 200 208 211 214 226 230 231 234 236 241 250 270 276 277 278 279 285 310 314 321 334 
184 67 6 11 15 16 18 19 20 24 25 26 30 32 34 53 56 62 66 76 78 81 88 95 102 115 128 131 132 138 146 153 157 158 163 168 173 180 185 189 192 205 210 211 212 220 226 230 232 237 241 245 248 251 252 260 262 263 280 291 292 297 300 301 306 307 308 312 331 
185 63 0 12 18 21 23 40 42 55 57 58 67 72 73 74 85 95 107 112 113 122 124 130 134 139 143 159 163 165 169 176 177 183 184 187 188 193 203 206 211 212 222 231 237 244 256 272 274 282 283 284 286 287 298 310 312 315 320 324 325 331 332 333 334 
186 67 4 16 19 23 24 27 33 35 38 40 42 51 58 61 63 71 73 76 77 88 97 98 99 104 106 110 114 121 126 128 129 138 142 143 151 153 161 177 178 183 187 196 197 198 201 225 233 235 238 239 241 254 255 259 270 279 285 290 293 307 314 319 321 324 328 330 334 
187 50 3 22 24 25 28 35 36 52 56 59 69 72 80 85 86 87 110 111 115 116 119 129 136 146 159 167 168 175 176 177 185 186 189 193 225 227 235 240 245 255 258 261 273 301 302 317 321 332 334 338 
188 75 3 4 7 8 13 22 25 26 32 34 52 54 56 63 72 76 77 86 87 88 96 108 110 115 116 118 126 129 130 132 134 135 137 139 143 145 149 151 160 164 166 169 183 185 190 192 198 205 206 207 211 214 217 218 221 223 229 240 244 251 258 266 269 270 271 272 274 275 276 277 288 300 303 312 334 
189 68 10 11 16 29 31 33 42 47 48 52 57 64 68 69 78 80 84 85 89 120 125 130 131 133 134 136 141 143 150 153 155 158 160 161 166 167 173 179 184 187 190 206 207 211 216 218 222 224 233 241 242 243 247 250 255 257 261 262 272 283 284 288 290 297 303 318 321 333 
190 68 2 3 8 10 18 23 40 52 55 64 78 87 92 94 96 97 98 108 118 119 120 124 126 141 144 145 152 162 169 172 173 181 183 188 189 194 197 213 216 217 222 224 231 232 234 236 245 250 259 265 270 278 280 288 289 294 300 305 310 311 312 320 322 325 326 327 331 337 
191 76 5 9 10 16 19 24 29 33 34 37 47 57 62 63 64 71 75 78 79 80 84 97 98 105 109 110 117 135 138 140 141 142 147 156 163 166 168 193 194 196 197 200 201 206 216 225 227 237 241 242 243 245 247 250 253 254 258 268 271 272 274 275 276 282 283 284 296 305 310 316 318 320 323 324 332 336 
192 68 3 4 6 10 24 25 26 28 38 53 60 66 67 80 81 89 90 94 96 98 101 102 103 114 116 136 142 153 155 157 164 165 166 169 175 180 181 183 184 188 200 208 209 218 224 226 227 229 231 237 250 254 260 267 271 276 287 289 296 298 304 306 307 313 314 321 334 336 
193 64 2 3 9 12 18 25 29 33 42 46 50 54 64 67 68 80 81 82 83 84 88 94 96 108 115 119 124 126 127 144 153 166 174 185 187 191 197 201 202 212 216 219 225 231 237 247 248 249 257 279 280 293 294 297 300 305 307 308 309 316 322 323 332 339 
194 72 8 9 12 16 18 25 33 35 37 40 43 50 60 64 68 80 84 90 92 94 98 99 100 107 108 109 111 112 121 131 132 133 139 151 153 160 165 171 173 174 180 183 190 191 198 202 205 206 210 216 222 223 231 237 241 244 249 251 255 259 270 276 280 286 298 303 306 316 320 321 326 332 
195 76 6 9 20 24 25 31 34 38 39 40 45 53 61 65 66 76 81 83 93 100 103 110 114 116 118 120 126 129 132 133 135 136 139 141 147 159 161 164 166 167 169 174 182 183 219 220 221 228 230 232 240 247 253 256 257 258 259 261 267 275 283 284 287 296 300 303 305 310 313 315 319 320 325 327 334 335 
196 73 6 8 9 11 17 22 27 29 31 41 43 44 45 46 47 48 50 51 52 54 64 79 80 85 86 95 104 111 124 125 129 130 131 139 148 151 157 161 164 168 170 174 175 176 177 182 186 191 202 212 213 227 236 237 238 239 241 245 251 264 267 269 282 290 300 302 304 306 311 317 319 334 337 
197 74 0 6 9 10 21 22 32 33 35 36 38 52 54 57 64 69 70 78 87 88 89 93 98 106 115 118 121 124 130 131 140 151 153 159 167 175 181 182 186 190 191 193 198 202 204 214 218 226 230 234 240 247 255 272 277 278 285 288 295 296 300 303 304 307 313 315 316 320 322 326 328 329 331 338 
198 74 8 17 25 31 40 42 43 47 53 61 62 63 65 66 70 78 80 81 87 93 95 97 99 105 110 113 118 124 125 127 128 130 133 137 144 145 146 151 152 154 171 175 176 182 186 188 194 197 205 211 215 222 231 233 236 245 249 250 255 267 270 271 272 275 277 278 281 299 311 313 315 326 328 333 
199 68 4 8 9 10 15 21 30 33 34 38 51 53 54 63 68 69 75 81 82 102 109 111 113 117 126 145 146 155 159 165 167 173 174 183 202 203 208 211 216 217 234 239 242 243 252 254 257 269 270 274 276 279 283 288 291 296 301 302 305 312 316 317 323 328 330 334 337 338 
200 66 0 2 3 11 14 15 16 17 18 27 35 36 38 45 50 51 57 62 69 76 79 83 85 89 90 92 93 95 96 99 113 119 121 125 131 133 163 176 177 183 191 192 204 206 210 216 223 224 225 231 238 244 249 251 280 286 290 292 304 305 306 307 308 311 324 339 
201 73 6 12 14 15 17 21 28 29 30 34 39 41 51 55 58 61 62 64 65 69 80 84 87 92 94 105 106 109 111 113 117 123 124 132 138 139 141 143 149 150 159 168 175 186 191 193 208 214 216 217 224 233 234 237 241 243 245 250 251 262 263 265 266 277 278 280 282 286 302 306 318 331 335 
202 73 0 1 4 10 15 17 18 26 27 29 33 34 37 39 50 58 60 62 67 68 75 102 105 108 114 124 126 127 130 133 141 142 144 147 149 152 161 172 174 175 182 193 194 196 197 199 213 215 216 218 219 223 225 228 233 247 248 249 254 261 265 293 298 299 300 303 307 312 318 322 323 331 332 
203 71 9 11 12 14 16 21 24 35 41 42 43 47 52 53 59 65 67 68 69 73 76 83 87 93 102 108 109 111 112 114 117 118 127 133 140 141 142 146 151 155 157 159 163 174 175 185 199 206 208 209 211 220 227 228 251 256 264 279 282 284 294 296 300 302 303 307 308 310 314 321 322 
204 72 17 21 25 26 32 33 36 37 40 46 52 57 58 63 65 68 71 74 76 80 94 103 108 110 120 125 127 130 131 142 143 148 149 153 156 160 162 165 168 180 197 200 212 213 218 226 231 241 249 254 255 258 272 290 295 297 302 311 314 315 316 322 324 325 326 328 329 330 331 332 334 335 
205 70 0 16 19 21 29 30 34 35 37 39 42 49 53 58 72 83 85 89 92 94 101 112 114 117 122 125 126 140 141 149 151 153 161 162 164 166 174 179 182 184 188 194 198 209 233 234 236 238 247 250 252 256 262 263 265 271 272 273 277 278 281 283 287 295 297 303 304 311 328 336 
206 72 9 13 17 25 30 32 35 45 46 53 58 59 61 62 72 77 78 84 87 90 92 93 102 104 107 109 110 120 125 142 149 159 168 169 170 171 176 180 185 188 189 191 194 200 203 213 223 227 230 233 242 245 252 256 262 268 269 271 274 281 282 291 293 296 299 301 315 319 327 331 334 335 
207 69 2 9 14 17 22 24 27 30 32 34 35 41 42 43 55 61 68 70 76 80 93 103 107 108 113 116 118 122 131 132 133 134 147 148 149 150 151 154 157 162 166 171 174 180 181 188 189 208 217 225 237 240 243 253 261 262 265 267 274 285 293 306 308 316 321 326 335 337 339 
208 66 2 5 7 8 11 21 23 25 31 34 36 41 42 49 58 63 66 68 81 83 94 128 129 130 132 138 146 156 163 166 170 174 176 177 179 183 192 199 201 203 207 210 214 215 219 221 223 229 239 247 257 260 268 269 276 290 296 301 303 313 314 319 320 324 327 332 
209 62 2 5 17 24 35 37 44 45 56 60 61 66 75 82 84 91 93 95 97 105 106 107 108 110 120 123 134 138 139 140 142 155 157 170 172 192 203 205 212 217 227 231 233 241 242 247 251 255 261 268 277 291 304 305 306 315 318 324 325 331 332 339 
210 69 11 13 14 15 16 28 37 39 49 51 52 53 64 67 82 89 95 98 100 102 103 104 115 121 128 131 138 140 145 151 155 165 177 178 181 184 194 200 208 212 216 218 221 225 231 239 242 253 257 259 262 263 266 278 279 280 283 290 293 295 304 308 313 320 322 324 330 332 335 
211 77 9 12 17 28 30 42 50 52 57 59 63 69 76 84 85 88 94 95 99 103 104 105 107 108 113 122 127 128 130 133 137 160 161 162 165 166 168 176 182 183 184 185 188 189 198 199 203 212 215 216 226 228 236 241 244 246 248 253 264 266 268 277 280 281 292 295 296 302 305 308 312 316 322 323 324 333 336 
212 69 3 12 13 30 32 34 40 41 43 52 61 65 67 71 73 81 86 90 102 107 111 112 116 119 135 137 153 156 160 161 164 165 166 170 172 173 174 176 180 184 185 193 196 204 209 210 211 215 228 230 240 244 246 257 263 266 270 274 275 278 279 293 296 304 311 312 316 325 333 
213 69 1 5 14 19 22 27 45 55 65 68 71 76 78 83 86 88 92 98 100 106 108 114 119 121 124 128 134 135 138 148 150 155 156 157 160 162 166 169 174 190 196 202 204 206 214 228 231 235 236 239 245 246 258 268 271 295 296 298 299 300 301 302 305 306 308 315 322 323 332 
214 75 0 9 10 14 15 24 25 31 32 34 44 46 55 57 59 66 68 72 76 77 81 83 87 88 91 96 99 108 109 114 116 117 130 134 135 136 138 141 152 159 174 180 183 188 197 201 208 213 215 218 221 226 229 232 234 235 238 241 245 246 269 275 276 281 294 301 304 305 307 310 314 317 329 331 334 
215 60 22 37 38 39 47 49 58 59 64 71 73 77 80 93 104 112 116 117 127 129 131 140 142 144 153 154 157 168 172 173 178 198 202 208 211 212 214 217 228 233 234 247 249 254 255 256 257 262 263 271 277 278 287 301 314 322 329 334 335 338 
216 73 0 2 15 20 24 27 29 30 31 35 36 41 48 51 54 59 60 61 62 63 68 75 80 82 88 89 108 112 113 116 130 132 134 139 144 148 149 151 162 164 168 169 170 175 189 190 191 193 194 199 200 201 202 210 211 234 238 239 257 266 271 272 279 280 283 286 288 302 307 310 312 318 322 
217 61 0 1 7 11 33 35 48 62 75 99 101 105 109 114 117 119 120 123 129 134 135 140 141 148 153 159 162 164 165 166 171 178 180 181 188 190 199 201 207 209 215 218 219 228 230 234 235 243 257 270 275 286 294 295 305 311 320 322 325 330 335 
218 70 2 9 20 21 27 29 34 40 43 51 54 61 65 66 68 77 85 93 97 103 109 115 124 126 130 132 137 138 140 158 159 161 167 178 188 189 192 197 202 204 210 214 217 224 226 228 239 241 245 247 250 256 257 261 262 265 274 277 278 279 280 281 286 302 307 308 311 316 323 327 
219 71 9 11 14 17 23 24 32 38 40 42 49 50 55 62 63 71 74 78 80 86 87 90 94 98 104 105 108 109 111 120 124 129 130 132 137 150 154 162 165 174 193 195 202 208 217 220 223 228 236 241 246 257 258 266 271 272 274 278 281 284 288 289 293 294 297 300 304 305 321 326 335 
220 66 0 4 11 12 17 18 19 31 46 50 53 65 76 82 86 94 96 101 103 111 112 116 117 122 137 139 143 146 148 151 153 166 173 178 184 195 203 219 224 235 237 244 246 247 249 251 257 260 266 273 287 298 301 306 308 310 311 313 314 318 321 324 327 329 334 336 
221 67 2 3 9 12 22 23 33 34 42 48 51 57 69 72 74 81 91 93 96 102 105 116 124 132 136 137 138 141 147 152 166 167 168 169 171 177 178 188 195 208 210 214 224 227 229 233 236 241 244 253 264 267 268 273 283 287 294 295 308 309 315 318 328 329 333 334 337 
222 58 7 9 17 19 21 33 39 45 50 56 57 69 71 88 97 98 101 102 118 136 137 145 147 149 154 156 159 162 163 171 185 189 190 194 198 224 230 232 234 254 257 259 262 263 265 278 279 282 284 286 290 292 299 312 326 327 330 338 
223 78 4 8 9 12 21 23 24 28 38 43 44 47 48 51 52 54 57 58 59 66 69 75 78 92 94 102 107 109 113 120 121 125 126 128 132 134 139 140 152 154 156 173 180 188 194 200 202 206 208 219 225 226 227 228 236 238 243 246 247 258 259 264 266 269 277 284 287 288 290 297 303 304 305 312 313 323 326 330 
224 71 11 12 16 18 22 23 24 31 41 52 55 57 59 60 61 66 72 78 82 87 89 92 96 98 103 104 126 128 131 132 139 143 144 146 160 167 169 174 182 189 190 192 200 201 218 220 221 222 229 231 233 242 244 248 266 274 278 280 300 303 309 311 312 314 315 318 323 327 328 330 339 
225 67 4 11 13 26 29 36 37 52 56 57 65 66 67 70 77 78 81 83 90 98 101 108 111 122 128 133 137 141 150 160 169 172 179 181 186 187 191 193 200 202 207 210 223 231 237 239 240 244 247 257 265 268 273 274 276 280 288 292 299 302 304 318 319 321 322 332 337 
226 70 8 11 21 33 41 44 45 47 48 55 56 63 64 68 74 81 85 86 87 92 93 98 100 107 108 110 112 116 126 134 144 157 158 161 164 169 171 172 175 176 179 180 183 184 192 197 204 211 214 218 223 231 234 247 248 251 262 264 266 271 272 277 287 294 296 301 313 320 322 339 
227 71 2 3 5 8 9 15 16 22 27 36 37 41 52 60 62 66 67 72 74 75 87 92 95 97 99 111 112 119 124 125 129 131 136 139 141 145 147 151 164 179 181 187 191 192 196 203 206 209 221 223 228 229 231 234 243 250 254 265 270 271 272 273 280 286 287 296 298 306 319 334 335 
228 71 0 3 11 27 31 43 48 57 59 62 64 65 84 87 88 89 95 96 101 110 118 129 132 133 145 147 148 149 155 156 166 173 195 202 203 211 212 213 215 217 218 219 223 227 233 234 238 241 243 244 251 252 260 261 262 266 277 283 295 296 298 303 304 306 308 311 320 332 333 335 337 
229 66 2 3 6 10 22 35 39 52 55 58 59 65 68 71 73 74 75 79 87 91 93 94 97 100 123 124 138 147 152 161 162 164 165 179 188 192 208 214 221 224 227 230 244 246 248 250 253 258 262 263 266 271 278 281 283 286 297 301 305 310 313 315 326 333 337 338 
230 65 6 11 12 16 19 28 30 35 38 40 44 49 52 53 59 61 76 77 79 83 87 96 98 104 130 136 141 147 149 151 152 164 169 173 176 180 182 183 184 195 197 206 212 217 222 229 234 245 247 255 272 274 277 278 282 293 295 302 306 309 320 326 329 330 336 
231 68 0 2 20 23 26 31 39 41 44 46 47 52 54 68 69 70 81 83 90 118 119 137 145 147 148 155 161 165 167 180 183 185 190 192 193 194 198 200 204 209 210 213 224 225 226 227 233 242 243 250 256 259 261 263 265 270 276 286 288 291 301 314 315 322 327 331 332 334 
232 61 0 12 21 34 38 39 41 45 47 50 55 60 63 64 65 71 79 82 85 87 89 101 103 104 113 134 135 158 160 162 170 172 176 179 184 190 195 214 222 234 235 244 245 253 274 276 281 291 295 296 304 307 309 311 318 325 326 328 332 336 338 
233 68 4 5 12 21 22 33 36 37 41 43 44 52 53 62 63 67 72 87 96 103 104 108 120 124 136 152 153 157 159 160 162 180 186 189 198 201 202 205 206 209 215 221 224 228 231 234 235 238 246 251 257 265 269 283 286 287 288 297 299 300 305 306 307 311 318 319 324 335 
234 73 3 9 13 14 16 24 27 28 49 54 57 59 70 71 72 73 76 81 85 86 100 119 127 130 139 144 152 157 166 170 183 190 197 199 201 205 214 215 216 217 222 226 227 228 230 232 233 235 236 251 253 257 259 266 269 271 272 275 276 279 283 293 294 295 297 298 313 317 321 326 330 331 334 
235 62 3 6 7 12 21 23 24 25 29 32 62 65 66 67 69 75 76 79 80 87 91 93 94 100 105 107 110 113 120 121 123 130 131 135 140 147 157 162 163 164 177 186 187 213 214 217 220 232 233 234 240 254 256 262 263 264 266 276 277 323 326 329 
236 66 2 3 7 11 13 15 28 34 36 39 51 53 57 58 60 62 73 74 76 81 87 98 106 107 121 123 125 126 130 131 144 147 149 152 154 159 160 163 167 170 183 190 196 198 205 211 213 219 221 223 234 242 250 251 260 277 278 280 291 305 309 313 317 323 330 338 
237 74 2 4 18 19 20 30 35 37 38 46 49 50 53 69 70 72 73 75 91 103 106 119 121 124 125 130 131 143 144 147 155 158 161 166 167 173 176 179 180 184 185 191 192 193 194 196 201 207 220 225 240 242 244 254 255 256 260 262 263 273 279 280 282 294 296 297 299 302 313 318 323 330 333 334 
238 66 0 5 6 12 13 15 20 21 32 35 44 48 49 55 70 74 75 83 85 99 107 116 117 123 124 125 127 131 140 143 145 146 150 154 156 162 164 180 186 196 200 205 214 216 223 228 233 245 246 257 263 273 280 288 291 294 299 307 314 315 319 320 321 322 324 329 
239 67 0 3 9 40 44 45 46 47 49 59 69 81 90 95 98 100 107 110 119 127 128 130 133 134 135 138 141 148 150 154 157 161 166 174 186 196 199 208 210 213 216 218 225 241 246 263 271 275 279 280 282 283 287 291 295 300 303 310 311 312 313 314 325 326 328 330 337 
240 59 2 28 29 31 34 38 41 44 47 53 59 61 72 73 79 89 92 119 122 126 128 133 137 139 142 145 146 150 153 154 187 188 195 197 207 212 225 235 237 249 250 252 257 262 265 270 272 276 284 286 299 300 308 315 321 328 336 338 339 
241 83 2 4 7 8 13 14 17 18 21 26 31 32 34 37 39 50 57 58 61 63 64 66 74 80 86 91 101 110 112 113 114 118 124 127 128 129 134 152 155 159 162 166 169 179 180 183 184 186 189 191 194 196 201 204 209 211 214 218 219 221 228 239 242 245 249 253 256 257 265 285 287 294 296 307 310 319 327 328 330 331 334 336 337 
242 77 5 11 16 23 27 29 32 33 36 41 44 49 59 60 63 64 66 70 71 72 79 100 107 111 126 132 133 134 137 139 140 141 149 150 151 152 154 162 163 165 166 168 174 178 189 191 199 206 209 210 224 231 236 237 241 244 262 263 269 271 272 278 283 284 285 289 293 300 303 304 308 316 319 321 323 324 338 
243 64 3 14 26 29 39 43 45 49 50 51 58 59 60 73 76 78 92 95 102 112 117 122 125 126 138 154 157 163 166 170 177 179 181 189 191 199 201 207 217 223 227 228 231 248 252 261 262 264 266 268 270 277 284 289 297 299 310 312 319 323 324 327 332 338 
244 62 7 18 31 40 46 51 54 62 66 67 72 79 81 89 105 112 113 117 118 122 123 126 130 133 138 150 151 156 171 174 185 188 194 200 211 212 220 221 224 225 228 229 232 237 242 245 249 253 254 255 261 264 266 270 289 292 301 303 313 317 333 338 
245 62 3 4 22 29 31 41 54 55 60 64 66 70 72 76 77 85 86 87 94 113 117 132 134 135 137 147 153 155 162 164 169 174 176 178 179 184 187 190 191 196 198 201 206 213 214 218 230 232 238 241 244 250 276 284 295 296 305 318 322 323 329 335 
246 61 10 17 21 26 34 40 42 46 56 66 67 69 71 78 84 90 91 101 105 110 120 123 130 131 137 144 145 150 155 162 167 171 172 179 181 211 212 213 214 219 220 223 229 233 238 239 248 250 271 282 286 287 290 298 307 310 313 314 316 324 333 
247 64 1 2 8 9 10 15 17 23 25 27 30 31 32 35 37 39 40 63 90 112 114 115 116 125 130 133 135 140 146 150 152 175 178 189 191 193 195 197 202 205 208 209 215 218 220 223 225 226 230 253 257 260 261 264 265 266 275 281 282 285 300 321 332 337 
248 57 18 28 39 40 43 44 59 67 80 81 82 95 97 106 110 112 132 137 140 142 145 146 156 165 167 169 178 184 193 202 211 224 226 229 243 246 250 251 256 261 264 265 269 270 274 275 280 292 293 297 303 313 315 325 331 336 339 
249 64 7 8 9 26 39 41 47 48 49 56 57 59 64 66 67 73 87 96 97 100 110 111 113 114 120 121 122 127 136 143 149 150 164 165 172 175 177 182 193 194 198 200 202 204 215 220 240 241 244 251 257 258 262 267 269 276 277 297 298 306 319 322 326 337 
250 70 2 13 17 23 24 25 31 33 42 44 45 47 54 59 64 65 68 69 76 80 84 95 96 103 105 112 115 118 119 138 139 142 145 149 150 162 165 168 169 170 171 176 179 183 189 190 191 192 198 201 205 218 227 229 231 236 240 245 246 248 251 273 275 283 289 298 318 323 324 329 
251 76 2 4 5 6 10 16 17 18 20 48 58 70 72 80 81 87 90 92 96 99 101 102 112 114 116 121 122 123 124 127 141 145 151 158 160 161 162 164 168 170 176 178 180 184 188 194 196 200 201 203 209 220 226 228 233 234 236 248 249 250 253 254 266 269 272 276 277 281 285 294 297 301 312 321 335 339 
252 59 5 6 8 14 17 20 29 40 42 48 51 54 67 69 72 75 76 77 82 83 90 93 96 98 101 104 106 107 116 119 134 135 145 149 159 170 173 184 199 205 206 228 240 243 258 260 261 264 269 270 271 291 292 301 304 311 326 329 339 
253 63 6 8 12 28 35 39 41 44 48 50 56 63 67 69 75 90 101 109 115 117 119 122 124 128 132 136 140 142 145 148 149 151 153 163 171 174 191 195 207 210 211 221 229 232 234 241 244 247 251 254 257 261 268 273 274 280 291 316 320 327 331 334 335 
254 72 1 4 5 6 10 12 14 18 19 22 26 30 36 38 39 42 43 59 61 69 71 79 83 84 94 99 112 116 117 125 132 134 144 147 148 164 178 181 186 191 192 199 202 204 215 222 227 235 237 244 251 253 258 265 266 268 273 301 303 308 310 311 316 317 319 323 328 329 331 335 336 338 
255 61 7 12 18 20 23 27 29 35 39 42 46 53 55 61 67 68 69 72 73 74 75 78 82 95 97 109 113 128 129 136 138 153 157 171 175 186 187 189 194 197 198 204 209 215 230 237 244 258 265 277 286 291 294 301 307 314 320 323 326 328 330 
256 57 20 21 57 64 70 71 76 78 85 92 93 95 97 98 99 107 112 125 126 135 139 154 158 166 169 173 185 195 203 205 206 215 218 231 235 237 241 248 258 261 262 274 276 277 287 290 295 302 303 308 311 319 325 328 329 330 335 
257 81 3 11 16 17 19 21 34 38 44 45 51 52 57 64 66 80 89 96 100 103 112 113 121 127 128 131 133 135 136 139 145 146 148 150 155 156 158 163 189 193 195 199 208 210 212 215 216 217 218 219 220 222 225 233 234 238 240 241 247 249 253 259 261 270 275 278 285 289 292 302 307 312 313 316 319 326 327 328 335 336 338 
258 69 1 15 18 23 24 33 40 45 48 49 50 55 58 59 65 71 73 77 80 81 84 85 89 103 111 116 118 120 124 137 138 139 140 141 142 144 152 159 162 176 187 188 191 195 204 213 219 223 229 249 252 254 255 256 261 264 274 276 278 282 286 294 303 305 310 311 318 329 336 
259 64 15 22 28 31 32 44 51 54 57 58 62 64 68 91 94 95 101 102 108 110 111 115 116 136 141 148 160 162 165 174 176 186 190 194 195 210 222 223 231 234 257 261 269 271 272 279 285 286 289 294 296 297 300 303 306 313 315 316 325 328 329 334 337 339 
260 75 3 4 11 15 17 21 23 32 36 44 50 57 61 65 66 71 73 78 84 86 92 96 100 102 105 111 116 121 123 124 125 129 130 139 147 148 152 160 166 171 173 174 184 192 208 220 228 236 237 247 252 261 262 265 271 272 274 277 279 281 283 284 288 292 295 296 306 309 313 317 318 320 321 330 331 
261 71 5 9 10 13 16 19 23 26 43 46 52 77 89 93 95 97 99 102 104 105 109 115 117 124 130 133 141 143 144 147 148 167 170 171 177 180 187 189 195 202 207 209 218 228 231 243 244 247 248 252 253 256 257 258 259 260 262 263 266 274 278 279 282 283 285 291 300 325 327 332 335 
262 77 6 11 15 18 24 28 31 39 42 56 57 60 66 72 79 80 83 86 89 91 100 101 107 109 110 115 117 122 123 125 129 131 133 134 135 138 144 148 149 151 154 166 171 172 177 184 189 201 205 206 207 210 215 218 222 226 228 229 235 237 240 242 243 249 256 260 261 271 288 296 298 301 305 312 318 326 336 
263 62 12 14 20 22 26 32 34 39 43 44 47 52 62 63 74 86 93 103 106 107 119 120 130 133 135 137 156 158 161 167 168 174 177 178 181 182 184 201 205 210 212 215 222 229 231 235 237 238 239 242 261 268 273 275 278 281 300 314 316 320 321 329 
264 59 2 6 15 30 44 45 49 50 52 53 56 57 61 65 68 78 83 85 100 101 106 112 116 119 122 123 135 136 152 153 155 157 162 164 196 203 211 221 223 226 235 243 244 247 248 252 258 268 277 278 284 293 306 313 314 323 325 328 333 
265 65 3 10 12 13 15 24 28 30 37 38 41 52 74 75 83 92 96 107 108 126 133 134 138 145 149 150 161 164 166 179 190 201 202 205 207 218 222 225 227 231 233 240 241 247 248 254 255 260 266 275 276 278 281 284 289 290 292 308 309 312 315 317 323 325 329 
266 74 2 3 4 5 7 8 11 16 28 40 42 48 50 52 67 68 69 72 87 88 89 92 98 107 108 109 112 115 122 124 139 149 153 160 171 173 188 201 210 211 212 216 219 220 223 224 226 228 229 234 235 243 244 247 251 254 261 265 269 277 278 288 290 294 303 304 306 307 308 312 320 321 324 331 
267 60 0 26 27 29 56 62 64 66 75 76 77 87 88 89 91 92 103 104 113 116 118 120 122 123 124 127 132 137 143 147 151 152 154 162 166 167 170 180 192 195 196 198 207 221 249 269 276 277 279 285 297 305 306 309 319 323 333 334 338 339 
268 68 1 4 5 9 12 14 22 23 30 37 55 56 57 58 61 64 71 76 84 91 93 94 95 103 117 119 124 130 151 153 154 156 163 165 179 191 206 208 209 211 213 221 225 243 253 254 263 264 273 274 275 288 290 292 295 297 300 301 306 309 311 314 316 317 318 321 332 339 
269 70 0 4 9 18 21 27 28 30 39 44 46 47 56 59 60 62 71 73 87 88 93 102 114 117 120 126 127 128 136 139 140 143 149 151 157 158 159 163 181 188 196 199 206 208 214 223 233 234 242 248 249 251 252 259 266 267 278 282 284 291 292 294 295 300 311 316 320 323 329 334 
270 71 0 1 5 11 14 15 24 26 28 30 36 40 41 42 47 53 55 71 72 73 87 92 101 108 110 111 113 118 136 139 143 154 163 168 171 175 180 181 183 186 188 190 194 198 199 212 217 227 231 240 243 244 248 252 257 272 275 277 278 280 284 287 292 300 309 316 317 320 324 327 333 
271 70 8 18 22 25 32 50 61 66 75 76 79 83 87 88 95 98 109 119 134 139 142 146 150 151 154 158 160 165 166 169 175 179 188 191 192 198 205 206 213 215 216 219 226 227 229 234 239 242 246 252 259 260 262 273 278 285 288 292 294 295 307 310 314 318 319 320 327 335 336 339 
272 66 6 8 9 11 12 14 16 22 25 34 35 38 39 41 43 44 50 54 69 72 86 90 103 120 122 127 134 137 152 158 165 173 176 177 178 185 188 189 191 197 198 204 205 216 219 226 227 230 234 240 242 251 259 260 270 273 281 288 292 300 301 306 318 323 326 336 
273 67 2 3 7 8 17 23 32 36 37 46 47 50 52 55 56 63 71 72 79 80 81 86 88 101 111 112 120 122 124 129 143 144 146 147 156 160 165 166 168 176 187 205 220 221 225 227 237 238 250 253 254 263 268 271 272 275 276 277 280 292 298 300 305 312 317 323 339 
274 62 4 10 12 41 42 44 47 72 76 78 80 93 96 98 100 118 125 132 133 134 140 149 153 154 156 157 173 180 185 188 191 199 206 207 212 218 219 224 225 230 232 248 253 256 258 260 261 268 275 284 291 298 299 301 309 310 316 319 322 324 330 334 
275 69 4 5 10 20 22 38 47 57 58 62 68 72 75 78 79 82 83 85 86 99 102 103 104 109 113 114 144 149 150 158 160 166 169 179 188 191 195 198 212 214 217 234 239 247 248 250 257 263 265 268 270 273 274 285 288 291 295 298 300 305 306 307 308 321 323 333 334 336 339 
276 83 0 4 10 11 14 18 22 23 28 29 33 35 39 44 47 52 55 59 63 71 73 74 75 76 77 82 84 93 96 100 111 112 116 129 135 141 142 145 151 165 166 170 171 177 178 182 183 188 191 192 194 199 208 214 225 231 232 234 235 240 245 249 251 256 258 265 267 273 282 287 288 299 308 312 318 320 321 326 328 331 333 335 338 
277 67 1 3 5 7 10 15 17 25 26 27 30 32 35 36 38 41 42 45 53 56 74 86 95 101 111 133 134 149 160 171 183 188 197 198 201 205 209 211 215 218 223 226 228 230 235 236 243 249 251 255 256 260 264 266 267 270 273 278 281 284 293 295 297 303 318 323 333 
278 79 2 7 10 36 40 47 48 49 52 55 61 66 67 68 80 82 87 98 102 108 115 117 122 123 124 137 143 147 150 154 157 167 174 177 179 183 190 197 198 201 205 210 212 215 218 219 222 224 229 230 236 242 257 258 261 263 264 265 266 269 270 271 277 283 284 290 294 295 297 304 306 314 317 324 326 329 335 336 339 
279 70 1 6 12 14 15 29 35 40 41 48 54 55 62 71 75 77 80 82 83 91 102 112 114 116 119 122 123 126 135 138 140 142 145 148 151 153 163 173 178 179 183 186 193 199 203 210 212 216 218 222 234 237 239 259 260 261 267 281 283 287 292 294 302 309 312 313 322 326 336 339 
280 69 7 8 13 18 24 26 29 31 35 36 39 41 47 55 56 67 68 72 73 78 85 88 98 100 102 105 110 124 125 130 135 141 151 156 171 176 180 184 190 193 194 200 201 210 211 216 218 224 225 227 236 237 238 239 248 253 270 273 290 291 293 297 299 312 319 326 327 329 336 
281 67 0 2 4 11 14 20 21 23 24 36 37 38 41 43 47 48 57 66 72 75 88 89 90 91 94 96 103 117 125 128 132 145 149 153 158 159 162 175 198 205 206 211 214 218 219 229 232 247 251 260 263 265 272 277 279 283 285 294 298 305 309 311 313 328 329 334 338 
282 70 8 10 14 15 21 25 30 40 44 52 53 60 71 78 80 82 89 96 98 100 105 109 110 117 120 127 139 141 142 146 153 158 163 165 167 168 170 171 174 177 179 185 191 196 201 203 206 222 230 237 239 246 247 258 261 269 276 292 293 294 297 301 304 312 317 323 325 326 330 333 
283 68 2 18 19 28 30 33 35 43 52 55 57 59 60 64 66 67 72 75 78 85 95 107 110 119 125 134 135 139 142 152 154 159 164 166 168 170 173 175 176 181 185 189 191 195 199 205 210 216 221 228 229 233 234 239 242 250 260 261 278 279 281 287 307 309 320 326 329 335 
284 77 7 8 12 14 15 16 19 24 26 32 39 42 47 54 64 71 73 80 84 93 100 102 104 107 108 111 119 129 133 140 151 155 159 163 168 171 175 177 179 182 185 189 191 195 203 219 222 223 240 242 243 245 260 264 265 269 270 274 277 278 285 294 297 300 302 303 305 306 312 320 324 325 327 330 332 334 335 
285 61 0 4 21 23 26 28 34 43 44 48 52 65 69 70 87 93 103 104 107 109 113 123 124 129 130 131 139 140 143 144 148 164 165 168 174 183 186 197 207 241 242 247 251 257 259 261 267 271 275 281 284 291 294 296 315 316 321 322 330 332 338 
286 61 10 20 22 26 32 34 41 75 76 90 94 97 102 103 112 115 116 118 127 130 137 142 143 150 154 155 159 164 173 179 181 185 194 200 201 216 217 218 222 227 229 231 233 240 246 255 258 259 287 292 294 297 303 313 315 316 318 321 331 334 338 
287 75 1 4 7 9 10 14 22 27 32 52 53 56 57 58 59 60 64 65 68 75 78 79 83 86 87 89 91 99 111 112 116 117 118 121 122 124 128 132 133 136 142 146 151 154 164 165 171 174 185 192 195 205 215 220 221 223 226 227 233 239 241 246 256 270 276 279 283 286 299 313 318 322 327 330 337 
288 60 5 7 26 30 36 48 50 54 58 60 75 76 82 86 88 89 92 110 111 112 113 121 122 123 124 139 148 151 159 166 168 172 174 180 188 189 190 197 199 216 219 223 225 231 233 238 260 262 266 268 271 272 275 276 291 309 320 333 336 337 
289 48 3 12 13 14 46 53 60 61 68 75 80 81 92 93 107 116 128 130 134 139 141 146 157 159 163 190 192 219 242 243 244 250 257 259 265 290 293 294 296 309 310 312 316 319 321 333 335 339 
290 67 10 17 20 21 29 30 36 37 46 48 49 54 55 56 58 59 61 65 69 70 75 83 84 87 93 95 100 106 109 111 114 121 126 132 144 146 147 149 153 156 158 163 164 166 176 181 186 189 196 200 204 208 210 222 223 246 256 265 266 268 278 280 289 292 314 320 330 
291 61 10 21 24 27 34 36 43 46 49 56 57 59 61 78 79 88 92 100 117 121 124 130 131 132 137 142 148 149 160 163 173 174 177 181 184 199 206 209 231 232 236 238 239 252 253 255 261 269 274 275 280 285 288 292 293 298 300 311 314 315 322 
292 68 5 6 8 16 19 38 44 46 55 62 76 78 85 87 93 99 102 107 110 118 121 138 139 146 149 152 153 157 160 168 169 170 179 180 184 200 211 222 225 244 248 252 257 260 265 268 269 270 271 272 273 279 282 286 290 291 297 302 305 308 313 317 319 320 321 325 335 337 
293 61 0 9 12 31 39 45 48 63 65 81 83 84 86 88 100 102 103 109 114 118 121 122 125 126 143 148 153 164 166 170 175 180 181 182 186 193 202 206 207 210 212 219 230 234 242 248 264 277 280 282 289 291 294 296 301 312 313 314 315 327 328 
294 79 8 9 13 14 17 22 29 38 39 45 46 48 53 57 58 61 62 63 67 68 71 73 77 78 81 85 87 93 94 95 102 104 105 106 109 116 118 121 123 125 130 134 136 142 164 165 171 179 190 193 203 214 217 219 221 226 234 237 238 241 251 255 258 259 266 269 271 278 279 281 282 284 285 286 289 293 314 322 339 
295 77 6 10 12 15 18 20 22 24 26 27 32 34 39 40 53 57 59 60 71 72 73 82 84 85 86 99 100 102 104 109 114 124 126 128 130 139 143 146 157 159 172 179 197 204 205 210 211 213 217 221 228 230 232 234 239 245 256 260 268 269 271 275 277 278 302 303 305 311 312 313 314 316 317 325 331 334 336 
296 67 9 14 27 34 49 56 57 59 61 68 72 76 80 97 99 101 103 110 118 125 128 129 131 134 141 144 153 162 165 172 173 175 177 180 191 192 195 197 199 203 206 208 211 212 213 226 227 228 232 237 241 245 259 260 262 285 289 293 297 301 304 305 315 325 335 336 337 
297 66 4 6 18 26 27 28 30 34 35 37 38 40 41 44 48 56 70 81 88 104 109 110 113 118 125 137 140 146 148 149 152 155 157 165 177 178 184 189 193 204 205 219 223 229 233 234 237 243 248 249 251 259 267 268 277 278 280 282 284 286 292 296 304 325 326 328 
298 58 3 8 10 13 38 39 40 43 45 52 53 60 76 78 80 85 86 94 100 107 108 109 119 128 130 150 151 154 161 164 165 175 179 185 192 194 202 213 220 227 228 234 246 249 250 262 273 274 275 281 291 305 309 320 327 328 333 336 
299 54 1 7 9 14 18 23 25 27 34 38 43 46 49 51 62 72 74 76 80 85 95 108 115 119 137 138 148 152 153 155 160 170 175 178 198 202 206 213 222 225 233 237 238 240 243 274 276 280 287 319 325 333 337 338 
300 85 1 16 20 22 26 28 32 36 40 48 50 53 62 63 64 65 76 77 79 80 85 88 90 102 103 107 108 109 123 124 125 132 133 148 153 154 160 161 163 164 165 168 169 171 173 179 184 188 190 193 195 196 197 202 203 213 219 224 233 239 240 242 247 259 261 263 268 269 270 272 273 275 284 291 302 305 306 313 314 317 319 321 327 335 338 
301 70 9 10 12 15 16 18 29 35 37 39 42 43 44 53 54 57 58 65 69 76 77 80 84 93 103 104 108 113 115 116 121 122 134 158 165 169 184 187 199 206 208 213 214 215 220 226 229 231 244 251 252 254 255 262 268 272 274 282 293 296 302 306 315 316 323 331 332 334 336 339 
302 77 3 9 10 17 20 22 24 31 33 34 43 46 48 49 51 60 72 77 80 81 82 87 91 93 95 110 111 114 120 129 130 133 134 139 141 145 147 148 150 153 155 160 162 166 178 179 180 187 196 199 201 203 204 211 213 216 218 225 230 237 256 257 279 284 292 295 300 301 305 306 310 319 322 327 328 334 336 
303 71 4 5 22 24 27 30 32 36 42 45 49 53 60 62 66 68 69 74 86 95 99 105 107 112 118 120 124 126 130 131 137 138 143 151 156 158 166 169 174 181 188 189 194 195 197 202 203 205 208 223 224 228 239 242 244 248 254 256 258 259 266 277 284 286 295 309 314 324 329 333 338 
304 70 4 12 16 22 24 29 31 33 43 44 45 46 47 48 62 63 65 70 71 76 77 78 84 88 100 109 114 117 119 126 127 148 154 157 159 160 167 176 177 180 192 196 197 200 205 209 210 212 214 219 223 225 228 232 242 252 266 278 282 296 297 305 308 310 313 320 326 327 329 337 
305 70 0 5 20 27 39 44 54 59 65 67 69 74 77 80 84 85 87 93 97 106 107 109 117 121 122 125 133 136 138 142 144 155 161 166 169 172 190 191 193 195 199 200 209 211 213 214 217 219 223 229 233 236 245 258 262 267 273 275 281 284 292 295 296 298 300 302 304 308 334 339 
306 79 5 15 27 28 42 45 52 54 56 58 59 63 65 74 76 80 81 83 85 90 92 93 96 113 116 119 123 127 128 132 135 138 141 143 146 150 157 158 161 166 177 178 182 184 192 194 196 200 201 207 209 213 220 227 228 230 233 249 259 260 264 266 267 268 272 275 278 284 300 301 302 308 319 321 322 324 326 333 335 
307 57 3 5 10 19 27 31 51 53 58 69 75 82 86 98 99 100 102 105 106 129 132 147 157 160 161 163 168 169 173 175 180 184 186 192 193 197 200 202 203 214 216 218 232 233 238 241 246 255 257 266 271 275 283 315 316 323 336 
308 59 3 6 8 23 25 27 39 40 43 45 46 62 69 71 74 87 103 113 114 118 124 128 135 144 157 168 177 182 184 193 200 203 207 210 211 213 218 220 221 228 240 242 254 256 265 266 275 276 292 304 305 306 316 318 324 325 326 331 339 
309 66 1 4 11 14 19 22 26 27 29 30 31 48 57 58 68 79 82 83 92 94 97 100 111 112 113 115 117 120 124 126 127 139 140 142 143 159 161 172 175 176 193 221 224 230 232 236 260 265 267 268 270 274 279 281 283 288 289 298 303 310 313 315 328 331 334 336 
310 69 0 3 4 7 8 9 12 13 14 21 27 31 33 38 39 49 56 70 78 79 83 90 96 107 110 114 122 128 133 136 140 142 147 149 156 159 167 168 172 173 176 180 182 183 185 190 191 195 203 214 216 220 229 239 241 243 246 254 258 271 274 289 302 304 309 315 324 327 328 
311 69 7 29 30 39 40 43 50 54 71 74 84 87 91 94 95 96 100 101 102 106 108 110 112 113 119 128 130 132 135 143 148 152 153 173 182 190 196 198 200 204 205 212 217 218 220 224 228 232 233 239 252 254 256 258 268 269 281 291 295 318 319 321 323 325 327 330 334 335 338 
312 72 13 16 18 24 31 32 38 44 46 50 57 60 72 76 77 82 84 90 91 94 100 105 107 120 124 126 129 130 132 140 147 149 154 155 158 163 165 166 168 171 177 184 185 188 190 199 202 211 212 216 222 223 224 239 243 251 257 262 265 266 273 276 279 280 282 284 289 293 295 320 329 338 
313 68 3 8 14 17 18 22 23 41 45 48 55 62 65 66 68 77 90 93 96 97 98 101 103 106 118 127 129 133 139 140 148 158 169 176 178 192 195 197 198 208 210 220 223 226 229 234 236 237 239 244 246 248 257 259 260 264 279 281 286 287 292 293 295 300 304 309 326 331 
314 71 8 10 12 14 16 19 20 23 31 34 36 37 41 43 46 51 58 63 73 79 80 82 84 87 91 93 95 108 109 111 115 118 122 123 124 133 155 157 167 179 183 186 192 203 204 208 214 215 220 224 231 238 239 246 255 263 264 268 271 278 290 291 293 294 295 300 303 317 324 326 335 
315 64 15 22 23 34 35 36 40 46 50 53 54 58 59 67 73 83 85 88 89 108 113 117 118 120 128 138 139 146 157 162 178 180 185 195 197 198 204 206 209 213 221 224 229 231 238 240 248 259 265 285 286 291 293 296 301 307 309 310 316 319 320 324 325 337 
316 77 11 24 30 38 40 44 46 49 50 56 67 68 70 71 73 79 82 91 93 96 97 103 107 113 114 119 120 122 131 134 135 136 137 139 144 145 152 153 172 178 179 180 191 193 194 197 199 204 207 211 212 218 242 246 253 254 257 259 263 268 269 270 274 285 286 289 295 301 307 308 315 326 328 334 336 337 339 
317 55 7 34 36 39 44 48 50 53 54 55 65 87 95 96 102 105 109 110 112 121 129 130 134 138 147 157 159 161 164 169 174 182 187 196 199 214 234 236 244 254 260 265 268 270 273 278 282 292 295 300 314 320 326 331 334 
318 71 5 12 13 14 19 21 22 25 28 35 41 48 51 54 55 61 64 66 67 79 82 83 84 88 89 94 96 104 107 110 111 128 131 137 140 148 153 158 161 172 173 174 178 189 191 201 202 209 216 220 221 224 225 232 233 237 245 250 258 260 262 268 271 272 276 277 286 287 308 311 326 
319 68 3 4 9 19 22 32 43 52 54 57 58 60 62 70 77 79 86 89 91 92 96 100 105 111 115 133 142 147 150 167 168 169 170 171 172 174 176 178 182 186 195 196 206 208 225 227 233 238 241 242 243 249 254 256 257 267 271 274 280 289 292 299 300 302 306 311 315 323 
320 73 9 16 21 36 48 53 56 62 72 85 86 89 91 92 98 107 108 120 122 124 126 130 131 134 135 139 150 151 158 164 165 174 176 177 185 190 191 194 195 197 208 210 217 226 228 230 238 253 255 260 263 266 269 270 271 276 283 284 288 290 292 298 304 312 315 317 323 324 325 327 328 329 339 
321 71 0 2 4 9 17 19 21 24 25 35 40 44 47 62 65 84 85 91 100 104 106 119 123 126 128 129 130 132 133 139 140 150 151 154 160 172 174 178 181 182 183 186 187 189 192 194 203 207 219 220 225 234 238 240 242 247 251 260 263 266 268 275 276 285 286 289 292 300 306 311 333 
322 61 4 11 14 15 26 29 36 42 44 54 65 67 76 79 80 81 82 87 97 102 103 107 114 130 134 141 144 153 155 157 160 190 193 197 202 203 204 210 211 213 215 216 217 225 226 231 238 245 249 274 279 285 287 291 294 302 306 325 331 332 335 
323 71 7 10 16 23 24 28 30 40 45 49 51 52 55 57 58 70 77 82 87 88 96 101 103 106 114 118 120 129 133 136 137 139 141 145 148 156 173 191 193 199 202 211 213 218 223 224 235 236 237 242 243 245 250 254 255 264 265 267 269 272 273 275 277 282 301 307 311 319 320 324 333 
324 73 10 13 15 17 26 27 28 29 30 37 43 46 55 62 65 68 69 79 81 85 86 91 97 98 104 116 125 127 135 137 155 157 161 167 169 170 173 176 177 178 179 185 186 191 200 204 208 209 210 211 220 233 238 242 243 246 250 266 270 274 278 284 303 306 308 310 314 315 320 323 326 327 328 
325 64 12 14 15 16 23 24 29 31 36 38 46 48 49 73 76 78 85 87 91 95 107 112 113 115 117 126 128 150 151 162 165 171 172 173 176 180 185 190 195 204 209 212 217 232 239 248 256 259 261 264 265 282 284 292 295 296 297 299 308 311 315 320 322 333 
326 75 1 2 5 12 22 28 33 35 37 42 44 48 51 58 69 75 81 96 100 108 114 125 130 132 138 142 146 151 153 159 164 165 167 169 177 190 194 197 198 204 207 219 222 223 229 230 232 234 235 239 249 252 255 257 262 272 276 278 279 280 282 283 297 304 306 308 313 314 316 317 318 324 328 334 336 
327 64 3 16 17 21 36 41 43 51 52 61 64 67 68 70 72 78 87 94 99 102 112 115 116 118 122 131 144 151 159 161 162 166 168 190 195 206 208 218 220 222 224 231 241 243 253 257 261 270 271 280 284 287 293 298 300 302 304 310 311 320 324 328 332 335 
328 73 5 10 13 15 19 25 29 31 34 35 38 39 40 43 52 55 61 62 63 70 93 98 101 102 110 114 115 123 128 137 141 143 147 149 150 157 158 165 167 170 186 197 198 199 204 205 221 224 232 239 240 241 254 255 256 257 259 264 276 281 293 297 298 302 309 310 316 320 324 326 327 336 339 
329 68 11 13 17 21 23 24 34 37 39 42 55 62 64 65 74 75 76 78 85 91 108 111 115 118 120 121 125 126 137 149 151 155 160 162 163 173 175 179 197 204 214 215 220 221 230 235 238 245 250 252 254 256 258 259 263 265 269 278 280 281 283 303 304 312 320 333 335 336 
330 51 0 13 15 18 23 31 41 44 50 55 62 72 79 82 87 116 119 124 128 131 133 143 150 170 172 176 186 199 204 210 217 222 223 224 230 234 236 237 239 241 255 256 260 274 282 284 285 287 290 311 337 
331 61 7 10 11 13 14 17 28 39 43 47 49 55 62 93 98 105 107 108 112 113 129 131 135 137 141 146 155 156 157 158 163 171 184 185 190 197 201 202 204 206 209 214 231 234 241 248 253 254 260 266 276 286 295 301 308 309 313 317 322 332 337 
332 65 0 2 6 7 11 14 15 22 27 33 47 52 65 68 69 71 73 79 80 85 90 94 95 97 104 109 116 127 130 135 144 150 151 154 163 164 172 181 185 187 191 193 194 202 204 208 209 210 213 225 228 231 232 243 247 261 268 284 285 301 322 327 331 336 337 
333 72 0 11 16 25 31 33 34 42 44 45 49 51 56 68 80 83 84 94 95 97 98 103 109 116 118 124 130 132 133 137 141 143 144 145 149 150 156 158 162 173 175 177 181 185 189 198 211 212 221 228 229 237 244 246 264 267 270 275 276 277 282 288 289 298 299 303 306 321 323 325 329 337 
334 81 6 7 15 17 19 25 30 33 46 48 52 54 60 63 81 86 91 96 104 107 109 110 113 116 117 120 121 124 130 136 137 138 144 153 158 159 160 165 176 179 180 182 183 185 186 187 188 192 195 196 199 204 206 214 215 220 221 227 231 234 237 241 253 259 267 269 274 275 281 284 286 295 301 302 305 309 311 316 317 326 337 
335 64 13 14 19 24 48 56 65 84 90 94 96 99 100 108 115 118 127 130 131 142 144 145 150 159 161 172 174 178 179 195 201 204 206 207 210 215 217 219 227 228 233 245 251 253 254 256 257 261 271 276 278 283 284 289 292 296 300 306 311 314 322 327 329 337 
336 71 2 6 14 22 25 26 27 31 34 35 38 40 41 45 48 56 58 61 66 71 84 86 90 106 108 113 116 123 126 130 134 146 153 157 161 162 170 171 191 192 205 211 220 230 232 240 241 248 254 257 258 262 271 272 275 278 279 280 288 295 296 298 301 302 307 309 316 326 328 329 332 
337 55 3 4 17 37 39 40 45 47 48 51 53 55 79 80 91 100 101 105 112 117 121 123 124 127 155 172 180 190 196 199 207 221 225 228 229 239 241 247 249 259 287 288 292 296 299 304 315 316 330 331 332 333 334 335 338 
338 69 9 17 29 31 36 38 43 45 48 52 54 65 69 77 79 80 86 88 89 97 99 101 105 107 108 115 116 121 126 127 128 135 140 141 142 145 150 159 160 172 174 177 180 181 187 197 199 215 222 229 232 236 240 242 243 244 254 257 267 276 281 285 286 299 300 303 311 312 337 
339 64 7 12 17 18 19 28 30 38 50 52 58 61 64 69 70 76 84 87 92 100 114 115 116 125 129 134 142 149 158 159 161 162 163 175 176 178 180 182 193 200 207 209 224 226 240 248 251 252 259 267 268 271 273 275 278 279 289 294 301 305 308 316 320 328 
