340 742
0 4 81 173 175 333 
1 1 73 
2 8 6 26 32 47 52 127 133 149 
3 4 34 174 212 265 
4 5 107 115 241 268 322 
5 2 46 147 
6 6 2 48 145 180 238 251 
7 4 84 235 266 277 
8 9 117 119 144 147 174 190 294 298 310 
9 4 58 92 227 269 
10 0 
11 4 143 149 210 217 
12 4 20 28 143 152 
13 2 104 265 
14 3 78 282 289 
15 3 131 202 247 
16 3 210 284 333 
17 5 22 29 198 257 331 
18 6 88 115 178 220 280 330 
19 7 31 32 35 104 106 230 307 
20 4 12 96 160 195 
21 1 197 
22 2 17 326 
23 3 208 235 247 
24 2 144 209 
25 6 76 117 140 156 171 321 
26 7 2 78 115 146 167 176 277 
27 3 113 119 147 
28 9 12 41 60 121 134 210 253 269 306 
29 4 17 64 127 255 
30 5 48 63 199 309 323 
31 4 19 52 108 220 
32 7 2 19 125 167 241 273 319 
33 7 89 141 143 171 174 178 258 
34 3 3 160 286 
35 11 19 59 69 103 111 121 153 197 237 247 283 
36 4 79 107 174 227 
37 6 38 91 146 215 265 281 
38 3 37 106 135 
39 3 241 280 284 
40 5 80 106 218 282 328 
41 4 28 207 265 286 
42 3 178 186 303 
43 3 80 285 304 
44 2 58 316 
45 1 293 
46 4 5 255 302 324 
47 5 2 64 93 146 284 
48 6 6 30 129 148 266 300 
49 2 208 215 
50 3 83 117 139 
51 1 167 
52 4 2 31 68 332 
53 6 145 167 195 237 270 277 
54 2 120 338 
55 3 71 201 258 
56 4 59 188 320 336 
57 5 104 214 260 275 294 
58 14 9 44 73 100 141 150 153 164 176 208 268 287 301 314 
59 2 35 56 
60 4 28 61 243 282 
61 4 60 148 198 264 
62 3 216 227 235 
63 7 30 75 87 138 169 198 204 
64 7 29 47 155 156 191 194 256 
65 4 140 203 301 338 
66 5 70 141 143 208 214 
67 4 121 127 167 252 
68 3 52 178 193 
69 7 35 103 147 169 255 285 301 
70 1 66 
71 2 55 128 
72 6 74 140 262 274 299 312 
73 6 1 58 112 118 185 234 
74 1 72 
75 2 63 164 
76 6 25 235 271 292 296 300 
77 3 115 139 304 
78 8 14 26 89 100 101 122 219 287 
79 1 36 
80 6 40 43 125 248 302 332 
81 5 0 179 199 208 294 
82 3 88 216 252 
83 4 50 166 225 238 
84 4 7 178 194 318 
85 3 238 294 332 
86 3 123 196 277 
87 3 63 214 322 
88 3 18 82 120 
89 3 33 78 258 
90 4 109 115 239 247 
91 7 37 160 311 321 329 334 337 
92 5 9 110 165 200 288 
93 7 47 142 178 206 209 294 328 
94 0 
95 3 99 227 325 
96 5 20 154 167 251 282 
97 1 119 
98 5 110 143 167 219 333 
99 5 95 143 149 165 287 
100 6 58 78 118 142 210 312 
101 3 78 137 205 
102 2 105 203 
103 5 35 69 204 233 286 
104 7 13 19 57 120 133 294 321 
105 2 102 250 
106 6 19 38 40 132 148 264 
107 3 4 36 226 
108 3 31 154 326 
109 3 90 223 294 
110 4 92 98 112 235 
111 5 35 161 166 270 284 
112 4 73 110 177 254 
113 3 27 223 232 
114 3 151 170 310 
115 8 4 18 26 77 90 262 329 338 
116 3 149 226 252 
117 5 8 25 50 262 315 
118 3 73 100 198 
119 5 8 27 97 253 263 
120 6 54 88 104 183 195 219 
121 6 28 35 67 143 186 237 
122 3 78 161 320 
123 2 86 135 
124 8 233 253 261 288 300 309 320 333 
125 5 32 80 148 153 163 
126 2 223 269 
127 5 2 29 67 193 249 
128 2 71 257 
129 1 48 
130 5 144 168 189 216 298 
131 4 15 197 200 207 
132 6 106 177 228 274 287 333 
133 5 2 104 178 228 300 
134 6 28 139 185 226 272 302 
135 4 38 123 155 188 
136 2 227 257 
137 4 101 158 242 323 
138 3 63 166 208 
139 4 50 77 134 196 
140 7 25 65 72 156 210 242 284 
141 5 33 58 66 156 259 
142 9 93 100 172 191 240 248 253 258 339 
143 9 11 12 33 66 98 99 121 220 295 
144 5 8 24 130 258 305 
145 3 6 53 257 
146 5 26 37 47 153 292 
147 7 5 8 27 69 236 245 267 
148 6 48 61 106 125 253 257 
149 6 2 11 99 116 180 266 
150 3 58 244 321 
151 2 114 284 
152 5 12 183 223 260 297 
153 10 35 58 125 146 161 194 197 205 266 279 
154 3 96 108 240 
155 5 64 135 174 246 257 
156 6 25 64 140 141 168 280 
157 2 307 331 
158 3 137 257 290 
159 5 214 217 286 326 338 
160 3 20 34 91 
161 5 111 122 153 186 205 
162 2 207 217 
163 10 125 168 179 183 184 200 235 236 243 329 
164 3 58 75 188 
165 5 92 99 272 285 312 
166 5 83 111 138 241 312 
167 8 26 32 51 53 67 96 98 218 
168 5 130 156 163 173 288 
169 5 63 69 230 271 313 
170 6 114 232 267 282 283 319 
171 2 25 33 
172 5 142 181 202 310 325 
173 4 0 168 266 307 
174 9 3 8 33 36 155 214 244 278 319 
175 2 0 283 
176 6 26 58 208 251 258 273 
177 3 112 132 221 
178 9 18 33 42 68 84 93 133 302 321 
179 5 81 163 208 227 232 
180 6 6 149 182 204 237 339 
181 2 172 263 
182 2 180 196 
183 4 120 152 163 230 
184 4 163 226 292 308 
185 4 73 134 237 324 
186 6 42 121 161 241 259 334 
187 2 189 255 
188 5 56 135 164 258 300 
189 3 130 187 297 
190 2 8 288 
191 5 64 142 268 284 336 
192 1 336 
193 5 68 127 202 249 307 
194 5 64 84 153 320 321 
195 5 20 53 120 232 334 
196 4 86 139 182 282 
197 7 21 35 131 153 247 315 320 
198 5 17 61 63 118 222 
199 3 30 81 252 
200 6 92 131 163 244 286 290 
201 2 55 243 
202 6 15 172 193 249 318 323 
203 2 65 102 
204 5 63 103 180 218 326 
205 4 101 153 161 256 
206 4 93 233 252 271 
207 4 41 131 162 339 
208 10 23 49 58 66 81 138 176 179 319 324 
209 3 24 93 247 
210 10 11 16 28 100 140 221 263 266 304 320 
211 0 
212 2 3 270 
213 2 306 322 
214 5 57 66 87 159 174 
215 4 37 49 247 338 
216 4 62 82 130 234 
217 4 11 159 162 322 
218 4 40 167 204 280 
219 4 78 98 120 281 
220 4 18 31 143 310 
221 4 177 210 233 315 
222 7 198 224 234 282 284 292 299 
223 4 109 113 126 152 
224 5 222 278 314 315 330 
225 3 83 231 321 
226 5 107 116 134 184 313 
227 9 9 36 62 95 136 179 234 280 296 
228 5 132 133 244 298 320 
229 1 248 
230 6 19 169 183 255 293 306 
231 2 225 256 
232 7 113 170 179 195 276 311 336 
233 6 103 124 206 221 287 305 
234 5 73 216 222 227 298 
235 8 7 23 62 76 110 163 277 329 
236 6 147 163 278 280 317 323 
237 5 35 53 121 180 185 
238 3 6 83 85 
239 2 90 282 
240 3 142 154 250 
241 5 4 32 39 166 186 
242 6 137 140 262 263 271 300 
243 5 60 163 201 264 332 
244 5 150 174 200 228 249 
245 2 147 318 
246 1 155 
247 9 15 23 35 90 197 209 215 253 261 
248 3 80 142 229 
249 5 127 193 202 244 337 
250 2 105 240 
251 4 6 96 176 269 
252 6 67 82 116 199 206 291 
253 6 28 119 124 142 148 247 
254 3 112 319 338 
255 5 29 46 69 187 230 
256 3 64 205 231 
257 8 17 128 136 145 148 155 158 270 
258 8 33 55 89 142 144 176 188 303 
259 3 141 186 272 
260 3 57 152 321 
261 5 124 247 262 325 332 
262 6 72 115 117 242 261 305 
263 5 119 181 210 242 321 
264 3 61 106 243 
265 7 3 13 37 41 278 309 323 
266 6 7 48 149 153 173 210 
267 2 147 170 
268 3 4 58 191 
269 5 9 28 126 251 316 
270 6 53 111 212 257 272 320 
271 5 76 169 206 242 339 
272 5 134 165 259 270 300 
273 4 32 176 323 339 
274 3 72 132 319 
275 2 57 334 
276 1 232 
277 5 7 26 53 86 235 
278 5 174 224 236 265 329 
279 1 153 
280 6 18 39 156 218 227 236 
281 3 37 219 294 
282 11 14 40 60 96 170 196 222 239 293 297 326 
283 3 35 170 175 
284 8 16 39 47 111 140 151 191 222 
285 3 43 69 165 
286 7 34 41 103 159 200 303 321 
287 5 58 78 99 132 233 
288 4 92 124 168 190 
289 1 14 
290 3 158 200 292 
291 4 252 293 314 315 
292 5 76 146 184 222 290 
293 4 45 230 282 291 
294 8 8 57 81 85 93 104 109 281 
295 2 143 316 
296 2 76 227 
297 3 152 189 282 
298 4 8 130 228 234 
299 4 72 222 319 325 
300 7 48 76 124 133 188 242 272 
301 3 58 65 69 
302 5 46 80 134 178 328 
303 3 42 258 286 
304 4 43 77 210 308 
305 3 144 233 262 
306 4 28 213 230 335 
307 4 19 157 173 193 
308 2 184 304 
309 3 30 124 265 
310 4 8 114 172 220 
311 4 91 232 323 338 
312 4 72 100 165 166 
313 2 169 226 
314 3 58 224 291 
315 5 117 197 221 224 291 
316 4 44 269 295 328 
317 2 236 320 
318 3 84 202 245 
319 7 32 170 174 208 254 274 299 
320 9 56 122 124 194 197 210 228 270 317 
321 10 25 91 104 150 178 194 225 260 263 286 
322 4 4 87 213 217 
323 7 30 137 202 236 265 273 311 
324 3 46 185 208 
325 4 95 172 261 299 
326 5 22 108 159 204 282 
327 0 
328 4 40 93 302 316 
329 5 91 115 163 235 278 
330 2 18 224 
331 2 17 157 
332 5 52 80 85 243 261 
333 5 0 16 98 124 132 
334 4 91 186 195 275 
335 1 306 
336 4 56 191 192 232 
337 2 91 249 
338 7 54 65 115 159 215 254 311 
339 5 142 180 207 271 273 
