360 3405
0 17 6 21 32 33 69 73 80 125 170 197 231 234 262 276 326 351 358 
1 27 12 19 30 46 59 66 72 100 111 114 166 183 191 198 208 212 247 249 265 268 297 311 321 325 328 344 358 
2 18 11 25 42 88 94 103 118 152 164 183 185 191 228 229 273 284 295 316 
3 17 15 37 55 58 64 90 94 106 111 177 194 266 272 273 314 331 339 
4 22 21 61 85 100 105 107 127 134 135 136 162 182 193 197 215 239 251 259 265 317 339 351 
5 18 20 21 25 49 50 52 71 78 92 165 191 204 248 265 274 275 325 327 
6 13 0 52 63 109 138 204 213 236 252 311 334 336 346 
7 22 53 113 119 136 147 152 153 169 181 200 210 225 228 273 282 284 289 293 310 313 320 321 
8 26 19 37 60 76 80 90 171 182 189 193 204 218 227 239 243 250 254 274 283 286 289 310 330 333 334 338 
9 18 29 52 83 94 97 123 134 138 147 200 208 266 273 303 314 320 334 349 
10 16 55 71 75 130 140 168 170 173 217 282 298 317 335 347 352 353 
11 18 2 15 22 33 36 53 96 148 153 166 231 236 254 278 296 301 318 342 
12 22 1 15 29 30 65 68 75 81 109 112 167 210 230 240 242 250 252 253 272 294 323 327 
13 18 23 29 32 34 46 63 129 152 178 204 267 273 301 303 306 324 335 356 
14 17 32 57 93 116 129 166 249 269 271 283 292 296 318 326 337 339 348 
15 20 3 11 12 28 41 83 143 155 160 164 224 242 243 259 272 282 287 318 333 350 
16 21 17 59 77 85 117 135 138 148 215 233 250 253 254 255 275 276 292 293 312 333 359 
17 14 16 93 123 137 144 162 214 216 253 257 271 309 337 353 
18 25 20 36 100 106 109 112 134 138 139 152 176 194 202 206 221 232 247 249 251 263 275 278 292 324 335 
19 18 1 8 41 45 49 57 79 126 134 136 166 175 176 238 262 312 318 337 
20 17 5 18 67 79 84 88 97 148 158 202 205 228 232 269 287 297 304 
21 21 0 4 5 27 29 59 63 68 71 77 80 82 175 204 226 247 264 271 304 339 341 
22 17 11 71 82 83 101 115 146 154 155 176 192 246 251 302 338 352 358 
23 21 13 31 57 66 92 93 104 125 172 192 200 213 218 224 240 272 290 294 295 316 323 
24 15 87 88 98 147 211 219 233 237 288 292 306 317 339 348 353 
25 18 2 5 38 83 88 112 125 142 166 193 199 215 247 249 266 284 295 303 
26 17 50 72 77 97 107 116 142 192 208 212 240 248 276 279 317 338 356 
27 25 21 31 48 51 57 60 67 71 95 126 147 151 153 154 157 169 180 220 223 242 273 300 302 346 359 
28 24 15 112 115 121 141 143 146 158 164 178 186 189 194 198 213 241 244 255 264 267 323 333 337 338 
29 22 9 12 13 21 53 72 92 108 111 169 186 207 212 234 242 249 256 264 287 309 333 338 
30 17 1 12 55 60 64 73 98 107 114 142 145 185 223 266 275 279 335 
31 14 23 27 35 37 53 74 160 161 167 181 236 246 253 276 
32 23 0 13 14 39 51 107 108 115 127 154 172 194 195 211 234 264 273 282 285 287 290 321 340 
33 24 0 11 35 46 47 73 77 100 108 113 114 126 129 181 191 194 223 291 304 327 334 347 349 356 
34 19 13 43 44 58 63 94 103 105 135 164 168 185 246 264 283 309 344 348 357 
35 23 31 33 53 55 66 75 82 96 120 123 128 136 146 238 244 246 261 270 274 299 301 319 322 
36 17 11 18 46 111 167 189 191 216 219 225 258 263 287 323 334 339 351 
37 18 3 8 31 38 49 64 80 127 142 166 179 181 187 211 251 272 297 344 
38 22 25 37 46 71 81 87 103 105 117 124 131 154 184 198 204 208 224 226 268 290 322 339 
39 23 32 81 95 113 117 118 136 180 216 224 236 253 264 265 267 292 293 295 304 307 309 331 348 
40 21 53 65 74 82 114 120 138 147 196 216 227 234 246 260 270 302 306 311 312 326 351 
41 17 15 19 50 92 139 183 204 220 228 255 290 292 300 324 335 336 347 
42 15 2 44 104 105 128 152 203 218 221 235 255 257 292 318 346 
43 23 34 54 63 66 104 105 119 140 142 152 163 189 201 208 240 245 252 262 273 274 276 287 306 
44 22 34 42 47 65 72 81 102 106 120 154 164 165 222 253 262 283 296 314 317 327 328 350 
45 15 19 60 138 143 152 158 173 190 205 225 232 241 300 321 322 
46 18 1 13 33 36 38 60 74 93 103 114 125 134 183 199 203 243 285 293 
47 16 33 44 86 122 126 169 177 187 212 214 218 270 275 300 330 334 
48 15 27 58 63 66 85 109 122 167 170 185 189 239 241 294 336 
49 17 5 19 37 88 98 115 116 124 149 159 228 285 294 300 310 326 333 
50 26 5 26 41 66 67 68 95 98 146 147 148 150 161 189 196 201 207 211 212 213 214 255 275 331 345 354 
51 15 27 32 67 120 141 153 172 281 284 299 308 322 326 328 344 
52 28 5 6 9 79 95 101 105 123 126 152 161 197 198 209 234 245 260 270 271 276 285 292 316 320 348 352 355 357 
53 24 7 11 29 31 35 40 60 61 72 92 93 100 103 177 214 247 249 253 273 274 277 303 319 332 
54 18 43 75 92 95 117 144 161 199 215 221 222 232 262 281 304 313 328 346 
55 23 3 10 30 35 79 87 92 149 154 159 173 176 182 183 197 205 206 259 280 284 308 309 326 
56 13 73 83 129 142 151 205 223 252 271 295 338 345 353 
57 17 14 19 23 27 66 141 178 189 214 231 249 273 284 290 300 304 326 
58 18 3 34 48 74 83 100 122 154 155 162 175 180 187 204 233 242 346 348 
59 15 1 16 21 61 98 123 130 146 166 223 234 260 304 317 358 
60 19 8 27 30 45 46 53 113 173 193 212 221 226 244 249 257 269 292 298 300 
61 21 4 53 59 84 96 119 136 147 148 149 189 199 227 261 274 281 300 352 354 357 358 
62 16 65 73 103 106 122 231 243 273 279 282 311 319 328 336 348 350 
63 21 6 13 21 34 43 48 64 73 116 144 181 195 196 199 211 214 219 272 323 344 356 
64 21 3 30 37 63 84 96 120 125 128 132 140 142 162 183 195 211 218 278 287 302 327 
65 21 12 40 44 62 87 88 91 93 100 113 119 127 165 191 206 227 298 313 315 328 356 
66 24 1 23 35 43 48 50 57 76 85 98 99 125 126 129 168 189 215 250 279 286 287 303 316 340 
67 18 20 27 50 51 73 99 121 150 174 201 222 241 243 258 308 314 342 351 
68 16 12 21 50 73 85 97 102 113 152 178 251 282 306 313 340 356 
69 19 0 98 116 126 131 145 176 187 192 206 216 220 223 261 283 287 319 336 352 
70 18 86 106 107 125 150 176 190 213 227 254 272 290 295 310 312 332 333 352 
71 19 5 10 21 22 27 38 99 109 112 149 203 209 210 221 237 267 285 296 330 
72 19 1 26 29 44 53 93 151 162 174 208 246 282 293 306 315 323 328 337 347 
73 26 0 30 33 56 62 63 67 68 76 77 109 111 115 152 159 219 233 241 274 283 291 292 299 316 333 338 
74 24 31 40 46 58 86 92 105 131 165 167 192 207 211 220 247 248 256 259 273 283 294 317 325 326 
75 22 10 12 35 54 113 134 151 183 216 222 236 246 254 258 275 286 295 305 315 316 323 326 
76 15 8 66 73 138 144 147 156 171 196 219 220 234 236 242 313 
77 15 16 21 26 33 73 89 93 112 122 136 188 222 271 330 339 
78 12 5 99 120 147 161 202 220 224 285 286 318 338 
79 21 19 20 52 55 87 124 126 134 150 181 200 271 277 287 295 298 313 327 342 353 357 
80 18 0 8 21 37 124 145 195 200 202 205 224 227 242 250 269 285 299 343 
81 21 12 38 39 44 83 90 91 132 140 156 168 176 186 194 255 261 267 275 314 326 356 
82 22 21 22 35 40 83 102 121 150 160 172 207 212 236 270 277 288 289 296 301 310 339 351 
83 21 9 15 22 25 56 58 81 82 89 125 152 219 234 248 254 257 258 265 270 277 345 
84 18 20 61 64 97 104 137 141 200 226 236 268 269 296 315 316 324 325 354 
85 21 4 16 48 66 68 101 110 136 143 149 154 167 196 199 221 227 253 276 325 326 356 
86 18 47 70 74 90 95 101 104 118 142 236 245 275 294 315 329 330 354 359 
87 20 24 38 55 65 79 89 94 95 121 184 198 202 256 262 264 282 293 303 321 353 
88 17 2 20 24 25 49 65 145 175 210 216 223 240 253 290 300 334 343 
89 12 77 83 87 91 153 188 248 260 268 275 302 353 
90 16 3 8 81 86 93 126 162 183 209 230 249 250 297 299 315 322 
91 17 65 81 89 97 104 109 154 163 166 192 208 212 253 312 323 334 359 
92 22 5 23 29 41 53 54 55 74 104 148 162 167 178 198 208 219 243 248 262 276 279 351 
93 22 14 17 23 46 53 65 72 77 90 131 133 137 170 190 210 229 232 244 293 343 352 358 
94 21 2 3 9 34 87 112 126 145 170 186 196 201 212 221 234 239 247 250 307 310 329 
95 23 27 39 50 52 54 86 87 98 107 121 140 164 201 208 210 222 256 275 292 296 324 328 353 
96 16 11 35 61 64 105 107 133 209 242 243 273 274 279 296 308 326 
97 19 9 20 26 68 84 91 116 120 171 184 221 239 264 265 298 301 333 343 358 
98 25 24 30 49 50 59 66 69 95 106 118 123 125 128 153 156 160 171 173 190 217 246 258 336 348 352 
99 15 66 67 71 78 100 103 199 201 217 232 234 247 248 255 265 
100 26 1 4 18 33 53 58 65 99 104 148 183 193 205 207 219 236 245 258 288 294 301 305 312 334 347 357 
101 19 22 52 85 86 142 172 184 202 247 270 271 297 305 308 321 328 330 344 354 
102 16 44 68 82 103 115 116 120 151 166 184 190 205 249 260 270 345 
103 19 2 34 38 46 53 62 99 102 104 126 140 152 165 235 244 271 273 291 313 
104 30 23 42 43 84 86 91 92 100 103 131 139 154 176 186 198 209 210 216 235 236 261 265 285 299 304 314 320 331 354 359 
105 20 4 34 38 42 43 52 74 96 143 171 188 191 193 236 267 278 296 297 299 337 
106 16 3 18 44 62 70 98 155 169 221 229 266 268 304 314 331 357 
107 16 4 26 30 32 70 95 96 114 124 188 218 284 308 317 333 357 
108 19 29 32 33 120 130 131 138 140 149 207 210 261 271 324 328 334 344 349 358 
109 21 6 12 18 48 71 73 91 135 139 150 163 164 167 204 222 266 267 276 292 303 317 
110 11 85 111 116 147 152 155 205 232 273 291 347 
111 17 1 3 29 36 73 110 191 192 205 225 263 266 277 286 306 315 329 
112 18 12 18 25 28 71 77 94 146 168 180 201 223 237 253 257 263 294 334 
113 20 7 33 39 60 65 68 75 136 144 158 166 169 183 227 236 271 272 316 324 352 
114 19 1 30 33 40 46 107 132 169 199 207 220 242 274 279 286 290 320 328 358 
115 12 22 28 32 49 73 102 132 222 258 298 339 346 
116 19 14 26 49 63 69 97 102 110 132 137 156 176 177 215 230 239 262 286 311 
117 17 16 38 39 54 118 153 180 200 215 221 238 248 250 256 258 300 309 
118 16 2 39 86 98 117 149 151 174 214 217 265 271 282 286 339 358 
119 15 7 43 61 65 147 192 214 218 284 304 305 313 327 332 351 
120 19 35 40 44 51 64 78 97 102 108 126 130 167 236 257 263 270 321 333 350 
121 15 28 67 82 87 95 129 136 180 199 228 247 259 296 356 358 
122 23 47 48 58 62 77 124 135 145 149 154 158 171 183 196 212 217 218 267 281 305 321 325 358 
123 26 9 17 35 52 59 98 129 148 161 204 224 234 244 246 249 251 265 282 289 290 299 310 311 313 327 343 
124 20 38 49 79 80 107 122 140 160 184 185 189 268 274 298 303 331 334 342 349 350 
125 21 0 23 25 46 64 66 70 83 98 127 145 174 176 190 222 229 230 237 253 274 358 
126 29 19 27 33 47 52 66 69 79 90 94 103 120 145 163 187 191 194 210 218 258 261 265 281 291 298 313 331 338 347 
127 17 4 32 37 65 125 135 154 181 201 234 240 251 275 310 316 354 356 
128 17 35 42 64 98 140 238 248 250 254 263 285 287 293 297 310 313 334 
129 21 13 14 33 56 66 121 123 135 189 215 232 239 241 252 270 300 308 319 326 345 357 
130 15 10 59 108 120 133 153 156 169 179 250 262 285 295 343 349 
131 18 38 69 74 93 104 108 142 185 209 241 253 261 269 279 291 325 339 340 
132 16 64 81 114 115 116 138 169 184 186 226 230 237 242 266 324 328 
133 17 93 96 130 156 166 213 218 250 261 280 290 300 317 331 341 347 348 
134 22 4 9 18 19 46 75 79 142 187 191 192 198 224 228 236 273 287 296 326 333 339 352 
135 18 4 16 34 109 122 127 129 153 154 167 173 187 229 245 246 260 272 341 
136 17 4 7 19 35 39 61 77 85 113 121 140 148 164 229 275 314 329 
137 9 17 84 93 116 141 232 238 252 353 
138 18 6 9 16 18 40 45 76 108 132 154 179 190 194 279 294 321 328 339 
139 17 18 41 104 109 145 167 193 195 202 214 229 237 278 297 325 336 348 
140 23 10 43 64 81 95 103 108 124 128 136 159 169 180 191 207 212 219 222 233 254 273 284 358 
141 16 28 51 57 84 137 165 167 187 216 224 226 241 280 299 320 330 
142 26 25 26 30 37 43 56 64 86 101 131 134 153 174 199 203 209 251 260 272 279 280 308 327 331 345 348 
143 13 15 28 45 85 105 159 171 186 206 246 280 323 345 
144 15 17 54 63 76 113 153 167 176 190 242 263 285 309 323 331 
145 19 30 69 80 88 94 122 125 126 139 149 158 186 193 218 225 250 302 326 354 
146 25 22 28 35 50 59 112 163 180 190 192 194 214 222 245 250 251 259 277 302 316 336 337 341 343 346 
147 25 7 9 24 27 40 50 61 76 78 110 119 166 174 185 192 199 232 245 257 264 276 278 281 303 308 
148 22 11 16 20 50 61 92 100 123 136 175 190 195 204 220 222 230 231 251 264 274 284 289 
149 22 49 55 61 71 85 108 118 122 145 164 217 222 243 275 276 296 314 326 328 340 345 351 
150 20 50 67 70 79 82 109 157 179 180 185 211 246 263 271 276 280 291 292 306 331 
151 18 27 56 72 75 102 118 156 195 206 211 217 243 264 267 281 285 304 326 
152 24 2 7 13 18 42 43 45 52 68 73 83 103 110 172 173 186 194 262 298 301 306 311 318 329 
153 18 7 11 27 51 89 98 117 130 135 142 144 240 292 298 303 328 337 344 
154 30 22 27 32 38 44 55 58 85 91 104 122 127 135 138 167 168 209 218 238 274 289 293 299 321 325 331 342 353 356 358 
155 18 15 22 58 106 110 166 183 184 199 240 254 261 271 275 276 307 309 347 
156 18 76 81 98 116 130 133 151 161 176 186 227 263 275 306 318 319 331 351 
157 10 27 150 193 194 215 265 309 333 343 350 
158 15 20 28 45 113 122 145 206 211 221 235 247 257 297 317 343 
159 14 49 55 73 140 143 174 204 220 255 270 291 328 337 351 
160 15 15 31 82 98 124 165 185 201 210 211 219 268 277 278 312 
161 13 31 50 52 54 78 123 156 165 182 201 229 293 315 
162 17 4 17 58 64 72 90 92 173 180 186 239 245 298 302 307 321 335 
163 20 43 91 109 126 146 178 179 191 222 224 232 236 238 241 249 316 321 333 337 356 
164 21 2 15 28 34 44 95 109 136 149 178 187 188 194 215 233 234 236 238 279 305 339 
165 20 5 44 65 74 103 141 160 161 185 195 199 220 277 296 304 305 321 350 355 359 
166 26 1 11 14 19 25 37 59 91 102 113 133 147 155 169 171 181 232 234 242 262 265 274 290 292 319 337 
167 23 12 31 36 48 74 85 92 109 120 135 139 141 144 154 173 176 235 251 259 271 338 339 358 
168 14 10 34 66 81 112 154 184 185 190 199 246 320 327 355 
169 20 7 27 29 47 106 113 114 130 132 140 166 177 209 216 218 230 244 247 287 305 
170 19 0 10 48 93 94 182 198 203 206 234 237 262 263 266 290 322 336 340 352 
171 15 8 76 97 98 105 122 143 166 185 221 255 281 318 335 349 
172 18 23 32 51 82 101 152 207 209 255 279 284 327 332 336 339 346 349 355 
173 22 10 45 55 60 98 135 152 162 167 175 185 195 201 218 223 248 278 293 304 336 341 342 
174 17 67 72 118 125 142 147 159 180 207 212 241 242 288 309 323 342 349 
175 20 19 21 58 88 148 173 183 204 222 261 264 294 315 319 328 332 335 343 345 349 
176 23 18 19 22 55 69 70 81 104 116 125 144 156 167 207 259 273 275 278 280 297 312 320 328 
177 13 3 47 53 116 169 233 244 245 265 302 330 357 359 
178 17 13 28 57 68 92 163 164 244 263 267 279 290 296 307 319 321 345 
179 15 37 130 138 150 163 180 219 240 246 247 250 285 294 324 330 
180 22 27 39 58 112 117 121 140 146 150 162 174 179 227 229 241 246 270 284 288 301 319 351 
181 10 7 31 33 37 63 79 127 166 284 356 
182 16 4 8 55 161 170 208 210 232 236 250 308 312 313 341 349 350 
183 25 1 2 41 46 55 64 75 90 100 113 122 155 175 197 198 210 221 229 266 273 286 289 291 307 316 
184 17 38 87 97 101 102 124 132 155 168 204 219 243 267 280 306 327 341 
185 20 2 30 34 48 124 131 147 150 160 165 168 171 173 213 235 239 251 279 314 353 
186 17 28 29 81 94 104 132 143 145 152 156 162 227 238 283 338 345 355 
187 16 37 47 58 69 126 134 135 141 164 196 200 266 270 276 316 334 
188 16 77 89 105 107 164 200 201 242 269 273 309 310 326 340 353 358 
189 18 8 28 36 43 48 50 57 61 66 124 129 258 313 326 329 340 351 355 
190 23 45 70 93 98 102 125 138 144 146 148 168 192 200 211 222 227 246 247 265 291 333 349 355 
191 17 1 2 5 33 36 65 105 111 126 134 140 163 211 212 225 229 290 
192 18 22 23 26 69 74 91 111 119 134 146 147 190 246 266 270 311 318 347 
193 21 4 8 25 60 100 105 139 145 157 199 226 230 236 238 258 267 276 277 316 338 351 
194 20 3 18 28 32 33 81 126 138 146 152 157 164 203 207 213 274 325 332 344 357 
195 16 32 63 64 80 139 148 151 165 173 245 282 284 296 302 314 315 
196 18 40 50 63 76 85 94 122 187 201 258 260 275 280 287 322 327 331 333 
197 10 0 4 52 55 183 233 267 309 314 352 
198 20 1 28 38 52 87 92 104 134 170 183 199 204 210 232 257 268 279 300 315 352 
199 20 25 46 54 61 63 85 99 114 121 142 147 155 165 168 193 198 228 253 267 315 
200 12 7 9 23 79 80 84 117 187 188 190 322 358 
201 23 43 50 67 94 95 99 112 127 160 161 173 188 196 217 224 243 250 252 255 275 304 327 335 
202 18 18 20 78 80 87 101 139 204 207 211 216 245 262 288 295 302 318 355 
203 15 42 46 71 142 170 194 220 227 231 250 284 291 303 304 351 
204 27 5 6 8 13 21 38 41 58 109 123 148 159 175 184 198 202 213 218 252 254 262 267 301 326 331 338 356 
205 16 20 45 55 56 80 100 102 110 111 227 234 240 275 286 326 327 
206 18 18 55 65 69 143 151 158 170 216 217 237 241 247 272 275 293 316 351 
207 25 29 50 74 82 100 108 114 140 172 174 176 194 202 214 228 270 275 283 289 293 294 299 321 324 336 
208 16 1 9 26 38 43 72 91 92 95 182 217 227 284 313 328 333 
209 22 52 71 90 96 104 131 142 154 169 172 235 237 241 267 274 288 316 319 332 355 356 357 
210 20 7 12 71 88 93 95 104 108 126 160 182 183 198 214 231 269 270 304 307 336 
211 20 24 32 37 50 63 64 74 150 151 158 160 190 191 202 213 245 258 323 347 356 
212 24 1 26 29 47 50 60 82 91 94 122 140 174 191 218 233 237 240 260 285 303 306 321 338 350 
213 17 6 23 28 50 70 133 185 194 204 211 226 248 273 314 325 332 347 
214 23 17 47 50 53 57 63 118 119 139 146 207 210 216 222 239 242 266 300 316 323 326 334 338 
215 23 4 16 25 54 66 116 117 129 157 164 216 217 253 255 276 277 290 317 332 333 348 355 359 
216 21 17 36 39 40 69 75 88 104 141 169 202 206 214 215 227 252 275 285 293 336 356 
217 16 10 98 99 118 122 149 151 201 206 208 215 243 248 249 283 299 
218 26 8 23 42 47 64 107 119 122 126 133 145 154 169 173 204 212 227 254 278 293 305 311 331 333 335 357 
219 17 24 36 63 73 76 83 92 100 140 160 179 184 246 265 283 327 351 
220 16 27 41 69 74 76 78 114 148 159 165 203 243 263 288 340 347 
221 20 18 42 54 60 71 85 94 97 106 117 158 171 183 253 258 281 284 288 333 337 
222 21 44 54 67 75 77 95 109 115 125 140 146 148 149 163 175 190 214 245 250 275 344 
223 17 27 30 33 56 59 69 88 112 173 254 259 279 282 303 318 344 354 
224 17 15 23 38 39 78 80 123 134 141 163 201 226 233 286 315 334 359 
225 13 7 36 45 111 145 191 226 233 258 265 273 340 355 
226 15 21 38 60 84 132 141 193 213 224 225 243 257 263 294 340 
227 30 8 40 61 65 70 80 85 113 156 180 186 190 203 205 208 216 218 231 232 238 243 248 256 282 291 317 324 325 329 354 
228 13 2 7 20 41 49 121 134 199 207 229 240 302 353 
229 16 2 93 106 125 135 136 139 161 180 183 191 228 238 246 306 318 
230 15 12 90 116 125 132 148 169 193 241 271 276 297 325 328 355 
231 16 0 11 57 62 148 203 210 227 246 247 283 298 306 322 335 351 
232 19 18 20 45 54 93 99 110 129 137 147 163 166 182 198 227 236 239 260 306 
233 14 16 24 58 73 140 164 177 197 212 224 225 235 287 343 
234 19 0 29 32 40 52 59 76 83 94 99 123 127 164 166 170 205 323 328 351 
235 15 42 103 104 158 167 185 209 233 257 267 294 328 331 345 348 
236 25 6 11 31 39 75 76 82 84 86 100 104 105 113 120 134 163 164 182 193 232 241 260 322 323 334 
237 15 24 71 112 125 132 139 170 206 209 212 246 264 275 306 313 
238 17 19 35 117 128 137 154 163 164 186 193 227 229 240 259 293 299 340 
239 18 4 8 48 94 97 116 129 162 185 214 232 249 297 313 338 345 353 355 
240 15 12 23 26 43 88 127 153 155 179 205 212 228 238 282 322 
241 24 28 45 48 67 73 129 131 141 163 174 180 206 209 230 236 261 264 268 269 288 295 310 343 350 
242 26 12 15 27 29 58 76 80 96 114 132 144 166 174 188 214 243 247 252 272 274 288 292 300 306 316 336 
243 20 8 15 46 62 67 92 96 149 151 184 201 217 220 226 227 242 258 295 335 345 
244 15 28 35 60 93 103 123 169 177 178 250 257 289 310 348 357 
245 16 43 52 86 100 135 146 147 162 177 195 202 211 222 300 306 325 
246 25 22 31 34 35 40 72 75 98 123 135 143 150 168 179 180 190 192 219 229 231 237 249 252 275 295 
247 24 1 18 21 25 53 74 94 99 101 121 158 169 179 190 206 231 242 277 309 343 346 353 357 358 
248 15 5 26 74 83 89 92 99 117 128 173 213 217 227 290 353 
249 25 1 14 18 25 29 53 57 60 90 102 123 163 217 239 246 253 268 270 278 301 318 332 340 346 358 
250 25 8 12 16 66 80 90 94 117 128 130 133 145 146 179 182 201 203 222 244 263 269 288 342 346 347 
251 17 4 18 22 37 68 123 127 142 146 148 167 185 252 256 267 302 331 
252 16 6 12 43 56 129 137 201 204 216 242 246 251 263 276 341 359 
253 21 12 16 17 31 39 44 53 85 88 91 112 125 131 199 215 221 249 320 333 356 357 
254 16 8 11 16 70 75 83 128 140 155 204 218 223 309 312 340 343 
255 15 16 28 41 42 50 81 99 159 171 172 201 215 283 287 296 
256 8 29 74 87 95 117 227 251 295 
257 15 17 42 60 83 112 120 147 158 198 226 235 244 272 306 336 
258 21 36 67 75 83 98 100 115 117 126 189 193 196 211 221 225 243 273 279 285 300 305 
259 18 4 15 55 74 121 146 167 176 223 238 264 286 293 313 338 349 353 355 
260 22 40 52 59 89 102 135 142 196 212 232 236 266 289 290 312 318 320 326 328 341 346 359 
261 18 35 61 69 81 104 108 126 131 133 155 175 241 280 283 322 326 330 338 
262 16 0 19 43 44 54 87 92 116 130 152 166 170 202 204 303 322 
263 19 18 36 111 112 120 128 144 150 156 170 178 220 226 250 252 271 343 344 349 
264 19 21 28 29 32 34 39 87 97 147 148 151 175 237 241 259 272 284 302 303 
265 24 1 4 5 39 83 97 99 104 118 123 126 157 166 177 190 219 225 304 331 336 338 341 354 357 
266 20 3 9 25 30 106 109 111 132 170 183 187 192 214 260 280 287 314 319 345 346 
267 25 13 28 39 71 81 105 109 122 151 178 184 193 197 199 204 209 235 251 273 285 307 325 343 347 357 
268 14 1 38 84 89 106 124 160 198 241 249 273 282 331 358 
269 13 14 20 60 80 84 131 188 210 241 250 290 315 317 
270 22 35 40 47 52 82 83 101 102 120 129 159 180 187 192 207 210 249 289 331 333 336 337 
271 21 14 17 21 52 56 77 79 101 103 108 113 118 150 155 167 230 263 282 313 324 358 
272 20 3 12 15 23 37 63 70 113 135 142 206 242 257 264 290 313 326 330 336 337 
273 28 2 3 7 9 13 27 32 43 53 57 62 74 96 103 110 134 140 176 183 188 213 225 258 267 268 291 332 335 
274 22 5 8 35 43 53 61 73 96 114 124 125 148 154 166 194 209 242 275 300 310 342 354 
275 28 5 16 18 30 47 50 75 81 86 89 95 127 136 149 155 156 176 196 201 205 206 207 216 222 237 246 274 353 
276 21 0 16 26 31 43 52 85 92 109 147 149 150 155 187 193 215 230 252 329 337 358 
277 18 53 79 82 83 111 146 160 165 193 215 247 278 280 303 305 306 311 320 
278 17 11 18 64 105 139 147 160 173 176 218 249 277 281 303 347 350 351 
279 24 26 30 62 66 92 96 114 131 138 142 164 172 178 185 198 223 258 297 318 321 332 338 346 354 
280 13 55 133 141 142 143 150 176 184 196 261 266 277 320 
281 14 51 54 61 122 126 147 151 171 221 278 282 320 323 355 
282 23 7 10 15 32 62 68 72 87 118 123 195 223 227 240 268 271 281 300 301 316 324 347 348 
283 17 8 14 34 44 69 73 74 186 207 217 219 231 255 261 298 326 359 
284 22 2 7 25 51 55 57 107 119 140 148 172 180 181 195 203 208 221 264 329 345 349 355 
285 23 32 46 49 52 71 78 80 104 128 130 144 151 179 212 216 258 267 294 303 306 327 338 353 
286 19 8 66 75 78 111 114 116 118 183 205 224 259 291 296 297 306 325 336 342 
287 23 15 20 29 32 36 43 64 66 69 79 128 134 169 196 233 255 266 303 305 316 318 333 357 
288 14 24 82 100 174 180 202 209 220 221 241 242 250 338 339 
289 21 7 8 82 123 148 154 183 207 244 260 270 297 305 309 321 322 325 328 338 352 354 
290 23 23 32 38 41 57 70 88 114 123 133 166 170 178 191 215 248 260 269 272 293 296 300 315 
291 16 33 73 103 110 126 131 150 159 183 190 203 227 273 286 341 343 
292 18 14 16 18 24 39 41 42 52 60 73 95 109 150 153 166 242 299 348 
293 21 7 16 39 46 72 87 93 128 154 161 173 206 207 216 218 238 259 290 305 333 345 
294 17 12 23 48 49 74 86 100 112 138 175 179 207 226 235 285 337 357 
295 15 2 23 25 39 56 70 75 79 130 202 241 243 246 256 299 
296 24 11 14 44 71 82 84 95 96 105 121 134 149 165 178 195 255 286 290 297 312 329 341 342 344 
297 18 1 20 37 90 101 105 128 139 158 176 230 239 279 286 289 296 325 345 
298 16 10 60 65 79 97 115 124 126 152 153 162 231 283 303 318 347 
299 18 35 51 73 80 90 104 105 123 141 154 207 217 238 292 295 318 332 340 
300 22 27 41 45 47 49 57 60 61 88 117 129 133 198 214 242 245 258 274 282 290 354 355 
301 12 11 13 35 82 97 100 152 180 204 249 282 351 
302 16 22 27 40 64 89 145 146 162 177 195 202 228 251 264 318 348 
303 23 9 13 25 53 66 87 109 124 147 153 203 212 223 262 264 277 278 285 287 298 353 355 359 
304 19 20 21 33 39 54 57 59 104 106 119 151 165 173 201 203 210 265 327 354 
305 16 75 100 101 119 122 164 165 169 218 258 277 287 289 293 309 352 
306 24 13 24 40 43 68 72 111 150 152 156 184 212 229 231 232 237 242 245 257 277 285 286 309 317 
307 11 39 94 155 162 178 183 210 267 334 337 350 
308 13 51 55 67 96 101 107 129 142 147 182 327 352 358 
309 19 17 29 34 39 55 117 144 155 157 174 188 197 247 254 289 305 306 312 346 
310 15 7 8 49 70 82 94 123 127 128 188 241 244 274 346 347 
311 13 1 6 40 62 116 123 152 192 218 277 334 343 358 
312 13 16 19 40 70 91 100 160 176 182 254 260 296 309 
313 19 7 54 65 68 76 79 103 119 123 126 128 182 189 208 237 239 259 271 272 
314 16 3 9 44 67 81 104 106 136 149 185 195 197 213 266 323 335 
315 17 65 72 75 84 86 90 111 161 175 195 198 199 224 269 290 316 326 
316 22 2 23 52 66 73 75 84 113 127 146 163 183 187 193 206 209 214 242 282 287 315 357 
317 17 4 10 24 26 44 59 74 107 109 133 158 215 227 269 306 322 349 
318 25 11 14 15 19 42 78 152 156 171 192 202 223 229 249 260 279 287 298 299 302 331 333 338 346 352 
319 13 35 53 62 69 129 156 166 175 178 180 209 266 347 
320 16 7 9 52 104 114 141 168 176 253 260 277 280 281 336 345 346 
321 18 1 7 32 45 87 101 120 122 138 154 162 163 165 178 207 212 279 289 
322 16 35 38 45 51 90 170 196 200 231 236 240 261 262 289 317 326 
323 19 12 23 28 36 63 72 75 91 143 144 174 211 214 234 236 281 314 345 352 
324 15 13 18 41 84 95 108 113 132 179 207 227 271 282 331 356 
325 20 1 5 74 84 85 122 131 139 154 194 213 227 230 245 267 286 289 297 345 346 
326 30 0 14 40 49 51 55 57 74 75 81 85 96 129 134 145 149 151 188 189 204 205 214 260 261 272 283 315 322 345 359 
327 20 5 12 33 44 64 79 119 123 142 168 172 184 196 201 205 219 285 304 308 355 
328 24 1 44 51 54 62 65 72 95 101 108 114 132 138 149 153 159 175 176 208 230 234 235 260 289 
329 12 86 94 111 136 152 189 227 276 284 296 345 358 
330 11 8 47 71 77 86 101 141 177 179 261 272 
331 23 3 39 50 104 106 124 126 133 142 144 150 154 156 196 204 218 235 251 265 268 270 318 324 
332 14 53 70 119 172 175 194 209 213 215 249 273 279 299 349 
333 26 8 15 16 28 29 49 70 73 97 107 120 134 157 163 190 196 208 215 218 221 253 270 287 293 318 347 
334 21 6 8 9 33 36 47 88 91 100 108 112 124 128 187 214 224 236 307 311 346 348 
335 15 10 13 18 30 41 162 171 175 201 218 231 243 273 314 345 
336 22 6 41 48 62 69 98 139 146 170 172 173 207 210 216 242 257 265 270 272 286 320 345 
337 18 14 17 19 28 72 105 146 153 159 163 166 221 270 272 276 294 307 356 
338 25 8 22 26 28 29 56 73 78 126 167 186 193 204 212 214 239 259 261 265 279 285 288 289 318 352 
339 19 3 4 14 21 24 36 38 77 82 115 118 131 134 138 164 167 172 288 350 
340 17 32 66 68 131 149 170 188 189 220 225 226 238 249 254 299 342 347 
341 13 21 133 135 146 173 182 184 252 260 265 291 296 355 
342 14 11 67 79 124 154 173 174 250 274 286 296 340 343 355 
343 19 80 88 93 97 123 130 146 157 158 175 233 241 247 254 263 267 291 311 342 
344 14 1 34 37 51 63 101 108 153 194 222 223 263 296 346 
345 26 50 56 83 102 129 142 143 149 175 178 186 235 239 243 266 284 293 297 320 323 325 326 329 335 336 349 
346 22 6 27 42 54 58 115 146 172 247 249 250 260 266 279 309 310 318 320 325 334 344 347 
347 23 10 33 41 72 100 110 126 133 155 192 211 213 220 250 267 278 282 298 310 319 333 340 346 
348 18 14 24 34 39 52 58 62 98 133 139 142 215 235 244 282 292 302 334 
349 18 9 33 108 124 130 171 172 174 175 182 190 259 263 284 317 332 345 352 
350 13 15 44 62 120 124 157 165 182 212 241 278 307 339 
351 21 0 4 36 40 67 82 92 119 149 156 159 180 189 193 203 206 219 231 234 278 301 
352 20 10 22 52 61 69 70 93 98 113 134 170 197 198 289 305 308 318 323 338 349 
353 21 10 17 24 56 79 87 89 95 137 154 185 188 228 239 247 248 259 275 285 303 356 
354 16 50 61 84 86 101 104 127 145 223 227 265 274 279 289 300 304 
355 21 52 165 168 172 186 189 190 202 209 215 225 230 239 259 281 284 300 303 327 341 342 
356 21 13 26 33 63 65 68 81 85 121 127 154 163 181 204 209 211 216 253 324 337 353 
357 20 34 52 61 79 100 106 107 129 177 194 209 218 244 247 253 265 267 287 294 316 
358 26 0 1 22 59 61 93 97 108 114 118 121 122 125 140 154 167 188 200 247 249 268 271 276 308 311 329 
359 14 16 27 86 91 104 165 177 215 224 252 260 283 303 326 
