360 12929
0 64 4 7 10 26 27 38 46 48 53 55 61 65 76 81 84 102 116 121 126 133 136 140 149 162 163 164 166 173 174 175 176 181 183 185 197 200 202 205 214 216 217 220 228 231 232 238 239 267 269 270 276 281 285 293 305 310 321 330 332 333 342 346 351 356 
1 58 5 10 12 19 21 36 37 38 49 50 53 58 59 66 87 89 100 110 112 113 119 127 133 134 135 137 142 149 156 157 163 182 193 197 227 234 238 248 250 257 259 267 279 280 289 306 321 323 325 332 334 339 343 344 348 349 357 359 
2 77 7 9 12 14 17 20 25 29 37 46 52 53 55 56 57 60 66 70 78 87 90 93 103 105 109 114 119 124 125 126 141 150 153 160 167 168 169 176 178 181 187 189 191 196 197 200 201 207 210 211 224 226 233 238 241 243 281 286 292 296 300 307 309 310 314 315 317 324 327 329 330 331 335 336 356 357 359 
3 75 12 15 20 26 32 35 37 44 57 60 76 80 83 87 95 105 113 114 116 119 127 128 130 132 133 140 152 161 167 168 169 174 175 176 179 183 185 197 200 205 206 213 217 229 238 242 247 248 250 253 259 267 277 288 290 294 295 302 306 308 310 316 318 319 320 321 326 334 336 345 346 353 354 355 358 
4 71 0 6 13 21 23 27 31 35 36 44 45 46 48 51 54 64 67 69 72 76 83 86 87 88 93 96 97 98 99 106 108 112 119 122 140 143 145 153 157 161 165 171 174 180 186 188 189 194 195 196 201 205 207 217 223 224 229 230 239 241 242 257 271 275 281 282 285 300 328 331 337 
5 61 1 22 30 31 36 45 47 52 66 68 70 81 91 108 109 113 127 133 138 142 151 152 154 161 166 168 170 175 177 188 192 203 205 206 207 218 226 228 242 245 249 252 253 254 257 260 268 281 288 290 295 304 322 323 327 336 339 341 349 355 356 
6 60 4 11 16 25 30 37 39 41 60 63 64 72 75 76 77 81 109 110 115 118 131 132 133 134 142 144 152 159 172 175 177 188 212 214 216 224 234 237 246 258 261 275 276 278 279 296 299 302 303 305 306 309 310 314 316 324 327 336 345 349 
7 73 0 2 20 32 41 42 48 68 77 82 95 96 101 104 109 115 126 133 137 138 140 144 147 148 159 170 171 177 183 191 192 194 199 204 212 213 223 228 236 241 253 255 271 272 274 276 280 281 282 284 285 286 287 289 296 299 304 308 310 311 313 320 321 323 324 328 335 338 341 347 352 354 358 
8 68 14 21 28 30 34 36 38 39 48 63 66 67 81 87 89 92 93 106 111 112 113 120 122 124 132 134 138 148 150 153 154 184 191 196 197 201 207 210 219 222 228 233 236 237 240 241 245 247 250 261 262 274 278 279 280 291 294 302 312 316 320 327 328 332 333 335 342 346 
9 81 2 11 13 14 15 16 17 19 23 26 27 31 34 38 39 41 42 43 47 54 59 67 69 81 88 89 92 107 113 114 116 119 121 122 130 139 140 141 158 162 174 177 187 191 193 196 199 206 215 219 220 222 228 229 236 238 242 245 246 251 256 258 263 275 279 280 283 303 304 311 314 318 320 321 338 339 340 341 346 348 351 
10 75 0 1 14 29 46 47 51 54 61 65 74 75 76 77 78 82 86 87 90 91 95 98 101 102 107 114 123 124 128 131 141 145 153 156 158 169 182 186 187 196 197 210 212 214 215 217 219 220 228 235 242 269 270 271 276 277 279 285 301 307 312 317 324 328 331 336 338 345 347 348 352 353 354 356 358 
11 68 6 9 16 22 37 40 42 46 50 52 56 61 89 96 102 109 111 112 113 120 127 135 136 145 146 148 152 155 157 172 175 176 185 190 195 199 205 216 218 222 239 247 250 256 259 261 262 272 276 279 284 287 292 300 301 308 310 318 319 327 328 330 331 337 339 340 342 345 
12 73 1 2 3 13 14 15 23 25 28 32 34 39 44 49 53 55 61 64 70 74 78 85 86 99 101 111 117 118 123 124 125 128 150 151 157 158 159 165 173 177 179 184 190 194 199 202 204 206 221 224 234 235 240 250 254 256 258 259 264 265 269 274 292 296 298 311 320 322 324 327 336 347 351 
13 68 4 9 12 20 29 34 38 50 52 58 64 68 69 70 71 75 81 83 93 95 106 109 110 114 124 137 140 143 157 159 161 163 164 172 184 192 195 208 211 213 224 240 242 265 266 268 272 275 278 279 284 299 306 308 317 319 328 333 335 337 341 344 346 347 349 352 354 359 
14 79 2 8 9 10 12 16 19 29 30 33 34 38 42 45 51 52 55 56 65 69 80 82 85 91 96 109 110 125 126 133 138 139 146 149 151 159 163 166 174 175 185 191 198 201 204 208 210 211 217 219 225 227 228 243 244 245 246 254 258 260 271 280 282 291 302 303 304 306 308 309 314 321 323 326 328 339 345 350 359 
15 71 3 9 12 22 24 25 28 30 32 34 45 52 53 56 61 65 70 72 82 91 95 106 114 115 117 118 119 124 131 134 149 156 161 167 173 187 191 198 200 205 207 209 212 214 217 223 226 228 233 247 250 253 257 265 274 280 284 289 295 307 315 323 324 327 335 337 343 346 348 350 356 
16 73 6 9 11 14 21 24 26 31 34 47 49 54 60 68 74 75 82 83 87 92 99 101 115 137 149 157 159 164 166 172 173 176 198 200 202 203 204 206 208 209 211 213 221 222 224 243 248 249 252 253 254 259 262 275 279 292 296 304 315 323 326 329 331 333 336 339 340 341 342 344 347 352 359 
17 80 2 9 20 25 26 28 35 36 37 39 42 43 50 51 52 62 69 70 71 74 80 84 85 87 93 96 115 122 125 132 136 138 140 143 146 147 151 159 165 166 171 174 175 181 183 201 205 218 222 225 229 232 235 236 239 243 250 252 257 261 264 276 278 280 282 293 294 311 320 324 328 329 332 333 334 336 343 345 347 350 
18 61 19 22 23 25 26 29 37 42 45 57 63 64 66 68 69 76 82 85 86 96 99 101 105 113 129 130 137 143 144 146 151 165 173 180 182 190 197 214 217 221 243 244 252 267 269 274 278 279 281 288 294 295 299 310 315 320 328 341 342 357 358 
19 63 1 9 14 18 23 27 28 30 34 35 37 40 45 51 55 63 64 65 68 78 81 85 88 98 99 101 110 112 114 115 118 123 134 155 157 170 176 177 190 191 194 195 202 214 220 225 229 234 239 241 244 253 290 291 294 300 301 310 311 331 343 348 350 
20 69 2 3 7 13 17 29 36 43 56 60 68 70 80 83 86 90 93 96 99 103 115 117 119 121 122 123 126 136 140 141 144 150 151 153 156 159 164 174 175 178 187 199 200 203 208 209 228 236 238 239 245 247 258 266 269 273 275 284 288 293 305 310 311 312 318 320 348 356 359 
21 68 1 4 8 16 29 31 43 52 67 71 84 85 93 94 104 110 112 118 121 124 126 130 142 151 156 160 165 168 169 172 173 183 184 191 192 197 199 200 201 206 210 212 215 216 223 229 233 237 242 250 256 261 262 268 269 273 279 291 297 301 317 318 323 334 335 345 347 357 
22 63 5 11 15 18 25 30 48 50 61 62 66 84 95 97 99 100 107 111 118 123 126 131 134 136 137 144 149 152 157 161 175 184 189 190 191 199 201 205 206 236 249 250 252 253 255 259 279 284 288 291 307 310 314 329 333 335 341 345 347 348 352 355 356 
23 71 4 9 12 18 19 29 39 41 42 46 47 50 58 62 64 69 71 74 78 79 89 90 105 113 117 120 125 135 136 139 146 150 157 158 159 167 171 176 178 180 184 190 197 206 211 212 217 220 236 237 239 242 244 245 249 266 269 271 286 302 309 318 321 325 338 340 344 345 353 356 357 
24 57 15 16 26 27 28 29 32 38 40 42 48 69 81 84 105 106 111 116 133 142 152 155 162 167 168 170 174 176 187 188 191 193 195 225 227 232 238 248 259 262 266 274 280 289 292 293 299 307 309 313 314 323 331 335 339 349 351 
25 87 2 6 12 15 17 18 22 38 44 54 56 59 62 67 74 76 80 83 90 93 97 98 99 101 108 110 113 122 135 137 149 158 161 169 171 178 184 189 194 206 207 210 218 220 222 228 231 234 237 238 239 241 242 244 248 249 253 255 260 261 262 264 265 270 272 278 281 284 285 287 293 295 297 300 302 303 311 321 325 327 332 338 341 343 352 353 359 
26 71 0 3 9 16 17 18 24 34 39 47 59 61 69 79 83 87 88 89 91 95 97 98 99 100 101 102 116 124 128 140 143 144 148 154 163 168 176 185 187 190 193 205 218 219 222 224 225 236 237 241 251 258 261 264 265 267 279 282 286 290 295 304 313 314 326 333 337 339 343 351 356 
27 77 0 4 9 19 24 30 33 36 37 40 41 47 54 56 68 71 77 89 94 95 97 102 110 123 127 133 134 138 142 145 146 150 151 160 161 165 171 173 176 181 198 201 206 208 216 221 224 225 226 228 231 236 237 238 249 250 254 264 270 272 274 277 282 283 286 297 299 306 316 321 323 324 326 333 336 348 357 
28 68 8 12 15 17 19 24 29 30 40 44 51 54 59 61 72 74 75 78 88 90 91 96 104 107 109 112 122 129 131 140 144 163 164 170 177 181 183 196 201 206 210 218 223 239 243 258 260 264 265 266 270 271 275 289 296 306 313 323 324 327 328 329 336 341 342 347 349 356 
29 74 2 10 13 14 18 20 21 23 24 28 32 38 40 45 52 53 63 68 73 74 77 83 84 85 89 93 97 102 114 117 123 130 144 145 146 148 155 158 162 172 173 176 198 213 215 218 226 232 233 235 245 251 253 257 261 265 268 277 278 281 282 284 287 296 299 317 330 339 341 344 346 347 349 351 
30 71 5 6 8 14 15 19 22 27 28 33 36 38 41 44 46 64 66 67 79 82 91 96 100 116 126 127 133 136 140 148 150 151 160 162 171 174 180 182 185 188 189 195 197 199 203 212 219 221 222 227 229 234 250 253 256 257 262 274 275 278 286 288 292 299 301 302 310 315 318 327 334 
31 78 4 5 9 16 21 33 36 43 52 53 59 63 66 71 74 79 80 82 89 90 98 105 106 113 123 125 128 129 131 132 134 136 137 138 140 141 149 150 151 152 159 161 163 164 167 171 174 179 182 184 186 187 190 192 195 197 210 214 215 219 226 235 243 251 269 276 295 297 303 319 325 326 327 337 340 342 352 357 
32 80 3 7 12 15 24 29 36 37 54 55 58 59 60 72 74 76 78 79 84 85 90 92 93 101 116 121 127 131 132 146 148 149 155 159 162 166 170 172 173 176 178 179 183 185 189 192 203 207 211 212 217 228 234 243 256 257 262 266 267 268 270 273 285 286 288 299 300 304 307 323 328 329 331 332 334 339 342 344 352 355 
33 60 14 27 30 31 38 39 52 60 70 74 80 81 83 95 102 110 118 124 135 136 143 146 149 152 154 155 156 158 165 166 178 179 186 187 196 202 204 221 225 226 228 229 232 246 250 264 267 270 275 277 285 308 309 316 331 338 339 349 352 359 
34 75 8 9 12 13 14 15 16 19 26 37 43 47 48 55 57 67 70 71 78 80 97 101 106 114 124 127 131 135 143 152 154 160 163 169 181 187 197 200 204 205 207 208 215 217 218 227 230 241 242 244 247 249 252 254 265 267 273 279 285 286 293 295 299 301 304 305 309 315 320 332 333 335 343 349 356 
35 62 3 4 17 19 38 42 46 51 53 64 77 78 86 88 96 99 107 109 110 114 115 120 130 132 138 142 146 152 170 173 178 186 195 202 206 219 229 231 234 242 254 259 267 272 276 277 283 284 290 294 295 305 312 314 315 324 332 334 341 346 351 359 
36 86 1 4 5 8 17 20 27 30 31 32 39 40 46 47 49 53 56 59 61 69 75 78 80 82 83 98 102 106 113 115 120 123 137 140 148 155 158 160 164 175 177 180 181 182 193 195 199 208 211 219 221 222 236 239 245 246 250 253 255 258 263 266 272 282 285 286 289 292 293 294 299 300 316 320 332 338 339 345 347 348 349 350 351 352 353 355 
37 93 1 2 3 6 11 17 18 19 27 32 34 40 43 44 56 62 63 66 71 76 83 90 92 93 97 102 104 108 109 110 114 115 116 123 124 130 133 137 141 145 154 155 156 159 162 166 169 171 172 178 189 190 192 198 201 202 204 206 224 226 227 229 233 240 241 242 247 249 258 262 263 266 269 270 282 284 292 296 301 315 317 320 326 328 336 340 343 345 346 350 354 355 358 
38 77 0 1 8 9 13 14 24 25 29 30 33 35 43 51 57 58 69 78 83 85 86 87 91 97 105 109 117 118 121 134 136 137 139 147 150 154 155 160 162 167 175 176 186 194 197 198 203 206 210 211 218 224 225 229 238 239 240 241 255 259 269 270 285 298 302 304 308 315 319 320 333 338 340 344 345 349 353 
39 77 6 8 9 12 17 23 26 33 36 41 43 44 48 49 50 57 59 62 66 70 82 87 89 91 94 96 97 98 103 114 130 131 135 144 147 153 159 164 167 173 178 181 187 189 190 192 197 203 204 210 220 221 222 226 234 239 240 241 249 272 273 278 280 291 292 299 300 303 307 312 317 319 321 322 325 333 335 
40 67 11 19 24 27 28 29 36 37 41 45 47 49 50 57 61 65 69 72 79 96 98 101 117 121 124 128 137 142 151 152 159 161 167 168 171 176 185 200 204 207 217 218 219 226 231 232 235 239 240 244 246 254 285 287 289 294 298 303 309 314 319 324 334 339 345 352 354 
41 77 6 7 9 23 27 30 39 40 45 54 56 58 64 71 72 74 75 77 81 84 87 92 97 100 101 104 111 113 114 122 123 126 130 139 145 147 148 149 154 157 168 175 183 203 207 209 220 222 243 244 247 264 277 282 291 294 298 299 301 306 307 308 310 316 318 321 325 327 328 331 332 337 340 342 344 350 353 
42 76 7 9 11 14 17 18 23 24 35 43 48 52 55 56 63 67 68 72 73 77 81 84 92 98 101 103 105 106 124 132 133 134 136 146 150 153 159 164 167 169 172 175 185 187 196 199 203 204 210 212 217 218 240 241 245 251 254 258 267 271 277 284 288 295 302 303 309 322 338 339 343 348 349 351 353 358 
43 74 9 17 20 21 31 34 37 38 39 42 52 62 65 66 67 80 84 90 91 94 96 100 105 106 110 114 122 125 133 134 136 144 145 156 160 169 171 175 179 183 190 192 205 215 218 226 228 236 242 253 259 261 266 268 277 283 291 295 311 312 313 314 316 321 324 326 330 334 336 337 338 346 347 356 
44 70 3 4 12 25 28 30 37 39 47 55 59 62 63 70 77 79 92 100 104 107 114 121 125 127 134 135 138 145 146 147 149 155 157 158 170 173 174 176 188 190 195 197 202 214 222 225 230 231 238 239 248 249 262 268 269 272 273 274 275 277 279 280 283 303 320 330 331 336 342 344 
45 78 4 5 14 15 18 19 29 40 41 48 50 54 62 66 88 104 105 106 117 120 121 124 126 129 137 138 139 141 142 148 155 165 172 192 193 197 199 202 204 214 225 227 228 229 234 242 254 255 257 261 264 266 269 270 273 276 278 280 285 289 293 294 296 301 302 310 311 312 313 314 318 322 323 344 348 352 354 356 
46 62 0 2 4 10 11 23 30 35 36 48 52 61 89 93 100 101 110 118 128 158 161 163 168 172 183 187 190 191 192 195 196 202 211 217 231 243 244 249 252 255 256 263 269 276 278 284 286 299 305 309 311 316 323 324 325 335 338 340 344 345 347 359 
47 78 5 9 10 16 23 26 27 34 36 40 44 51 61 66 67 69 77 85 88 93 95 99 101 109 111 123 124 126 130 132 141 149 150 152 162 167 171 173 183 188 190 194 196 201 202 203 218 230 241 242 245 246 247 260 269 275 285 290 292 293 294 297 301 306 308 311 312 317 328 333 337 339 340 342 346 351 355 356 
48 76 0 4 7 8 22 24 34 39 42 45 46 51 53 54 56 61 62 63 67 68 74 80 87 93 103 106 107 108 117 123 125 128 130 143 150 151 159 164 166 206 209 214 221 225 230 233 234 240 244 255 261 262 268 271 276 279 283 284 285 288 290 292 295 299 300 301 310 311 315 319 322 323 335 347 352 358 
49 81 1 12 16 36 39 40 53 58 63 64 71 72 73 74 80 81 87 88 94 95 96 107 108 109 111 113 114 115 117 141 145 147 148 149 150 157 160 162 166 167 169 171 182 190 203 207 211 212 216 218 222 223 226 237 242 245 249 250 254 255 256 259 265 268 269 274 276 277 280 284 285 295 297 300 306 315 326 337 344 345 354 
50 71 1 11 13 17 22 23 39 40 45 53 56 59 60 64 66 67 71 81 91 94 97 98 101 116 125 131 138 143 148 150 155 156 159 161 162 164 168 176 178 181 198 207 208 212 213 222 224 225 230 232 235 238 241 251 252 255 258 260 261 264 266 269 275 281 286 293 334 339 342 343 345 
51 66 4 10 14 17 19 28 35 38 47 48 54 56 61 69 72 82 83 88 90 97 110 117 122 126 128 139 143 144 149 153 155 156 157 160 172 176 178 188 189 193 195 212 219 225 231 232 234 261 273 292 293 301 302 303 305 307 312 323 329 335 336 341 346 348 351 354 
52 84 2 5 11 13 14 15 17 21 29 31 33 42 43 46 53 60 70 73 83 85 88 91 93 94 95 98 105 107 128 132 133 138 139 143 144 145 146 152 155 156 157 158 162 164 165 166 169 171 176 184 186 197 200 204 211 214 217 218 219 230 232 234 242 245 250 251 252 254 259 265 267 276 278 280 282 285 286 307 320 323 324 344 347 351 
53 94 0 1 2 12 15 29 31 35 36 48 49 50 52 54 56 59 60 61 65 69 72 79 82 83 88 89 98 102 108 112 125 127 128 137 145 149 152 155 156 161 164 178 183 185 186 192 193 194 198 200 205 206 209 210 215 217 228 234 235 236 240 243 244 245 247 253 259 263 265 271 274 278 285 288 295 296 297 298 299 302 308 310 315 323 330 331 333 334 336 338 342 349 355 357 
54 82 4 9 10 16 25 27 28 32 41 45 48 51 53 56 60 63 64 65 70 78 81 88 92 115 117 119 123 132 134 135 136 137 140 145 149 150 160 163 166 178 179 187 189 191 193 194 195 198 200 203 205 213 214 226 229 235 236 251 252 254 255 256 258 265 273 279 286 291 293 301 308 309 318 325 337 338 340 344 351 356 357 359 
55 75 0 2 12 14 19 32 34 42 44 60 61 65 69 72 82 85 87 94 95 104 106 111 120 121 123 126 133 144 148 150 156 157 165 166 173 175 176 185 191 203 206 209 213 229 232 237 240 241 242 249 250 254 255 256 260 265 266 268 269 274 275 276 280 284 295 302 309 313 316 317 321 322 331 332 341 
56 71 2 11 14 15 20 25 27 36 37 41 42 48 50 51 53 54 63 67 74 82 84 89 93 97 100 102 108 113 114 119 122 125 131 134 140 143 148 152 158 166 167 172 182 194 196 204 211 218 226 229 234 238 244 245 247 264 271 284 285 289 290 291 297 300 304 305 314 321 336 349 351 
57 68 2 3 18 34 38 39 40 60 91 97 99 105 107 123 126 130 136 137 138 139 140 141 142 146 161 164 173 176 179 184 185 187 190 194 196 202 208 218 219 232 233 238 242 246 249 256 267 268 269 272 274 296 305 306 314 317 319 322 324 329 336 338 339 341 344 345 346 348 
58 69 1 13 23 32 38 41 49 59 63 72 76 79 81 92 93 105 107 111 114 115 130 134 138 145 152 154 155 156 160 170 171 173 181 182 187 189 190 198 213 217 221 223 229 233 246 248 253 254 257 258 262 267 273 274 275 278 282 283 284 285 305 310 317 322 327 328 351 352 353 
59 69 1 9 25 26 28 31 32 36 39 44 50 53 58 63 65 66 68 70 73 91 98 99 105 106 108 116 118 121 128 129 134 138 141 146 149 156 162 163 171 172 177 183 193 203 206 223 224 230 234 236 244 258 264 275 276 281 286 288 293 302 304 305 312 317 326 340 343 344 352 
60 68 2 3 6 16 20 32 33 50 52 53 54 55 57 61 62 72 79 95 96 97 99 100 102 103 107 116 121 132 134 138 147 148 151 155 156 162 163 165 173 174 189 190 193 206 224 233 235 245 251 262 263 264 266 276 279 280 287 288 290 293 302 308 310 320 337 338 339 352 
61 82 0 10 11 12 15 22 26 28 36 40 46 47 48 51 53 55 60 64 77 80 83 85 86 94 95 100 102 107 110 111 114 117 132 140 142 146 167 169 172 175 182 183 186 187 188 195 199 203 204 206 211 214 217 220 222 225 227 232 237 244 255 257 262 263 271 278 283 293 296 297 298 307 310 313 326 328 330 333 339 347 350 353 
62 75 17 22 23 25 37 39 43 44 45 48 60 66 67 72 76 81 82 83 85 93 99 100 102 103 104 107 115 118 120 125 129 136 139 141 161 171 176 194 203 205 206 215 216 219 224 226 230 237 238 242 247 248 249 251 253 257 266 269 272 275 279 292 296 297 302 303 315 322 323 332 333 340 342 355 357 
63 78 6 8 18 19 29 31 37 42 44 48 49 54 56 58 59 67 69 78 80 82 83 86 87 89 100 112 114 117 128 139 149 150 152 156 161 177 178 179 180 189 193 200 212 225 229 236 239 250 251 255 256 264 271 273 275 280 281 283 284 286 287 294 298 299 304 307 308 309 312 313 318 319 321 323 331 334 336 355 
64 81 4 6 12 13 18 19 23 30 35 41 49 50 54 61 65 69 74 76 85 88 90 97 99 104 106 113 119 123 126 134 137 142 143 151 152 153 156 171 177 183 187 191 197 198 204 211 215 221 227 233 234 239 243 244 245 249 253 254 267 269 277 279 280 281 283 291 301 302 303 311 315 317 319 326 330 332 333 334 335 346 352 
65 61 0 10 14 15 19 40 43 53 54 55 59 64 71 76 87 89 91 93 94 110 112 118 124 125 129 134 135 139 152 153 165 168 176 187 188 192 203 204 213 216 217 218 227 236 238 252 253 262 280 286 289 292 293 297 300 306 311 340 345 352 359 
66 76 1 2 5 8 18 22 30 31 37 39 43 45 47 50 59 62 72 78 81 85 89 90 101 103 105 107 108 133 136 137 149 151 152 155 158 161 168 179 181 192 200 203 209 210 211 216 221 234 242 243 245 249 252 259 262 264 272 276 284 286 288 290 298 299 300 303 306 309 312 314 324 325 334 338 341 346 
67 79 4 8 9 21 25 30 34 42 43 47 48 50 56 62 63 70 74 79 82 84 87 97 108 111 112 127 132 134 139 141 142 145 158 159 168 172 173 174 187 190 192 193 210 211 219 226 229 232 238 239 242 245 247 249 250 256 257 260 267 271 275 277 278 279 280 285 286 288 300 301 304 307 317 325 332 335 346 357 359 
68 65 5 7 13 16 18 19 20 27 29 42 48 59 74 77 81 84 89 91 92 98 110 122 128 133 147 148 150 152 162 165 166 183 192 195 209 214 216 217 220 223 229 235 238 240 249 250 256 260 264 274 275 294 295 296 305 312 325 333 334 336 344 345 346 351 357 
69 63 4 9 13 14 17 18 23 24 26 36 38 40 47 51 53 55 63 64 71 74 83 87 88 90 102 111 116 125 131 133 135 136 140 159 174 176 181 182 184 191 193 196 210 218 220 231 232 254 258 260 261 263 266 284 300 302 304 309 316 319 324 329 344 
70 70 2 5 12 13 15 17 20 33 34 39 44 52 54 59 67 75 80 81 82 94 95 100 102 104 113 121 129 132 139 146 147 153 157 159 165 167 168 182 183 185 195 197 201 205 206 209 211 213 216 217 218 219 220 237 256 259 277 281 285 288 294 306 308 326 327 342 344 346 354 357 
71 84 13 17 21 23 27 31 34 37 41 49 50 65 69 72 77 89 91 93 100 105 108 109 112 116 118 119 125 135 139 140 141 148 150 155 157 161 172 173 176 179 181 191 193 197 201 203 204 205 206 209 211 217 227 230 234 244 246 249 251 256 265 267 278 282 284 286 287 295 299 303 304 306 315 325 329 330 333 334 337 343 346 347 353 355 
72 69 4 6 15 28 32 40 41 42 49 51 53 55 58 60 62 66 71 86 94 95 98 105 110 125 132 138 141 147 156 159 174 180 181 182 184 185 192 193 199 203 218 222 223 229 230 238 239 241 242 243 255 260 263 265 274 281 294 296 297 299 319 325 330 331 332 338 339 347 354 
73 60 29 42 49 52 59 74 78 79 80 98 101 110 111 115 119 129 130 135 137 138 142 146 147 149 153 159 165 180 182 184 195 198 209 217 231 232 233 253 255 259 261 262 265 268 272 281 284 293 297 298 306 311 315 344 345 347 350 355 357 359 
74 77 10 12 16 17 23 25 28 29 31 32 33 41 48 49 56 64 67 68 69 73 84 92 101 103 105 117 121 130 139 140 144 146 148 149 152 154 160 162 167 168 170 174 191 196 201 210 214 223 225 228 232 235 241 248 249 276 278 280 281 282 283 285 287 290 293 296 304 305 308 324 330 337 339 340 346 347 351 
75 70 6 10 13 16 28 36 41 70 78 79 83 84 87 89 94 101 103 104 105 106 107 110 111 119 127 137 138 142 143 148 162 163 164 165 166 168 175 181 187 212 215 218 219 226 230 242 247 255 256 258 261 262 271 275 277 284 288 289 294 297 299 302 307 311 314 321 336 352 356 357 
76 69 0 3 4 6 10 18 25 32 37 58 62 64 65 77 82 86 102 104 106 114 125 129 131 136 139 148 152 153 155 156 161 163 169 173 174 175 180 181 211 214 216 217 219 230 236 246 247 253 257 261 269 285 289 292 312 313 315 316 319 325 332 339 344 346 349 351 353 355 359 
77 70 6 7 10 27 29 35 41 42 44 47 61 68 71 76 78 85 96 100 111 116 117 118 123 124 133 151 159 160 161 165 169 171 177 178 183 187 191 204 206 211 214 216 219 224 225 236 241 242 249 263 265 273 275 276 282 286 290 298 301 304 317 320 321 326 329 344 353 354 355 358 
78 76 2 10 12 19 23 28 32 34 35 36 38 54 63 66 73 75 77 79 80 83 86 87 89 91 95 97 105 109 112 113 114 125 131 137 155 160 161 163 165 174 176 178 179 186 191 194 196 213 231 235 239 243 245 253 261 269 275 278 280 286 289 290 296 297 299 303 306 318 320 321 324 330 337 339 347 356 
79 75 23 26 30 31 32 40 44 53 58 60 67 73 75 78 82 89 96 114 121 132 135 139 144 146 148 155 159 164 170 177 185 191 193 197 204 215 217 223 234 239 242 251 253 254 257 258 259 264 265 274 279 280 283 284 288 291 299 300 307 309 312 313 315 320 322 325 327 329 333 335 341 350 352 354 355 
80 67 3 14 17 20 25 31 33 34 36 43 48 49 61 63 70 73 78 92 103 105 107 114 120 121 129 145 146 152 153 159 167 174 178 193 195 196 205 206 208 210 220 221 226 228 231 236 240 252 253 257 267 269 271 273 293 299 301 302 310 316 320 330 337 338 344 347 350 
81 97 0 5 6 8 9 13 19 24 33 41 42 49 50 54 58 62 66 68 70 94 95 97 104 105 108 110 113 121 126 131 133 134 135 136 137 139 140 142 143 152 156 158 173 174 176 177 178 185 192 194 197 199 201 209 212 215 218 221 224 229 230 232 234 237 246 251 253 255 261 270 271 274 278 280 291 294 296 298 299 306 315 317 319 322 326 327 330 331 334 336 340 341 342 344 346 351 355 
82 72 7 10 14 15 16 18 30 31 36 39 51 53 55 56 62 63 67 70 76 79 92 94 95 97 103 109 147 148 150 152 154 161 162 169 172 174 178 181 185 196 199 204 219 221 230 234 239 242 255 258 261 263 264 269 270 274 275 280 281 284 295 304 312 320 323 328 331 336 341 347 355 359 
83 73 3 4 13 16 20 25 26 29 33 36 37 38 51 52 53 61 62 63 69 75 78 87 95 99 112 113 116 117 121 122 136 137 142 143 170 173 174 175 193 203 204 212 213 215 218 219 220 226 227 230 234 245 250 255 273 274 278 279 280 296 298 304 310 316 323 329 335 343 350 351 355 356 357 
84 59 0 17 21 22 24 29 32 41 42 43 56 67 68 74 75 101 110 115 129 135 139 141 142 161 164 165 170 184 185 186 190 201 202 206 214 216 220 231 233 237 241 248 249 251 253 286 291 298 306 312 314 318 323 336 339 344 345 356 358 
85 79 12 14 17 18 19 21 29 32 38 47 52 55 61 62 64 66 77 90 105 114 115 117 119 122 123 124 127 128 132 137 140 143 144 159 160 162 163 168 171 173 180 182 198 199 200 202 204 209 213 214 215 217 226 232 240 244 250 251 255 256 263 273 274 276 277 290 293 301 306 310 315 316 317 320 338 339 341 356 359 
86 77 4 10 12 18 20 35 38 61 63 72 76 78 96 97 116 118 123 127 129 133 136 139 140 146 148 156 161 162 165 167 170 176 178 181 188 196 197 200 201 206 218 220 221 223 226 229 230 232 238 241 244 249 252 258 275 279 284 286 291 292 297 299 307 308 312 313 315 317 324 325 328 329 336 337 339 351 354 
87 67 1 2 3 4 8 10 16 17 26 38 39 41 48 49 55 63 65 67 69 75 78 83 101 112 124 144 145 148 168 169 179 186 188 189 190 197 200 201 204 207 215 216 219 225 231 241 250 255 264 277 282 290 294 305 307 308 314 323 328 329 331 339 343 346 353 356 357 
88 72 4 9 19 26 28 35 45 47 49 51 52 53 54 64 69 89 91 102 107 109 117 124 129 130 144 153 154 165 167 169 178 179 180 196 197 208 212 217 219 224 225 228 230 237 240 246 252 259 263 268 271 272 280 283 286 294 301 302 309 313 315 316 322 325 330 335 343 344 346 354 356 358 
89 73 1 8 9 11 23 26 27 29 31 39 46 53 56 63 65 66 68 71 75 78 79 88 95 96 100 102 103 109 114 120 130 132 134 135 142 156 162 163 166 170 172 175 191 192 193 194 199 202 207 216 218 223 224 248 252 253 255 258 259 260 261 265 268 276 277 288 291 293 303 306 314 347 354 
90 66 2 10 20 23 25 28 31 32 37 43 51 64 66 69 85 95 97 101 105 106 113 124 133 137 142 144 163 164 170 171 176 201 211 220 224 228 231 237 239 247 248 253 256 259 265 266 288 293 296 299 300 303 309 317 320 322 323 331 338 339 342 346 347 348 350 353 
91 70 5 10 14 15 26 28 30 38 39 43 50 52 57 59 65 68 71 78 88 98 101 107 110 112 113 114 118 124 127 140 144 154 159 162 166 168 170 195 201 208 212 216 219 221 241 245 246 257 258 265 266 270 271 277 284 291 292 293 297 306 309 311 314 322 326 328 339 342 345 355 
92 56 8 9 16 32 37 41 42 44 54 58 68 74 80 82 99 112 115 117 122 136 148 153 156 157 164 168 188 196 199 210 212 213 218 224 227 238 242 246 265 268 275 278 279 280 294 295 310 313 326 329 334 335 339 342 349 357 
93 78 2 4 8 13 17 20 21 25 29 32 37 46 47 48 52 56 58 62 65 71 94 96 98 108 110 114 116 118 124 125 127 129 132 138 141 143 145 146 153 155 160 169 171 173 179 183 188 189 190 198 209 215 223 224 227 232 234 248 255 264 277 289 292 294 297 300 304 313 318 323 324 325 331 334 336 342 345 349 
94 75 21 27 39 43 49 50 52 55 61 65 70 72 75 81 82 93 103 118 120 130 135 144 145 149 150 152 156 161 163 167 168 173 176 178 181 188 200 204 206 208 209 212 219 220 224 228 236 243 246 247 250 254 256 265 266 267 287 295 303 304 305 313 319 322 323 324 328 330 336 337 338 339 344 351 355 
95 80 3 7 10 13 15 22 26 27 33 47 49 52 55 60 61 70 72 78 81 82 83 89 90 97 102 107 108 120 123 135 138 141 150 154 155 158 159 168 169 173 178 184 189 190 193 194 208 211 220 223 226 227 234 236 240 248 249 253 266 273 274 279 283 284 288 291 297 301 302 309 312 316 317 324 329 332 338 339 349 357 
96 63 4 7 11 14 17 18 20 28 30 35 39 40 43 49 60 77 79 86 89 93 105 108 115 121 122 138 145 149 151 152 154 155 163 167 170 174 184 194 198 199 203 207 212 218 220 221 240 249 255 263 272 273 282 283 285 289 306 309 312 320 322 343 358 
97 71 4 22 25 26 27 29 34 37 38 39 41 50 51 56 57 60 64 67 78 81 82 86 90 95 102 109 111 117 120 122 131 140 143 151 158 161 162 169 171 177 179 181 195 204 206 210 220 221 240 242 254 263 267 272 277 279 291 297 298 314 320 325 328 329 337 339 341 348 353 355 356 
98 60 4 10 19 25 26 31 36 39 40 42 50 52 53 59 68 72 73 91 93 102 103 107 112 118 129 133 141 145 168 169 180 184 195 196 222 226 237 239 243 245 253 255 268 272 273 289 292 293 296 298 302 304 308 310 334 341 344 347 349 358 
99 88 4 12 16 18 19 20 22 25 26 35 47 57 59 60 62 64 83 92 110 111 113 115 116 127 130 139 140 142 143 146 156 160 166 167 169 170 187 188 189 193 196 202 204 207 209 214 216 220 222 224 226 229 235 238 242 250 252 253 254 262 268 271 276 277 278 283 289 295 296 297 299 301 315 316 323 325 328 329 337 338 339 342 344 346 348 349 351 354 
100 66 1 22 26 30 41 43 44 46 56 60 61 62 63 70 71 77 89 101 102 109 135 141 142 146 154 160 174 175 176 177 187 190 191 196 202 205 207 211 212 214 218 221 230 233 236 237 241 247 248 258 260 269 276 280 297 300 305 307 309 312 320 323 324 325 329 359 
101 88 7 10 12 16 18 19 25 26 32 34 40 41 42 46 47 50 66 73 74 75 84 87 90 91 100 103 109 110 114 119 123 130 133 138 141 142 143 145 146 148 152 153 162 165 180 181 182 188 189 196 198 202 204 205 206 210 212 213 216 219 237 238 240 248 252 258 263 264 265 268 272 275 281 283 286 303 305 312 316 318 323 325 326 336 339 347 357 359 
102 80 0 10 11 26 27 29 33 36 37 53 56 60 61 62 69 70 76 88 89 95 97 98 100 103 108 112 116 117 122 130 131 137 138 148 154 166 179 182 185 188 190 198 201 206 208 209 213 214 218 220 221 228 229 230 235 242 244 247 249 251 260 267 268 273 275 290 297 306 307 308 318 321 324 325 332 335 336 338 350 357 
103 67 2 20 39 42 48 60 62 66 74 75 80 82 89 94 98 101 102 106 110 111 121 137 143 146 164 168 169 177 189 196 201 204 213 222 224 231 234 235 239 245 246 260 262 263 266 267 269 270 273 275 276 283 285 292 295 298 305 306 307 322 328 330 336 344 346 350 356 
104 65 7 21 28 37 41 44 45 55 62 64 70 75 76 81 109 118 130 133 134 139 161 168 172 175 188 189 190 191 197 201 206 213 222 225 231 234 235 239 245 247 257 260 265 275 278 287 291 296 298 299 301 305 306 315 321 324 326 335 340 344 347 349 350 355 359 
105 71 2 3 18 23 24 31 38 42 43 45 52 57 58 59 66 71 72 74 75 78 80 81 85 90 96 107 112 113 114 117 122 130 131 147 153 156 163 164 166 174 175 178 202 208 210 212 230 236 240 251 254 256 263 265 269 271 277 283 284 287 289 300 308 311 314 315 321 322 329 348 350 
106 60 4 8 13 15 24 31 34 36 42 43 45 48 55 59 64 75 76 90 103 109 116 119 120 125 129 142 150 179 182 185 191 193 194 198 210 218 231 233 241 246 251 257 259 260 261 267 270 271 277 288 297 302 304 306 311 327 342 343 347 350 
107 80 9 10 22 28 35 44 48 49 52 57 58 60 61 62 66 75 80 88 91 95 98 105 110 115 117 118 119 123 124 129 141 150 154 155 157 161 162 163 167 170 179 182 189 190 192 197 204 209 227 230 233 235 236 237 239 241 242 248 249 254 260 263 266 268 274 288 294 295 297 303 307 316 324 326 328 330 339 340 342 345 
108 63 4 5 25 37 48 49 53 56 59 66 67 71 81 93 95 96 102 112 117 118 119 127 128 135 136 142 143 152 155 156 161 165 178 179 183 189 199 208 211 215 216 222 232 242 251 253 264 274 278 283 285 290 292 293 298 302 317 323 326 336 339 345 353 
109 80 2 5 6 7 11 13 14 28 35 37 38 47 49 71 78 82 88 89 97 100 101 104 106 112 115 119 131 132 137 138 139 141 142 148 153 158 159 160 168 172 174 178 180 187 195 196 201 204 208 212 219 222 223 225 244 245 246 252 255 258 265 277 278 282 292 296 299 302 304 305 315 317 318 328 329 333 336 344 348 349 
110 76 1 6 13 14 19 21 25 27 33 35 37 43 46 51 61 65 68 72 73 75 81 84 91 93 99 101 103 107 114 115 120 122 127 132 137 146 156 157 161 165 174 184 204 206 207 213 215 218 224 225 230 239 241 244 252 254 258 268 270 281 284 293 298 302 304 307 308 317 337 338 344 347 350 351 355 358 
111 64 8 11 12 22 24 41 47 49 55 58 61 67 69 73 75 77 97 99 103 116 121 127 134 137 139 144 145 148 158 161 165 175 181 191 199 202 205 215 218 228 240 241 242 254 256 262 265 292 293 295 296 297 298 299 306 310 322 334 339 342 343 346 349 359 
112 68 1 4 8 11 19 21 28 53 63 65 67 71 78 83 87 91 92 98 102 105 108 109 117 124 136 137 142 147 148 158 160 180 182 186 195 200 215 218 219 224 226 228 237 239 241 242 247 248 253 254 262 263 268 276 280 285 289 291 295 302 320 326 328 342 350 351 353 354 
113 70 1 3 5 8 9 11 18 23 25 31 36 41 49 56 64 70 78 81 83 90 91 99 105 114 121 146 154 162 174 180 181 183 189 191 196 205 207 209 212 223 224 230 233 239 245 251 259 266 273 281 282 285 286 292 293 310 315 317 322 326 334 337 342 343 345 350 353 356 357 358 
114 95 2 3 9 10 13 15 19 29 34 35 37 39 41 43 44 49 56 58 61 63 76 78 79 80 85 89 91 93 101 105 110 113 116 117 128 133 134 136 142 144 148 152 153 156 166 168 173 175 176 181 182 183 188 193 195 200 202 203 206 210 215 218 223 224 227 229 235 245 248 249 252 262 265 271 273 274 277 282 288 289 292 294 300 304 308 312 318 325 327 329 333 334 335 352 356 
115 71 6 7 15 16 17 19 20 35 36 37 49 54 58 62 73 84 85 92 96 99 107 109 110 121 122 123 128 132 139 141 145 147 159 165 166 168 178 179 181 182 185 190 209 211 214 224 246 259 267 268 272 273 280 284 286 288 291 293 297 300 303 316 321 322 324 334 338 340 341 342 354 
116 63 0 3 9 24 26 30 32 37 50 59 60 69 71 77 83 86 93 99 102 106 111 114 120 124 134 145 148 150 158 159 164 167 175 176 180 184 191 193 197 203 215 221 228 247 260 265 269 270 271 278 282 301 305 306 308 316 318 324 334 336 339 349 353 
117 73 12 15 20 23 29 38 40 45 48 49 51 54 61 63 74 77 83 85 88 92 97 102 105 107 108 112 114 129 131 134 138 149 157 160 162 163 165 171 174 200 201 212 213 220 222 234 244 246 247 249 259 260 261 275 276 277 289 291 293 305 317 323 325 331 332 334 342 344 346 347 351 354 357 
118 74 6 12 15 19 21 22 33 38 46 59 62 65 71 77 86 91 93 94 98 104 107 108 120 123 125 133 135 137 142 146 149 150 154 156 163 164 169 175 177 191 192 193 200 201 213 220 222 224 232 233 246 260 265 267 278 281 289 290 301 307 312 317 318 322 326 328 336 344 347 350 351 356 358 359 
119 88 1 2 3 4 9 15 20 54 56 64 71 73 75 85 101 106 107 108 109 120 122 123 125 127 128 133 142 159 162 163 170 171 172 176 178 182 185 188 190 192 193 204 208 209 210 211 213 218 220 221 234 235 237 242 254 259 260 263 265 268 269 272 276 277 285 286 291 294 295 296 300 306 307 308 309 310 321 327 334 337 339 340 343 344 347 349 353 359 
120 65 8 11 23 35 36 45 55 62 80 89 94 95 97 106 110 116 118 119 121 125 126 127 132 137 139 140 143 147 150 153 158 167 170 178 179 180 181 189 200 205 228 234 239 246 259 261 263 270 273 274 278 288 289 301 305 307 317 327 334 338 344 345 351 357 358 
121 69 0 9 20 21 32 38 40 44 45 55 59 60 70 74 79 80 81 83 96 103 111 113 115 120 128 130 131 133 135 136 140 154 157 160 165 166 179 186 193 199 202 203 212 218 219 223 224 233 238 245 262 273 293 296 297 298 307 312 313 316 318 320 321 325 329 343 346 357 358 
122 74 4 8 9 17 20 25 28 41 43 51 56 68 83 85 92 96 97 102 105 110 115 119 123 125 128 138 142 143 144 146 155 158 165 168 181 183 186 191 194 195 200 202 204 211 214 225 226 244 253 266 268 269 271 274 275 293 295 299 300 302 303 309 312 318 325 327 328 331 338 340 348 351 357 358 
123 72 10 12 19 20 22 27 29 31 36 37 41 47 48 54 55 57 64 77 85 86 95 101 107 115 118 119 122 124 127 133 139 144 146 151 152 166 167 170 172 186 189 193 201 202 205 209 214 221 222 224 242 245 249 266 267 268 271 286 289 293 299 301 306 310 311 316 317 318 330 333 334 337 
124 73 2 8 10 12 13 15 21 26 33 34 37 40 42 45 47 65 77 85 87 88 90 91 93 107 112 116 123 125 127 130 135 139 143 150 151 157 161 163 167 168 172 177 183 185 188 200 203 204 209 211 214 217 236 243 244 249 252 255 271 275 277 279 281 286 291 292 309 316 327 332 338 345 356 
125 74 2 12 14 17 23 31 43 44 48 50 53 56 62 65 69 71 72 76 78 93 106 118 119 120 122 124 128 134 135 139 142 148 160 161 163 170 178 188 201 202 208 209 210 211 212 215 221 230 232 235 236 238 248 253 257 262 268 276 281 287 289 293 306 308 313 314 318 319 321 323 324 336 355 357 
126 63 0 2 7 14 20 21 22 30 41 45 47 51 55 57 64 81 120 132 142 144 149 159 166 167 168 171 172 176 179 187 197 201 202 208 213 216 220 223 237 250 257 261 263 264 273 275 284 292 301 302 309 313 317 320 322 325 332 343 346 352 353 354 359 
127 73 1 3 5 11 27 30 32 34 44 53 67 75 85 86 91 93 99 108 110 111 119 120 123 124 135 142 146 149 150 153 160 166 168 176 182 183 184 186 192 195 196 197 208 209 211 214 215 218 221 228 235 239 241 242 246 247 249 278 281 286 288 302 304 316 322 328 330 334 335 340 342 343 348 
128 71 3 10 12 26 31 40 46 48 51 52 53 59 63 68 85 108 114 115 119 121 122 125 129 132 136 141 142 147 152 163 168 173 178 179 191 203 204 206 207 212 215 232 240 248 252 253 256 257 261 266 273 281 282 283 287 293 294 295 297 306 309 313 317 319 322 331 334 343 350 351 353 
129 63 18 28 31 45 59 62 65 70 73 76 80 84 86 88 93 98 106 107 117 128 138 142 144 151 158 164 168 184 185 190 193 195 200 205 206 214 219 231 234 241 245 250 251 261 262 263 265 268 274 299 307 309 312 317 330 335 338 341 342 345 346 350 353 
130 69 3 9 18 21 29 35 37 39 41 47 48 57 58 73 74 88 89 94 99 101 102 104 105 121 124 135 139 140 149 156 165 168 169 170 180 185 187 198 199 207 208 211 212 214 215 227 230 246 250 263 264 275 287 293 295 296 299 304 311 312 319 321 329 332 335 337 354 356 359 
131 58 6 10 15 22 28 31 32 34 39 50 56 69 76 78 81 97 102 105 109 117 121 147 149 159 166 183 186 191 195 208 209 217 219 227 229 230 239 247 251 254 255 266 268 278 283 289 298 301 309 315 320 325 326 327 328 334 351 352 
132 68 3 6 8 17 31 32 35 42 47 52 54 60 61 67 70 72 79 85 89 93 109 110 115 120 126 128 148 150 158 159 170 182 187 188 191 198 200 206 208 210 211 212 213 217 225 236 239 241 262 276 283 293 295 298 300 305 306 312 317 319 320 329 333 337 340 351 352 356 
133 71 0 1 3 5 6 7 14 24 27 30 37 42 43 52 55 66 68 69 77 81 86 90 98 101 104 114 118 119 121 123 135 147 151 165 167 174 175 184 198 200 209 214 216 217 219 222 224 233 242 253 258 263 270 273 282 292 293 310 314 321 326 340 341 346 347 348 349 350 354 355 356 
134 66 1 6 8 15 19 22 27 31 38 42 43 44 54 56 58 59 60 64 65 67 81 89 104 111 114 116 117 125 139 148 154 155 161 167 172 184 196 201 204 206 211 213 222 234 239 245 253 261 267 281 289 292 298 301 302 305 313 316 324 338 339 342 344 345 346 347 
135 73 1 11 23 25 33 34 39 44 54 65 69 71 73 79 81 84 89 94 95 100 108 118 121 124 125 127 130 133 140 146 149 152 154 158 160 161 163 165 172 174 179 184 213 231 239 252 253 255 256 257 258 267 273 279 281 287 293 300 301 303 304 313 316 317 320 325 326 328 332 341 342 343 348 
136 71 0 11 17 20 22 23 30 31 33 38 42 43 54 57 62 66 69 76 81 83 86 92 108 112 114 121 128 138 140 156 157 161 167 173 178 193 199 206 218 224 230 236 242 255 256 257 259 261 263 264 266 267 274 282 288 292 295 303 315 319 323 336 337 338 342 345 347 349 350 352 355 
137 80 1 7 13 16 18 22 25 31 36 37 38 40 45 53 54 57 64 66 73 75 78 81 83 85 90 102 103 109 110 111 112 118 120 138 149 161 162 169 171 177 179 180 181 186 188 190 193 199 203 210 213 225 227 234 236 245 250 251 252 254 259 262 263 267 270 271 281 286 303 304 308 309 310 312 315 325 328 334 345 353 
138 73 5 7 8 14 17 27 31 35 44 45 50 52 57 58 59 60 72 73 75 93 95 96 101 102 109 117 122 129 136 137 139 147 151 163 170 172 178 179 182 183 185 190 191 196 207 209 213 216 221 232 241 246 248 260 265 294 296 297 308 312 319 321 324 327 328 329 332 339 340 347 350 352 355 
139 79 9 14 23 38 41 45 51 52 57 62 63 65 67 70 71 74 76 79 81 84 86 99 104 109 111 115 120 123 124 125 130 134 138 148 155 160 168 170 179 181 183 189 194 196 197 205 207 208 211 214 215 217 226 231 233 237 241 249 251 255 265 266 268 270 272 279 298 307 315 319 322 323 336 338 339 340 342 343 356 
140 72 0 3 4 7 9 13 17 20 26 28 30 31 36 54 56 57 61 69 71 74 81 85 86 91 97 99 120 121 130 135 136 143 148 149 151 152 155 159 164 167 168 179 181 185 193 202 213 222 230 234 235 237 239 243 244 254 257 264 268 274 275 278 293 296 302 306 310 311 322 329 349 351 
141 62 2 9 10 20 31 37 45 47 49 57 59 62 67 71 72 84 93 95 98 100 101 107 109 115 128 144 146 149 152 159 161 169 171 176 178 184 192 193 198 203 204 221 234 238 242 243 252 253 258 268 274 278 287 293 298 303 304 310 320 333 340 353 
142 86 1 5 6 21 24 27 35 40 45 57 61 64 67 73 75 81 83 84 89 90 99 100 101 106 108 109 112 114 118 119 122 125 126 127 128 129 144 146 159 161 163 164 167 168 170 178 179 187 191 198 202 204 208 210 221 228 229 230 234 238 250 259 264 269 273 284 287 290 292 299 301 302 303 309 310 312 317 319 323 326 331 336 339 344 345 346 
143 71 4 13 17 18 26 33 34 48 50 51 52 56 64 75 81 83 85 93 97 99 101 103 108 120 122 124 140 144 149 178 186 192 197 211 216 217 223 229 231 232 235 241 242 250 261 263 266 272 273 278 280 288 291 293 294 299 310 311 312 317 325 327 335 337 339 341 343 346 354 357 358 
144 70 6 7 18 20 22 26 28 29 39 43 51 52 55 74 79 85 87 88 90 91 94 111 114 122 123 126 129 141 142 143 147 158 161 166 177 183 194 206 208 209 211 213 214 220 229 234 235 242 251 252 259 260 263 264 266 270 287 292 293 298 308 315 316 317 328 329 336 337 340 355 
145 65 4 10 11 27 29 37 41 43 44 49 52 53 54 58 67 80 87 93 94 96 98 101 111 115 116 149 150 156 161 163 165 167 181 182 189 190 192 194 197 211 212 219 224 228 230 246 248 250 254 257 263 264 270 273 279 280 286 294 297 299 305 307 319 331 333 
146 82 11 14 17 18 23 27 29 32 33 35 42 44 52 57 59 61 70 73 74 79 80 86 93 99 100 101 103 110 113 118 122 123 127 135 141 142 153 155 160 161 162 164 172 173 179 182 190 191 194 213 214 222 236 237 239 243 245 248 249 251 254 261 264 265 267 270 273 274 277 278 282 283 290 291 296 299 313 328 334 347 357 359 
147 71 7 17 38 39 41 44 49 60 68 70 72 73 82 105 112 115 120 128 131 133 138 144 149 153 156 159 160 164 165 168 170 172 175 178 179 180 181 187 196 199 204 218 231 232 238 239 249 253 264 265 266 275 278 280 285 286 287 296 303 308 325 327 328 335 336 337 345 347 349 351 359 
148 85 7 8 11 26 29 30 32 36 41 45 49 50 55 56 60 68 71 74 75 76 79 82 86 87 92 101 102 109 111 112 114 116 125 132 134 139 140 152 155 156 165 172 176 177 186 187 189 190 195 198 205 209 211 214 224 225 243 245 246 247 250 253 254 258 260 277 280 286 292 301 305 307 309 311 314 319 326 328 333 338 344 345 346 351 353 
149 93 0 1 14 15 16 22 25 31 32 33 41 44 47 49 51 53 54 59 63 66 73 74 94 96 117 118 126 127 130 131 135 137 140 141 143 145 147 153 155 166 172 173 174 183 192 195 196 197 200 206 209 211 218 220 221 222 224 225 236 244 249 250 252 258 268 274 277 280 285 286 288 289 290 292 302 304 305 308 309 310 314 317 318 325 331 334 336 338 339 340 353 357 359 
150 69 2 8 12 20 23 27 30 31 38 42 47 48 49 50 54 55 63 68 71 82 94 95 106 107 116 118 120 124 127 132 145 153 155 159 161 163 164 171 176 178 181 190 191 193 194 200 215 229 232 239 243 247 249 255 257 259 278 281 284 291 296 297 306 308 321 323 327 338 342 
151 67 5 12 14 17 18 20 21 27 30 31 40 48 60 64 66 77 96 97 123 124 129 133 138 140 156 162 166 171 176 178 180 194 196 197 201 204 205 207 210 214 219 224 227 229 234 238 239 244 265 273 274 286 293 296 305 306 307 308 311 315 323 330 331 333 335 342 350 
152 75 3 5 6 11 22 24 31 33 34 35 40 47 52 53 56 58 63 64 65 66 68 74 76 80 81 82 94 96 101 108 114 123 128 135 140 141 148 156 163 169 171 174 176 178 181 192 199 202 207 210 211 212 216 227 231 234 236 242 257 261 278 286 287 289 291 293 299 303 305 310 312 327 329 336 351 
153 63 2 4 8 10 20 39 42 51 64 65 70 73 76 80 88 92 93 101 105 109 114 120 127 146 147 149 150 155 157 158 161 165 181 183 185 192 199 200 201 210 216 225 231 232 241 242 248 268 273 277 279 285 290 297 298 311 315 323 324 334 338 339 343 
154 60 5 8 26 33 34 37 38 41 58 74 82 88 91 95 96 100 102 107 113 118 121 134 135 156 158 162 165 167 172 173 174 178 182 188 189 192 194 196 199 206 212 224 231 237 243 248 253 260 261 269 281 288 291 294 304 305 311 325 328 341 
155 81 11 19 24 29 32 33 36 37 38 44 45 50 51 52 53 58 60 66 71 76 78 79 93 95 96 107 108 122 134 139 140 146 148 149 150 153 163 170 171 180 184 185 191 193 194 196 200 205 207 210 212 213 216 225 230 231 235 240 253 256 261 264 269 271 278 293 297 301 307 313 315 320 324 327 332 337 341 348 351 352 359 
156 89 1 10 15 20 21 33 37 43 50 51 52 53 55 58 59 60 63 64 72 76 81 86 89 92 94 99 105 108 110 114 118 130 136 145 147 148 151 152 154 161 162 163 167 171 180 181 185 186 196 197 198 199 202 205 206 208 210 211 215 216 217 222 227 242 245 247 248 256 262 263 266 281 285 288 290 291 294 306 320 321 322 323 324 338 341 343 345 354 359 
157 63 1 4 11 12 13 16 19 22 23 41 44 49 51 52 55 70 71 92 107 110 117 121 124 136 153 161 162 163 166 167 168 181 191 212 214 220 235 236 246 248 249 258 261 263 264 272 274 294 298 304 305 307 313 315 324 326 328 334 336 339 340 354 358 
158 68 9 10 12 23 25 29 33 36 44 46 52 56 66 67 81 95 97 109 111 112 116 120 122 129 132 135 144 153 154 159 164 172 177 178 185 186 199 200 207 210 217 231 236 237 240 246 247 251 252 257 261 266 267 271 274 275 276 285 289 297 299 310 324 332 338 350 351 352 
159 80 6 7 12 13 14 16 17 20 23 31 32 37 39 40 42 48 50 67 69 70 72 73 77 79 80 85 91 95 109 115 116 119 126 131 132 140 141 142 147 150 158 161 165 167 171 173 180 185 186 193 195 197 201 209 213 215 222 227 231 236 260 265 267 268 270 271 292 295 297 298 301 304 313 322 326 329 347 349 352 356 
160 76 2 21 27 30 34 36 38 43 49 51 54 58 74 77 78 85 93 99 100 109 112 117 121 125 127 135 139 146 147 164 166 167 169 170 172 175 186 190 200 216 219 236 237 238 240 243 248 252 254 256 257 261 276 279 282 286 289 290 293 295 297 303 305 306 309 311 313 325 327 335 340 345 346 351 352 354 
161 92 3 4 5 13 15 22 25 27 31 40 46 50 53 57 62 63 66 71 76 77 78 82 84 86 94 97 104 107 108 110 111 124 125 134 135 136 137 141 142 144 145 146 150 153 156 157 159 164 166 176 178 179 184 186 189 195 198 202 203 205 209 210 213 223 233 239 242 246 252 260 264 265 268 274 276 279 282 287 288 297 306 309 310 311 320 322 327 337 340 347 355 357 
162 61 0 9 24 29 30 32 37 38 47 49 50 52 59 60 68 74 75 82 85 86 89 91 97 101 107 113 117 119 137 146 151 154 156 157 176 179 187 196 202 203 216 219 223 224 226 236 254 265 266 271 285 286 287 288 292 295 301 314 320 339 353 
163 74 0 1 13 14 26 28 31 34 46 54 59 60 75 76 78 85 89 90 94 96 105 107 117 118 119 124 125 128 135 138 142 145 150 152 155 156 157 170 178 187 200 202 204 205 211 213 215 228 233 235 236 238 240 242 244 245 249 250 258 261 264 276 280 281 284 286 291 300 320 326 327 328 329 335 
164 70 0 13 16 20 28 31 36 39 42 48 50 52 53 57 75 79 84 90 92 103 105 116 118 129 140 142 146 147 150 158 160 161 165 169 176 189 195 199 202 215 220 221 222 230 236 240 242 247 251 255 258 261 262 270 272 273 290 301 302 307 310 311 316 317 318 322 341 351 352 357 
165 74 4 12 17 18 21 27 33 45 52 55 60 65 68 70 73 75 77 78 84 86 88 101 108 110 111 115 117 121 122 130 133 135 145 147 148 153 154 159 164 173 176 181 182 192 201 207 214 226 242 244 252 253 254 256 257 268 280 282 285 290 294 295 301 302 303 304 310 319 320 321 324 348 356 358 
166 64 0 5 14 16 17 32 33 37 48 49 52 54 55 56 68 75 89 91 99 102 105 114 115 121 123 126 127 131 144 149 151 157 160 161 168 169 171 184 185 189 200 209 215 220 223 237 244 249 251 254 258 260 264 271 275 307 309 317 322 327 337 340 343 355 
167 76 2 3 15 23 24 31 38 39 40 42 47 49 56 61 70 74 80 86 88 94 96 99 107 116 120 123 124 126 133 134 136 140 142 145 154 156 157 159 160 191 192 207 211 222 224 228 231 233 239 246 247 248 252 255 258 259 262 264 270 281 285 292 299 307 310 311 312 313 315 316 317 318 329 341 344 353 
168 72 2 3 5 21 24 26 40 41 46 50 65 66 67 70 74 75 85 87 91 92 94 95 98 103 104 109 114 115 122 124 126 127 128 129 130 139 140 142 147 157 166 184 190 206 207 211 216 218 222 224 233 241 242 243 247 250 255 257 261 262 272 283 284 288 290 297 303 318 321 333 343 346 
169 79 2 3 10 21 25 34 37 42 43 49 52 61 76 77 82 87 88 93 95 97 98 99 103 118 130 137 141 152 160 164 166 172 175 176 181 183 190 191 193 195 204 209 218 224 229 237 239 247 248 253 259 264 269 270 271 279 281 284 285 286 290 296 300 301 303 304 307 308 313 323 332 334 344 348 349 350 352 354 357 
170 73 5 7 19 24 28 32 35 44 58 74 79 83 84 86 89 90 91 96 99 107 119 120 123 125 130 132 138 139 142 147 155 160 163 171 172 176 186 189 190 192 193 194 200 201 202 214 223 228 234 236 238 241 242 250 254 265 273 274 283 289 291 292 294 296 302 315 319 325 332 336 341 352 354 
171 73 4 7 17 23 25 27 30 31 37 40 43 47 49 52 58 59 62 64 77 85 90 93 97 117 119 126 137 141 150 151 152 155 156 159 166 170 173 175 181 183 184 190 191 198 211 213 220 224 225 235 239 242 248 254 260 270 271 272 280 302 303 316 317 320 323 328 330 331 332 339 345 346 355 
172 72 6 11 13 16 21 29 32 37 42 45 46 51 56 59 61 67 71 82 89 104 109 119 123 124 126 134 135 138 146 147 148 149 154 158 160 169 170 175 179 183 186 187 191 197 203 204 212 218 222 225 230 232 236 240 251 257 261 267 279 284 287 297 301 302 307 313 344 345 346 353 355 357 
173 75 0 12 15 16 18 21 27 29 32 35 39 44 47 55 57 58 60 67 71 76 81 83 85 93 94 95 114 128 136 146 149 154 159 165 171 179 186 192 195 196 197 198 200 206 214 222 223 226 235 239 242 244 249 252 254 258 259 264 266 273 274 284 294 295 309 318 319 320 321 323 327 333 346 349 351 
174 71 0 3 4 9 14 17 20 24 30 31 44 60 67 69 72 74 76 78 80 81 82 83 96 100 105 109 110 113 117 133 135 149 152 154 179 187 197 199 201 203 208 214 216 231 234 237 241 243 253 257 265 269 273 279 286 294 311 316 317 324 327 334 335 339 342 343 346 352 354 355 359 
175 71 0 3 5 6 11 14 17 20 22 36 38 41 42 43 55 61 75 76 83 89 100 104 105 111 114 116 118 133 147 160 169 171 172 177 181 183 184 186 193 201 207 211 218 227 229 232 241 245 246 251 263 266 267 268 271 273 274 277 295 307 309 311 322 324 329 338 339 344 347 352 353 
176 86 0 2 3 11 16 19 23 24 26 27 29 32 38 40 44 50 51 52 55 57 62 65 69 71 78 81 86 90 94 100 114 116 119 126 127 141 148 150 151 152 161 162 164 165 169 170 187 192 195 196 205 207 210 222 223 227 229 232 236 241 244 249 254 255 258 265 269 270 276 281 283 287 290 291 296 298 302 308 315 316 317 323 330 336 341 343 
177 60 5 6 7 9 12 19 28 36 59 63 64 77 79 81 97 100 103 118 124 137 144 148 158 175 190 196 200 202 214 215 216 217 218 221 234 249 256 262 264 265 272 281 282 285 289 291 293 298 299 310 311 313 314 325 326 328 330 334 350 354 
178 78 2 20 23 25 32 33 35 37 39 50 51 53 54 63 77 78 80 81 82 86 88 94 95 105 108 109 115 119 120 125 128 136 138 141 142 143 147 150 151 152 154 158 161 163 185 198 202 217 219 220 222 223 227 229 232 237 251 252 253 258 265 269 297 302 303 304 307 311 316 322 326 327 335 336 346 348 349 351 
179 68 3 12 31 32 33 43 54 57 63 66 71 78 87 88 93 97 102 106 107 108 115 120 121 126 128 135 137 138 139 140 142 146 147 161 162 172 173 174 180 187 188 211 216 224 239 242 244 254 256 260 262 263 267 268 270 274 281 282 307 308 313 321 326 336 344 349 350 353 
180 70 4 18 23 30 36 63 72 73 76 85 88 98 101 109 112 113 116 120 130 137 147 151 155 156 159 179 188 206 211 213 218 227 230 231 232 238 240 241 242 244 245 246 247 248 250 251 259 283 284 286 288 297 300 302 306 312 313 315 321 322 323 327 328 331 333 337 345 347 353 354 
181 73 0 2 17 27 28 34 36 39 50 58 66 69 71 72 75 76 82 86 94 97 101 111 113 114 115 120 122 137 139 140 145 147 150 152 153 156 157 165 169 171 175 183 200 208 218 228 232 235 238 247 250 257 261 267 273 274 276 279 286 287 296 298 301 304 306 320 324 332 336 339 340 345 354 
182 62 1 10 18 30 31 36 49 56 58 61 69 70 72 73 85 101 102 106 107 112 114 115 119 127 132 138 145 146 154 165 185 197 200 203 213 221 222 225 227 234 245 253 266 268 276 281 286 295 297 299 301 305 306 310 312 314 320 330 338 348 351 359 
183 66 0 3 7 17 21 28 32 41 43 46 47 53 59 61 64 68 70 77 93 108 113 114 122 124 127 131 138 139 144 149 153 169 171 172 175 181 184 191 205 211 216 218 228 229 234 235 239 242 247 257 262 272 276 278 286 287 292 296 300 306 313 322 336 349 350 351 
184 74 8 12 13 21 22 23 25 31 52 57 69 72 73 84 95 96 98 110 116 127 129 133 134 135 141 155 161 166 168 171 175 183 185 188 194 195 201 202 209 211 215 217 220 224 230 238 241 252 256 258 261 262 265 277 278 279 282 289 292 294 303 307 312 319 321 323 329 331 334 339 342 343 353 355 
185 75 0 3 11 14 26 30 32 40 42 53 55 57 70 72 79 81 82 84 102 106 115 119 124 129 130 138 140 153 155 156 158 159 166 178 182 184 189 194 197 199 201 206 217 219 221 230 233 234 245 248 249 255 258 261 265 269 275 276 277 286 289 295 308 310 320 324 326 337 343 346 350 354 355 358 359 
186 62 4 10 31 33 35 38 52 53 61 78 84 87 112 121 122 123 127 131 137 143 148 156 158 159 160 161 170 172 173 175 200 203 211 218 219 223 232 240 247 261 264 268 269 272 278 279 291 301 304 328 329 331 332 333 334 335 338 339 341 348 355 356 
187 71 2 9 10 15 20 24 26 31 33 34 39 42 46 54 57 58 61 64 65 67 75 77 99 100 109 126 130 132 142 147 148 162 163 172 174 176 179 193 201 204 207 212 215 218 220 221 224 227 231 232 255 261 262 267 280 287 290 291 293 296 300 303 315 317 320 327 338 343 344 357 359 
188 58 4 5 6 24 30 44 47 51 61 65 86 87 92 93 94 99 101 102 104 114 119 124 125 132 137 154 179 180 184 193 194 195 196 201 202 210 216 217 226 240 253 261 268 273 274 277 296 300 301 319 328 333 334 341 342 345 348 350 
189 61 2 4 22 25 30 32 37 39 51 54 58 60 63 87 93 95 99 101 103 104 107 108 113 120 123 139 145 148 154 161 164 166 170 185 194 199 202 204 210 214 232 233 242 244 248 249 257 271 284 289 300 308 309 319 325 334 336 339 344 349 359 
190 79 11 12 18 19 22 23 26 31 37 39 43 44 46 47 49 57 58 60 67 84 87 93 95 100 102 104 107 115 119 129 137 138 145 146 148 150 160 168 169 170 171 177 192 194 205 207 211 213 216 222 223 227 228 231 240 243 244 245 246 247 252 268 273 274 277 282 289 293 306 309 314 322 327 332 343 344 352 357 358 
191 81 2 7 8 9 14 15 19 21 22 24 46 54 55 64 69 71 74 77 78 79 89 100 104 106 111 113 116 118 122 128 131 132 138 142 146 150 155 157 167 169 171 172 183 192 196 199 202 206 207 211 212 215 218 222 223 239 244 253 261 272 274 281 283 284 286 288 294 297 303 310 324 335 338 343 345 347 348 350 351 355 358 
192 72 5 7 13 21 31 32 37 39 43 45 46 53 65 66 67 68 72 81 89 107 118 119 127 141 143 145 149 152 153 154 165 167 170 173 176 190 191 194 197 199 204 206 212 215 217 221 224 229 232 241 252 255 256 261 271 275 282 283 296 297 303 306 316 317 321 322 325 329 335 337 339 359 
193 82 1 9 24 26 36 45 51 53 54 59 60 63 67 69 71 72 79 80 83 89 95 99 106 114 116 118 119 121 123 129 136 137 140 141 150 155 159 169 170 175 187 188 196 198 201 202 204 217 218 221 223 225 229 231 238 251 265 266 269 277 280 281 282 283 291 293 298 301 302 313 314 319 321 324 332 339 342 343 345 352 358 359 
194 67 4 7 12 19 25 38 47 53 54 56 57 62 78 81 89 95 96 106 122 139 144 145 146 150 151 154 155 170 184 185 188 189 190 192 195 202 203 213 216 220 234 236 238 247 249 253 271 279 283 285 305 308 314 316 317 319 320 323 328 332 333 335 344 350 356 358 359 
195 71 4 11 13 19 24 30 31 35 36 44 46 51 54 61 68 70 73 80 91 97 98 109 112 114 122 127 129 131 148 149 159 161 164 169 173 176 184 188 194 199 202 212 220 223 228 229 231 235 243 247 254 257 259 273 274 276 277 287 292 299 302 315 316 319 330 332 334 339 340 345 355 
196 72 2 4 8 9 10 28 33 42 46 47 56 57 69 74 78 80 82 86 88 92 98 99 100 101 103 109 113 127 134 138 139 147 149 151 154 155 156 162 173 176 177 188 191 193 199 201 206 218 225 227 244 245 246 248 251 260 267 271 282 287 288 289 290 297 303 304 313 315 323 336 351 352 
197 84 0 1 2 3 8 10 18 21 23 30 31 34 38 39 44 45 52 64 70 71 79 81 86 87 88 104 107 116 126 127 139 143 145 149 151 156 159 172 173 174 182 185 192 199 200 204 207 209 210 217 218 226 227 228 232 243 249 261 262 264 269 270 272 274 277 286 298 299 301 303 306 320 322 324 326 329 334 338 339 342 347 354 357 359 
198 60 14 15 16 27 29 37 38 50 53 54 58 64 73 85 93 96 101 102 106 130 132 133 141 142 148 156 161 171 173 178 193 201 212 216 220 225 228 230 241 248 252 253 258 269 271 279 296 298 301 302 306 317 319 326 330 333 344 350 353 354 
199 70 7 9 11 12 20 21 22 30 36 42 45 61 72 81 82 85 89 92 96 108 111 121 130 136 137 147 152 153 154 156 158 164 174 185 189 191 192 195 196 197 200 205 214 215 222 228 231 233 235 237 242 248 258 260 263 273 286 287 294 299 303 304 306 313 314 323 324 332 353 355 
200 81 0 2 3 15 16 20 21 34 40 52 53 54 63 66 85 86 87 94 112 114 117 118 120 122 124 129 132 133 149 150 153 155 158 160 163 166 170 173 177 181 182 186 197 199 201 211 215 216 224 227 229 231 238 245 246 248 252 256 258 260 261 264 272 277 283 291 295 309 312 313 314 323 325 326 331 332 333 337 344 345 350 
201 81 2 4 8 14 17 21 22 27 28 37 47 70 71 74 81 84 86 87 90 91 102 103 104 109 117 118 123 125 126 134 151 153 159 165 170 174 175 184 185 187 188 193 196 198 200 203 208 209 224 226 230 232 239 242 244 245 248 249 252 256 266 267 268 270 271 286 290 294 299 303 304 307 317 331 333 339 340 341 343 353 354 
202 61 0 12 16 19 33 35 37 44 45 46 47 57 84 85 89 99 100 101 105 111 114 121 122 123 125 126 140 142 152 156 161 162 163 164 170 177 178 184 188 189 191 193 194 195 243 246 249 265 273 274 283 300 301 303 314 328 332 336 340 346 353 
203 69 5 16 20 30 32 38 39 41 42 47 49 54 55 59 61 62 65 66 71 72 83 96 114 116 121 124 128 137 141 161 162 172 174 182 186 194 201 205 209 211 213 223 224 225 229 231 232 242 248 249 251 263 265 266 268 271 282 287 292 299 302 303 315 316 327 333 343 350 358 
204 84 7 12 14 16 33 34 37 39 40 42 45 52 56 61 64 65 71 77 79 82 83 85 87 94 97 99 101 103 107 109 110 119 122 124 128 134 141 142 147 151 163 169 172 187 189 192 193 197 206 209 214 222 229 230 234 235 236 237 239 244 256 261 278 286 290 294 295 297 298 302 306 310 315 318 325 326 327 328 329 340 341 343 345 352 
205 67 0 3 4 5 11 15 17 22 26 34 43 53 54 62 70 71 80 100 101 111 113 120 123 129 139 148 151 155 156 161 163 176 183 190 199 203 209 210 212 217 222 225 230 232 236 244 246 259 260 268 275 281 288 296 298 299 300 303 307 311 314 315 323 343 345 352 354 
206 86 3 5 9 12 16 21 22 23 25 27 28 35 37 38 48 53 55 59 60 61 62 70 71 77 80 84 86 94 97 101 102 104 110 114 128 129 132 134 136 144 149 154 156 168 173 180 185 191 192 196 204 212 215 224 232 233 235 236 239 241 242 246 264 265 271 273 274 280 285 286 287 291 295 302 305 306 310 318 321 323 325 326 340 346 350 359 
207 69 2 4 5 8 15 25 32 34 40 41 49 50 87 89 96 99 100 110 113 128 130 138 139 151 152 155 158 165 167 168 175 176 187 190 191 197 208 210 212 214 216 223 230 235 243 245 256 258 265 269 270 273 278 284 286 290 294 295 296 302 305 307 311 330 333 342 344 354 358 
208 50 13 14 16 20 27 34 36 50 57 80 88 91 94 95 102 105 108 109 119 125 126 127 130 131 132 139 142 144 156 174 181 201 207 223 228 234 260 268 279 280 289 302 306 307 313 319 325 327 348 359 
209 68 15 16 20 41 48 53 55 66 68 70 71 73 81 85 93 94 99 102 107 113 115 119 123 124 125 127 131 133 138 144 148 149 159 161 166 169 184 197 201 203 204 205 213 214 217 225 234 237 240 241 243 251 260 272 276 279 280 283 284 285 294 300 301 304 319 340 351 356 
210 73 2 8 10 14 21 25 28 31 38 39 42 53 66 67 69 74 80 92 97 101 105 106 114 119 125 132 137 142 151 152 153 155 156 158 161 176 188 189 197 205 207 211 212 217 222 225 226 230 231 235 236 241 253 254 258 264 274 276 286 292 297 300 302 308 309 313 318 320 327 328 348 349 357 
211 77 2 13 14 16 23 32 36 38 46 49 52 56 61 64 66 67 70 71 76 77 90 95 100 108 115 119 122 124 125 127 130 132 134 139 143 144 145 148 149 152 156 163 167 168 171 175 179 180 183 184 186 190 191 200 203 210 222 225 229 240 243 265 267 275 281 290 310 315 316 321 333 334 346 349 352 356 357 
212 71 6 7 10 15 21 23 30 32 42 49 50 51 63 75 81 83 88 91 92 94 96 100 101 105 109 113 117 121 125 128 130 132 145 152 154 155 157 172 187 191 192 195 198 205 206 207 210 214 218 227 230 234 245 254 268 272 278 280 281 284 289 290 291 311 312 321 324 331 346 349 359 
213 67 3 7 13 16 29 50 54 55 58 65 70 78 83 85 92 101 102 103 104 110 117 118 119 126 132 134 135 137 138 140 144 146 155 159 161 163 171 180 182 190 194 203 209 214 217 221 228 233 234 240 251 276 280 287 291 294 295 303 310 311 313 318 346 348 353 355 356 
214 80 0 6 10 15 18 19 31 44 45 48 52 54 61 68 74 76 77 84 85 99 100 102 115 122 123 124 127 129 130 133 139 144 146 148 151 157 165 170 173 174 177 189 199 204 207 209 212 213 216 217 219 223 228 229 231 235 236 238 242 249 261 270 275 278 285 291 298 304 307 310 312 314 325 328 329 341 343 344 354 357 
215 75 9 10 21 29 31 34 43 53 62 64 75 79 81 83 85 87 93 108 110 111 112 114 116 125 127 128 130 139 150 156 159 163 164 166 177 184 187 191 192 199 200 206 218 225 226 231 234 242 248 251 252 253 258 264 266 275 280 283 290 294 297 307 312 317 318 321 324 331 332 333 340 341 343 347 350 
216 76 0 6 11 21 27 49 62 65 66 68 70 76 77 84 87 89 91 99 101 108 126 133 138 143 152 153 155 156 160 162 168 174 177 179 183 188 190 194 198 200 207 214 217 219 221 225 229 237 246 248 253 254 261 272 279 284 292 294 295 302 308 309 312 317 319 320 323 326 329 336 338 339 348 351 352 357 
217 85 0 3 4 10 14 15 18 23 32 34 40 42 46 52 53 58 61 65 68 70 71 73 76 79 85 88 124 131 132 133 139 143 156 158 177 178 184 185 188 192 193 197 205 209 210 213 214 216 218 220 221 222 225 231 232 234 237 239 241 243 244 248 252 255 256 266 269 273 277 278 280 281 290 291 300 301 304 312 316 317 320 321 323 329 338 
218 78 5 11 17 25 26 28 29 34 38 40 42 43 47 49 52 56 57 65 69 70 72 75 81 83 86 89 92 96 100 102 106 110 111 112 114 119 121 127 136 147 149 168 169 172 175 177 180 181 183 186 187 191 193 196 197 212 215 217 222 224 229 232 245 262 270 272 275 279 286 292 300 310 318 323 325 328 331 350 
219 67 8 9 10 14 26 30 31 35 36 40 51 52 57 62 67 70 75 76 77 82 83 87 88 91 94 101 109 112 121 129 131 133 145 151 160 162 178 185 186 214 216 224 226 230 231 239 253 262 263 269 278 291 298 299 308 310 313 318 325 334 335 337 340 343 348 349 351 
220 69 0 9 10 19 23 25 39 41 61 68 69 70 80 83 84 86 90 94 95 96 97 99 102 117 118 119 126 144 149 157 164 166 171 178 184 187 194 195 198 217 228 229 232 235 237 243 245 249 262 270 271 281 283 287 296 297 299 300 301 305 313 314 317 324 334 341 342 344 350 
221 74 12 16 18 27 30 33 36 39 48 58 64 66 80 81 82 86 91 96 97 100 102 116 119 123 125 127 138 141 142 149 164 177 182 185 187 192 193 213 216 217 224 232 233 236 246 250 260 261 265 266 271 272 273 286 288 290 293 295 298 299 304 307 309 312 314 315 316 319 330 337 346 350 352 359 
222 79 8 9 11 16 17 25 26 30 36 39 41 44 49 50 61 72 98 99 103 104 108 109 117 118 123 133 134 140 146 149 156 159 164 167 168 172 173 176 178 182 190 191 199 204 205 210 211 217 218 223 225 226 231 242 247 251 254 260 265 272 275 277 278 280 284 287 292 300 309 316 317 320 324 327 333 341 346 353 356 
223 68 4 7 15 21 28 49 58 59 68 72 74 79 86 89 93 95 109 113 114 121 126 143 161 162 166 170 173 176 178 186 190 191 193 195 203 207 208 214 222 224 226 227 239 242 246 250 251 252 259 267 268 271 272 280 287 291 299 300 305 317 322 325 335 340 341 342 345 357 
224 83 2 4 6 12 13 16 26 27 37 38 50 59 60 62 77 81 88 89 90 92 93 94 99 103 110 112 113 114 115 118 121 123 133 136 145 148 149 151 154 162 167 168 169 171 179 184 187 192 200 201 203 206 218 219 221 223 228 230 235 242 247 253 269 270 279 286 293 294 296 304 305 311 314 317 319 325 329 344 347 350 354 357 359 
225 76 14 17 19 24 26 27 33 38 44 45 48 50 51 61 63 74 77 87 88 104 109 110 122 132 137 148 149 153 155 171 172 182 193 196 198 203 205 209 210 211 215 216 217 222 230 231 232 233 246 248 258 259 261 264 270 275 276 287 296 300 306 308 309 314 316 319 321 323 326 328 331 334 343 345 347 353 
226 66 2 5 15 27 29 31 33 37 39 40 43 49 54 56 62 67 75 80 83 85 86 95 98 99 112 122 139 162 165 173 188 197 201 210 215 219 222 223 235 240 250 261 262 268 272 273 275 282 284 292 295 302 304 307 313 314 317 319 321 325 330 332 340 347 350 351 
227 62 1 14 24 30 34 37 45 61 64 65 71 83 92 93 95 107 114 130 131 137 151 152 156 159 175 176 178 180 182 187 190 196 197 200 212 223 228 232 242 245 255 256 258 262 264 277 284 291 292 294 301 306 308 317 321 328 332 334 336 351 352 357 
228 69 0 5 7 8 9 10 14 15 20 25 27 32 33 43 45 53 74 80 88 90 94 102 111 112 116 120 127 142 145 163 167 170 181 183 190 195 197 198 199 208 213 214 220 224 227 230 241 242 243 246 250 253 261 266 272 274 275 279 282 292 312 314 325 331 334 340 345 354 357 
229 81 3 4 9 17 19 21 30 33 35 37 38 45 54 55 56 58 63 67 68 72 81 86 99 102 114 131 142 143 144 150 151 169 175 176 178 183 192 193 195 200 203 204 211 214 216 218 220 230 232 233 235 236 242 250 254 255 257 260 262 264 265 275 278 280 299 300 305 306 314 316 322 324 329 331 334 340 350 352 353 355 358 
230 69 4 34 44 47 48 50 52 59 62 71 72 75 76 81 82 83 86 88 100 102 105 107 110 113 125 130 131 136 140 142 145 155 164 172 180 184 185 198 201 204 205 207 210 212 219 224 225 228 229 239 242 246 259 273 278 282 287 290 297 302 320 331 344 347 348 351 354 355 357 
231 67 0 25 27 35 40 44 46 51 69 73 78 80 84 87 90 103 104 106 129 135 139 143 147 152 153 154 155 158 159 167 174 180 187 190 193 195 199 200 203 210 214 215 217 219 222 225 242 243 245 249 252 254 266 268 272 274 296 302 312 322 323 328 330 341 344 345 352 
232 73 0 17 24 29 33 40 50 51 52 55 57 61 67 69 73 74 81 85 86 93 108 118 125 128 138 143 147 150 153 172 175 176 178 180 181 186 187 189 192 197 201 203 205 206 217 218 220 221 225 227 229 247 252 255 258 263 267 269 270 271 275 285 287 290 292 297 308 309 310 311 323 324 355 
233 58 2 8 15 21 29 37 48 57 58 60 64 73 84 100 106 107 113 118 121 133 139 161 163 167 168 185 189 199 206 213 221 225 229 237 254 261 262 264 270 271 272 273 275 276 284 290 293 295 299 303 306 307 317 327 337 338 339 348 
234 75 1 6 12 19 25 30 32 35 39 45 48 51 52 53 56 59 64 66 71 79 81 82 83 93 95 103 104 117 119 120 129 134 137 140 141 142 144 151 152 170 174 177 182 183 185 194 204 208 209 212 213 215 217 244 245 247 265 269 280 287 288 293 296 319 325 333 337 338 341 344 345 352 353 356 358 
235 71 10 12 17 29 31 40 50 53 54 60 68 74 78 99 102 103 104 107 114 119 125 127 140 143 144 155 157 163 171 173 181 183 195 199 204 206 207 210 214 220 224 226 229 236 242 250 253 255 259 268 269 276 284 285 287 289 292 295 296 300 309 312 317 318 324 326 335 340 350 355 359 
236 74 7 8 9 17 20 22 23 26 27 36 43 53 54 59 63 65 76 77 80 94 95 100 105 107 124 125 132 136 137 146 149 152 157 158 159 160 162 163 164 170 172 176 194 204 205 206 210 214 221 229 235 241 243 246 248 251 258 264 265 267 275 280 306 311 313 324 326 327 329 331 338 340 352 353 
237 65 6 8 21 23 25 26 27 49 55 61 62 70 81 84 88 90 98 100 101 107 112 119 126 139 140 146 154 158 160 166 169 174 178 199 204 209 216 217 220 233 238 251 262 264 270 271 272 277 285 286 289 291 304 307 310 312 320 329 332 333 351 352 354 356 358 
238 60 0 1 2 3 9 20 24 25 27 38 44 50 56 57 62 65 67 68 72 86 92 99 101 121 125 141 142 147 151 160 163 170 180 181 184 193 194 200 214 237 239 242 246 247 250 259 268 277 291 296 307 314 316 325 330 333 334 338 339 351 
239 77 0 4 11 17 19 20 23 25 28 36 38 39 40 44 63 64 67 72 78 79 82 90 98 103 104 107 110 112 113 120 127 131 132 134 135 140 146 147 150 151 161 167 169 171 173 179 183 191 201 204 206 217 219 223 230 238 243 245 251 253 254 256 259 265 270 273 286 303 322 323 324 326 327 328 338 350 359 
240 58 8 12 13 37 38 39 40 42 48 53 55 68 80 85 88 95 96 97 101 105 111 128 155 158 160 163 164 172 180 186 188 190 209 211 213 226 246 247 250 255 264 272 273 274 293 301 307 309 313 317 320 332 335 339 341 342 352 355 
241 73 2 4 7 8 19 25 26 34 37 38 39 42 47 50 55 72 74 77 84 86 87 91 100 106 107 110 111 112 127 129 132 138 139 143 153 168 170 174 175 176 180 184 192 198 206 209 210 217 228 236 242 248 249 255 260 264 270 275 280 283 284 286 291 295 298 300 301 316 318 326 327 342 357 
242 93 3 4 5 9 10 13 21 23 25 34 35 37 43 45 47 49 52 55 57 62 66 67 72 75 77 79 82 92 97 99 102 107 108 111 112 119 123 127 133 136 141 143 144 152 153 156 161 163 164 165 168 170 171 173 179 180 183 189 199 201 203 206 214 215 222 223 224 227 228 229 230 231 235 238 241 253 258 261 281 291 297 298 299 303 305 309 331 335 341 349 351 355 359 
243 62 2 14 16 17 18 28 31 32 41 46 53 64 66 72 78 94 98 124 140 141 146 148 150 154 160 168 174 190 195 197 202 207 209 211 217 220 228 231 236 239 245 253 255 261 263 264 277 286 301 305 308 309 310 311 321 322 326 334 339 350 352 356 
244 67 14 18 19 23 25 34 40 41 46 48 53 56 59 61 64 71 85 86 102 109 110 117 122 124 140 149 151 163 165 166 173 176 179 180 189 190 191 196 201 204 205 217 234 253 254 260 264 276 278 283 293 294 299 300 301 312 320 322 324 337 339 343 347 349 350 352 358 
245 72 5 8 9 14 20 23 29 36 42 47 49 52 53 56 60 64 66 67 78 83 91 98 103 104 109 113 114 121 123 129 134 137 146 148 156 163 175 180 182 185 190 196 200 201 207 212 218 220 227 231 234 239 243 248 249 251 257 274 281 282 292 296 301 302 315 318 326 338 347 349 351 355 
246 71 6 9 14 33 36 40 47 57 58 71 76 81 88 91 92 94 103 106 109 115 117 118 120 127 130 138 145 148 157 158 161 167 175 180 190 196 200 202 205 206 216 221 223 225 228 230 236 238 240 251 254 264 267 274 279 284 287 292 293 294 295 297 301 305 306 308 316 318 335 345 351 
247 66 3 8 11 15 20 34 37 41 47 53 56 62 67 75 76 90 94 100 102 104 112 116 117 127 131 148 150 156 158 164 167 168 169 180 181 183 186 190 194 195 222 224 232 234 238 240 253 255 258 270 272 274 278 280 282 309 310 314 320 321 329 339 342 346 350 354 
248 74 1 3 16 24 25 44 58 62 74 84 89 90 93 95 100 101 107 112 114 125 128 138 145 146 153 154 156 157 160 167 169 171 180 185 189 196 198 199 200 201 203 215 216 217 225 236 241 245 250 251 252 260 272 273 275 280 283 285 293 297 298 299 307 309 310 319 321 337 340 344 351 352 356 359 
249 74 5 16 22 23 25 27 34 37 39 44 46 49 55 57 62 64 66 67 68 71 74 77 84 86 95 96 102 107 114 117 123 124 127 139 146 147 149 150 157 163 166 173 176 177 185 189 194 197 201 202 203 214 220 231 241 245 257 262 269 271 272 276 277 279 295 313 318 320 322 324 330 337 348 354 
250 65 1 3 8 11 12 15 17 21 22 27 30 33 36 49 52 55 63 67 68 83 85 87 94 99 126 129 130 137 142 143 145 148 149 163 168 170 180 181 221 223 226 228 229 235 238 240 248 265 273 280 282 283 295 296 301 306 313 314 316 323 329 342 345 353 354 
251 66 9 26 29 31 42 50 52 54 60 62 63 71 79 81 84 85 102 105 106 108 113 129 131 137 139 144 146 158 164 166 172 175 178 180 193 196 203 209 213 215 222 223 236 237 239 245 246 248 252 253 255 259 260 264 268 288 298 300 310 323 325 329 338 351 356 357 
252 68 5 16 17 18 22 34 46 50 52 54 65 66 80 86 88 89 99 101 109 110 114 124 128 135 137 141 144 149 158 160 161 165 167 173 178 184 190 192 198 200 201 215 217 223 231 232 248 251 261 264 269 270 278 284 288 293 297 302 306 310 312 314 323 332 335 340 341 350 
253 82 3 5 7 15 16 19 22 25 29 30 36 43 53 58 62 64 65 73 76 78 79 80 81 84 89 90 95 98 99 108 112 122 125 128 133 134 135 141 147 148 154 155 165 169 174 178 182 188 191 194 198 210 215 216 219 224 228 235 239 242 243 244 247 251 257 262 277 292 294 296 300 306 308 310 312 324 327 334 345 351 357 358 
254 73 5 12 14 16 27 34 35 40 42 45 49 52 54 55 58 64 69 79 94 97 99 105 107 110 111 112 119 131 137 140 145 146 148 160 162 165 166 170 171 173 176 179 195 210 212 216 222 229 231 233 239 244 246 259 260 264 276 281 284 288 292 295 305 308 319 330 332 337 340 343 344 347 353 
255 71 7 22 25 36 38 45 46 48 49 50 54 55 61 63 72 73 75 81 82 83 85 87 89 93 96 98 109 124 131 135 136 139 150 164 167 168 176 185 187 192 217 227 229 232 235 240 241 243 247 251 256 259 264 270 275 277 279 294 303 304 305 308 313 315 320 324 339 342 344 350 351 
256 68 9 11 12 21 30 32 46 49 54 55 57 63 67 68 70 71 75 85 90 94 105 111 128 135 136 155 156 160 165 177 179 184 192 200 201 204 207 217 227 239 255 262 267 268 272 273 276 279 285 288 291 294 295 296 304 305 307 309 311 312 318 323 329 333 336 337 344 353 
257 70 1 4 5 15 17 29 30 32 45 58 61 62 67 76 79 80 91 104 106 125 126 128 135 136 140 145 150 152 158 160 165 168 172 174 181 183 189 195 229 245 249 253 266 267 268 269 272 280 281 285 291 294 299 304 311 320 322 325 326 329 337 339 344 345 349 350 352 353 354 359 
258 71 6 9 12 14 20 26 28 36 37 42 50 54 58 59 69 75 79 82 86 89 91 100 101 109 110 133 135 141 148 149 157 163 164 166 167 173 176 178 184 185 198 199 200 207 210 215 225 227 232 236 242 247 262 263 265 274 278 289 300 301 311 316 325 327 332 333 334 336 338 339 342 
259 62 1 3 11 12 16 22 24 35 38 43 49 52 53 66 70 73 79 88 89 90 106 113 115 117 119 120 136 137 142 144 150 167 169 173 180 195 205 223 225 230 235 238 239 251 254 255 281 286 287 289 290 291 292 301 306 317 325 326 334 349 357 358 
260 66 5 14 25 28 47 50 55 67 68 69 72 89 100 102 103 104 106 107 116 117 118 119 138 144 148 154 159 161 166 171 179 196 199 200 205 208 209 221 222 229 241 244 248 251 254 262 263 269 274 292 295 297 300 303 304 306 308 312 317 318 325 327 334 349 352 356 
261 79 6 8 11 17 21 25 26 29 43 45 48 50 51 69 73 75 76 78 81 82 89 106 117 120 126 128 129 134 136 143 146 152 154 155 157 158 160 163 164 168 172 181 184 185 186 187 188 191 192 197 200 204 214 216 221 225 226 228 233 242 243 252 268 283 291 301 303 308 310 315 319 322 332 340 345 347 348 350 359 
262 66 8 11 16 21 24 25 30 32 37 44 48 58 60 61 65 66 73 75 99 103 111 112 114 121 125 129 132 137 156 164 167 168 177 179 183 184 187 197 218 219 220 226 227 229 233 237 249 253 256 258 260 268 270 275 284 286 288 305 310 314 316 337 338 342 351 358 
263 63 9 36 37 46 53 60 61 69 72 77 82 85 88 96 97 101 103 105 107 112 119 120 126 129 130 133 136 137 143 144 145 156 157 175 179 199 203 219 232 243 258 260 264 266 271 275 277 279 281 283 285 294 301 313 315 325 331 333 345 346 355 357 359 
264 87 12 17 25 26 27 28 33 41 45 50 56 59 60 63 66 68 79 82 87 93 101 108 126 130 136 140 142 144 145 146 147 155 157 161 163 166 167 169 173 177 186 197 200 206 210 215 225 227 229 233 236 237 240 241 243 244 246 251 252 254 255 263 267 269 271 279 282 286 288 290 296 303 306 308 314 315 321 323 325 327 341 342 343 347 348 349 354 
265 79 12 13 15 25 26 28 29 34 49 52 53 54 55 71 72 73 77 79 89 90 91 92 94 101 104 105 109 111 114 116 118 119 129 138 139 146 147 151 159 161 162 170 174 176 177 178 184 185 193 202 203 206 207 211 221 222 229 234 236 239 250 258 266 269 271 278 300 308 309 310 316 317 330 334 337 342 344 349 351 
266 65 13 20 23 24 28 32 36 37 43 45 50 55 60 62 69 90 91 94 95 103 107 113 122 123 128 131 136 139 143 144 147 156 158 162 173 175 182 193 201 203 215 217 221 228 231 257 263 265 273 286 287 289 311 316 317 318 320 326 329 333 337 343 347 348 351 
267 64 0 1 3 18 26 32 33 34 35 42 52 57 58 64 67 71 80 94 97 102 103 106 115 118 123 134 135 136 137 146 158 159 172 175 179 181 187 196 201 211 223 232 236 246 256 257 264 269 272 274 276 278 281 282 284 287 288 301 304 311 318 328 330 337 
268 75 5 13 21 29 32 43 44 48 49 55 57 73 88 89 92 98 99 101 102 107 110 112 115 119 122 123 125 129 131 139 140 141 149 153 159 161 165 175 179 182 186 188 190 201 203 205 208 212 223 226 231 235 238 251 256 257 261 262 271 275 277 278 280 283 287 294 300 301 302 304 318 324 328 345 348 
269 72 0 10 12 18 20 21 23 31 37 38 44 45 46 47 49 50 55 57 62 64 76 78 80 82 100 103 105 116 119 122 142 154 155 169 174 176 178 185 186 193 197 198 207 217 219 224 232 234 235 249 252 257 260 264 265 267 280 287 288 293 296 297 306 312 319 329 337 342 344 353 357 359 
270 68 0 10 25 27 28 32 33 37 38 45 81 82 91 103 106 110 116 120 133 137 139 144 145 146 159 164 167 169 171 176 179 197 201 207 214 218 220 224 225 232 233 237 239 241 247 252 255 262 272 276 277 278 281 286 287 290 297 301 312 320 324 329 332 334 341 355 356 357 
271 73 4 7 10 14 23 28 42 48 53 56 61 63 67 75 80 81 88 91 99 105 106 114 116 122 123 124 137 155 158 159 162 166 169 171 175 189 192 194 196 198 201 203 206 220 221 223 232 233 237 249 263 264 265 268 274 276 282 288 293 303 306 309 320 322 324 326 330 333 339 347 349 353 358 
272 69 7 11 13 25 27 35 36 39 44 57 62 66 73 88 96 97 98 101 115 119 139 143 157 164 168 171 177 183 186 191 197 200 209 212 216 218 221 222 223 226 228 231 233 237 240 247 248 249 256 257 267 270 278 280 282 284 285 287 289 293 305 310 325 327 328 332 333 350 352 
273 75 20 21 32 34 39 44 45 51 54 58 63 77 80 83 85 95 96 98 102 103 113 114 115 120 121 126 128 133 135 142 143 145 146 151 153 164 170 173 174 175 181 188 190 195 199 202 206 207 217 221 226 230 233 239 240 248 250 256 266 275 277 283 290 302 305 307 308 309 328 332 333 337 345 355 357 
274 78 7 8 12 15 18 24 27 30 44 49 53 55 57 58 68 72 79 81 82 83 85 95 107 108 114 120 122 129 136 140 141 146 149 151 157 158 161 170 173 175 179 181 188 190 191 195 197 202 206 210 228 231 240 245 246 247 258 260 267 271 277 280 281 283 298 301 302 304 310 315 328 334 336 339 348 349 350 353 
275 76 4 6 9 13 16 20 28 30 33 44 47 50 55 58 59 62 63 67 68 75 77 78 82 86 92 101 102 103 104 117 122 124 126 130 140 147 158 166 185 192 205 211 214 215 218 222 225 226 228 229 232 233 236 241 248 255 262 263 268 273 277 283 286 292 297 303 305 307 311 318 320 332 341 346 351 353 
276 64 0 6 7 10 11 17 31 35 45 46 48 49 52 55 59 60 66 74 77 85 89 99 100 103 112 117 119 125 132 158 160 161 163 176 181 182 183 185 195 209 210 213 225 233 235 244 249 254 256 267 270 271 279 280 287 309 323 327 334 345 350 351 355 358 
277 78 3 10 27 29 33 35 41 42 43 44 49 64 67 70 75 85 87 89 91 93 97 99 105 106 109 114 117 119 124 146 148 149 153 175 184 185 188 190 193 195 197 200 217 222 227 237 238 243 249 253 255 263 268 270 273 274 275 279 284 285 291 297 300 306 308 309 321 322 330 334 335 337 342 344 345 350 356 358 
278 75 6 8 13 17 18 25 29 30 39 45 46 52 53 58 61 67 71 74 78 81 83 92 99 104 108 109 116 118 120 127 131 140 141 143 146 147 150 152 155 183 184 186 204 207 212 214 217 219 222 229 230 244 247 252 258 265 267 268 270 272 282 287 292 295 300 303 307 308 320 321 329 331 339 342 345 
279 67 1 6 8 9 10 11 13 16 18 21 22 26 34 44 48 54 60 62 64 67 79 83 86 92 95 97 124 135 139 145 153 160 161 169 172 174 181 184 186 194 198 208 209 216 218 224 228 246 249 255 256 263 264 276 277 286 293 302 303 316 317 322 326 335 347 349 358 
280 82 1 7 8 9 14 15 17 24 39 44 45 49 52 55 60 63 64 65 67 74 78 79 81 82 83 88 92 100 112 115 143 145 147 148 149 163 165 171 187 193 206 208 209 212 213 215 217 222 223 229 234 236 241 247 248 250 257 268 269 272 274 276 293 296 299 302 306 311 314 315 321 322 323 324 326 341 348 349 350 353 357 359 
281 67 0 2 4 5 7 18 25 29 50 59 63 64 70 72 73 74 82 101 110 113 118 124 125 127 128 134 135 137 150 154 156 163 167 169 176 177 179 182 191 193 205 211 212 217 220 242 245 254 257 259 263 267 270 274 284 296 305 315 324 326 335 336 339 340 343 346 357 
282 60 4 7 14 17 26 27 29 36 37 41 52 58 71 74 77 87 96 109 113 114 116 128 133 136 146 160 161 165 177 179 184 190 192 193 196 203 226 228 230 245 247 250 264 267 271 272 278 283 285 291 300 302 321 326 329 345 347 353 357 359 
283 63 9 27 35 43 44 48 58 61 63 64 74 79 88 95 96 99 101 103 105 108 128 131 132 146 168 170 176 180 191 192 193 194 200 202 209 215 220 241 244 248 250 261 263 268 273 274 275 282 284 292 301 302 303 310 323 326 328 329 330 333 338 350 351 
284 73 7 11 13 15 20 22 25 29 35 37 42 46 48 49 55 56 58 63 66 69 71 73 75 79 82 86 91 95 105 110 115 126 142 150 163 168 169 172 173 180 189 191 207 209 212 216 222 226 227 233 235 241 246 252 254 262 267 272 277 281 283 290 293 305 313 318 325 328 336 343 345 355 358 
285 74 0 4 7 10 25 32 33 34 36 38 40 45 47 48 49 52 53 56 58 67 70 74 76 96 103 108 112 113 119 147 149 153 156 158 162 165 167 169 177 194 206 209 214 232 235 237 248 256 257 263 272 277 282 291 295 296 299 300 305 311 312 319 322 323 331 336 338 339 345 346 355 356 357 359 
286 92 2 7 23 26 27 30 32 34 36 46 50 52 54 59 63 65 66 67 71 77 78 84 86 88 101 113 115 119 123 124 127 137 145 147 148 149 151 152 160 162 163 169 174 180 181 182 183 185 191 197 199 201 204 206 207 210 218 221 224 237 239 241 243 259 262 264 266 270 275 279 289 291 299 301 304 305 307 311 315 318 322 323 324 331 332 336 339 349 352 353 355 357 
287 65 7 11 25 29 40 60 63 71 74 94 104 105 125 128 130 135 141 142 144 147 152 161 162 172 176 181 183 187 195 196 199 203 206 213 220 222 223 225 230 232 234 235 246 259 266 267 268 269 270 272 276 278 288 291 301 302 307 317 321 325 330 333 347 349 351 
288 66 3 5 18 20 22 30 32 42 48 53 59 60 66 67 70 75 79 89 90 95 106 107 114 115 120 127 136 143 149 154 156 161 162 168 180 191 196 205 221 234 251 252 254 256 262 264 267 269 271 287 293 305 310 315 317 322 325 330 336 338 341 343 344 345 346 353 
289 62 1 7 15 24 28 36 40 45 56 65 75 76 78 93 96 98 99 105 112 114 117 118 120 123 125 131 134 149 152 158 160 170 177 184 185 189 190 196 208 212 235 237 258 259 266 272 286 290 308 315 316 325 326 328 330 331 332 337 346 349 350 357 
290 59 3 5 19 26 35 47 48 56 60 66 74 77 78 85 87 102 108 118 142 146 149 153 156 160 164 165 168 169 176 187 196 201 204 207 211 212 215 217 221 230 232 233 259 264 270 273 284 289 295 297 306 307 315 324 335 337 339 347 353 
291 70 8 14 19 21 22 39 41 43 54 56 64 79 81 84 86 89 91 95 97 104 112 115 117 119 124 143 146 150 152 154 156 163 170 176 177 186 187 193 200 206 212 213 214 217 219 223 227 237 238 241 242 256 257 259 261 277 282 285 286 287 301 302 315 321 322 323 342 349 354 358 
292 75 2 11 12 16 24 30 36 37 39 47 48 51 62 65 76 86 91 93 98 103 108 109 111 113 114 124 126 133 134 136 142 144 148 149 159 162 167 170 183 184 195 203 210 216 218 222 226 227 228 232 235 245 246 253 254 259 260 275 278 283 295 310 314 320 321 324 325 336 338 343 344 347 351 352 356 
293 86 0 17 20 24 25 34 36 45 47 50 51 54 59 60 61 65 73 74 80 85 89 90 91 98 108 110 111 113 115 117 121 122 123 125 128 130 132 133 135 140 141 143 144 151 152 155 160 177 187 190 193 221 224 233 234 240 244 246 248 252 269 271 272 279 280 284 288 296 297 300 303 305 307 310 315 327 328 331 337 338 340 341 350 352 354 358 
294 67 3 8 17 18 19 35 36 40 41 45 47 63 68 70 72 75 81 87 88 92 93 107 114 119 128 138 143 145 154 156 157 165 170 173 174 184 191 199 201 204 207 209 213 215 216 224 227 244 246 253 255 256 257 263 268 299 317 318 321 324 331 338 343 344 348 350 355 
295 72 3 5 15 18 25 26 31 34 35 42 43 48 49 53 55 68 71 82 92 94 99 103 107 111 112 119 122 128 130 132 136 159 160 162 165 173 175 182 185 200 204 206 207 213 216 221 226 233 235 241 246 249 250 254 256 260 278 285 290 292 300 302 304 315 317 320 321 323 350 351 353 356 
296 68 2 6 7 12 16 28 29 37 45 53 57 61 62 68 72 74 78 81 83 90 98 99 104 109 111 119 121 130 138 140 146 147 150 151 169 170 176 181 183 187 188 192 198 205 207 220 224 225 231 234 235 238 245 250 253 256 264 269 280 281 285 293 297 312 318 327 328 350 
297 74 21 25 27 31 47 49 53 56 61 62 65 72 73 75 78 86 91 93 95 97 99 100 102 106 107 111 115 121 128 138 145 150 153 155 158 159 160 161 168 172 178 180 182 191 192 196 204 210 215 220 230 232 242 246 248 252 260 269 270 275 277 290 293 296 308 323 327 329 330 332 341 345 346 349 
298 53 12 38 40 41 53 61 63 66 73 77 81 83 84 97 98 103 104 108 110 111 121 131 132 134 139 141 144 153 157 159 176 177 181 193 197 198 204 205 214 219 221 241 242 248 251 274 304 305 317 322 325 331 342 
299 72 6 7 13 18 24 27 29 30 32 34 36 39 41 46 48 53 63 66 71 72 75 78 79 80 81 86 90 99 104 109 111 122 123 129 130 142 143 145 146 152 158 167 177 182 195 197 199 201 203 205 219 220 221 223 229 233 242 244 248 257 280 285 286 294 305 307 319 342 348 350 357 358 
300 75 2 4 11 19 25 32 36 39 48 49 56 65 66 67 69 79 90 93 100 105 114 115 119 122 132 135 163 169 180 183 187 188 189 202 205 209 210 217 218 220 222 223 225 229 235 241 244 251 253 258 260 265 268 277 278 282 285 293 295 303 305 307 308 309 310 323 326 331 332 333 348 350 352 356 359 
301 86 10 11 19 21 30 34 37 41 45 47 48 51 54 64 67 77 80 85 88 95 99 104 116 118 120 123 126 131 134 135 142 148 155 159 162 164 165 169 172 181 182 186 188 193 197 198 202 209 217 220 227 240 241 243 244 245 246 250 258 259 261 263 267 268 270 274 283 286 287 291 302 305 312 318 323 324 326 329 338 342 347 349 350 354 355 357 
302 80 3 6 8 14 23 25 30 38 42 45 51 53 55 59 60 62 64 69 75 80 88 95 98 106 108 109 110 112 122 126 127 134 140 142 149 164 165 170 171 172 176 178 180 193 195 198 203 204 206 207 208 210 216 226 230 231 245 252 268 273 274 279 280 282 283 287 291 295 301 311 317 321 329 330 336 343 344 347 356 359 
303 71 6 9 14 25 31 39 40 42 44 51 62 64 66 71 78 89 90 94 101 107 115 122 135 136 137 141 142 147 152 160 165 168 169 171 178 184 187 191 192 196 197 199 201 202 203 205 213 233 239 242 255 260 261 264 271 275 278 279 283 293 300 314 319 322 324 327 330 332 334 356 357 
304 67 5 7 9 14 16 26 32 34 38 56 59 63 67 69 71 74 77 82 83 93 94 98 106 109 110 114 127 130 135 137 141 149 154 157 159 165 169 178 181 186 196 199 201 209 214 217 221 224 226 237 255 256 257 260 267 268 274 286 295 298 307 310 319 323 324 347 359 
305 73 0 6 20 34 35 46 51 56 57 58 59 68 74 87 94 100 101 103 104 109 116 117 120 132 134 145 148 149 151 152 154 157 160 182 194 206 207 220 223 224 229 242 243 246 254 255 256 262 272 273 275 281 284 285 286 288 293 298 299 300 301 308 316 319 320 322 329 330 337 339 341 342 347 
306 78 1 3 6 13 14 27 28 41 47 49 57 65 66 70 71 73 78 81 84 85 89 91 96 102 103 104 106 111 116 119 123 125 128 132 140 150 151 156 160 161 180 181 182 183 190 192 197 198 199 204 206 208 225 227 229 233 236 246 250 252 253 259 260 264 269 271 277 280 290 315 322 326 328 334 349 350 355 356 
307 77 2 10 15 22 24 32 39 41 51 52 61 63 67 75 79 86 87 100 102 103 107 110 118 119 120 121 129 139 145 148 151 155 157 164 166 167 169 172 175 178 179 184 201 205 207 208 214 215 221 226 233 237 238 240 248 256 273 275 278 286 287 290 293 299 300 304 316 317 318 325 333 334 338 342 343 347 352 
308 72 3 7 11 13 14 33 38 41 47 53 54 60 63 70 74 86 87 98 102 105 110 114 116 119 125 137 138 144 147 149 150 151 169 176 179 185 189 194 210 216 219 225 227 232 243 246 253 254 255 260 261 264 265 273 277 278 289 297 300 305 311 319 321 331 335 337 341 343 351 356 357 358 
309 77 2 6 14 23 24 33 34 40 42 46 54 55 63 66 69 79 88 90 91 95 96 100 119 122 124 126 128 129 131 137 142 148 149 160 161 166 173 175 189 190 200 210 216 221 222 225 232 235 240 242 243 247 248 256 265 271 273 276 277 300 310 313 315 316 321 324 329 330 332 334 336 337 345 346 352 356 358 
310 83 0 2 3 6 7 11 18 19 20 22 30 41 45 48 53 58 60 61 80 83 85 92 98 111 113 119 123 133 137 140 141 142 143 149 152 158 161 164 165 167 177 182 185 191 204 206 211 213 214 218 219 232 237 243 247 248 251 252 253 261 262 265 272 274 283 288 292 293 300 304 309 311 312 320 324 328 333 337 340 346 348 349 351 
311 61 7 9 12 17 19 20 25 43 45 46 47 48 64 65 73 75 91 105 106 123 130 140 143 148 151 153 154 160 161 164 167 174 175 177 178 205 207 212 213 224 232 236 243 256 257 258 266 267 275 280 285 286 302 308 310 313 337 338 340 348 359 
312 74 8 10 20 35 39 43 45 47 51 59 63 66 68 76 79 82 84 86 95 96 100 101 114 118 121 122 129 130 132 137 138 142 143 152 167 180 182 184 200 212 214 215 216 217 221 228 231 235 237 244 252 253 256 260 269 270 285 296 301 310 313 318 319 323 326 331 337 342 344 350 351 352 354 359 
313 68 7 24 26 28 43 45 55 61 63 76 79 86 88 92 93 94 121 125 126 128 134 135 146 155 157 159 160 167 169 172 177 179 180 183 193 196 199 200 208 210 213 219 220 226 236 240 249 250 255 263 284 309 311 312 316 317 322 334 335 338 342 345 348 349 350 352 353 358 
314 63 2 6 9 14 22 24 26 35 40 43 45 56 57 66 75 84 87 89 91 97 105 125 133 148 149 162 177 182 190 193 194 199 200 202 205 214 220 221 224 225 226 228 229 238 247 250 252 262 264 280 292 303 324 327 333 334 336 338 341 343 350 352 353 
315 72 2 15 16 18 30 34 35 37 38 48 49 53 62 64 71 73 76 79 81 85 86 88 99 104 105 109 113 131 136 137 139 144 151 153 155 157 167 170 176 180 187 195 196 203 204 205 211 221 245 255 261 263 264 274 280 281 286 288 289 290 291 293 295 306 309 322 324 334 335 346 356 357 
316 68 3 6 8 27 33 36 41 43 46 55 69 76 80 83 85 88 95 99 101 107 115 116 121 123 124 127 134 135 144 164 167 171 174 176 178 192 194 195 203 211 217 221 222 225 229 238 241 246 250 258 262 265 266 279 289 305 307 309 313 317 319 325 328 335 347 355 356 357 
317 82 2 10 13 21 29 37 39 47 55 57 58 59 64 67 77 81 85 86 90 95 108 109 110 113 117 118 120 123 126 128 129 132 135 142 143 144 149 164 166 167 171 174 176 187 192 194 198 201 215 216 217 220 222 223 224 226 227 233 235 240 259 260 265 266 279 287 288 294 295 298 302 307 313 316 319 323 325 335 337 338 352 357 
318 59 3 9 11 20 21 23 30 41 45 54 63 78 84 93 101 102 109 114 116 118 121 122 123 125 149 164 167 168 173 204 206 210 213 215 218 219 235 241 245 246 249 256 260 266 267 268 275 284 286 294 296 301 307 312 322 334 350 355 359 
319 63 3 11 13 31 38 39 40 48 57 63 64 69 72 76 81 94 125 128 130 132 136 138 139 142 145 148 165 170 173 184 188 189 193 194 195 198 208 209 216 221 224 225 226 234 248 254 261 269 285 299 303 304 305 308 312 316 317 324 330 331 337 339 345 
320 70 3 7 8 9 12 17 18 20 34 36 37 38 44 52 60 77 78 79 80 82 85 90 96 97 100 112 121 126 131 132 135 141 155 156 161 162 163 165 171 173 181 182 185 187 194 197 210 216 217 222 230 237 240 244 247 249 255 257 266 270 271 275 278 292 295 305 310 333 336 354 
321 66 0 1 3 7 9 14 23 25 27 39 41 43 55 56 63 75 77 78 102 104 105 115 119 121 125 130 133 138 150 156 165 168 173 179 180 184 192 193 206 211 212 215 217 225 226 227 243 247 248 264 277 278 280 282 287 291 292 294 295 302 308 309 334 338 339 350 
322 71 5 12 39 42 45 48 55 57 58 62 79 81 88 90 91 94 96 103 105 111 113 115 118 126 127 128 139 140 156 159 161 164 166 175 178 180 183 190 192 197 223 229 231 239 243 244 249 257 261 271 277 279 280 285 286 288 291 298 303 305 306 313 315 318 325 340 345 348 352 357 359 
323 84 1 5 7 14 15 16 21 24 27 28 32 45 46 48 51 52 53 62 63 82 83 84 87 90 93 94 99 100 101 108 117 125 136 139 142 150 151 153 156 169 171 173 176 180 184 194 196 199 200 205 206 216 217 218 225 231 232 239 250 251 252 256 264 276 280 283 285 286 291 295 297 300 301 304 312 317 324 328 332 335 341 345 346 356 
324 84 2 6 7 10 12 15 17 27 28 35 40 43 46 52 57 66 69 74 78 86 93 94 95 100 102 104 107 115 116 125 134 138 153 155 156 157 158 165 174 175 181 185 191 193 197 199 212 215 220 222 229 232 235 236 239 244 249 253 255 268 270 271 280 281 286 290 292 294 301 303 304 309 310 314 315 319 323 325 328 329 330 347 350 351 
325 81 1 23 25 31 39 41 46 54 66 67 68 71 72 76 79 86 88 93 97 99 100 101 102 114 117 121 122 126 131 135 137 143 147 149 154 160 170 177 189 192 200 204 206 208 214 218 219 223 224 226 228 234 238 251 257 258 259 260 263 264 272 284 287 288 289 292 298 307 316 317 322 324 334 335 343 347 349 352 353 354 358 
326 67 3 14 16 26 27 31 37 43 49 59 61 64 70 77 81 91 92 101 104 107 108 112 113 118 131 133 135 142 148 157 159 163 177 178 179 185 197 198 200 204 206 216 225 235 236 239 241 243 245 257 259 266 271 279 280 281 282 283 289 300 301 306 312 334 341 348 350 
327 62 2 5 6 8 11 12 15 25 28 30 31 41 58 70 79 81 106 114 119 120 122 124 131 138 143 147 150 152 155 160 161 163 166 173 174 178 180 187 190 203 204 208 210 222 233 236 239 241 253 258 260 264 272 276 293 296 297 303 314 341 352 355 
328 76 4 7 8 10 11 13 14 17 18 28 32 37 41 47 58 61 82 86 87 91 94 97 99 103 107 109 112 118 122 127 131 135 137 138 144 146 147 148 154 157 163 171 177 180 186 188 194 202 204 210 214 218 225 227 231 239 267 268 272 273 274 283 284 289 293 296 306 310 316 323 324 329 336 345 358 359 
329 72 2 16 17 22 28 32 51 57 69 71 77 79 83 86 87 92 95 97 99 100 105 109 114 121 130 132 138 140 144 152 159 163 167 175 184 186 192 197 204 214 216 217 224 229 236 237 247 250 251 256 257 266 269 270 278 282 283 297 301 302 305 309 324 328 338 339 344 345 348 350 356 359 
330 57 0 2 11 29 43 44 53 61 64 71 72 74 78 80 81 88 94 103 107 123 127 129 151 171 176 177 182 195 198 207 221 226 231 238 249 254 265 267 271 277 283 287 288 289 297 302 303 305 309 319 324 334 340 341 350 355 359 
331 59 2 4 10 11 16 19 24 32 33 41 44 53 55 63 72 81 82 87 90 93 117 122 128 142 145 149 151 171 180 184 186 200 201 212 215 218 225 228 229 230 236 242 263 278 285 286 289 293 294 298 300 308 312 319 338 341 342 347 356 
332 68 0 1 8 17 25 32 34 35 36 41 55 62 64 67 72 76 95 102 117 124 126 130 135 138 155 158 169 170 171 181 186 190 193 194 195 199 200 202 215 226 227 237 240 252 254 258 261 270 272 273 275 286 289 297 300 303 309 323 337 338 341 350 351 352 353 355 356 357 
333 62 0 8 13 16 17 22 26 27 34 38 39 47 53 61 62 64 68 71 79 109 114 123 132 141 145 148 151 168 173 180 186 188 194 198 200 201 203 207 211 215 222 234 237 238 256 258 263 266 271 272 273 283 287 300 307 310 314 320 334 347 352 357 
334 83 1 3 17 21 30 32 35 40 43 50 53 63 64 66 68 71 81 92 93 98 111 113 114 115 116 117 119 120 123 127 128 131 137 146 149 153 157 169 174 177 184 186 188 189 195 197 211 219 220 225 227 228 229 238 243 253 258 259 260 265 270 274 276 277 303 306 307 309 313 314 315 318 321 325 326 330 333 336 339 342 343 344 347 
335 58 2 7 8 13 15 21 22 24 34 39 46 48 51 64 67 79 83 88 92 102 104 114 127 129 130 143 147 151 160 163 174 178 186 191 192 194 219 223 235 240 242 246 252 277 279 281 290 308 313 315 316 317 323 325 338 344 349 352 
336 73 2 3 5 6 10 12 16 17 27 28 37 43 44 51 53 56 57 63 68 75 81 82 84 86 93 94 101 102 103 108 109 116 118 125 136 139 142 144 147 149 152 157 170 176 178 179 181 183 189 196 202 216 227 256 258 274 281 284 285 286 288 292 302 309 314 320 328 334 337 342 349 357 358 
337 70 4 11 13 15 26 31 41 43 47 49 54 60 71 74 78 80 86 94 97 99 110 113 119 123 130 132 136 143 144 147 155 161 166 180 185 192 200 219 221 233 234 244 248 249 254 256 257 262 265 266 267 269 273 277 289 290 293 305 308 309 310 311 312 317 319 332 336 338 340 359 
338 79 7 9 10 23 25 33 36 38 42 43 46 53 54 57 60 66 72 80 85 90 94 95 99 102 110 115 120 122 124 129 134 136 139 148 149 150 153 156 158 175 182 186 187 191 197 216 217 233 234 236 238 239 245 251 258 262 283 285 288 292 293 294 301 307 311 313 314 317 321 329 331 332 335 337 342 349 353 356 358 
339 83 1 5 9 11 14 16 24 26 29 32 33 36 40 42 47 50 57 60 61 72 74 76 78 84 85 86 87 90 91 92 94 95 97 99 101 107 108 111 116 119 134 138 139 142 143 149 153 157 162 171 174 175 181 184 186 189 192 193 195 197 201 216 233 238 240 243 244 247 255 257 258 271 274 278 281 285 286 290 305 319 321 329 334 
340 63 9 11 16 23 31 37 38 41 46 47 54 59 62 65 74 81 104 107 115 119 122 127 132 133 138 139 141 144 149 157 160 161 166 181 195 201 202 204 206 209 215 219 223 226 228 229 235 236 248 252 254 261 281 293 310 311 322 330 337 343 344 345 358 
341 70 5 7 9 13 16 18 22 25 28 29 35 51 55 57 66 79 81 82 85 97 98 115 129 133 135 143 154 155 156 164 167 170 176 186 188 201 204 214 215 220 222 223 231 234 240 242 252 264 270 275 280 288 293 297 305 308 314 323 326 327 330 331 332 344 346 348 351 354 355 358 
342 70 0 8 11 16 18 28 31 32 41 44 47 50 53 62 70 81 90 91 92 93 99 106 107 111 112 113 115 117 127 129 134 135 136 139 150 151 174 184 188 193 197 207 220 223 240 241 247 250 255 258 262 264 265 269 277 278 291 298 299 301 305 307 312 313 331 334 336 338 345 347 
343 66 1 15 17 19 25 26 34 37 42 50 59 71 83 87 88 96 106 111 113 119 121 126 127 128 135 139 143 153 156 166 168 174 176 184 185 187 190 191 193 201 203 204 205 214 215 219 225 244 254 264 266 281 284 288 292 294 302 307 308 314 325 334 340 344 348 351 
344 79 1 13 16 23 29 32 38 41 44 45 46 49 52 54 57 59 68 69 70 73 76 77 80 81 84 88 94 98 99 103 104 109 110 117 118 119 120 134 142 148 167 169 172 175 179 187 189 190 194 198 200 207 214 220 224 230 231 234 248 254 255 256 257 265 269 277 288 292 294 302 312 329 334 335 340 341 343 349 350 
345 80 3 6 10 11 14 17 21 22 23 36 37 38 40 46 49 50 57 65 68 73 84 91 93 107 108 113 120 124 129 134 136 137 142 147 148 156 160 171 172 180 181 188 191 193 195 200 204 205 223 225 228 231 234 246 250 253 257 261 263 268 273 276 277 278 282 284 285 288 297 309 313 319 322 323 328 329 340 342 349 356 
346 68 0 3 8 9 13 15 29 35 37 43 47 51 57 64 66 67 68 70 71 74 76 81 87 88 90 99 103 111 117 121 126 129 133 134 142 143 148 160 168 171 172 173 174 178 185 202 206 211 212 213 221 222 247 263 275 281 285 288 289 297 309 310 315 323 341 348 353 359 
347 76 7 10 12 13 16 17 21 22 28 29 36 43 46 48 52 61 71 72 73 74 78 80 82 89 90 98 101 104 106 110 117 118 119 133 134 136 138 146 147 159 161 175 180 191 197 215 224 225 226 230 244 245 254 261 264 266 271 279 282 287 290 292 301 302 304 305 307 316 324 325 331 333 334 342 349 357 
348 58 1 9 10 15 19 20 22 27 36 42 45 51 57 90 97 99 105 109 122 127 133 135 155 165 169 178 182 186 188 191 208 210 213 216 219 230 233 249 261 264 266 268 274 280 294 299 300 310 311 313 322 326 329 341 343 346 349 355 
349 70 1 5 6 13 24 28 29 33 34 36 38 42 53 56 76 92 93 95 98 99 104 109 111 116 119 133 136 140 147 159 169 173 178 179 183 189 210 211 212 219 242 244 245 257 259 260 264 265 271 274 279 280 286 287 289 291 297 301 306 310 313 325 335 336 338 344 345 347 348 354 
350 86 14 15 17 19 36 37 41 61 73 79 80 83 90 102 103 104 105 106 110 112 113 118 128 129 133 136 138 151 158 169 177 179 183 185 188 191 194 198 200 203 206 215 218 220 221 224 226 229 235 239 243 244 247 252 255 257 261 272 274 276 277 280 283 289 293 294 295 296 299 300 301 306 312 313 314 318 321 324 326 329 330 332 344 352 353 359 
351 80 0 9 12 24 26 29 35 36 42 47 51 52 54 56 58 68 74 76 81 83 86 94 99 110 112 117 118 120 122 128 131 132 140 147 148 152 155 158 160 164 173 178 182 183 191 196 209 216 219 226 227 230 237 238 242 245 246 248 251 253 255 262 265 266 275 276 283 287 292 295 308 310 312 324 332 341 343 353 356 359 
352 74 7 10 13 16 22 25 31 32 33 36 40 45 48 58 59 60 64 65 75 79 114 126 131 132 136 138 155 158 159 160 164 169 170 174 175 190 193 196 204 205 211 216 221 227 229 231 234 236 237 240 243 244 248 257 260 272 286 292 293 300 307 309 312 313 314 317 322 325 327 332 333 335 350 357 
353 69 3 10 23 25 36 38 41 42 58 61 71 76 77 87 90 97 108 112 113 116 119 126 128 129 137 141 148 149 162 167 172 175 179 180 184 198 199 201 202 213 222 225 229 234 236 250 254 256 257 269 271 274 275 280 282 286 288 290 295 313 314 325 332 338 346 350 351 354 355 
354 59 3 7 10 13 37 40 45 49 51 70 72 77 79 86 88 89 99 112 115 117 126 130 133 143 156 157 160 169 170 174 177 180 181 185 197 198 201 205 207 214 224 228 230 237 247 249 250 257 264 291 293 301 312 320 325 341 349 353 358 
355 66 3 5 22 32 36 37 47 53 62 63 71 73 76 77 79 81 82 83 91 94 97 104 110 125 133 136 138 144 161 166 171 172 174 184 185 186 191 195 199 213 229 230 232 235 240 242 245 263 270 273 276 284 285 286 294 301 306 316 318 327 330 332 341 348 353 358 
356 67 0 2 5 10 15 20 22 23 26 28 34 43 45 47 54 75 78 83 84 85 87 88 97 103 113 114 118 124 130 132 133 139 159 165 186 194 209 211 213 222 234 237 243 248 251 260 270 277 285 292 295 300 302 303 306 308 309 315 316 323 329 331 332 338 345 351 359 
357 74 1 2 18 21 23 27 31 53 54 62 67 68 70 73 75 83 87 92 95 101 102 113 117 120 121 122 125 143 146 149 161 164 169 172 187 190 197 210 211 214 216 223 224 227 228 230 241 251 253 259 263 269 270 273 280 281 282 285 286 289 299 301 303 308 315 316 317 322 332 333 336 347 352 358 
358 56 3 7 10 18 37 42 48 77 84 88 96 98 110 113 118 120 121 122 143 157 165 185 190 191 193 194 203 207 229 234 237 244 253 259 262 271 276 277 279 284 291 293 299 308 309 313 325 328 336 338 340 341 354 355 357 359 
359 71 1 2 13 14 16 20 25 33 35 46 54 65 67 73 76 82 85 100 101 104 111 118 119 126 130 146 147 149 155 156 174 182 185 187 189 192 193 194 197 206 208 212 221 224 235 239 242 248 257 261 263 269 280 282 285 300 302 304 311 312 318 322 328 329 330 337 346 350 351 356 358 
