360 6493
0 24 4 7 61 76 81 121 140 163 173 175 176 183 200 202 216 217 220 239 267 269 285 321 333 351 
1 38 5 19 36 37 38 49 50 53 59 66 87 89 100 110 127 133 134 137 142 149 156 157 163 182 193 238 248 257 267 279 323 325 332 334 339 343 348 349 
2 40 7 9 12 14 17 25 29 37 46 52 53 55 57 87 93 105 109 119 141 150 153 167 169 176 178 189 201 207 210 224 238 241 286 292 296 309 310 314 315 330 
3 29 15 26 37 76 83 114 116 127 130 133 152 167 168 169 179 205 213 248 259 290 302 308 316 318 321 326 346 353 355 
4 40 0 6 21 23 27 31 35 36 45 51 54 83 86 97 112 119 122 140 145 153 157 161 171 186 188 194 195 196 201 205 207 230 241 242 271 275 300 328 331 337 
5 31 1 22 30 36 45 47 66 68 108 133 138 142 151 152 166 175 177 203 206 218 242 245 252 253 254 281 290 323 327 336 349 
6 35 4 11 16 25 37 39 41 60 64 72 75 76 109 110 115 118 131 133 142 159 172 224 237 258 261 275 278 296 302 303 305 306 310 316 336 
7 35 0 2 41 68 82 95 101 104 126 133 137 138 144 148 170 171 177 194 212 223 236 253 274 281 285 287 289 308 310 320 328 335 338 341 354 
8 37 14 21 28 30 34 38 39 48 66 89 92 106 112 122 124 132 134 138 148 150 153 197 219 228 236 241 247 262 278 280 291 294 320 332 333 342 346 
9 36 2 13 15 26 39 47 54 59 88 89 92 114 121 139 140 141 162 174 177 191 196 219 236 258 263 275 283 303 304 320 321 338 341 346 348 351 
10 29 14 47 51 65 74 75 78 90 91 107 128 131 145 153 169 197 214 215 269 271 277 301 312 317 338 345 347 348 356 
11 30 6 40 42 52 56 96 111 112 127 135 136 157 190 216 222 239 247 250 256 259 262 279 284 292 310 319 328 340 342 345 
12 40 2 23 25 34 44 49 53 78 85 86 99 111 117 123 124 128 150 157 158 159 173 177 179 184 190 194 199 206 234 235 240 250 265 269 296 298 324 336 347 351 
13 28 9 29 58 69 70 109 143 159 172 192 208 268 272 275 279 284 299 317 319 333 335 337 344 346 347 352 354 359 
14 44 2 8 10 16 29 38 55 56 69 80 91 109 125 126 138 139 149 159 163 166 175 185 204 208 210 211 217 219 227 228 244 246 258 291 302 304 306 308 309 314 323 326 328 359 
15 34 3 9 24 25 28 30 32 34 45 52 53 82 117 119 134 156 173 191 200 207 209 212 223 226 233 257 284 289 307 315 335 343 348 356 
16 36 6 14 24 26 31 60 75 83 87 101 115 137 159 164 166 172 200 203 204 211 224 249 253 254 259 279 296 326 329 331 333 336 339 340 341 359 
17 36 2 37 42 43 51 69 71 74 84 85 87 96 115 143 146 159 166 171 181 183 201 205 235 252 261 276 282 294 311 320 328 332 333 334 336 347 
18 37 25 29 42 57 64 66 68 69 76 85 86 101 113 143 146 151 165 173 180 182 190 197 217 252 267 269 274 279 281 288 294 299 310 315 320 328 357 
19 34 1 27 30 34 35 40 45 55 63 65 78 85 88 98 99 101 118 134 157 176 177 190 214 220 225 229 239 244 290 291 294 310 343 348 
20 40 29 43 60 68 80 83 93 96 99 103 115 117 119 121 122 123 126 136 140 144 150 153 159 174 200 208 228 236 245 247 258 266 273 305 310 312 320 348 356 359 
21 37 4 8 31 67 84 85 94 104 110 121 126 130 151 156 160 165 173 183 191 192 197 199 212 223 237 242 250 262 268 269 279 291 297 301 318 323 345 
22 35 5 25 30 50 61 62 84 97 100 107 111 123 131 134 137 144 149 152 189 190 199 201 205 206 236 279 284 291 333 335 341 345 347 348 355 
23 33 4 12 29 39 42 46 62 64 89 113 125 136 146 150 157 158 171 178 190 236 239 244 245 271 286 302 309 321 325 338 340 344 345 
24 31 15 16 27 32 40 42 69 84 152 155 162 168 174 191 193 225 232 248 262 266 274 280 292 293 299 309 314 323 331 335 349 
25 49 2 6 12 15 18 22 54 83 90 98 99 113 122 135 137 161 169 171 178 189 210 222 231 234 238 239 241 244 248 249 253 260 262 264 265 270 272 278 281 284 287 300 302 303 311 321 332 341 353 
26 36 3 9 16 47 59 61 69 79 87 89 95 101 140 143 144 148 154 163 168 185 190 218 222 224 225 236 237 251 264 279 290 304 313 314 326 356 
27 38 4 19 24 33 37 40 41 47 54 56 68 77 89 94 97 110 133 145 146 160 161 171 181 208 224 231 249 250 272 277 282 283 286 297 323 324 333 336 
28 35 8 15 29 30 44 51 54 61 72 78 91 96 107 112 122 129 144 164 170 177 181 210 218 239 258 264 265 266 275 289 324 328 329 342 349 
29 35 2 13 14 18 20 23 28 38 40 52 73 89 97 144 145 146 155 158 173 176 198 213 215 218 233 245 257 268 277 281 282 296 299 339 347 
30 37 5 8 15 19 22 28 36 38 46 64 82 116 127 136 140 148 150 171 174 180 182 188 197 203 221 222 250 256 262 278 286 288 292 301 318 327 334 
31 42 4 16 21 33 36 43 59 66 79 80 82 89 90 98 113 123 128 131 132 134 136 138 140 150 151 152 159 164 167 171 174 186 192 195 197 214 219 226 235 251 303 342 
32 32 15 24 74 76 85 90 131 132 146 148 155 166 176 178 179 192 203 211 228 234 257 266 270 273 299 300 307 328 329 334 344 355 
33 32 27 31 38 52 60 70 80 81 83 95 102 110 118 136 146 149 152 158 166 186 196 202 221 228 232 250 275 309 331 338 339 359 
34 39 8 12 15 19 37 48 57 67 70 71 78 80 101 131 154 160 169 197 200 204 207 208 215 217 241 242 244 247 252 267 285 286 295 299 301 315 320 332 343 
35 29 4 19 38 42 51 64 78 99 109 110 120 130 132 146 170 186 195 206 219 231 259 267 276 283 312 324 341 346 351 
36 40 1 4 5 30 31 40 47 53 56 61 80 82 98 102 137 155 160 180 182 195 208 221 222 236 239 245 246 258 266 272 282 285 293 294 320 339 347 348 351 353 
37 45 1 2 3 6 17 27 34 43 62 66 90 92 93 97 102 110 116 137 141 145 154 156 162 166 169 172 192 198 206 224 240 242 249 266 269 270 282 296 301 317 320 343 345 354 355 
38 42 1 8 14 29 30 33 35 51 57 58 69 91 105 117 118 121 136 150 154 167 176 186 203 210 211 218 224 225 239 240 255 269 285 298 308 319 333 338 340 344 345 353 
39 38 6 8 9 23 41 49 50 62 82 87 89 94 98 103 130 131 135 147 159 181 187 192 221 226 234 239 240 241 278 280 291 292 300 312 319 321 322 325 
40 33 11 19 24 27 29 36 47 50 57 61 69 79 98 101 137 142 159 161 167 171 176 204 231 232 235 239 244 285 294 314 334 352 354 
41 36 6 7 27 39 45 54 56 58 64 71 75 77 81 84 97 101 111 123 126 147 168 183 207 209 243 244 277 282 294 299 301 308 316 325 331 340 
42 35 11 17 18 23 24 35 67 68 92 103 106 124 133 146 164 172 175 187 210 217 218 245 254 258 271 277 284 288 302 309 322 338 339 348 353 
43 38 17 20 31 37 52 66 67 84 105 110 122 134 144 145 169 171 190 192 205 218 236 253 259 277 283 295 311 312 314 316 321 324 326 334 336 346 347 356 
44 29 12 28 47 55 63 77 92 114 125 127 135 145 149 155 158 195 214 225 230 239 248 262 268 277 279 283 330 331 344 
45 37 4 5 15 19 41 50 54 66 104 105 106 121 124 129 138 141 142 155 165 192 197 202 204 225 227 229 242 254 264 266 269 276 278 280 294 302 311 
46 25 2 23 30 48 52 61 93 101 110 118 128 161 168 190 192 196 231 249 255 284 323 325 340 344 359 
47 33 5 9 10 26 27 36 40 44 66 69 85 101 111 123 130 150 167 173 188 201 202 245 275 285 293 294 306 311 339 340 351 355 356 
48 30 8 34 46 51 62 74 87 93 106 108 117 130 150 151 206 225 233 240 244 262 276 279 284 290 295 300 301 319 322 358 
49 45 1 12 39 53 63 64 73 80 81 87 88 95 96 108 114 115 145 162 166 167 171 182 203 207 211 216 218 222 237 242 245 249 250 255 265 268 274 276 277 280 297 315 326 337 345 
50 42 1 22 39 40 45 56 59 64 66 67 71 91 94 97 98 131 138 143 150 159 161 164 168 178 208 212 222 225 230 235 241 251 252 258 260 261 264 266 275 293 334 343 
51 36 4 10 17 28 35 38 48 56 61 69 72 83 88 97 143 153 157 176 188 189 193 212 219 234 273 293 301 302 303 307 323 335 336 341 351 354 
52 41 2 11 15 29 33 43 46 53 60 70 73 85 88 98 107 133 138 152 157 162 164 165 171 184 186 197 214 217 219 242 245 254 259 276 278 280 282 286 307 324 347 
53 58 1 2 12 15 36 49 52 54 60 69 72 82 88 98 102 112 127 128 137 152 155 156 178 183 185 192 193 198 200 210 215 217 234 235 236 240 243 244 247 259 263 265 271 274 278 285 288 296 298 299 308 310 315 330 334 336 349 355 
54 44 4 9 25 27 28 41 45 53 56 63 115 123 132 135 137 140 149 150 160 163 189 191 194 200 203 213 214 226 235 252 254 256 258 265 279 293 308 309 318 337 340 344 351 357 
55 34 2 14 19 44 60 69 72 82 85 94 95 104 121 123 126 133 150 166 185 203 209 229 237 241 255 256 265 276 280 284 313 316 321 341 
56 37 11 14 27 36 41 50 51 54 63 74 82 93 102 122 125 131 134 140 148 152 158 167 172 182 196 211 218 229 234 244 245 264 284 291 321 336 349 
57 37 2 18 34 38 40 60 91 99 123 126 136 138 141 161 164 176 179 184 185 187 194 196 208 232 233 242 246 256 272 306 317 324 336 339 344 345 348 
58 36 13 38 41 79 81 111 114 115 134 138 154 155 160 170 171 173 181 182 187 189 213 221 223 254 257 262 275 278 282 283 284 305 317 351 352 353 
59 38 1 9 26 31 50 63 66 68 73 91 98 99 106 108 118 121 128 129 134 171 177 193 206 223 224 230 236 275 276 281 286 302 305 317 326 340 344 352 
60 36 6 16 20 33 52 53 55 57 61 62 72 95 96 97 99 100 103 121 132 138 148 151 155 162 233 235 245 251 264 276 287 290 302 308 310 320 
61 40 0 22 26 28 36 40 46 51 60 83 85 86 102 111 114 132 142 146 175 182 183 186 199 203 211 214 217 220 225 237 257 262 271 293 296 297 298 313 330 353 
62 43 22 23 37 39 48 60 66 67 72 76 81 82 93 99 100 102 103 118 129 136 139 171 176 206 215 219 224 230 237 247 248 249 251 257 266 275 292 296 297 303 322 340 342 
63 36 19 44 49 54 56 59 67 83 86 149 150 152 178 189 200 225 236 250 255 273 275 280 281 283 284 286 294 298 307 308 309 313 318 321 323 355 
64 39 6 18 23 30 35 41 49 50 74 76 85 90 97 99 134 143 183 191 197 204 215 227 233 243 244 249 267 279 281 283 302 311 315 326 330 333 334 335 346 
65 24 10 19 71 87 89 93 94 110 118 129 135 139 153 168 203 213 216 253 293 300 306 311 345 352 
66 37 1 5 8 18 31 37 43 45 47 50 59 62 90 101 107 108 133 151 155 158 181 211 216 221 234 243 262 284 288 290 298 299 300 309 312 314 338 
67 51 21 34 42 43 50 62 63 74 79 87 97 132 134 139 145 158 168 173 174 187 192 211 219 226 229 232 238 239 245 247 249 250 256 257 267 271 277 279 280 285 286 300 301 304 307 317 325 332 335 346 357 
68 35 5 7 18 20 27 42 59 74 89 91 92 98 110 122 148 152 162 165 183 192 195 209 214 220 235 240 250 264 275 294 305 325 345 351 357 
69 33 13 14 17 18 24 26 38 40 47 51 53 55 71 83 87 88 90 133 135 136 140 174 176 181 191 193 220 260 284 302 309 319 329 
70 31 13 33 34 52 80 94 102 121 132 146 157 167 182 195 197 201 205 206 209 213 218 259 277 281 288 294 306 308 326 346 354 
71 51 17 34 41 50 65 69 72 77 89 91 93 105 108 112 118 139 140 150 157 176 181 191 193 197 201 205 206 211 227 230 234 244 246 249 256 265 282 284 286 287 295 304 306 315 325 329 330 333 343 346 355 
72 38 6 28 51 53 55 60 62 71 94 95 98 105 132 138 147 156 159 174 180 181 182 184 185 218 223 230 241 242 255 263 265 296 297 319 325 332 339 354 
73 30 29 49 52 59 74 78 79 101 110 129 130 137 142 146 147 153 165 184 195 217 231 253 255 259 265 293 311 315 347 357 
74 38 10 17 32 48 56 64 67 68 73 92 101 103 105 130 139 149 154 162 168 174 191 214 223 241 276 278 280 281 283 293 305 308 324 330 337 339 340 351 
75 33 6 10 16 41 78 83 89 101 104 106 107 127 137 138 143 148 163 187 219 230 242 247 255 262 271 277 288 289 307 314 336 352 357 
76 28 0 3 6 18 32 62 64 102 125 163 175 180 214 230 246 247 253 285 289 312 319 325 332 344 349 351 353 355 
77 26 27 41 44 71 85 100 118 123 124 159 177 183 204 211 224 236 249 273 276 282 301 317 321 326 344 353 
78 38 10 12 19 28 34 35 73 75 83 87 89 105 112 125 131 160 163 165 174 179 186 196 213 231 239 243 269 278 286 289 290 299 303 318 320 324 330 337 
79 45 26 31 40 58 67 73 82 89 96 114 132 139 144 146 148 159 177 191 193 197 217 223 234 239 251 253 254 258 265 274 279 283 284 288 291 309 312 313 315 320 325 333 335 350 355 
80 33 14 20 31 33 34 36 49 70 92 103 107 121 129 145 146 152 153 159 205 208 210 228 231 253 267 271 273 299 310 320 330 344 350 
81 45 0 33 41 49 58 62 94 104 105 108 113 121 131 133 136 137 174 185 199 201 209 212 215 224 229 230 246 255 278 280 291 298 315 317 319 322 326 327 331 336 341 342 344 346 355 
82 41 7 15 30 31 36 39 53 55 56 62 79 92 97 109 148 150 162 172 178 185 199 219 221 230 234 269 270 274 275 280 284 295 304 323 328 331 336 341 347 355 359 
83 49 3 4 16 20 25 33 51 61 63 69 75 78 87 95 99 112 113 116 121 122 136 137 170 174 193 203 204 213 215 218 219 226 245 255 273 274 278 279 296 298 310 316 323 335 343 350 351 355 356 
84 30 17 21 22 24 41 43 115 135 141 142 161 164 201 202 206 214 216 231 233 237 241 248 291 298 312 314 323 339 356 358 
85 51 12 17 18 19 21 32 47 52 55 61 64 77 105 114 117 123 124 132 137 140 160 163 168 171 180 198 199 200 202 204 209 213 214 215 217 232 240 244 250 255 274 277 293 301 306 310 315 338 339 341 359 
86 39 4 12 18 61 63 97 116 123 133 136 139 162 165 167 170 176 188 200 201 206 218 223 226 229 232 249 275 286 297 299 312 317 324 325 329 336 337 351 354 
87 33 1 2 16 17 26 39 48 49 65 67 69 78 83 101 112 144 145 169 188 204 207 250 255 277 282 290 294 314 323 329 339 346 356 
88 32 9 19 49 51 52 53 69 107 130 144 167 169 178 179 180 196 212 217 225 230 237 252 268 272 286 294 301 302 315 330 343 358 
89 39 1 8 9 23 26 27 29 31 39 65 68 71 75 78 79 96 109 120 130 134 135 142 163 170 192 193 199 202 224 253 258 259 260 261 268 293 303 306 314 
90 23 10 25 31 32 37 64 66 69 105 133 144 164 248 256 265 266 293 296 299 303 323 338 350 
91 35 10 14 28 38 50 57 59 68 71 98 107 112 124 144 162 168 195 201 208 221 241 245 257 265 266 271 277 284 291 293 306 314 322 328 339 
92 34 8 9 37 42 44 68 74 80 82 112 115 117 148 153 164 168 188 196 210 213 218 224 238 242 246 275 279 280 294 310 313 329 335 357 
93 39 2 20 37 46 48 56 62 65 71 94 116 118 124 129 138 145 146 155 169 179 183 188 189 190 209 215 223 224 227 232 234 248 264 277 292 304 331 336 342 
94 35 21 27 39 50 55 65 70 72 81 93 120 130 145 149 150 161 163 167 178 181 188 204 206 208 209 224 246 247 256 265 267 287 338 339 351 
95 38 7 26 33 49 55 60 72 83 97 107 123 135 138 141 150 159 168 173 190 193 194 208 220 226 236 248 249 279 284 288 297 301 302 312 329 332 339 357 
96 35 11 17 20 28 49 60 79 89 105 108 115 121 122 149 151 152 154 155 174 184 198 207 220 221 249 255 272 273 282 283 285 289 309 343 358 
97 35 4 22 27 29 37 41 50 51 60 64 67 82 86 95 102 111 117 151 158 161 177 181 195 206 210 220 254 263 314 325 329 341 348 353 356 
98 34 19 25 31 36 39 40 50 52 53 59 68 72 91 102 103 107 112 141 145 168 169 184 196 226 239 243 289 292 298 302 304 308 334 358 
99 48 12 19 20 25 35 57 59 60 62 64 83 110 115 116 127 130 139 143 146 160 167 188 189 202 207 220 222 229 235 238 250 253 254 262 271 278 289 295 296 297 323 325 339 342 346 348 349 351 
100 29 1 22 60 62 77 101 135 141 174 190 191 196 202 205 207 212 218 230 233 237 247 269 280 297 305 312 323 324 329 
101 50 7 16 18 19 26 34 40 41 46 47 66 73 74 75 87 100 103 109 110 119 133 138 142 146 148 152 165 180 181 182 188 189 196 198 204 216 237 248 264 272 283 286 303 312 316 318 336 339 347 359 
102 34 33 36 37 53 56 61 62 70 76 97 98 112 138 148 154 166 182 185 188 209 214 218 229 242 249 260 273 297 306 318 324 332 335 336 
103 30 20 39 42 60 62 74 80 98 101 111 121 164 169 177 189 196 213 222 234 239 260 263 267 270 273 283 292 306 336 346 
104 29 7 21 45 55 75 81 133 168 172 188 189 190 197 201 213 222 247 257 265 275 287 291 296 305 306 321 347 355 359 
105 42 2 38 43 45 71 72 74 78 81 85 90 96 107 112 113 114 122 131 147 163 166 174 175 202 208 212 230 236 256 263 269 271 277 283 300 308 311 314 315 321 348 350 
106 32 8 42 45 48 59 75 129 150 182 191 194 198 231 233 241 251 257 259 260 261 270 277 288 297 302 304 306 311 327 342 343 350 
107 43 10 22 28 52 66 75 80 88 91 95 98 105 110 117 123 129 154 155 157 161 162 163 170 189 197 209 230 233 235 236 239 241 242 248 263 274 288 294 316 326 328 339 345 
108 33 5 48 49 59 66 71 81 96 112 118 128 136 142 152 155 165 183 189 199 215 216 222 242 251 253 283 285 292 293 298 317 326 336 
109 36 2 6 13 14 35 82 89 101 115 119 138 139 142 148 159 160 168 172 174 187 195 196 201 245 255 258 265 278 282 292 302 305 318 328 333 348 
110 42 1 6 21 27 33 35 37 43 46 65 68 73 99 101 107 114 115 120 146 184 204 207 213 215 218 224 225 230 241 244 252 254 258 270 281 304 307 308 338 351 355 358 
111 31 11 12 22 41 47 58 61 97 103 121 148 158 161 165 191 199 205 215 218 241 242 254 262 265 293 295 297 299 334 342 346 
112 31 4 8 11 28 53 71 78 83 87 91 92 98 102 105 108 117 136 137 182 224 241 242 248 280 295 326 328 342 351 353 354 
113 23 18 23 25 31 81 83 105 114 181 209 230 233 239 266 273 292 293 310 317 326 334 350 357 
114 41 3 9 44 49 58 61 79 85 105 110 113 116 117 148 166 168 173 176 188 193 200 202 203 215 224 235 245 248 265 271 274 277 282 288 289 292 300 304 312 333 334 
115 40 6 16 17 20 49 54 58 84 92 96 99 109 110 121 128 132 145 147 159 165 168 179 190 211 246 267 268 280 286 291 293 300 321 322 324 334 340 341 342 354 
116 27 3 30 37 83 86 93 99 114 120 124 158 159 180 184 193 197 203 215 260 265 269 270 278 305 308 316 334 
117 36 12 15 20 38 48 85 92 97 107 112 114 129 138 149 157 162 163 213 220 234 246 247 249 259 261 289 291 293 305 317 323 325 331 332 347 357 
118 34 6 19 33 38 46 59 62 65 71 77 93 108 125 133 135 142 154 156 163 177 193 224 232 260 267 278 281 301 318 328 336 344 350 358 
119 51 2 4 15 20 101 109 120 122 123 127 128 142 159 162 163 170 171 172 178 182 188 190 192 193 209 210 211 213 220 234 237 242 254 272 286 291 295 300 306 307 309 310 321 327 334 343 344 347 349 353 359 
120 31 35 89 94 110 116 119 125 140 143 147 150 153 167 178 179 180 181 200 205 234 239 270 273 289 327 334 338 345 351 357 358 
121 38 0 9 20 21 38 45 55 59 60 70 80 81 83 96 103 111 115 128 133 135 140 154 157 165 186 199 212 218 224 245 296 307 313 320 325 329 343 346 
122 36 4 8 20 25 28 43 56 68 83 96 105 119 138 143 158 168 181 183 194 202 211 225 244 268 269 271 274 293 295 300 312 325 327 351 357 358 
123 36 12 20 22 31 41 47 54 55 57 77 85 86 95 107 119 139 144 151 152 167 193 209 214 221 242 245 266 268 289 293 299 301 318 330 333 334 
124 35 8 12 42 45 77 85 91 93 116 127 130 151 157 161 163 172 177 183 200 203 209 211 217 249 255 271 279 281 286 291 292 316 327 345 356 
125 31 14 23 44 56 76 78 118 120 128 148 161 188 201 208 209 210 212 221 232 236 257 262 268 281 289 293 313 318 321 336 357 
126 29 7 14 20 21 41 55 57 132 166 171 179 187 201 202 208 213 216 223 237 261 263 275 284 309 317 346 352 353 354 
127 34 1 3 11 30 44 53 75 99 119 124 135 149 166 168 183 186 196 197 209 218 228 235 239 247 278 281 286 304 316 328 330 335 340 343 
128 33 10 12 31 46 53 59 108 115 119 121 125 132 136 173 178 179 191 206 215 232 248 257 266 273 283 295 306 309 313 331 334 350 351 
129 32 28 45 59 62 65 73 80 93 106 107 117 158 164 193 200 205 206 219 231 250 251 262 274 299 307 312 317 330 341 345 350 353 
130 33 3 21 35 39 47 48 73 74 88 89 94 99 124 156 169 170 185 187 198 199 207 208 246 293 296 299 304 312 319 321 332 354 356 
131 30 6 10 22 31 32 34 39 50 56 78 81 105 147 149 166 209 217 227 229 239 251 255 278 289 298 309 320 325 326 351 
132 36 8 31 32 35 54 60 61 67 70 72 79 85 115 126 128 150 170 187 188 191 210 211 212 217 225 236 241 276 300 305 306 320 333 340 351 356 
133 39 1 3 5 6 7 27 42 52 55 66 69 81 86 90 101 104 118 121 135 147 174 175 184 214 216 217 219 263 270 282 293 314 321 341 346 347 348 350 355 
134 41 1 8 15 19 22 31 43 56 58 59 64 67 89 139 148 154 161 167 172 184 196 201 204 213 234 245 253 261 267 289 292 301 305 316 324 338 342 344 345 346 347 
135 34 11 25 39 44 54 65 69 84 89 95 100 118 121 127 133 140 146 149 158 160 161 165 231 255 256 273 279 287 293 301 317 332 341 342 
136 37 11 20 23 30 31 33 38 57 62 69 81 83 86 108 112 128 138 140 161 206 218 230 236 255 259 261 264 266 274 282 288 319 323 338 345 347 350 
137 42 1 7 16 22 25 36 37 40 53 54 73 75 81 83 85 112 149 161 162 169 177 180 188 203 210 225 234 245 251 252 254 267 271 281 304 309 310 312 315 325 345 353 
138 43 5 7 8 14 31 45 50 52 57 58 60 72 75 93 95 101 102 109 117 122 136 139 147 151 163 172 179 191 196 207 209 213 221 246 248 296 312 324 327 329 332 340 347 
139 39 9 14 62 65 67 71 74 79 86 99 109 123 134 138 168 170 181 183 194 208 215 231 237 251 255 265 268 272 279 298 315 322 336 338 339 340 342 343 356 
140 33 0 4 9 20 26 30 31 54 56 69 71 85 120 121 135 136 148 159 167 181 213 222 234 237 239 243 257 268 293 296 311 322 329 
141 25 2 9 37 45 57 84 95 98 100 144 152 171 178 198 234 253 258 268 274 287 303 304 310 340 353 
142 42 1 5 6 40 45 61 73 84 89 101 108 109 118 119 144 146 159 164 167 170 178 179 187 198 202 208 210 230 250 259 264 269 287 299 302 303 310 312 317 319 326 339 
143 39 13 17 18 26 50 51 64 75 99 120 122 192 211 216 217 229 231 232 235 250 263 273 288 291 299 310 311 312 317 325 327 335 337 339 343 346 354 357 358 
144 28 7 20 22 26 28 29 43 79 87 88 90 91 123 141 142 147 161 166 206 211 251 263 270 292 293 308 317 329 
145 32 4 10 27 29 37 43 44 49 67 80 87 93 94 98 115 149 181 189 190 212 224 228 254 264 270 273 286 297 299 319 331 333 
146 41 17 18 23 27 29 32 33 35 42 61 70 73 79 80 93 99 101 110 135 142 155 161 164 179 182 190 191 236 239 243 245 249 254 265 274 277 313 328 334 357 359 
147 38 39 41 72 73 105 115 120 131 133 138 144 164 168 172 175 178 179 180 196 199 204 218 231 232 239 265 275 280 285 303 325 327 335 336 337 347 351 359 
148 38 7 8 26 30 32 56 60 68 75 79 82 92 101 102 109 111 114 125 134 140 165 187 189 198 209 245 246 253 254 260 307 309 314 333 344 345 346 353 
149 50 1 14 22 33 44 54 63 74 94 96 117 127 131 135 137 145 155 166 172 173 174 183 195 196 200 209 211 218 221 222 236 249 250 252 268 274 277 280 286 292 302 304 310 314 318 325 334 336 338 359 
150 42 2 8 12 20 23 30 31 38 47 48 50 54 55 63 71 82 94 95 106 120 132 161 163 178 181 190 193 200 232 239 249 255 257 278 284 296 297 306 308 321 323 327 
151 24 5 18 21 31 48 60 66 96 97 123 124 138 178 194 196 204 205 239 244 265 293 306 308 311 
152 38 3 5 22 24 31 33 52 53 56 63 68 80 96 101 108 123 141 156 163 169 171 178 181 210 212 216 227 234 236 257 291 293 299 305 312 327 336 351 
153 30 2 4 8 10 20 51 65 73 80 92 120 155 181 183 201 210 216 225 231 232 241 268 273 277 279 290 297 315 323 338 
154 28 26 34 37 38 58 74 96 102 107 118 121 134 156 162 167 172 174 188 192 196 212 237 253 260 281 304 311 328 
155 40 24 29 32 36 44 45 53 58 60 66 93 96 107 108 146 149 153 170 180 184 185 191 200 205 225 230 264 269 271 278 297 301 307 313 315 327 332 337 341 348 
156 35 1 15 21 37 53 72 118 130 152 154 161 171 185 186 196 197 198 205 208 210 215 216 217 222 247 281 285 290 291 306 320 322 323 341 343 
157 33 1 4 11 12 19 23 51 52 70 71 107 117 121 124 161 166 167 181 191 212 220 248 263 264 272 294 305 315 336 339 340 354 358 
158 36 12 23 29 33 44 56 66 67 97 111 116 122 129 135 172 177 178 185 186 200 231 251 257 261 266 271 275 276 297 299 310 332 338 350 351 352 
159 44 6 12 13 14 16 17 20 31 39 40 50 72 77 79 80 95 109 115 116 119 140 142 165 171 180 186 193 197 209 213 215 231 236 265 267 268 270 271 292 295 298 313 326 352 
160 32 21 27 34 36 54 58 78 85 99 109 135 164 166 170 172 216 219 238 240 243 248 256 276 289 290 293 295 297 311 313 325 352 
161 42 4 25 27 40 46 50 57 84 94 97 107 111 124 125 134 135 136 137 144 146 150 156 157 164 166 176 189 198 209 213 223 242 264 282 287 297 309 310 311 322 337 355 
162 29 9 24 37 49 52 60 68 74 82 86 91 107 117 119 137 154 179 187 196 203 216 219 236 266 286 288 292 301 339 
163 37 0 1 14 26 54 75 76 78 85 89 94 105 107 117 118 119 124 138 150 152 170 205 215 228 233 235 238 242 244 261 276 280 284 300 320 326 329 
164 36 16 28 31 42 50 52 57 84 90 92 103 129 142 146 147 160 161 165 169 221 222 236 240 242 251 255 258 270 301 302 307 318 341 351 352 357 
165 37 18 21 45 52 68 73 78 86 101 108 111 115 121 135 148 159 164 176 181 182 201 207 226 242 252 254 256 257 268 282 285 294 302 304 310 324 348 
166 37 5 14 16 17 32 33 37 49 55 102 105 114 126 127 131 144 149 157 160 161 168 169 171 185 189 209 215 220 244 251 264 271 275 317 322 337 343 
167 37 2 3 31 38 40 47 49 56 70 86 88 94 99 120 123 134 140 142 154 157 192 211 222 224 231 246 252 259 262 285 299 307 311 317 318 341 353 
168 39 3 24 26 41 46 50 65 67 74 85 91 92 95 98 104 109 114 115 122 127 139 147 166 190 207 222 224 241 247 255 272 284 288 290 297 303 318 333 346 
169 40 2 3 10 25 34 37 43 87 88 93 98 103 130 137 152 164 166 172 175 191 218 224 229 247 248 259 264 271 281 286 290 303 304 308 323 332 349 350 352 354 
170 38 7 28 35 58 83 86 89 107 119 130 132 139 142 155 160 163 171 176 186 193 194 201 202 214 238 242 250 254 265 273 283 289 315 319 325 336 341 354 
171 41 4 7 17 23 25 27 30 31 40 43 49 52 58 59 62 85 119 126 141 152 156 159 166 170 173 175 181 184 213 220 225 239 254 270 272 302 316 328 330 332 339 
172 39 6 13 16 37 42 56 82 104 109 119 124 134 138 147 149 154 158 160 169 175 179 183 186 187 191 197 204 212 230 257 261 284 287 297 301 302 345 355 357 
173 29 0 12 15 18 21 29 47 58 67 95 114 128 149 171 195 197 200 214 222 242 252 259 266 273 318 320 323 333 351 
174 37 9 20 24 30 31 67 69 72 74 78 81 83 96 100 105 109 133 149 154 179 197 199 203 216 231 234 253 265 279 286 316 324 339 346 352 354 359 
175 28 0 5 14 42 61 76 105 133 147 169 171 172 177 193 201 207 218 229 241 245 246 266 268 274 277 311 347 352 
176 39 0 2 19 29 32 38 40 51 57 62 69 71 86 114 161 165 170 187 196 205 210 227 232 236 241 244 254 255 258 265 269 276 281 296 316 317 330 336 341 
177 37 5 7 9 12 19 28 59 77 79 97 103 118 124 137 158 175 190 196 200 214 215 217 218 234 262 264 272 282 289 291 299 310 311 314 328 330 334 
178 35 2 23 25 32 50 53 63 82 88 94 119 120 128 141 142 147 150 151 152 158 198 217 219 220 222 227 229 237 253 316 322 326 327 335 336 
179 28 3 12 32 57 78 88 93 115 120 126 128 138 142 146 147 162 172 174 211 224 244 254 267 268 313 321 326 350 
180 40 18 30 36 72 76 85 88 101 116 120 137 147 155 159 188 206 211 213 218 232 240 241 242 244 246 247 283 288 300 306 312 313 323 328 331 333 337 345 353 354 
181 41 17 27 28 39 58 66 69 71 72 94 97 101 113 120 122 139 140 145 150 152 153 157 165 171 228 235 238 247 257 261 267 273 276 286 287 296 301 324 332 339 345 
182 33 1 18 30 36 49 56 58 61 70 72 101 102 106 112 119 146 165 185 197 213 221 222 227 266 268 281 286 297 299 305 310 348 359 
183 36 0 17 21 41 53 61 64 68 77 93 108 122 124 127 139 149 153 172 184 211 216 218 229 234 235 239 242 262 276 278 286 287 292 313 336 351 
184 32 12 52 57 72 73 96 98 110 116 133 134 155 171 183 185 201 209 217 220 230 238 252 256 262 265 277 278 289 303 319 329 355 
185 39 14 26 53 55 57 72 81 82 102 130 155 156 158 166 182 184 194 197 199 217 230 233 245 249 255 258 261 265 269 295 308 310 324 337 350 354 355 358 359 
186 35 4 31 33 35 38 52 61 78 121 127 156 158 159 170 172 211 219 247 261 264 269 272 301 304 329 331 332 333 334 338 339 341 348 355 356 
187 29 39 42 57 58 67 75 109 126 130 132 142 148 162 172 176 193 201 212 220 227 232 287 290 291 300 320 327 357 359 
188 36 4 30 47 51 86 87 92 93 94 99 101 102 104 114 119 125 132 137 154 180 195 201 202 210 226 240 268 273 277 296 300 341 342 345 348 350 
189 28 2 22 25 51 54 58 63 93 99 101 103 104 107 108 145 148 161 166 214 232 233 242 248 249 271 334 336 359 
190 39 11 12 18 19 22 23 26 43 46 93 95 100 104 115 119 145 146 150 168 177 205 211 213 216 222 223 228 231 243 246 274 277 289 293 306 309 314 332 358 
191 42 9 15 21 24 54 64 69 71 74 79 100 106 111 128 132 138 146 155 157 169 172 192 199 202 206 207 212 218 223 244 253 261 281 283 284 286 294 310 347 348 350 351 
192 37 13 21 31 32 37 39 43 45 46 53 67 68 89 119 143 154 167 191 194 212 215 217 221 224 241 252 256 261 282 296 297 303 316 321 322 329 339 
193 45 1 24 51 53 59 69 71 79 83 89 95 114 116 118 119 123 129 150 159 170 175 187 201 204 217 218 221 223 225 229 231 238 251 265 281 282 293 301 302 313 314 342 345 352 359 
194 27 4 7 12 54 57 95 106 122 139 151 170 185 192 216 236 271 283 285 308 317 319 320 333 335 350 356 358 
195 30 4 31 35 36 44 68 70 73 91 97 109 149 173 188 199 202 212 220 223 228 247 257 273 276 277 287 315 316 339 355 
196 38 4 9 33 46 56 57 78 88 92 98 100 101 103 109 127 134 138 147 149 151 154 156 162 176 177 218 246 251 271 282 287 288 290 297 303 313 315 336 
197 40 8 10 18 21 30 31 34 45 52 64 70 71 79 104 107 116 127 156 159 172 173 174 182 185 200 207 210 217 227 243 264 269 277 286 298 322 324 326 339 354 
198 28 29 37 53 85 96 101 106 130 141 142 148 156 161 178 220 228 248 258 271 279 298 302 306 317 319 330 333 344 
199 29 12 21 22 61 81 82 85 89 108 111 121 130 147 174 185 191 195 205 228 233 237 258 294 299 304 306 313 324 355 
200 36 0 15 16 20 34 53 54 63 85 86 114 120 124 129 149 150 155 158 173 177 197 215 216 231 238 256 291 295 312 313 314 325 331 337 344 345 
201 46 2 4 17 22 47 70 71 81 84 86 91 104 109 125 126 134 153 165 170 175 184 187 188 193 208 209 226 230 232 242 245 248 266 267 268 271 294 299 303 304 317 333 340 341 343 354 
202 32 0 33 45 47 84 85 89 99 100 105 114 122 126 142 170 188 191 195 249 265 273 274 283 300 301 303 314 328 332 340 346 353 
203 33 5 16 30 32 38 49 54 55 61 65 83 114 116 124 137 162 174 205 209 231 242 249 263 268 271 287 292 299 315 316 343 350 358 
204 33 14 16 34 40 45 64 77 83 85 87 94 101 110 134 147 151 172 193 206 229 230 235 236 239 244 286 290 297 298 302 306 340 352 
205 37 3 4 17 22 43 70 71 80 100 111 120 129 151 155 156 163 176 190 199 203 209 210 212 217 222 230 244 246 259 268 275 281 296 300 311 314 345 
206 40 5 12 22 35 37 48 59 62 70 71 84 86 94 97 128 129 136 144 180 191 204 232 235 239 242 264 265 273 280 286 287 291 302 306 318 321 323 325 346 350 
207 31 2 4 15 34 41 49 87 96 99 100 110 130 138 165 168 175 191 197 210 212 216 223 245 256 273 278 290 305 307 330 342 
208 27 13 14 20 27 34 36 50 57 80 91 94 95 105 125 126 130 139 142 156 201 228 234 279 302 319 325 327 
209 38 15 41 55 68 70 81 85 93 94 102 107 113 119 123 124 125 127 131 138 148 149 159 161 166 184 201 203 205 217 225 237 251 272 280 283 294 304 319 
210 37 2 14 25 28 38 42 53 80 92 97 119 125 132 137 142 152 153 156 176 188 197 205 207 211 222 226 231 253 258 274 292 300 302 309 313 348 349 
211 37 14 16 32 38 49 56 61 66 67 71 77 115 119 122 124 132 143 144 149 167 179 180 183 186 190 210 240 243 265 267 275 281 321 346 349 352 357 
212 31 7 15 21 50 51 81 88 100 105 121 125 132 145 152 154 157 172 187 191 192 195 205 207 234 281 284 311 321 324 331 349 
213 34 3 29 54 58 65 70 78 83 85 92 103 104 110 117 119 126 134 138 140 159 161 171 180 182 190 217 221 294 295 311 313 318 348 356 
214 35 10 19 31 44 52 54 61 68 74 76 84 85 102 123 133 170 173 177 189 217 219 223 229 235 238 249 261 278 291 304 310 312 325 328 343 
215 40 10 29 34 53 62 64 81 83 85 93 108 110 111 114 116 128 139 156 159 163 166 177 192 200 218 226 242 251 252 253 266 275 317 318 331 333 340 341 347 350 
216 43 0 11 49 65 66 84 101 108 126 133 143 152 153 156 160 162 174 183 190 194 200 207 217 219 221 225 229 246 248 253 261 279 292 295 302 308 317 320 329 336 348 351 357 
217 45 0 14 18 34 42 52 53 61 73 79 85 88 124 131 132 133 143 156 177 178 184 185 192 193 197 205 209 213 214 216 218 220 222 231 234 244 248 269 273 281 300 312 317 321 323 
218 47 5 26 28 29 38 42 43 49 56 70 72 83 86 92 100 102 110 111 121 127 136 147 149 169 175 177 180 183 191 193 196 215 217 222 229 232 245 262 275 279 286 300 310 323 328 331 350 
219 33 8 9 14 31 35 51 52 62 67 75 82 83 129 133 160 162 178 186 214 216 224 226 230 231 239 253 298 310 313 318 334 337 343 
220 30 0 19 61 68 69 95 96 97 99 117 119 157 166 171 178 184 187 195 198 217 228 229 237 243 301 305 314 317 341 342 
221 33 30 33 36 39 58 66 82 91 96 123 125 138 149 164 182 192 193 213 216 233 246 250 260 261 286 293 298 309 314 316 330 337 346 
222 42 11 25 26 30 36 49 50 99 103 104 108 140 149 156 164 167 168 173 178 182 190 205 210 217 218 225 226 247 251 272 280 284 287 309 316 317 320 327 341 346 353 356 
223 31 7 15 21 58 59 72 74 79 86 93 126 161 190 191 193 195 207 214 242 250 251 259 267 271 280 287 299 322 335 345 357 
224 38 2 6 16 26 27 37 38 59 62 77 81 89 92 93 94 110 112 114 118 121 145 167 168 169 179 192 219 230 235 253 269 305 314 319 325 329 344 354 
225 39 19 24 26 38 44 45 48 50 61 63 88 110 122 132 137 153 155 171 193 209 216 222 230 232 233 258 259 270 275 300 309 316 323 326 328 331 343 345 347 
226 33 15 31 39 54 67 83 86 95 98 165 188 201 210 215 219 222 250 262 275 284 295 304 307 313 317 319 321 325 330 332 340 347 351 
227 26 14 45 64 71 93 131 152 176 178 182 187 197 228 232 255 258 262 291 292 294 308 317 321 332 352 357 
228 30 8 14 20 32 33 80 127 145 163 181 190 195 198 199 208 220 227 242 246 250 253 266 272 275 282 292 325 331 334 340 
229 40 19 45 55 56 67 81 86 99 102 131 143 169 175 178 183 193 204 214 216 218 220 230 233 236 242 250 257 265 299 306 316 322 324 329 331 334 340 350 352 358 
230 38 4 44 50 59 62 71 72 75 76 81 82 88 100 105 107 110 113 136 142 155 172 184 185 201 204 205 219 224 225 229 259 287 290 297 320 331 344 355 
231 43 25 27 35 40 46 73 78 80 84 106 129 135 139 143 147 153 158 159 167 174 190 193 200 203 210 217 219 242 243 245 249 252 266 268 274 296 302 322 323 341 344 345 352 
232 35 24 33 40 57 67 85 86 93 118 125 128 143 147 150 153 176 180 187 189 201 206 218 225 227 258 263 269 270 271 285 308 309 311 323 355 
233 29 15 29 48 57 60 64 84 100 106 107 113 163 185 189 199 221 225 229 261 262 272 273 275 276 295 317 337 339 348 
234 37 12 25 32 39 51 53 56 66 71 79 82 93 103 117 119 120 134 137 140 141 152 174 177 183 208 212 217 245 247 265 287 319 325 333 344 345 358 
235 33 12 17 31 40 50 53 54 60 68 99 107 114 127 143 163 181 183 204 206 214 224 269 276 284 285 287 292 295 300 318 350 355 359 
236 43 7 8 9 20 22 23 26 36 43 53 59 63 77 95 105 107 125 132 136 146 149 152 159 162 164 176 194 204 229 246 248 251 258 264 280 306 311 313 326 329 331 340 353 
237 36 6 21 26 49 55 61 62 84 88 100 101 119 126 139 140 154 178 199 209 220 238 251 262 264 271 272 285 286 291 310 312 320 333 352 354 356 
238 25 1 2 25 67 92 99 160 163 170 181 184 193 200 214 237 239 246 250 277 291 325 330 333 334 339 
239 41 0 11 19 23 25 28 36 38 39 40 44 67 78 79 98 103 107 113 120 127 131 140 146 147 150 151 171 183 204 206 219 238 243 245 259 286 326 327 338 350 359 
240 24 12 37 38 39 48 53 68 85 160 164 180 188 211 247 255 264 272 274 307 309 320 339 341 355 
241 37 2 4 8 25 34 39 50 55 72 74 84 91 106 107 110 111 112 132 153 168 175 176 180 192 242 248 255 264 270 280 283 284 291 295 298 318 357 
242 47 4 5 21 34 37 45 49 52 57 72 75 92 102 107 108 111 112 119 123 161 163 164 165 170 173 180 183 189 201 203 206 215 223 228 229 231 241 258 261 291 297 298 303 305 309 349 355 
243 23 41 53 64 66 78 98 140 146 160 190 197 211 220 231 239 253 255 261 305 322 339 352 356 
244 37 14 19 23 25 34 40 41 48 53 56 64 71 85 110 122 151 163 166 176 179 180 191 204 205 217 276 283 294 299 300 301 312 320 339 343 352 358 
245 44 5 20 23 29 36 42 47 49 52 56 60 67 83 91 109 114 121 123 134 137 146 148 175 185 201 207 218 231 234 239 248 251 281 282 292 296 301 302 318 326 338 347 349 351 
246 33 14 36 57 71 76 81 92 94 115 117 130 138 148 167 175 180 190 196 205 216 221 228 236 238 254 287 292 297 305 308 318 335 345 
247 32 8 11 20 34 53 62 67 75 76 94 100 104 117 127 156 168 169 180 181 186 195 222 234 240 253 258 270 280 309 329 350 354 
248 42 1 3 24 25 44 62 84 90 93 95 101 107 112 114 128 138 157 160 169 189 198 201 216 217 236 241 245 250 251 252 273 275 280 285 297 298 309 310 337 340 344 352 
249 34 16 25 27 37 46 49 62 64 67 71 77 86 95 96 102 117 124 146 149 150 185 189 202 203 214 231 257 262 269 271 276 295 313 337 
250 32 11 12 21 27 30 33 49 63 67 68 85 87 99 129 142 143 149 170 221 223 226 228 229 238 248 265 280 282 283 295 313 314 
251 35 26 31 50 60 62 79 106 108 129 131 137 139 144 158 164 166 193 196 209 215 222 223 236 237 245 248 253 260 268 288 325 329 338 351 356 
252 29 5 17 18 34 50 54 88 110 137 149 165 167 173 184 192 215 231 248 264 269 278 288 293 312 323 332 335 341 350 
253 38 5 7 16 25 43 65 73 76 79 80 89 99 108 134 141 148 154 174 178 191 210 215 216 219 224 228 243 247 251 277 296 300 308 324 327 345 351 358 
254 34 5 16 42 45 52 54 58 79 97 99 110 111 119 137 145 146 148 165 170 171 176 179 246 259 260 264 292 295 308 330 340 344 347 353 
255 38 38 46 49 55 63 72 73 75 81 83 85 87 96 109 124 131 135 136 139 150 164 168 176 185 227 240 241 243 256 270 275 277 304 305 308 324 342 351 
256 33 11 30 54 55 57 67 71 90 94 105 135 160 165 184 192 200 207 255 267 268 272 273 276 279 285 296 304 307 311 323 329 333 353 
257 34 1 15 29 32 58 61 62 67 91 104 106 125 128 140 150 152 158 165 172 181 195 229 249 266 267 269 294 311 320 322 329 344 350 352 
258 32 6 9 14 20 28 36 42 50 54 79 89 109 110 141 164 176 185 198 199 210 225 227 232 236 242 247 278 289 311 332 334 336 
259 37 3 11 16 35 43 52 53 70 73 89 106 117 136 142 167 169 173 205 223 225 230 239 254 281 286 287 289 290 291 292 301 317 325 326 349 357 358 
260 24 25 50 69 89 102 103 106 116 118 148 154 221 251 254 262 269 274 292 295 303 304 317 327 356 
261 33 6 17 50 89 106 117 126 134 136 158 163 172 181 185 186 191 192 214 216 221 233 242 243 268 303 308 315 319 332 345 347 348 350 
262 35 8 11 21 24 25 30 44 48 58 61 66 75 99 111 125 129 167 177 183 184 218 226 227 233 237 249 260 268 270 275 284 314 338 351 358 
263 25 9 53 72 97 103 105 107 126 133 143 144 157 203 232 266 271 277 283 301 325 345 346 355 357 359 
264 41 25 26 28 45 50 56 60 68 93 101 136 142 145 155 157 161 166 169 177 186 197 206 236 237 240 241 252 254 279 282 288 290 296 308 315 321 325 327 342 343 349 
265 42 12 25 28 49 53 54 55 71 72 73 79 90 91 94 104 109 111 114 116 139 146 147 151 159 170 174 176 184 185 193 202 206 211 229 234 250 266 278 308 334 342 351 
266 36 20 24 28 32 36 37 45 50 62 90 91 113 123 128 136 158 162 173 175 182 201 215 228 231 257 263 265 287 311 316 317 326 329 333 337 348 
267 33 0 1 18 34 35 64 67 80 94 103 115 118 134 137 159 179 181 201 211 223 256 257 276 278 281 284 287 288 301 304 311 318 330 
268 43 13 21 29 44 49 88 89 115 122 123 125 139 140 141 149 153 159 165 175 179 182 188 201 203 205 231 251 256 261 262 271 275 277 278 283 294 300 302 304 324 328 345 348 
269 35 0 10 12 18 21 37 38 45 78 82 100 105 116 122 142 155 176 185 186 197 217 224 232 235 249 252 257 260 280 287 293 312 319 337 344 
270 26 25 32 37 82 103 106 110 116 120 133 144 145 159 164 171 225 232 241 247 255 262 278 281 286 297 301 
271 43 4 10 23 42 53 61 67 75 80 91 99 105 114 122 124 137 155 158 159 166 169 189 194 196 198 201 203 223 232 237 249 263 268 282 288 303 322 324 326 339 347 349 358 
272 27 13 25 27 36 57 88 96 101 119 139 157 168 171 177 186 209 222 228 233 237 240 256 282 289 293 332 352 
273 40 20 32 51 63 77 80 83 96 102 103 113 120 128 135 143 145 153 170 173 181 188 195 202 206 207 217 233 248 256 277 283 290 302 305 309 328 332 337 355 357 
274 33 7 18 24 49 53 79 82 83 85 107 114 122 129 136 141 146 149 175 190 202 210 231 240 260 277 280 281 283 310 334 339 348 349 
275 39 4 6 9 13 28 33 47 50 58 59 62 63 68 82 86 92 104 126 147 158 166 205 211 215 218 225 226 228 233 248 255 262 268 283 286 303 307 332 346 
276 30 17 35 45 48 49 52 55 59 60 74 77 132 158 160 163 176 181 183 195 233 235 244 249 256 267 279 280 287 327 345 
277 45 10 27 29 41 42 43 44 49 67 70 75 85 87 91 93 105 106 114 146 149 153 175 184 188 190 195 197 238 253 255 263 268 273 274 284 285 297 306 309 321 322 330 334 342 345 
278 37 6 8 25 30 39 45 52 53 58 74 78 81 83 99 109 116 118 127 131 150 155 183 184 207 214 252 258 265 267 268 270 287 292 303 308 329 345 
279 37 1 11 13 16 18 21 22 26 44 48 54 64 67 79 83 92 95 124 135 139 153 174 198 208 216 218 256 264 276 286 293 302 317 326 347 349 358 
280 44 8 24 39 45 49 52 55 63 67 74 81 82 92 100 112 115 147 149 163 206 209 222 223 236 241 247 248 250 269 274 276 302 306 311 314 321 322 326 341 348 349 350 353 357 
281 41 5 7 18 25 29 59 63 64 70 74 110 118 124 125 127 137 154 156 169 176 182 191 193 205 211 212 217 245 259 267 270 274 284 305 315 324 326 335 336 339 343 
282 33 17 27 29 36 37 41 52 58 71 77 87 96 109 114 133 136 161 165 177 192 193 196 228 245 250 264 271 272 285 291 326 329 353 
283 37 9 27 35 43 44 58 63 64 74 79 96 101 103 105 108 128 170 180 191 194 202 209 241 244 250 263 268 273 274 275 303 310 323 328 329 330 350 
284 39 11 13 15 22 25 42 46 48 55 56 58 63 66 69 71 79 82 91 95 126 150 163 168 172 191 212 222 226 235 241 262 267 277 281 293 305 313 318 358 
285 37 0 7 34 36 38 40 47 53 67 76 96 108 147 156 165 167 194 232 235 237 248 256 277 282 291 299 300 311 319 322 323 331 336 338 339 355 357 
286 51 2 23 27 30 34 52 59 63 67 71 78 86 88 101 115 119 124 127 145 149 162 169 174 181 182 183 191 197 204 206 218 221 237 239 259 270 275 279 299 301 307 311 322 324 331 332 336 349 352 355 357 
287 37 7 25 60 71 94 104 135 141 142 161 172 181 183 187 195 196 203 206 222 223 230 234 235 246 259 266 267 269 276 278 288 291 302 307 325 330 347 
288 31 18 30 42 53 66 70 75 79 95 106 107 114 136 143 162 168 180 196 251 252 264 267 271 287 293 317 322 325 338 343 353 
289 33 7 15 28 75 76 78 96 98 99 114 117 120 123 125 131 134 160 170 177 184 190 258 259 272 308 315 326 331 332 337 349 350 357 
290 29 3 5 19 26 48 60 66 78 87 153 156 160 168 169 187 196 204 207 230 259 264 273 295 297 307 315 337 339 353 
291 40 8 14 19 21 22 39 56 79 81 84 91 104 115 117 119 124 143 152 156 177 187 200 206 214 227 237 238 241 242 259 282 285 287 301 302 315 321 342 354 358 
292 41 2 11 24 30 39 62 93 98 103 108 109 113 114 124 134 144 149 159 162 183 203 210 216 227 228 235 245 246 254 259 260 278 295 314 321 324 336 344 347 351 352 
293 49 24 36 47 50 51 54 61 65 73 74 85 89 90 91 108 111 113 115 117 122 123 125 130 133 135 140 144 151 152 160 190 193 221 252 269 272 279 284 288 300 307 315 327 328 331 338 340 350 358 
294 36 8 17 18 19 36 40 41 45 47 63 68 70 87 88 92 107 157 165 191 199 201 209 213 227 244 257 268 317 318 321 324 331 338 344 350 355 
295 35 34 43 48 71 82 99 111 112 119 122 128 159 160 185 200 213 216 226 233 235 241 249 250 254 260 290 292 304 315 320 321 323 350 351 356 
296 31 2 6 12 16 29 37 53 61 62 72 83 90 99 104 121 130 138 140 150 176 181 188 192 205 231 245 253 256 264 312 327 
297 38 21 27 49 61 62 72 86 95 99 100 102 106 111 145 150 153 155 158 160 161 168 172 182 192 196 204 230 242 246 248 270 277 290 308 327 330 341 345 
298 27 12 38 53 61 63 66 81 83 84 98 108 131 139 159 197 198 204 219 221 241 242 248 304 305 317 331 342 
299 37 13 18 24 29 32 34 41 53 66 78 80 86 90 111 123 129 130 142 143 145 152 158 167 177 182 199 201 203 223 229 244 285 286 305 319 342 358 
300 39 4 25 32 39 48 65 66 67 105 114 115 119 122 132 163 180 187 188 202 205 210 217 218 225 235 244 253 268 285 293 305 308 309 323 326 332 333 350 359 
301 46 10 21 30 34 37 41 48 51 67 77 85 88 95 118 123 134 135 155 162 164 172 181 186 193 202 220 244 245 259 263 267 270 286 291 302 305 312 323 324 326 338 349 350 354 355 357 
302 43 3 6 14 23 25 42 45 51 59 60 64 69 88 95 98 106 109 142 149 164 165 171 172 193 198 204 206 208 210 216 231 245 268 273 279 280 287 291 301 311 317 329 347 
303 31 6 9 25 31 51 62 78 89 90 101 141 142 147 168 169 184 192 196 201 202 242 260 261 271 275 278 283 314 332 356 357 
304 37 9 14 26 67 71 82 93 98 106 110 114 127 130 137 141 149 154 165 169 186 199 201 209 214 226 255 256 260 267 268 295 298 307 319 323 347 359 
305 36 6 20 58 59 68 74 100 104 109 116 117 132 134 152 157 182 207 220 224 242 243 246 255 273 281 284 298 299 300 301 308 319 320 322 329 347 
306 35 6 14 47 57 65 70 71 85 89 91 102 103 104 106 119 128 132 150 151 156 180 190 198 199 204 206 229 236 277 280 315 326 328 334 349 
307 31 15 32 51 52 63 67 75 110 119 121 129 148 155 164 167 207 226 240 256 275 286 287 290 293 304 316 317 333 334 342 343 
308 43 3 7 14 38 41 53 54 60 63 70 74 98 105 110 116 144 150 151 169 185 194 216 227 232 246 253 254 255 261 264 265 278 289 297 300 305 321 335 341 351 356 357 358 
309 38 2 14 23 24 33 42 54 63 66 69 79 96 119 126 128 131 137 148 161 190 210 221 222 225 232 240 242 247 248 273 277 300 310 321 329 332 336 358 
310 41 2 6 7 11 18 19 20 53 60 80 83 85 92 113 119 137 141 142 143 149 158 161 165 177 182 185 191 214 218 219 237 248 274 283 309 320 324 328 337 340 348 
311 36 17 25 43 45 47 64 65 73 105 106 140 143 151 154 160 161 167 175 177 205 212 213 232 236 256 257 258 266 267 280 285 286 302 337 340 348 
312 37 10 20 35 39 43 66 76 79 84 86 95 100 101 114 122 129 130 137 138 142 143 152 180 200 214 217 237 244 252 269 296 301 323 331 344 351 359 
313 38 26 55 61 63 79 92 121 125 128 146 155 159 160 179 180 183 193 196 199 200 210 213 219 226 236 249 250 284 316 317 322 334 345 348 349 350 353 358 
314 37 2 14 24 26 40 43 66 75 84 87 89 91 97 105 133 148 149 177 190 193 200 202 205 220 221 224 250 262 280 292 303 324 333 336 341 350 352 
315 35 2 15 18 34 49 53 64 71 73 79 81 85 88 105 137 139 153 155 157 170 195 196 203 261 264 281 289 290 291 293 295 306 324 334 335 
316 31 3 6 41 43 55 83 101 107 116 124 127 134 171 174 176 178 192 195 203 221 222 225 229 266 307 313 328 347 355 356 357 
317 46 10 13 37 57 58 59 67 77 81 86 108 113 117 126 129 135 142 143 144 166 167 176 194 198 201 215 216 217 220 222 226 227 233 259 260 266 279 288 294 298 302 307 313 325 338 357 
318 30 3 21 30 54 63 78 101 102 109 118 123 125 149 164 167 168 173 206 213 215 219 235 241 245 246 267 284 294 322 359 
319 33 11 13 38 39 48 69 72 76 81 130 136 142 145 170 184 194 198 208 209 224 226 234 261 269 285 299 304 305 324 330 331 337 339 
320 33 7 8 9 17 18 20 34 36 37 60 78 79 80 121 131 132 156 163 173 187 194 216 222 230 237 240 244 257 295 305 310 333 354 
321 38 0 3 9 23 25 39 43 55 56 63 77 104 105 115 119 125 130 133 150 179 192 206 211 212 217 226 227 264 277 280 291 292 294 295 308 309 338 339 
322 33 39 42 48 62 81 91 115 139 140 156 161 166 178 192 197 223 229 231 243 257 271 277 280 285 286 288 305 313 318 325 345 348 352 
323 43 1 5 14 21 24 27 46 51 63 82 83 84 87 90 99 100 117 136 150 153 156 169 173 180 206 217 218 225 231 232 252 256 283 285 295 300 301 304 312 328 332 345 346 
324 40 12 27 28 35 43 52 57 74 78 86 100 102 115 134 138 165 174 181 185 197 199 212 229 253 255 268 271 281 286 292 294 301 310 314 315 319 329 330 350 351 
325 47 1 23 39 41 46 67 68 71 72 76 79 86 97 99 117 121 122 131 137 143 147 149 160 170 200 206 208 214 224 226 228 234 238 251 259 263 264 287 288 317 322 334 335 347 352 353 358 
326 39 3 14 16 26 43 49 59 64 70 77 81 107 108 112 113 131 142 159 163 178 179 197 225 236 239 245 259 266 271 279 280 281 282 289 300 301 306 334 341 
327 27 5 30 81 106 119 120 122 124 138 143 147 150 152 155 178 187 208 222 239 253 260 264 276 293 296 297 341 
328 35 4 7 11 14 17 18 28 32 82 91 107 109 112 118 127 146 154 171 177 180 202 214 218 225 268 273 283 293 306 310 316 323 336 345 358 
329 38 16 28 32 69 71 86 87 92 95 97 100 121 138 140 144 163 184 186 192 216 224 229 236 247 251 256 257 266 278 282 283 302 305 309 324 344 350 356 
330 32 2 44 53 61 64 71 74 78 80 88 123 127 129 171 176 177 198 207 221 226 238 254 267 277 283 287 297 319 324 340 350 359 
331 33 4 16 24 33 41 44 81 82 93 117 128 145 180 186 200 212 215 218 225 228 229 230 236 285 286 289 293 294 298 312 319 347 356 
332 40 1 8 17 25 34 67 72 76 95 102 117 130 135 138 155 158 169 171 181 186 190 202 226 227 252 258 261 272 273 275 286 289 300 303 309 323 341 351 353 356 
333 36 0 8 13 16 17 22 27 38 64 71 79 109 114 123 132 145 148 168 173 180 186 194 198 201 215 234 237 238 256 266 300 307 314 320 347 357 
334 39 1 17 30 32 40 43 50 53 64 98 111 113 114 115 116 119 120 123 128 146 149 177 186 189 219 228 229 238 258 265 274 277 306 307 313 315 325 326 339 
335 27 7 13 15 22 24 51 64 67 79 83 92 102 127 143 147 178 194 223 246 252 281 308 315 325 338 349 352 
336 43 5 6 12 16 17 27 43 51 53 56 57 75 81 82 86 93 101 102 103 108 118 125 139 147 149 152 157 170 176 178 183 189 196 216 258 281 285 286 292 309 314 328 357 
337 29 4 13 49 54 74 78 86 143 147 155 161 166 180 185 200 219 221 233 248 249 266 269 273 289 290 310 311 319 338 
338 34 7 9 10 23 33 38 42 66 85 90 94 110 120 134 136 139 149 153 158 186 239 245 251 262 285 288 293 294 301 317 321 335 337 356 
339 44 1 16 29 33 36 42 47 57 72 74 84 85 87 91 94 95 99 101 107 139 142 143 157 162 171 174 181 186 192 195 197 233 238 240 243 244 271 274 281 285 290 319 321 334 
340 33 11 16 23 38 41 46 47 54 59 62 74 115 127 132 138 139 141 157 201 202 204 215 226 228 229 236 248 254 293 310 311 330 345 
341 41 7 9 16 22 25 35 51 55 81 82 85 97 115 129 133 135 155 156 164 167 170 176 186 188 201 215 220 222 231 240 252 280 297 308 314 326 327 332 344 346 348 
342 28 8 11 28 31 62 81 93 99 106 111 112 115 134 135 139 188 193 207 220 255 264 265 277 291 298 299 307 347 
343 30 1 15 19 34 37 50 71 83 88 96 106 119 121 127 139 143 156 166 201 203 214 219 225 244 264 281 288 307 344 351 
344 34 13 23 32 38 44 46 54 57 59 76 77 80 81 118 119 134 148 198 200 224 230 231 234 248 254 257 269 292 294 312 329 341 343 350 
345 44 10 11 21 22 23 37 38 49 57 65 68 107 120 124 129 134 136 137 148 172 180 181 188 193 200 205 223 225 231 234 246 253 261 263 268 276 277 278 297 313 322 323 328 340 
346 32 3 8 9 13 35 43 64 67 70 71 81 87 99 103 111 121 126 133 134 143 148 168 174 202 206 211 221 222 263 275 323 341 
347 42 10 12 13 17 22 29 36 43 52 73 82 101 104 117 119 133 134 136 138 147 175 191 215 225 226 245 254 261 271 279 287 292 302 304 305 316 325 331 333 342 349 357 
348 36 1 9 10 15 19 20 22 36 42 57 97 99 105 109 133 155 165 182 186 188 191 210 213 216 233 261 266 268 274 280 310 311 313 322 341 349 
349 29 1 5 24 28 53 56 76 99 119 169 210 211 212 242 245 259 264 271 274 279 280 286 289 301 306 313 335 347 348 
350 45 79 80 83 90 105 106 113 118 128 129 133 136 158 169 179 185 188 191 194 203 206 215 218 229 235 239 247 252 257 261 280 283 289 293 294 295 300 301 313 314 324 329 330 344 352 
351 47 0 9 12 35 36 47 51 54 58 68 74 76 83 86 94 99 110 112 120 122 128 131 132 147 152 158 164 173 183 191 216 226 245 251 253 255 262 265 292 295 308 312 324 332 343 353 356 
352 33 13 40 58 59 65 75 126 158 159 160 164 169 174 175 193 204 211 227 229 231 237 243 244 248 257 272 286 292 314 322 325 335 350 
353 33 3 25 36 38 42 58 61 76 77 97 112 119 126 129 137 141 148 167 180 202 222 236 254 256 280 282 288 290 313 325 332 351 354 
354 29 7 13 37 40 51 70 72 86 112 115 126 130 143 157 169 170 174 180 185 197 201 224 237 247 291 301 320 353 358 
355 36 3 22 32 37 47 53 63 71 76 79 81 82 83 104 110 133 161 172 184 185 186 195 199 230 232 235 240 242 263 273 285 286 294 301 316 358 
356 32 10 15 20 26 43 47 83 84 87 97 124 130 132 139 186 194 213 222 237 243 251 260 295 303 308 316 329 331 332 338 351 359 
357 39 18 54 67 68 73 75 92 95 113 117 120 122 125 143 146 164 172 187 211 216 223 227 241 259 263 273 280 285 286 289 301 303 308 316 317 333 336 347 358 
358 36 48 84 88 96 98 110 118 120 122 143 157 185 190 194 203 229 234 244 253 259 262 271 279 284 291 293 299 308 309 313 325 328 354 355 357 359 
359 30 13 14 16 20 33 46 82 85 101 104 119 146 147 149 174 182 185 187 189 193 235 239 263 300 304 312 318 330 356 358 
