360 1091
0 8 21 33 73 80 125 170 326 351 
1 9 46 114 166 183 208 212 249 265 297 
2 6 11 25 42 88 118 316 
3 7 37 90 106 266 272 314 339 
4 8 107 134 135 215 239 251 317 351 
5 8 21 25 50 78 204 248 274 275 
6 1 52 
7 7 147 200 210 225 228 273 282 
8 9 37 60 76 80 171 193 227 243 310 
9 8 52 94 97 134 147 266 334 349 
10 6 55 71 282 298 317 347 
11 4 2 33 153 236 
12 7 68 75 81 167 250 272 323 
13 5 23 34 129 204 324 
14 7 32 249 283 292 318 326 339 
15 7 143 155 160 259 272 318 333 
16 7 117 138 253 254 255 276 292 
17 2 93 353 
18 10 20 36 112 194 202 206 232 251 275 324 
19 4 41 45 57 79 
20 6 18 158 269 287 297 304 
21 10 0 5 63 68 71 77 80 82 175 341 
22 4 71 115 176 192 
23 6 13 92 213 224 272 316 
24 4 288 292 306 353 
25 8 2 5 38 83 88 166 215 303 
26 8 77 97 142 208 240 248 276 279 
27 9 57 60 71 126 169 180 273 302 346 
28 7 115 158 186 213 241 244 323 
29 5 72 92 249 256 264 
30 4 98 142 266 275 
31 3 160 161 181 
32 10 14 107 108 115 154 172 194 234 287 340 
33 7 0 11 46 73 304 334 349 
34 5 13 44 105 135 185 
35 7 53 66 96 238 246 299 301 
36 9 18 46 111 219 225 263 287 339 351 
37 7 3 8 38 49 64 127 179 
38 9 25 37 46 154 198 226 268 322 339 
39 9 113 117 118 136 180 253 264 292 309 
40 7 74 114 147 270 306 311 312 
41 3 19 204 300 
42 7 2 203 221 235 257 292 346 
43 4 66 104 140 287 
44 11 34 47 81 120 154 222 314 317 327 328 350 
45 6 19 143 152 173 205 300 
46 7 1 33 36 38 125 183 243 
47 3 44 169 300 
48 6 63 109 122 170 185 336 
49 4 37 149 294 333 
50 13 5 67 68 146 196 207 212 214 255 275 331 345 354 
51 6 120 153 281 299 308 344 
52 7 6 9 95 101 152 276 316 
53 7 35 177 214 247 253 274 303 
54 5 95 117 144 215 262 
55 6 10 154 159 182 280 326 
56 5 129 142 151 205 295 
57 8 19 27 66 141 189 284 300 304 
58 4 74 162 180 346 
59 3 98 123 146 
60 6 8 27 244 249 257 292 
61 4 84 96 119 274 
62 6 73 273 328 336 348 350 
63 6 21 48 116 196 211 219 
64 7 37 120 132 195 218 287 327 
65 6 127 191 206 298 313 315 
66 9 35 43 57 99 125 126 250 303 340 
67 4 50 222 241 351 
68 4 12 21 50 113 
69 7 131 145 192 220 223 261 352 
70 6 106 190 213 227 295 352 
71 9 10 21 22 27 112 221 237 285 296 
72 5 29 162 208 246 337 
73 11 0 33 62 76 111 115 152 241 291 292 338 
74 9 40 58 192 207 220 247 283 294 325 
75 5 12 216 258 275 323 
76 8 8 73 138 144 147 234 236 313 
77 4 21 26 330 339 
78 4 5 120 286 318 
79 5 19 124 134 327 357 
80 5 0 8 21 202 285 
81 7 12 44 90 91 261 267 314 
82 8 21 121 150 160 207 288 339 351 
83 5 25 89 248 258 277 
84 7 61 104 137 200 236 324 354 
85 2 101 276 
86 3 104 245 354 
87 7 94 95 198 202 264 293 303 
88 7 2 25 145 223 253 300 343 
89 3 83 153 353 
90 6 3 81 162 249 299 315 
91 6 81 109 154 166 334 359 
92 8 23 29 148 162 198 219 243 248 
93 6 17 133 229 244 352 358 
94 8 9 87 145 170 201 212 239 329 
95 9 52 54 87 164 201 208 210 275 292 
96 5 35 61 209 296 308 
97 5 9 26 120 333 343 
98 9 30 59 123 125 153 156 190 246 258 
99 2 66 234 
100 4 183 193 236 357 
101 7 52 85 297 305 321 344 354 
102 4 116 184 190 205 
103 3 140 152 165 
104 10 43 84 86 131 176 209 210 235 299 354 
105 5 34 188 267 278 296 
106 5 3 70 169 266 314 
107 6 4 32 114 124 284 357 
108 8 32 140 261 271 324 328 349 358 
109 5 48 91 163 164 222 
110 5 111 116 155 291 347 
111 7 36 73 110 205 266 286 315 
112 7 18 71 146 201 253 263 334 
113 6 39 68 144 158 166 316 
114 12 1 40 107 132 169 199 242 274 279 286 320 358 
115 4 22 28 32 73 
116 5 63 102 110 137 311 
117 7 16 39 54 118 153 221 309 
118 7 2 39 117 151 174 217 282 
119 4 61 192 304 305 
120 8 44 51 64 78 97 167 270 333 
121 4 82 199 247 358 
122 7 48 124 154 158 218 281 305 
123 7 59 98 234 249 265 289 299 
124 11 79 107 122 140 160 189 268 298 303 342 350 
125 10 0 46 66 98 145 190 222 237 253 274 
126 9 27 66 163 191 194 210 258 338 347 
127 7 37 65 154 181 251 310 356 
128 6 238 250 287 297 310 334 
129 9 13 56 232 239 241 270 319 326 357 
130 3 153 156 179 
131 7 69 104 185 253 261 291 325 
132 4 64 114 242 324 
133 6 93 156 166 213 300 341 
134 7 4 9 79 224 273 296 333 
135 4 4 34 260 272 
136 3 39 148 329 
137 3 84 116 252 
138 6 16 76 179 294 321 328 
139 1 145 
140 8 43 103 108 124 169 180 191 273 
141 7 57 187 226 280 299 320 330 
142 8 26 30 56 203 260 272 279 331 
143 4 15 45 186 246 
144 5 54 76 113 323 331 
145 8 69 88 94 125 139 186 250 326 
146 6 50 59 112 163 251 336 
147 8 7 9 40 76 232 278 281 303 
148 7 92 136 195 220 230 231 289 
149 4 49 164 296 326 
150 4 82 157 179 280 
151 5 56 118 156 217 285 
152 6 45 52 73 103 301 318 
153 7 11 51 89 98 117 130 298 
154 13 32 38 44 55 91 122 127 209 218 299 325 353 356 
155 2 15 110 
156 6 98 130 133 151 306 318 
157 3 150 333 343 
158 8 20 28 113 122 211 257 317 343 
159 1 55 
160 6 15 31 82 124 165 210 
161 4 31 182 229 293 
162 8 58 72 90 92 180 239 245 307 
163 8 109 126 146 179 232 238 249 356 
164 10 95 109 149 178 215 234 236 279 305 339 
165 4 103 160 304 355 
166 8 1 25 91 113 133 171 234 337 
167 4 12 120 173 251 
168 2 320 355 
169 9 27 47 106 114 140 209 230 244 305 
170 7 0 48 94 198 234 340 352 
171 3 8 166 255 
172 5 32 209 327 332 336 
173 9 45 167 175 185 195 218 248 304 342 
174 5 118 180 212 288 309 
175 5 21 173 261 315 335 
176 5 22 104 278 312 320 
177 1 53 
178 3 164 319 321 
179 9 37 130 138 150 163 219 247 294 330 
180 11 27 39 58 140 162 174 229 241 246 284 288 
181 2 31 127 
182 5 55 161 210 232 312 
183 7 1 46 100 221 291 307 316 
184 1 102 
185 6 34 48 131 173 235 353 
186 4 28 143 145 283 
187 5 141 266 270 276 316 
188 6 105 201 242 269 273 358 
189 3 57 124 340 
190 11 70 98 102 125 200 222 246 265 291 333 355 
191 4 65 126 140 212 
192 4 22 69 74 119 
193 10 8 100 199 226 230 238 258 267 277 338 
194 5 18 32 126 332 357 
195 6 64 148 173 245 284 302 
196 4 50 63 258 331 
197 2 267 314 
198 9 38 87 92 170 199 204 257 268 352 
199 5 114 121 193 198 315 
200 5 7 84 190 322 358 
201 9 94 95 112 188 224 252 255 275 304 
202 7 18 80 87 262 288 302 318 
203 4 42 142 291 304 
204 7 5 13 41 198 218 267 338 
205 6 45 56 102 111 286 327 
206 7 18 65 216 237 241 272 316 
207 8 50 74 82 228 270 283 294 321 
208 7 1 26 72 95 227 284 328 
209 7 96 104 154 169 172 288 355 
210 8 7 95 104 126 160 182 214 307 
211 4 63 158 323 356 
212 7 1 50 94 174 191 260 285 
213 5 23 28 70 133 273 
214 7 50 53 210 216 266 300 326 
215 9 4 25 54 164 216 276 277 317 355 
216 5 75 206 214 215 252 
217 3 118 151 248 
218 8 64 122 154 173 204 227 254 333 
219 5 36 63 92 179 246 
220 5 69 74 148 243 263 
221 6 42 71 117 183 253 258 
222 6 44 67 109 125 190 344 
223 3 69 88 279 
224 4 23 134 201 334 
225 2 7 36 
226 4 38 141 193 294 
227 7 8 70 208 218 231 243 282 
228 4 7 207 229 302 
229 6 93 161 180 228 246 318 
230 4 148 169 193 325 
231 6 148 227 246 283 298 335 
232 7 18 129 147 163 182 236 260 
233 0 
234 8 32 76 99 123 164 166 170 328 
235 5 42 104 185 328 331 
236 9 11 76 84 100 164 232 260 322 334 
237 4 71 125 206 264 
238 5 35 128 163 193 299 
239 5 4 94 129 162 249 
240 1 26 
241 9 28 67 73 129 180 206 264 288 343 
242 6 114 132 188 243 252 272 
243 8 8 46 92 220 227 242 258 335 
244 7 28 60 93 169 250 257 357 
245 5 86 162 195 300 325 
246 11 35 72 98 143 180 190 219 229 231 252 295 
247 6 53 74 121 179 346 357 
248 6 5 26 83 92 173 217 
249 12 1 14 29 60 90 123 163 239 253 268 332 340 
250 5 12 66 128 145 244 
251 8 4 18 127 146 167 252 267 302 
252 7 137 201 216 242 246 251 341 
253 10 16 39 53 88 112 125 131 221 249 356 
254 3 16 218 340 
255 5 16 50 171 201 287 
256 2 29 295 
257 7 42 60 158 198 244 272 336 
258 10 75 83 98 126 193 196 221 243 273 279 
259 4 15 264 313 338 
260 10 135 142 212 232 236 266 289 312 326 346 
261 7 69 81 108 131 175 326 330 
262 4 54 202 303 322 
263 4 36 112 220 343 
264 10 29 39 87 237 241 259 272 284 302 303 
265 7 1 123 190 304 331 341 357 
266 9 3 9 30 106 111 187 214 260 345 
267 6 81 105 193 197 204 251 
268 5 38 124 198 249 331 
269 3 20 188 290 
270 7 40 120 129 187 207 333 336 
271 2 108 282 
272 12 3 12 15 23 135 142 206 242 257 264 313 330 
273 9 7 27 62 134 140 188 213 258 332 
274 6 5 53 61 114 125 300 
275 8 5 18 30 50 75 95 201 353 
276 7 16 26 52 85 187 215 358 
277 5 83 193 215 303 306 
278 5 105 147 176 350 351 
279 8 26 114 142 164 223 258 297 354 
280 3 55 141 150 
281 3 51 122 147 
282 5 7 10 118 227 271 
283 5 14 74 186 207 231 
284 8 57 107 180 195 208 264 349 355 
285 7 71 80 151 212 294 338 353 
286 6 78 111 114 205 296 306 
287 9 20 32 36 43 64 128 255 303 316 
288 7 24 82 174 180 202 209 241 
289 7 123 148 260 325 338 352 354 
290 1 269 
291 6 73 110 131 183 190 203 
292 9 14 16 24 39 42 60 73 95 299 
293 2 87 161 
294 8 49 74 138 179 207 226 285 337 
295 4 56 70 246 256 
296 9 71 96 105 134 149 286 297 312 329 
297 6 1 20 101 128 279 296 
298 6 10 65 124 153 231 303 
299 10 35 51 90 104 123 141 154 238 292 332 
300 10 41 45 47 57 88 133 214 245 274 355 
301 2 35 152 
302 6 27 195 202 228 251 264 
303 11 25 53 66 87 124 147 262 264 277 287 298 
304 10 20 33 57 119 165 173 201 203 265 327 
305 7 101 119 122 164 169 309 352 
306 6 24 40 156 277 286 317 
307 4 162 183 210 337 
308 2 51 96 
309 4 39 117 174 305 
310 3 8 127 128 
311 3 40 116 334 
312 5 40 176 182 260 296 
313 4 65 76 259 272 
314 5 3 44 81 106 197 
315 6 65 90 111 175 199 326 
316 9 2 23 52 113 183 187 206 287 357 
317 8 4 10 44 158 215 306 322 349 
318 7 14 15 78 152 156 202 229 
319 2 129 178 
320 4 114 141 168 176 
321 4 101 138 178 207 
322 6 38 200 236 262 317 326 
323 5 12 28 75 144 211 
324 5 13 18 84 108 132 
325 6 74 131 154 230 245 289 
326 12 0 14 55 129 145 149 214 260 261 315 322 359 
327 6 44 64 79 172 205 304 
328 7 44 62 108 138 208 234 235 
329 4 94 136 296 345 
330 5 77 141 179 261 272 
331 7 50 142 144 196 235 265 268 
332 5 172 194 249 273 299 
333 9 15 49 97 120 134 157 190 218 270 
334 8 9 33 91 112 128 224 236 311 
335 4 175 231 243 345 
336 6 48 62 146 172 257 270 
337 4 72 166 294 307 
338 8 73 126 193 204 259 285 289 352 
339 8 3 14 36 38 77 82 164 350 
340 6 32 66 170 189 249 254 
341 5 21 133 252 265 355 
342 3 124 173 355 
343 6 88 97 157 158 241 263 
344 3 51 101 222 
345 5 50 266 329 335 349 
346 5 27 42 58 247 260 
347 3 10 110 126 
348 1 62 
349 6 9 33 108 284 317 345 
350 5 44 62 124 278 339 
351 6 0 4 36 67 82 278 
352 8 69 70 93 170 198 289 305 338 
353 8 17 24 89 154 185 275 285 356 
354 7 50 84 86 101 104 279 289 
355 9 165 168 190 209 215 284 300 341 342 
356 6 127 154 163 211 253 353 
357 9 79 100 107 129 194 244 247 265 316 
358 7 93 108 114 121 188 200 276 
359 2 91 326 
