360 818
0 4 81 173 175 333 
1 4 53 323 343 349 
2 6 7 12 87 93 109 330 
3 3 114 152 205 
4 6 27 35 161 188 242 300 
5 2 47 281 
6 5 25 60 118 131 296 
7 8 2 95 126 137 308 310 335 338 
8 7 14 30 134 138 150 228 262 
9 2 47 89 
10 4 271 277 338 345 
11 4 127 135 250 259 
12 3 2 190 351 
13 3 143 347 354 
14 4 8 175 246 291 
15 3 233 307 356 
16 5 24 31 200 259 333 
17 9 69 96 159 201 261 311 332 333 336 
18 4 64 66 190 267 
19 3 35 99 134 
20 1 115 
21 1 223 
22 4 84 111 123 335 
23 6 64 245 286 309 325 340 
24 7 16 155 225 262 293 314 323 
25 5 6 90 238 244 272 
26 6 144 163 224 237 313 356 
27 6 4 40 77 145 208 336 
28 3 107 122 258 
29 5 38 52 89 145 257 
30 6 8 140 182 256 288 334 
31 8 16 82 134 136 164 167 171 251 
32 4 131 257 334 344 
33 10 52 60 70 102 146 186 196 232 331 359 
34 4 101 154 267 320 
35 8 4 19 51 120 170 186 312 341 
36 0 
37 5 102 141 145 240 266 
38 5 29 57 121 167 344 
39 4 82 103 292 300 
40 3 27 98 171 
41 3 58 77 126 
42 2 67 338 
43 3 277 324 346 
44 4 63 92 145 283 
45 4 105 124 242 276 
46 4 161 168 325 359 
47 3 5 9 69 
48 2 74 262 
49 3 216 315 337 
50 5 56 98 131 138 266 
51 4 35 176 193 323 
52 5 29 33 73 157 286 
53 7 1 112 128 178 288 334 349 
54 12 63 123 150 191 200 203 214 226 258 318 337 351 
55 1 60 
56 4 50 63 245 284 
57 4 38 126 176 242 
58 6 41 170 181 189 305 317 
59 4 68 99 128 134 
60 9 6 33 55 61 62 97 100 162 320 
61 7 60 85 183 220 225 296 298 
62 6 60 66 72 251 257 297 
63 6 44 54 56 86 283 298 
64 6 18 23 183 227 249 335 
65 2 71 87 
66 3 18 62 158 
67 7 42 79 145 267 279 304 317 
68 5 59 92 98 165 214 
69 2 17 47 
70 2 33 94 
71 8 65 140 176 197 201 205 282 306 
72 6 62 184 230 241 242 263 
73 3 52 74 142 
74 4 48 73 214 337 
75 6 107 137 242 262 271 357 
76 3 125 253 289 
77 5 27 41 177 236 249 
78 3 163 179 303 
79 5 67 197 253 291 335 
80 2 129 210 
81 4 0 121 229 278 
82 2 31 39 
83 5 113 213 219 343 351 
84 2 22 237 
85 10 61 114 124 132 137 140 160 215 250 338 
86 7 63 165 201 229 232 317 351 
87 3 2 65 339 
88 2 196 294 
89 7 9 29 96 109 193 224 303 
90 4 25 266 299 323 
91 5 107 221 271 277 293 
92 6 44 68 148 218 242 310 
93 4 2 146 209 277 
94 3 70 149 247 
95 4 7 220 249 302 
96 6 17 89 108 121 282 309 
97 4 60 210 325 341 
98 4 40 50 68 196 
99 4 19 59 130 289 
100 3 60 202 329 
101 4 34 142 189 312 
102 6 33 37 209 214 318 332 
103 3 39 196 273 
104 2 213 222 
105 4 45 112 131 271 
106 4 194 261 270 304 
107 5 28 75 91 129 155 
108 4 96 136 189 293 
109 4 2 89 318 328 
110 3 218 230 254 
111 4 22 148 191 242 
112 5 53 105 136 295 326 
113 1 83 
114 13 3 85 148 168 176 203 215 224 235 248 277 282 292 
115 2 20 321 
116 3 124 260 316 
117 1 293 
118 2 6 358 
119 4 142 163 190 272 
120 5 35 140 143 150 327 
121 9 38 81 96 140 186 199 245 296 346 
122 6 28 181 225 271 312 358 
123 5 22 54 152 209 242 
124 5 45 85 116 249 279 
125 5 76 148 232 313 357 
126 5 7 41 57 166 354 
127 3 11 281 335 
128 6 53 59 136 178 248 351 
129 8 80 107 231 250 299 307 312 317 
130 4 99 169 246 321 
131 6 6 32 50 105 251 298 
132 3 85 217 306 
133 2 219 355 
134 8 8 19 31 59 139 161 338 342 
135 3 11 231 317 
136 6 31 108 112 128 261 338 
137 5 7 75 85 267 353 
138 9 8 50 172 209 246 296 329 332 340 
139 4 134 181 194 340 
140 8 30 71 85 120 121 239 311 322 
141 3 37 198 310 
142 5 73 101 119 302 326 
143 6 13 120 217 250 354 357 
144 4 26 211 251 263 
145 7 27 29 37 44 67 254 273 
146 4 33 93 239 249 
147 10 164 175 179 180 196 231 232 239 325 359 
148 4 92 111 114 125 
149 5 94 196 209 236 338 
150 5 8 54 120 200 278 
151 2 196 311 
152 5 3 123 216 257 299 
153 5 181 216 231 232 268 
154 3 34 260 281 
155 6 24 107 185 200 307 348 
156 4 217 247 281 322 
157 3 52 248 336 
158 5 66 178 185 200 310 
159 2 17 352 
160 6 85 172 219 238 243 352 
161 6 4 46 134 176 209 311 
162 3 60 196 286 
163 4 26 78 119 280 
164 5 31 147 236 302 318 
165 4 68 86 207 294 
166 6 126 171 189 264 271 337 
167 4 31 38 299 341 
168 3 46 114 297 
169 2 130 247 
170 5 35 58 186 202 254 
171 7 31 40 166 213 225 272 330 
172 5 138 160 301 302 357 
173 2 0 273 
174 4 179 286 354 359 
175 4 0 14 147 218 
176 7 51 57 71 114 161 205 336 
177 4 77 196 200 291 
178 6 53 128 158 253 322 327 
179 4 78 147 174 313 
180 3 147 242 306 
181 7 58 122 139 153 238 257 276 
182 2 30 299 
183 5 61 64 234 239 292 
184 6 72 220 262 265 303 319 
185 3 155 158 350 
186 6 33 35 121 170 339 355 
187 1 357 
188 3 4 277 296 
189 5 58 101 108 166 336 
190 4 12 18 119 246 
191 4 54 111 199 347 
192 4 221 303 329 339 
193 6 51 89 221 223 231 238 
194 7 106 139 283 319 320 335 350 
195 1 276 
196 13 33 88 98 103 147 149 151 162 177 218 251 297 313 
197 6 71 79 210 264 286 324 
198 4 141 279 317 330 
199 4 121 191 228 355 
200 10 16 54 150 155 158 177 231 256 313 331 
201 5 17 71 86 271 354 
202 7 100 170 249 301 303 340 346 
203 2 54 114 
204 1 297 
205 4 3 71 176 210 
206 4 264 265 273 302 
207 4 165 210 278 290 
208 2 27 302 
209 8 93 102 123 138 149 161 272 280 
210 5 80 97 197 205 207 
211 3 144 240 349 
212 1 311 
213 3 83 104 171 
214 6 54 68 74 102 219 238 
215 3 85 114 275 
216 5 49 152 153 246 295 
217 5 132 143 156 281 300 
218 7 92 110 175 196 222 229 279 
219 6 83 133 160 214 231 337 
220 5 61 95 184 229 243 
221 3 91 192 193 
222 5 104 218 247 272 320 
223 4 21 193 271 299 
224 6 26 89 114 253 269 314 
225 5 24 61 122 171 259 
226 2 54 307 
227 2 64 317 
228 5 8 199 242 246 275 
229 6 81 86 218 220 340 358 
230 2 72 110 
231 11 129 135 147 153 193 200 219 274 323 344 345 
232 5 33 86 125 147 153 
233 2 15 275 
234 3 183 319 325 
235 2 114 318 
236 5 77 149 164 246 340 
237 3 26 84 356 
238 6 25 160 181 193 214 250 
239 6 140 146 147 183 245 259 
240 2 37 211 
241 2 72 291 
242 10 4 45 57 72 75 92 111 123 180 228 
243 2 160 220 
244 2 25 358 
245 5 23 56 121 239 338 
246 8 14 130 138 190 216 228 236 292 
247 5 94 156 169 222 309 
248 5 114 128 157 250 251 
249 7 64 77 95 124 146 202 269 
250 8 11 85 129 143 238 248 295 313 
251 6 31 62 131 144 196 248 
252 2 264 293 
253 5 76 79 178 224 358 
254 3 110 145 170 
255 1 256 
256 4 30 200 255 276 
257 5 29 32 62 152 181 
258 2 28 54 
259 7 11 16 225 239 289 290 301 
260 3 116 154 262 
261 4 17 106 136 347 
262 7 8 24 48 75 184 260 270 
263 2 72 144 
264 4 166 197 206 252 
265 6 184 206 266 308 334 351 
266 6 37 50 90 265 329 348 
267 8 18 34 67 137 278 284 287 288 
268 6 153 275 278 283 302 345 
269 4 224 249 287 293 
270 2 106 262 
271 11 10 75 91 105 122 166 201 223 303 326 358 
272 5 25 119 171 209 222 
273 5 103 145 173 206 332 
274 3 231 280 339 
275 4 215 228 233 268 
276 4 45 181 195 256 
277 7 10 43 91 93 114 188 309 
278 5 81 150 207 267 268 
279 4 67 124 198 218 
280 5 163 209 274 322 349 
281 6 5 127 154 156 217 315 
282 3 71 96 114 
283 5 44 63 194 268 330 
284 3 56 267 293 
285 0 
286 6 23 52 162 174 197 357 
287 2 267 269 
288 6 30 53 267 338 343 353 
289 3 76 99 259 
290 3 207 259 307 
291 5 14 79 177 241 315 
292 5 39 114 183 246 347 
293 8 24 91 108 117 252 269 284 358 
294 2 88 165 
295 3 112 216 250 
296 5 6 61 121 138 188 
297 4 62 168 196 204 
298 3 61 63 131 
299 6 90 129 152 167 182 223 
300 4 4 39 217 326 
301 4 172 202 259 326 
302 7 95 142 164 172 206 208 268 
303 6 78 89 184 192 202 271 
304 2 67 106 
305 2 58 322 
306 3 71 132 180 
307 8 15 129 155 226 290 316 333 334 
308 2 7 265 
309 5 23 96 247 277 358 
310 4 7 92 141 158 
311 5 17 140 151 161 212 
312 5 35 101 122 129 331 
313 7 26 125 179 196 200 250 345 
314 2 24 224 
315 3 49 281 291 
316 2 116 307 
317 7 58 67 86 129 135 198 227 
318 5 54 102 109 164 235 
319 3 184 194 234 
320 4 34 60 194 222 
321 2 115 130 
322 5 140 156 178 280 305 
323 6 1 24 51 90 231 332 
324 3 43 197 329 
325 5 23 46 97 147 234 
326 5 112 142 271 300 301 
327 2 120 178 
328 2 109 336 
329 5 100 138 192 266 324 
330 5 2 171 198 283 359 
331 3 33 200 312 
332 6 17 102 138 273 323 356 
333 4 0 16 17 307 
334 5 30 32 53 265 307 
335 7 7 22 64 79 127 194 352 
336 6 17 27 157 176 189 328 
337 5 49 54 74 166 219 
338 9 7 10 42 85 134 136 149 245 288 
339 4 87 186 192 274 
340 6 23 138 139 202 229 236 
341 3 35 97 167 
342 1 134 
343 3 1 83 288 
344 4 32 38 231 350 
345 4 10 231 268 313 
346 3 43 121 202 
347 5 13 191 261 292 357 
348 2 155 266 
349 4 1 53 211 280 
350 3 185 194 344 
351 6 12 54 83 86 128 265 
352 3 159 160 335 
353 2 137 288 
354 5 13 126 143 174 201 
355 3 133 186 199 
356 5 15 26 237 332 359 
357 7 75 125 143 172 187 286 347 
358 8 118 122 229 244 253 271 293 309 
359 6 33 46 147 174 330 356 
