360 954
0 4 81 173 175 333 
1 5 38 53 323 343 349 
2 6 7 12 87 93 109 330 
3 3 114 152 205 
4 6 27 35 161 188 242 300 
5 2 47 281 
6 5 25 60 118 131 296 
7 10 2 41 95 126 137 308 310 335 338 341 
8 7 14 30 134 138 150 228 262 
9 2 47 89 
10 5 271 277 312 338 345 
11 4 127 135 250 259 
12 3 2 190 351 
13 5 143 299 317 347 354 
14 4 8 175 246 291 
15 3 233 307 356 
16 7 24 31 166 200 211 259 333 
17 10 69 96 115 159 201 261 311 332 333 336 
18 4 64 66 190 267 
19 3 35 99 134 
20 2 115 273 
21 2 110 223 
22 6 84 111 123 137 152 335 
23 6 64 245 286 309 325 340 
24 7 16 155 225 262 293 314 323 
25 5 6 90 238 244 272 
26 6 144 163 224 237 313 356 
27 6 4 40 77 145 208 336 
28 4 30 107 122 258 
29 5 38 52 89 145 257 
30 7 8 28 140 182 256 288 334 
31 10 16 36 82 98 134 136 164 167 171 251 
32 4 131 257 334 344 
33 11 52 60 70 102 146 158 186 196 232 331 359 
34 7 37 80 101 154 169 267 320 
35 8 4 19 51 120 170 186 312 341 
36 1 31 
37 6 34 102 141 145 240 266 
38 7 1 29 57 121 167 255 344 
39 5 82 103 292 300 321 
40 3 27 98 171 
41 5 7 58 77 126 147 
42 2 67 338 
43 5 171 277 311 324 346 
44 4 63 92 145 283 
45 4 105 124 242 276 
46 5 161 168 325 344 359 
47 4 5 9 69 85 
48 3 74 93 262 
49 3 216 315 337 
50 7 56 98 131 138 230 241 266 
51 4 35 176 193 323 
52 5 29 33 73 157 286 
53 8 1 112 128 178 183 288 334 349 
54 13 63 123 150 191 200 203 214 226 256 258 318 337 351 
55 3 60 203 321 
56 5 50 63 218 245 284 
57 6 38 99 126 176 185 242 
58 6 41 170 181 189 305 317 
59 5 68 99 128 134 275 
60 10 6 33 55 61 62 97 100 162 302 320 
61 9 60 85 146 183 220 225 296 298 353 
62 8 60 66 72 176 249 251 257 297 
63 6 44 54 56 86 283 298 
64 8 18 23 183 227 244 249 302 335 
65 2 71 87 
66 3 18 62 158 
67 8 42 79 145 267 279 301 304 317 
68 5 59 92 98 165 214 
69 4 17 47 174 176 
70 3 33 94 308 
71 9 65 140 176 197 201 205 282 286 306 
72 6 62 184 230 241 242 263 
73 3 52 74 142 
74 8 48 73 92 130 139 214 223 337 
75 6 107 137 242 262 271 357 
76 4 125 253 289 319 
77 5 27 41 177 236 249 
78 3 163 179 303 
79 5 67 197 253 291 335 
80 3 34 129 210 
81 4 0 121 229 278 
82 3 31 39 269 
83 7 113 122 204 213 219 343 351 
84 3 22 237 298 
85 15 47 61 114 124 132 137 140 160 163 200 215 244 250 293 338 
86 7 63 165 201 229 232 317 351 
87 3 2 65 339 
88 2 196 294 
89 7 9 29 96 109 193 224 303 
90 4 25 266 299 323 
91 7 107 221 266 271 277 293 339 
92 7 44 68 74 148 218 242 310 
93 5 2 48 146 209 277 
94 5 70 149 208 224 247 
95 4 7 220 249 302 
96 6 17 89 108 121 282 309 
97 5 60 206 210 325 341 
98 5 31 40 50 68 196 
99 6 19 57 59 130 143 289 
100 3 60 202 329 
101 6 34 133 142 189 198 312 
102 6 33 37 209 214 318 332 
103 3 39 196 273 
104 2 213 222 
105 4 45 112 131 271 
106 4 194 261 270 304 
107 6 28 75 91 117 129 155 
108 6 96 136 183 189 292 293 
109 5 2 89 172 318 328 
110 4 21 218 230 254 
111 4 22 148 191 242 
112 5 53 105 136 295 326 
113 1 83 
114 13 3 85 148 168 176 203 215 224 235 248 277 282 292 
115 4 17 20 179 321 
116 3 124 260 316 
117 2 107 293 
118 2 6 358 
119 5 142 163 190 272 291 
120 5 35 140 143 150 327 
121 9 38 81 96 140 186 199 245 296 346 
122 8 28 83 138 181 225 271 312 358 
123 5 22 54 152 209 242 
124 5 45 85 116 249 279 
125 5 76 148 232 313 357 
126 5 7 41 57 166 354 
127 4 11 281 328 335 
128 6 53 59 136 178 248 351 
129 8 80 107 231 250 299 307 312 317 
130 5 74 99 169 246 321 
131 7 6 32 50 105 251 278 298 
132 5 85 217 305 306 333 
133 4 101 216 219 355 
134 10 8 19 31 59 139 161 167 172 338 342 
135 3 11 231 317 
136 7 31 108 112 128 261 338 347 
137 6 7 22 75 85 267 353 
138 10 8 50 122 172 209 246 296 329 332 340 
139 6 74 134 181 194 336 340 
140 8 30 71 85 120 121 239 311 322 
141 5 37 198 234 310 353 
142 5 73 101 119 302 326 
143 7 13 99 120 217 250 354 357 
144 4 26 211 251 263 
145 7 27 29 37 44 67 254 273 
146 6 33 61 93 239 249 313 
147 11 41 164 175 179 180 196 231 232 239 325 359 
148 4 92 111 114 125 
149 5 94 196 209 236 338 
150 6 8 54 120 200 278 296 
151 2 196 311 
152 6 3 22 123 216 257 299 
153 5 181 216 231 232 268 
154 5 34 188 260 281 304 
155 7 24 107 185 200 307 332 348 
156 5 217 247 281 322 323 
157 3 52 248 336 
158 6 33 66 178 185 200 310 
159 3 17 209 352 
160 6 85 172 219 238 243 352 
161 6 4 46 134 176 209 311 
162 3 60 196 286 
163 5 26 78 85 119 280 
164 5 31 147 236 302 318 
165 4 68 86 207 294 
166 7 16 126 171 189 264 271 337 
167 6 31 38 134 299 318 341 
168 3 46 114 297 
169 6 34 130 218 247 286 354 
170 5 35 58 186 202 254 
171 8 31 40 43 166 213 225 272 330 
172 8 109 134 138 160 186 301 302 357 
173 2 0 273 
174 5 69 179 286 354 359 
175 4 0 14 147 218 
176 9 51 57 62 69 71 114 161 205 336 
177 4 77 196 200 291 
178 6 53 128 158 253 322 327 
179 5 78 115 147 174 313 
180 4 147 242 300 306 
181 7 58 122 139 153 238 257 276 
182 3 30 221 299 
183 7 53 61 64 108 234 239 292 
184 6 72 220 262 265 303 319 
185 4 57 155 158 350 
186 8 33 35 121 170 172 247 339 355 
187 1 357 
188 4 4 154 277 296 
189 5 58 101 108 166 336 
190 5 12 18 119 216 246 
191 4 54 111 199 347 
192 4 221 303 329 339 
193 6 51 89 221 223 231 238 
194 7 106 139 283 319 320 335 350 
195 1 276 
196 14 33 88 98 103 147 149 151 162 177 218 251 271 297 313 
197 6 71 79 210 264 286 324 
198 5 101 141 279 317 330 
199 4 121 191 228 355 
200 11 16 54 85 150 155 158 177 231 256 313 331 
201 7 17 71 86 209 230 271 354 
202 7 100 170 249 301 303 340 346 
203 4 54 55 114 263 
204 4 83 206 297 298 
205 4 3 71 176 210 
206 6 97 204 264 265 273 302 
207 4 165 210 278 290 
208 3 27 94 302 
209 10 93 102 123 138 149 159 161 201 272 280 
210 6 80 97 197 205 207 302 
211 4 16 144 240 349 
212 1 311 
213 4 83 104 171 311 
214 6 54 68 74 102 219 238 
215 3 85 114 275 
216 7 49 133 152 153 190 246 295 
217 5 132 143 156 281 300 
218 10 56 92 110 169 175 196 222 229 262 279 
219 7 83 133 160 214 231 337 343 
220 5 61 95 184 229 243 
221 4 91 182 192 193 
222 5 104 218 247 272 320 
223 5 21 74 193 271 299 
224 7 26 89 94 114 253 269 314 
225 5 24 61 122 171 259 
226 4 54 307 319 330 
227 2 64 317 
228 6 8 199 242 246 275 334 
229 6 81 86 218 220 340 358 
230 4 50 72 110 201 
231 11 129 135 147 153 193 200 219 274 323 344 345 
232 5 33 86 125 147 153 
233 2 15 275 
234 4 141 183 319 325 
235 2 114 318 
236 5 77 149 164 246 340 
237 3 26 84 356 
238 6 25 160 181 193 214 250 
239 6 140 146 147 183 245 259 
240 2 37 211 
241 4 50 72 283 291 
242 10 4 45 57 72 75 92 111 123 180 228 
243 2 160 220 
244 4 25 64 85 358 
245 5 23 56 121 239 338 
246 8 14 130 138 190 216 228 236 292 
247 6 94 156 169 186 222 309 
248 5 114 128 157 250 251 
249 8 62 64 77 95 124 146 202 269 
250 8 11 85 129 143 238 248 295 313 
251 6 31 62 131 144 196 248 
252 2 264 293 
253 5 76 79 178 224 358 
254 3 110 145 170 
255 2 38 256 
256 5 30 54 200 255 276 
257 5 29 32 62 152 181 
258 2 28 54 
259 7 11 16 225 239 289 290 301 
260 4 116 154 262 304 
261 4 17 106 136 347 
262 8 8 24 48 75 184 218 260 270 
263 3 72 144 203 
264 5 166 197 206 252 315 
265 6 184 206 266 308 334 351 
266 7 37 50 90 91 265 329 348 
267 8 18 34 67 137 278 284 287 288 
268 6 153 275 278 283 302 345 
269 5 82 224 249 287 293 
270 2 106 262 
271 12 10 75 91 105 122 166 196 201 223 303 326 358 
272 6 25 119 171 209 222 332 
273 6 20 103 145 173 206 332 
274 4 231 280 310 339 
275 5 59 215 228 233 268 
276 5 45 181 195 256 327 
277 8 10 43 91 93 114 188 284 309 
278 6 81 131 150 207 267 268 
279 4 67 124 198 218 
280 5 163 209 274 322 349 
281 6 5 127 154 156 217 315 
282 3 71 96 114 
283 6 44 63 194 241 268 330 
284 5 56 267 277 293 313 
285 0 
286 8 23 52 71 162 169 174 197 357 
287 2 267 269 
288 7 30 53 267 293 338 343 353 
289 3 76 99 259 
290 3 207 259 307 
291 6 14 79 119 177 241 315 
292 7 39 108 114 183 246 347 351 
293 10 24 85 91 108 117 252 269 284 288 358 
294 2 88 165 
295 3 112 216 250 
296 7 6 61 121 138 150 188 312 
297 4 62 168 196 204 
298 5 61 63 84 131 204 
299 7 13 90 129 152 167 182 223 
300 6 4 39 180 217 305 326 
301 7 67 172 202 259 302 326 349 
302 11 60 64 95 142 164 172 206 208 210 268 301 
303 6 78 89 184 192 202 271 
304 5 67 106 154 260 307 
305 4 58 132 300 322 
306 3 71 132 180 
307 9 15 129 155 226 290 304 316 333 334 
308 3 7 70 265 
309 5 23 96 247 277 358 
310 5 7 92 141 158 274 
311 7 17 43 140 151 161 212 213 
312 8 10 35 101 122 129 296 331 359 
313 9 26 125 146 179 196 200 250 284 345 
314 3 24 224 324 
315 4 49 264 281 291 
316 2 116 307 
317 8 13 58 67 86 129 135 198 227 
318 6 54 102 109 164 167 235 
319 5 76 184 194 226 234 
320 4 34 60 194 222 
321 4 39 55 115 130 
322 5 140 156 178 280 305 
323 8 1 24 51 90 156 231 332 345 
324 4 43 197 314 329 
325 5 23 46 97 147 234 
326 5 112 142 271 300 301 
327 3 120 178 276 
328 3 109 127 336 
329 5 100 138 192 266 324 
330 6 2 171 198 226 283 359 
331 3 33 200 312 
332 8 17 102 138 155 272 273 323 356 
333 5 0 16 17 132 307 
334 6 30 32 53 228 265 307 
335 7 7 22 64 79 127 194 352 
336 7 17 27 139 157 176 189 328 
337 5 49 54 74 166 219 
338 9 7 10 42 85 134 136 149 245 288 
339 5 87 91 186 192 274 
340 6 23 138 139 202 229 236 
341 4 7 35 97 167 
342 1 134 
343 4 1 83 219 288 
344 5 32 38 46 231 350 
345 5 10 231 268 313 323 
346 3 43 121 202 
347 6 13 136 191 261 292 357 
348 2 155 266 
349 5 1 53 211 280 301 
350 3 185 194 344 
351 7 12 54 83 86 128 265 292 
352 3 159 160 335 
353 4 61 137 141 288 
354 6 13 126 143 169 174 201 
355 3 133 186 199 
356 5 15 26 237 332 359 
357 7 75 125 143 172 187 286 347 
358 8 118 122 229 244 253 271 293 309 
359 7 33 46 147 174 312 330 356 
