380 7246
0 26 4 7 61 76 81 121 140 163 173 175 176 183 200 202 216 217 220 239 267 269 285 321 333 351 363 377 
1 44 16 17 18 29 30 33 39 46 67 69 80 90 107 113 114 117 122 129 136 137 143 162 173 218 228 237 247 259 303 305 312 314 319 323 328 329 344 346 349 351 354 362 366 374 
2 35 6 12 13 15 17 47 53 65 69 79 101 110 113 127 129 136 138 149 161 167 170 184 198 201 246 252 256 269 270 274 275 290 331 342 353 
3 37 16 23 54 56 67 70 73 92 107 108 109 119 145 153 188 199 230 242 248 256 258 261 266 286 293 295 301 316 318 322 326 330 331 340 346 349 378 
4 36 0 6 17 32 39 42 60 65 73 77 81 91 106 108 114 115 116 121 125 127 150 161 162 191 195 220 248 251 257 296 304 310 319 321 340 342 
5 38 8 33 38 42 51 52 66 75 77 103 106 118 142 145 152 153 154 181 190 223 227 236 249 264 269 278 290 292 294 313 317 325 328 329 362 363 368 371 
6 32 2 4 11 13 22 39 52 104 117 138 141 155 158 176 182 183 185 186 190 196 216 273 300 314 327 333 336 358 365 369 370 376 
7 44 0 8 30 31 37 54 72 83 96 113 134 141 145 147 149 168 170 180 188 195 198 201 214 225 232 239 241 245 249 250 259 277 300 303 317 323 333 335 343 345 349 359 361 364 
8 36 5 7 37 59 68 76 81 87 102 118 120 131 134 160 172 173 182 186 203 205 216 229 237 244 249 278 279 282 304 311 329 330 331 352 364 367 
9 33 11 16 39 56 78 83 95 103 123 124 140 141 158 161 166 168 171 183 216 220 234 243 244 247 259 260 276 297 300 314 322 338 366 
10 27 14 15 69 71 77 101 112 117 138 145 147 148 156 188 190 200 204 244 259 260 275 283 284 305 338 364 370 
11 48 6 9 19 27 30 36 39 42 59 64 72 90 99 108 120 122 125 150 152 161 171 176 180 205 212 213 226 238 244 250 251 255 277 284 285 286 300 304 306 311 317 321 326 333 361 362 367 377 
12 21 2 25 29 56 58 84 96 107 111 135 164 175 176 215 249 265 278 298 314 374 378 
13 48 2 6 15 19 24 39 57 59 73 75 77 84 86 87 92 94 99 101 114 123 140 141 154 165 176 194 210 211 223 224 234 244 248 251 260 270 289 293 295 296 302 304 312 313 329 331 343 376 
14 39 10 22 24 26 28 29 34 43 46 48 79 88 89 92 94 96 98 109 116 117 146 181 183 198 220 237 255 264 271 273 276 287 290 297 321 348 353 371 379 
15 37 2 10 13 35 43 48 56 67 69 74 103 118 126 130 144 158 180 202 207 209 215 243 246 247 254 267 292 296 297 302 322 339 369 372 374 376 379 
16 42 1 3 9 19 20 21 39 59 64 65 73 91 93 96 106 107 109 118 137 165 168 181 188 193 203 205 223 227 257 274 283 298 304 316 333 342 350 354 355 356 358 369 
17 44 1 2 4 26 30 43 58 65 67 69 70 77 86 87 102 114 144 147 152 166 174 181 183 191 198 218 253 268 270 275 280 282 289 295 300 311 316 321 329 358 368 371 375 376 
18 33 1 20 25 35 43 45 58 65 68 78 79 81 98 114 137 156 157 170 194 200 205 209 219 224 270 271 274 290 323 328 348 362 379 
19 42 11 13 16 27 39 42 52 55 58 62 74 76 78 80 81 82 85 95 99 103 109 112 118 133 159 167 187 195 204 206 217 225 232 264 269 271 279 307 315 318 328 364 
20 43 16 18 22 23 32 42 48 59 64 68 89 94 98 103 111 121 129 130 135 137 150 161 175 180 188 200 206 207 217 229 235 239 256 261 283 300 305 325 336 337 359 372 375 
21 36 16 24 28 40 48 51 54 61 66 69 106 107 116 118 122 123 153 196 201 208 250 252 258 262 264 265 272 282 292 295 299 315 317 342 366 378 
22 31 6 14 20 32 42 46 53 54 67 74 86 132 135 140 141 167 182 198 205 217 221 234 236 240 241 258 263 271 273 300 315 
23 36 3 20 27 30 37 43 49 66 68 100 107 123 137 141 149 155 167 168 174 184 189 198 206 210 224 263 292 299 307 308 322 331 344 346 370 378 
24 53 13 14 21 25 32 43 64 76 85 88 92 93 95 98 102 103 107 114 116 118 119 124 126 132 135 138 141 154 156 157 165 175 186 195 207 234 246 248 256 266 274 276 282 288 327 330 331 335 341 350 355 372 377 
25 39 12 18 24 51 55 57 58 69 70 84 97 112 123 137 146 147 159 189 198 202 205 206 212 219 221 233 242 254 259 262 275 298 310 311 325 326 336 346 373 
26 37 14 17 36 43 61 62 84 89 94 95 98 109 135 136 145 148 172 173 187 194 197 204 215 221 234 239 250 255 265 272 287 307 313 320 324 353 361 
27 35 11 19 23 30 49 55 56 57 66 80 115 119 120 133 140 159 161 173 194 210 218 265 266 267 276 279 294 297 319 334 336 339 354 366 378 
28 34 14 21 38 47 51 52 66 69 109 117 135 137 145 163 181 215 226 235 239 247 249 270 273 279 281 287 296 302 320 321 349 355 361 377 
29 47 1 12 14 35 37 41 50 67 76 83 110 113 120 136 143 156 157 159 166 167 175 190 200 205 208 209 211 213 215 217 227 228 229 236 241 244 248 251 263 269 272 274 291 296 303 312 328 
30 33 1 7 11 17 23 27 31 70 129 131 140 145 186 187 201 203 210 221 231 233 234 247 258 266 283 289 312 321 325 328 354 355 362 
31 36 7 30 35 36 41 51 62 71 85 93 103 113 114 116 128 135 143 151 169 179 182 185 191 199 219 229 235 254 261 265 283 308 342 364 371 372 
32 42 4 20 22 24 45 48 59 68 78 81 82 89 91 112 142 165 171 180 208 211 215 218 219 226 228 252 253 255 258 263 278 296 297 306 310 312 326 331 343 354 373 377 
33 32 1 5 40 53 67 88 98 99 109 119 121 135 159 175 184 195 208 220 248 256 265 272 301 313 330 335 340 352 359 365 368 373 
34 35 14 47 49 65 69 104 122 127 147 149 162 175 188 189 203 206 212 213 225 233 239 249 252 260 261 287 306 314 315 318 320 332 351 355 379 
35 44 15 18 29 31 37 38 42 47 55 61 82 86 90 99 101 107 111 114 117 137 143 151 169 185 187 194 211 214 215 227 241 246 262 265 288 290 299 300 317 323 324 335 357 371 
36 45 11 26 31 40 41 44 59 73 77 90 99 109 126 133 134 141 147 148 162 163 178 192 208 221 231 242 256 261 263 267 268 276 284 292 293 305 325 330 332 337 341 346 373 374 378 
37 37 7 8 23 29 35 48 60 82 88 93 122 127 135 140 141 142 179 181 192 193 201 213 220 222 223 226 267 270 277 281 289 299 318 321 357 362 379 
38 36 5 28 35 40 46 50 55 83 110 111 114 118 123 164 173 193 213 231 233 242 251 253 255 261 268 272 274 278 281 294 298 308 320 323 344 365 
39 35 1 4 6 9 11 13 16 19 40 64 66 100 101 134 139 151 156 158 165 173 182 188 197 241 242 266 277 280 298 307 320 338 346 349 361 
40 38 21 33 36 38 39 45 52 53 80 89 93 106 112 119 123 137 144 157 173 174 183 188 203 217 218 235 256 261 273 285 295 296 320 322 341 343 356 369 
41 40 29 31 36 49 66 72 90 96 108 124 125 127 129 134 137 139 147 149 159 160 169 175 183 191 205 220 242 253 255 263 273 277 283 286 323 342 353 358 367 376 
42 41 4 5 11 19 20 22 35 53 59 68 70 74 121 122 135 155 159 171 209 210 211 226 229 234 243 246 247 260 270 297 302 307 309 330 332 334 347 359 369 371 374 
43 30 14 15 17 18 23 24 26 45 47 49 63 71 80 130 134 143 175 183 192 200 210 243 250 272 274 278 313 331 337 366 
44 26 36 70 72 87 91 106 125 128 144 160 170 182 189 209 226 232 247 260 261 304 334 344 352 353 365 370 
45 35 18 32 40 43 64 65 76 80 81 87 98 110 123 129 142 144 153 166 186 187 242 261 269 276 280 298 312 315 320 326 331 336 337 355 358 
46 48 1 14 22 38 61 66 76 77 86 93 94 100 101 108 109 121 127 128 158 175 179 180 184 195 216 220 224 229 231 235 250 255 258 262 263 268 278 281 287 289 290 293 310 328 339 350 358 378 
47 45 2 28 34 35 43 49 54 56 57 61 81 84 87 88 121 128 133 140 149 151 154 158 168 198 202 212 215 220 225 231 241 242 248 250 251 254 256 265 283 324 333 354 359 367 370 
48 38 14 15 20 21 32 37 50 55 64 110 120 124 143 155 156 160 179 186 201 240 260 268 269 270 274 290 302 303 308 318 321 327 334 344 347 359 362 372 
49 44 23 27 34 41 43 47 51 77 82 96 101 106 108 109 115 128 130 141 158 161 163 186 189 198 203 220 222 224 226 230 251 268 291 304 310 319 322 332 338 348 352 362 377 378 
50 53 29 38 48 58 73 76 77 99 104 106 113 114 119 121 131 136 138 155 156 157 161 164 165 168 180 184 186 192 195 199 206 209 217 219 220 229 231 236 251 255 257 270 276 282 289 341 349 358 361 363 366 375 376 
51 46 5 21 25 28 31 49 58 61 87 89 92 98 101 111 112 124 133 150 152 154 156 163 177 191 206 207 216 235 238 242 249 255 262 271 274 284 287 296 297 306 323 325 328 335 352 368 
52 38 5 6 19 28 40 60 78 84 104 112 116 130 131 140 151 155 159 188 191 196 216 241 252 260 271 280 300 303 309 312 318 326 330 336 345 350 360 374 
53 35 2 22 33 40 42 63 70 81 86 96 97 116 136 143 173 188 201 214 245 253 277 280 290 292 295 315 318 330 333 338 339 341 348 350 362 
54 39 3 7 21 22 47 61 62 71 75 85 101 135 146 153 165 168 173 174 177 209 211 241 244 245 264 268 284 285 290 300 301 303 311 312 317 319 343 351 353 
55 41 19 25 27 35 38 48 60 63 68 81 84 88 89 90 111 123 157 158 159 169 172 174 179 197 204 205 212 214 224 227 234 235 240 277 283 299 312 329 330 336 342 
56 41 3 9 12 15 27 47 58 59 64 69 85 88 100 109 123 127 135 143 144 154 177 178 179 181 182 185 203 214 220 230 233 237 244 315 317 327 333 346 358 369 372 
57 37 13 25 27 47 62 68 70 80 141 143 144 160 169 172 190 200 204 233 240 241 244 257 261 269 272 275 278 283 295 315 320 329 351 354 355 356 371 
58 47 12 17 18 19 25 50 51 56 67 90 100 101 106 110 115 116 127 133 134 136 137 152 163 170 173 205 210 240 249 253 258 264 271 281 282 283 285 291 300 309 326 330 331 337 356 374 376 
59 40 8 11 13 16 20 32 36 42 56 77 93 96 159 160 162 188 199 210 235 246 260 265 283 285 290 291 293 294 296 304 308 317 318 319 323 328 331 333 365 379 
60 39 4 37 52 55 62 71 76 83 85 120 129 169 177 183 190 201 213 219 229 230 235 253 265 267 269 288 297 301 312 316 319 320 321 332 351 367 369 373 374 
61 29 0 21 26 35 46 47 51 54 72 80 91 97 101 115 130 165 175 178 215 255 262 268 273 307 314 345 356 362 363 
62 35 19 26 31 54 57 60 71 89 93 96 119 149 154 159 172 181 200 222 226 228 236 237 238 247 250 252 276 304 309 317 327 362 364 369 375 
63 50 43 53 55 72 82 87 88 101 106 125 133 140 143 146 152 153 159 161 163 164 170 171 181 185 191 193 194 199 200 214 215 218 221 231 239 246 249 260 271 279 294 296 297 303 315 327 353 357 367 370 
64 39 11 16 20 24 39 45 48 56 73 82 85 99 104 110 125 130 140 154 165 184 195 215 235 241 247 251 263 267 268 270 313 315 316 320 354 356 361 371 373 
65 31 2 4 16 17 18 34 45 86 126 150 168 175 185 195 235 249 257 276 287 301 312 322 337 350 352 356 360 361 364 368 373 
66 46 5 21 23 27 28 39 41 46 101 119 123 130 136 148 150 168 188 196 202 207 219 221 223 235 238 242 248 269 270 280 287 306 311 321 323 327 331 335 336 341 357 360 364 374 376 379 
67 48 1 3 15 17 22 29 33 58 74 83 100 102 104 105 113 122 124 133 143 147 148 151 161 164 173 199 200 203 210 237 243 252 261 264 279 285 286 287 289 290 323 328 335 346 347 360 368 370 
68 37 8 18 20 23 32 42 55 57 90 91 113 119 126 133 148 154 158 159 181 190 209 210 217 222 226 227 233 245 264 275 297 311 333 335 339 345 373 
69 38 1 2 10 15 17 21 25 28 34 56 81 85 117 127 147 156 158 160 185 194 204 209 217 223 229 246 269 278 296 331 333 335 336 338 348 360 363 379 
70 40 3 17 25 30 42 44 53 57 76 83 85 86 97 108 113 119 131 134 136 137 157 167 168 173 178 193 217 249 260 272 277 285 292 301 307 318 319 337 344 366 
71 30 10 31 43 54 60 62 74 79 107 130 168 180 185 219 235 251 252 258 290 294 317 324 330 337 349 354 356 358 360 372 
72 32 7 11 41 44 61 63 80 98 103 104 139 157 163 184 191 204 216 229 253 256 262 281 297 301 306 324 333 344 348 350 366 373 
73 39 3 4 13 16 36 50 64 80 86 115 118 120 129 134 141 151 168 186 194 198 224 233 241 244 245 254 258 273 275 279 285 292 317 324 331 349 367 374 379 
74 48 15 19 22 42 67 71 76 78 89 107 121 123 127 147 153 164 169 181 183 184 188 195 204 209 213 214 218 221 239 242 243 245 250 255 263 265 280 285 301 312 316 330 338 354 355 361 362 368 
75 30 5 13 54 110 113 115 133 136 158 172 176 178 204 215 225 235 249 255 277 287 288 291 296 304 314 316 319 320 357 368 
76 50 0 8 19 24 29 45 46 50 60 70 74 79 81 89 92 95 104 109 110 126 135 158 160 171 178 195 197 199 202 206 207 211 216 221 222 224 226 235 249 254 266 305 307 319 329 335 342 356 376 378 
77 49 4 5 10 13 17 36 46 49 50 59 85 89 124 125 129 130 135 139 150 159 178 183 186 191 196 202 210 214 218 226 230 243 244 247 252 253 267 268 301 305 324 334 335 344 346 349 350 357 376 
78 38 9 18 19 32 52 74 85 103 104 108 109 126 128 140 146 153 165 173 180 181 185 186 220 240 246 247 266 269 306 307 311 319 321 336 338 342 346 353 
79 44 2 14 18 71 76 96 103 117 119 128 144 161 163 184 193 196 202 203 211 216 219 239 242 247 250 259 277 278 279 281 283 288 292 293 294 296 311 319 323 329 334 353 356 372 
80 47 1 19 27 40 43 45 57 61 72 73 81 86 90 95 118 119 121 139 150 169 176 186 189 192 215 218 220 223 229 241 253 254 259 271 276 279 282 285 302 328 339 350 352 365 370 377 378 
81 37 0 4 8 18 19 32 45 47 53 55 69 76 80 84 91 92 106 109 128 139 171 172 196 215 231 234 277 282 304 309 317 321 341 350 356 366 373 
82 34 19 32 35 37 49 63 64 86 108 131 145 168 170 179 180 181 197 213 218 226 231 238 253 269 273 287 295 302 303 316 331 344 359 367 
83 32 7 9 29 38 60 67 70 84 95 105 109 110 117 138 145 167 168 174 177 199 228 233 234 235 236 243 268 278 281 289 349 377 
84 28 12 13 25 26 47 52 55 81 83 93 113 197 205 214 215 242 245 248 252 272 287 299 315 324 329 341 361 379 
85 39 19 24 31 54 56 60 64 69 70 77 78 91 118 124 131 144 164 168 180 188 189 194 200 207 214 216 229 237 245 251 262 302 305 307 338 343 354 358 378 
86 45 13 17 22 35 46 53 65 70 73 80 82 93 107 110 115 121 135 139 143 172 176 177 191 207 210 226 232 254 257 279 281 287 292 301 308 309 318 332 342 346 351 352 353 372 378 
87 37 8 13 17 44 45 47 51 63 94 95 98 103 105 119 135 148 163 175 202 207 213 256 266 281 285 286 297 299 303 314 317 324 340 342 344 345 360 
88 36 14 24 33 37 47 55 56 63 91 92 101 110 112 132 183 184 196 206 216 232 244 247 250 259 268 277 282 299 302 303 317 329 335 345 357 358 
89 46 14 20 26 32 40 51 55 62 74 76 77 98 103 107 116 120 121 131 148 151 158 176 187 190 197 203 204 231 233 234 236 237 256 266 280 289 302 303 331 337 354 355 364 365 367 371 
90 27 1 11 35 36 41 55 58 68 80 102 136 151 157 166 172 206 213 216 232 236 250 261 265 275 309 318 369 
91 35 4 16 32 44 61 68 81 85 88 92 96 108 115 120 123 130 131 135 140 169 173 196 197 212 224 254 267 271 317 320 326 330 332 336 362 
92 48 3 13 14 24 51 76 81 88 91 99 111 116 117 128 131 140 144 147 161 168 189 190 203 208 221 223 230 236 239 251 254 255 263 272 279 290 296 297 298 324 326 340 343 347 349 350 352 361 
93 41 16 24 31 37 40 46 59 62 84 86 109 115 148 164 165 170 176 179 181 186 192 204 207 211 221 243 254 271 279 286 297 298 303 335 341 342 351 365 370 374 378 
94 37 13 14 20 26 46 87 95 99 112 127 128 129 135 136 143 145 151 163 184 195 211 219 230 233 250 259 263 265 283 286 294 306 316 342 352 358 370 
95 34 9 19 24 26 76 80 83 87 94 102 105 108 129 134 138 149 162 169 180 193 217 226 238 244 252 255 256 287 297 340 345 353 365 372 
96 35 7 12 14 16 41 49 53 59 62 79 91 106 115 127 132 153 156 160 163 166 176 185 199 229 239 281 316 320 336 337 338 345 349 361 370 
97 34 25 53 61 70 113 123 131 141 153 157 162 171 172 187 213 221 225 227 232 233 234 242 251 267 283 286 294 295 322 328 332 350 356 376 
98 40 14 18 20 24 26 33 45 51 72 87 89 102 108 110 116 122 139 147 150 153 154 160 187 189 221 242 274 283 286 290 323 325 333 343 349 351 352 353 362 369 
99 46 11 13 19 33 35 36 50 64 92 94 100 109 114 116 118 123 139 154 155 162 174 181 187 193 218 219 221 225 226 227 234 253 261 273 294 297 299 300 303 305 306 312 327 338 352 358 
100 37 23 39 46 56 58 67 99 101 111 113 124 130 148 154 164 172 178 188 191 201 219 225 235 251 252 258 278 287 289 319 321 328 329 334 353 362 372 
101 46 2 10 13 35 39 46 49 51 54 58 61 63 66 88 100 123 127 146 147 150 156 167 168 176 180 182 195 203 204 209 253 263 266 273 286 290 300 310 313 326 336 341 356 371 372 377 
102 33 8 17 24 67 90 95 98 126 164 184 187 193 195 198 204 205 210 221 224 232 234 238 250 261 284 287 288 318 331 335 338 349 376 
103 35 5 9 15 19 20 24 31 72 78 79 87 89 110 113 117 143 151 157 167 170 193 194 206 214 217 245 247 249 251 286 294 298 316 335 336 
104 25 6 34 50 52 64 67 72 76 78 106 148 165 166 172 204 219 250 252 266 275 277 278 284 351 379 
105 32 67 83 87 95 126 129 135 162 169 188 189 206 213 222 230 246 253 257 258 289 307 309 314 317 329 334 341 343 344 356 365 376 
106 41 4 5 16 21 40 44 49 50 58 63 81 96 104 113 116 133 139 142 145 150 156 157 160 168 172 180 201 202 233 240 244 257 259 271 277 280 291 302 323 358 379 
107 41 1 3 12 16 21 23 24 35 71 74 86 89 108 120 126 131 133 140 161 162 164 174 180 181 182 194 203 207 241 242 263 267 276 280 286 298 343 348 352 353 361 
108 38 3 4 11 41 46 49 70 78 82 91 95 98 107 117 120 128 146 183 192 203 211 216 217 267 274 288 300 301 303 313 315 343 345 347 359 371 377 379 
109 42 3 14 16 19 26 28 33 36 46 49 56 76 78 81 83 93 99 115 116 131 141 150 158 160 167 179 181 188 202 218 249 257 285 292 303 306 326 343 353 361 369 375 
110 63 2 29 38 45 48 58 64 75 76 83 86 88 98 103 114 116 118 119 123 124 138 155 158 159 166 167 168 174 178 184 186 188 189 205 206 207 209 216 230 233 238 250 268 282 287 291 296 302 303 305 306 317 323 330 339 340 343 345 349 355 360 375 378 
111 37 12 20 35 38 51 55 92 100 114 117 120 134 145 146 147 148 167 172 201 206 237 240 256 294 301 305 312 318 324 325 333 338 340 345 359 362 370 
112 31 10 19 25 32 40 51 52 88 94 124 137 150 156 162 183 234 245 251 258 263 267 281 284 313 318 333 343 356 358 369 377 
113 40 1 2 7 29 31 50 67 68 70 75 84 97 100 103 106 120 134 153 177 178 180 183 202 204 209 221 234 236 260 266 267 284 289 296 297 312 338 354 359 366 
114 41 1 4 13 17 18 24 31 35 38 50 99 110 111 122 125 146 148 169 173 179 181 198 210 213 214 242 245 266 272 276 278 287 292 298 315 318 324 326 332 364 370 
115 40 4 27 49 58 61 73 75 86 91 93 96 109 122 130 132 137 142 143 167 178 196 207 213 233 246 273 286 293 294 295 297 306 317 321 342 347 353 366 374 378 
116 38 4 14 21 24 31 52 53 58 89 92 98 99 106 109 110 135 140 143 158 179 187 221 226 234 242 256 257 263 268 271 278 292 316 318 330 339 364 372 
117 41 1 6 10 14 28 35 69 79 83 92 103 108 111 139 145 146 147 160 174 191 193 208 211 221 222 234 243 253 260 264 272 303 306 311 329 341 353 355 360 365 368 
118 35 5 8 15 16 19 21 24 38 73 80 85 99 110 127 131 168 173 174 186 201 210 227 243 252 261 268 278 290 301 304 308 326 329 345 346 
119 39 3 24 27 33 40 50 62 66 68 70 79 80 87 110 123 129 158 165 170 171 184 196 215 216 227 239 264 272 277 282 295 306 310 315 318 350 363 364 379 
120 33 8 11 27 29 48 60 73 89 91 107 108 111 113 122 133 134 142 143 181 228 231 234 239 247 254 256 267 289 291 310 312 329 372 
121 38 0 4 20 33 42 46 47 50 74 80 86 89 122 132 134 144 156 160 183 194 203 214 225 230 231 256 282 302 319 320 323 342 343 344 349 357 368 373 
122 32 1 11 21 34 37 42 67 98 114 115 120 121 151 175 180 181 195 208 215 226 231 236 248 275 276 285 315 317 318 320 364 371 
123 48 9 13 21 23 25 38 40 45 55 56 66 74 91 97 99 101 110 119 127 138 159 166 186 191 192 193 195 200 209 218 224 231 237 242 254 266 271 274 283 304 315 323 331 337 359 362 371 375 
124 36 9 24 41 48 51 67 77 85 100 110 112 131 139 153 157 159 160 161 162 179 185 188 197 199 200 204 270 294 295 312 318 326 332 340 356 371 
125 32 4 11 41 44 63 64 77 114 126 127 146 148 169 214 226 238 244 263 267 269 272 274 282 290 296 327 331 346 353 355 358 379 
126 42 15 24 36 65 68 76 78 102 105 107 125 138 139 146 154 157 165 180 187 202 211 222 228 229 231 244 248 258 281 286 287 289 292 302 322 330 337 345 349 361 370 377 
127 38 2 4 34 37 41 46 56 58 69 74 94 96 101 118 123 125 137 142 153 155 159 167 192 194 242 258 270 273 275 278 286 293 334 336 347 349 360 374 
128 40 31 44 46 47 49 78 79 81 92 94 108 130 146 152 166 170 180 183 187 194 213 230 237 251 253 254 255 257 258 271 282 293 301 315 347 356 368 371 373 377 
129 30 1 2 20 30 41 45 60 73 77 94 95 105 119 141 152 177 180 195 206 213 246 254 273 280 300 336 355 360 370 376 
130 42 15 20 43 49 52 61 64 66 71 77 91 100 115 128 140 156 157 163 193 206 214 216 229 234 237 240 248 249 257 268 272 278 280 300 320 329 334 339 357 369 372 373 
131 44 8 30 50 52 70 82 85 89 91 92 97 107 109 118 124 132 134 139 141 148 161 230 249 254 255 267 269 270 273 288 301 311 326 329 337 348 349 350 355 363 365 373 375 377 
132 26 22 24 88 96 115 121 131 134 137 145 148 149 153 167 172 212 217 257 269 276 298 299 314 323 335 369 
133 36 19 27 36 47 51 58 63 67 68 75 106 107 120 155 163 164 186 198 202 228 238 244 247 260 271 273 293 305 307 342 348 351 366 369 377 378 
134 41 7 8 36 39 41 43 58 70 73 95 111 113 120 121 131 132 178 181 185 187 191 196 207 216 219 255 270 276 299 301 318 322 326 329 332 333 334 350 353 358 372 
135 45 12 20 22 24 26 28 31 33 37 42 54 56 76 77 86 87 91 94 105 116 141 142 149 175 185 190 195 213 235 237 245 246 247 257 261 269 286 308 310 319 330 366 367 374 375 
136 44 1 2 26 29 50 53 58 66 70 75 90 94 138 185 187 192 211 222 223 224 231 243 254 260 261 262 271 283 284 288 297 299 306 309 310 324 337 338 340 356 362 365 368 374 
137 47 1 16 18 20 23 25 28 35 40 41 58 70 112 115 127 132 138 148 150 156 160 164 171 180 182 184 205 216 218 233 236 245 248 255 287 294 304 310 312 333 339 351 352 361 363 376 378 
138 25 2 6 10 24 50 83 95 110 123 126 136 137 141 200 216 218 226 227 261 266 287 315 328 330 333 
139 38 39 41 72 77 80 81 86 98 99 106 117 124 126 131 145 152 158 160 167 170 199 201 205 216 223 225 246 280 282 288 294 301 316 325 340 350 376 378 
140 42 0 9 13 22 27 30 37 47 52 63 64 78 91 92 107 116 130 157 166 172 181 187 188 197 224 229 233 235 246 253 271 279 294 317 323 328 333 335 349 353 357 373 
141 34 6 7 9 13 22 23 24 36 37 49 57 73 97 109 129 131 135 138 160 176 183 204 227 234 251 297 307 311 312 318 327 332 352 357 
142 40 5 32 37 45 106 115 120 127 135 154 159 161 168 187 191 197 203 205 217 222 227 231 238 254 264 278 279 289 290 291 298 301 303 308 309 310 315 340 374 378 
143 39 1 29 31 35 43 48 53 56 57 63 67 86 94 103 115 116 120 147 148 163 177 179 180 198 200 220 225 226 240 250 271 279 307 322 323 331 353 364 374 
144 38 15 17 40 44 45 56 57 79 85 92 121 160 163 164 178 182 197 202 203 210 211 225 256 276 282 286 291 296 300 301 322 324 335 357 363 375 376 377 
145 41 3 5 7 10 26 28 30 82 83 94 106 111 117 132 139 156 162 171 177 184 188 200 204 206 222 227 256 258 259 261 262 283 286 289 304 317 343 354 356 360 362 
146 38 14 25 54 63 78 101 108 111 114 117 125 126 128 173 176 195 197 200 205 213 233 246 247 250 252 254 268 270 282 309 319 321 331 344 353 364 368 378 
147 34 7 10 17 25 34 36 41 67 69 74 92 98 101 111 117 143 165 187 205 210 220 232 233 234 245 260 278 299 307 316 323 336 339 356 
148 37 10 26 36 66 67 68 87 89 93 100 104 111 114 125 131 132 137 143 155 175 177 181 190 228 255 290 300 313 318 320 323 327 329 346 361 365 369 
149 29 2 7 23 34 41 47 62 95 132 135 155 175 181 184 215 219 271 272 286 290 292 301 305 308 320 351 352 357 368 
150 41 4 11 20 51 65 66 77 80 98 101 106 109 112 137 162 172 173 178 191 196 197 216 222 241 257 267 269 271 272 283 297 300 309 317 319 325 339 363 376 377 379 
151 27 31 35 39 47 52 67 73 89 90 94 103 122 165 169 189 195 200 224 231 244 251 255 297 302 317 323 364 
152 30 5 11 17 51 58 63 128 129 139 156 167 169 176 191 197 204 207 230 244 252 256 262 263 286 298 326 343 358 360 377 
153 37 3 5 21 45 54 63 74 78 96 97 98 113 124 127 132 157 165 182 194 198 200 207 213 228 243 256 272 275 291 318 324 329 347 348 359 364 371 
154 43 5 13 24 47 51 56 62 64 68 98 99 100 126 142 156 161 165 178 179 183 198 207 224 225 227 229 235 240 250 257 258 265 266 278 302 306 314 318 329 337 347 353 379 
155 34 6 23 42 48 50 52 99 110 127 133 148 149 159 165 176 181 194 201 203 209 212 241 248 253 267 282 298 300 330 344 356 358 360 367 
156 42 10 18 24 29 39 48 50 51 69 96 101 106 112 121 130 137 145 152 154 167 171 175 178 179 183 189 196 204 222 249 253 276 279 289 293 294 337 347 349 373 375 378 
157 36 18 24 29 40 50 55 70 72 90 97 103 106 124 126 130 140 153 170 178 198 208 215 222 229 274 276 279 289 307 320 338 340 344 357 372 375 
158 41 6 9 15 39 46 47 49 55 68 69 75 76 89 109 110 116 119 139 173 185 199 206 236 244 259 266 272 274 279 281 297 305 311 322 333 345 349 350 370 372 378 
159 41 19 25 27 29 33 41 42 52 55 59 62 63 68 77 110 123 124 127 142 155 161 195 231 236 254 263 272 277 294 299 303 308 311 321 322 325 332 336 343 348 363 
160 45 8 41 44 48 57 59 69 76 96 98 106 109 117 121 124 137 139 141 144 164 165 178 184 189 220 226 230 244 245 247 248 264 292 294 302 312 319 321 329 340 341 344 358 360 364 
161 33 2 4 9 11 20 27 49 50 63 67 79 92 107 124 131 142 154 159 191 210 212 213 215 220 222 230 246 309 315 319 320 328 329 
162 34 1 4 34 36 59 95 97 99 105 107 112 124 145 150 167 180 200 210 223 224 269 277 282 306 323 341 346 348 353 367 375 376 377 379 
163 41 0 28 36 49 51 58 63 72 79 87 94 96 130 133 143 144 165 166 202 207 219 225 231 232 242 247 250 252 256 264 272 273 325 332 335 344 354 358 364 370 373 
164 37 12 38 50 63 67 74 85 93 100 102 107 133 137 144 160 168 169 178 183 206 214 221 227 244 256 272 280 281 286 325 327 340 345 356 358 364 369 
165 41 13 16 24 32 39 50 54 61 64 78 93 104 119 126 147 151 153 154 155 160 163 193 204 205 232 237 239 250 255 256 260 263 283 297 299 307 308 313 334 357 372 
166 34 9 17 29 45 90 96 104 110 123 128 140 163 168 184 192 200 203 213 221 235 239 245 248 260 261 272 286 302 312 338 351 354 356 374 
167 42 2 19 22 23 29 70 83 101 103 109 110 111 115 127 132 139 152 156 162 175 178 190 194 200 203 206 210 214 240 253 255 269 282 295 299 300 303 304 329 337 365 379 
168 49 7 9 16 23 47 50 54 65 66 70 71 73 82 83 85 92 101 106 110 118 142 164 166 171 176 179 208 211 236 238 239 240 241 245 246 248 255 262 263 272 280 291 299 306 311 366 369 370 379 
169 31 31 35 41 55 57 60 74 80 91 95 105 114 125 151 152 164 189 196 226 228 235 241 242 250 266 280 308 313 317 336 340 
170 29 2 7 18 44 58 63 82 93 103 119 128 139 157 172 173 176 179 181 215 233 234 243 249 250 272 335 337 360 375 
171 40 9 11 32 42 63 76 81 97 119 137 145 156 168 173 175 178 184 185 190 193 205 208 236 239 251 255 268 271 276 294 320 322 329 332 336 337 342 348 353 374 
172 41 8 26 55 57 62 75 81 86 90 97 100 104 106 111 132 140 150 170 176 184 204 206 207 209 217 233 270 271 273 274 284 302 305 307 311 314 331 342 346 351 372 
173 49 0 1 8 26 27 38 39 40 53 54 58 67 70 78 91 114 118 146 150 158 170 171 180 181 187 200 205 206 213 223 251 254 267 268 271 273 275 279 281 288 301 315 331 332 343 351 352 363 364 
174 31 17 23 40 54 55 83 99 107 110 117 118 187 190 197 204 226 246 281 293 295 318 327 329 330 343 345 360 366 368 373 376 
175 36 0 12 20 24 29 33 34 41 43 46 61 65 87 122 135 148 149 156 167 171 182 190 193 198 217 227 243 246 247 257 285 286 309 325 351 379 
176 40 0 6 11 12 13 75 80 86 89 93 96 101 141 146 152 155 168 170 172 181 201 212 217 218 220 227 233 243 245 266 292 299 302 309 319 335 356 361 369 378 
177 28 51 54 56 60 83 86 113 129 143 145 148 188 212 214 216 229 244 271 279 299 309 322 330 349 353 357 368 370 
178 36 36 56 61 70 75 76 77 100 110 113 115 134 144 150 154 156 157 160 164 167 171 180 183 194 215 238 243 247 268 304 309 314 316 323 334 365 
179 40 31 37 46 48 55 56 82 93 109 114 116 124 143 154 156 168 170 184 185 200 207 225 260 264 281 282 283 294 300 306 313 314 335 336 353 357 359 369 372 375 
180 44 7 11 15 20 32 46 50 71 78 82 85 95 101 106 107 113 122 126 128 129 137 143 162 173 178 194 195 196 199 222 227 231 232 245 261 268 269 271 282 334 350 358 359 368 
181 50 5 14 16 17 28 37 56 62 63 68 74 78 82 93 99 107 109 114 120 122 134 140 148 149 155 170 173 176 187 188 190 201 215 219 227 233 240 248 252 274 285 292 306 311 314 330 335 342 358 359 
182 36 6 8 22 31 39 44 56 101 107 137 144 153 175 189 196 204 207 230 231 236 237 240 245 287 291 298 299 303 307 341 353 364 365 367 372 377 
183 40 0 6 9 14 17 40 41 43 60 74 77 88 108 112 113 121 128 141 154 156 164 178 189 203 205 218 227 234 240 255 259 270 273 304 344 347 351 354 376 377 
184 46 2 23 33 46 50 64 72 74 79 88 94 102 110 119 137 145 149 160 166 171 172 179 190 197 203 204 208 219 223 235 238 240 242 263 267 279 281 285 292 314 325 342 347 359 374 376 
185 26 6 31 35 56 63 65 69 71 78 96 124 134 135 136 158 171 179 205 217 254 260 305 328 345 351 353 
186 31 6 8 24 30 45 48 49 50 73 77 78 80 93 110 118 123 133 200 208 220 234 255 263 266 277 287 302 343 354 358 363 
187 37 19 26 30 35 45 89 97 98 99 102 116 126 128 134 136 140 142 147 173 174 181 193 198 214 232 240 242 249 253 288 289 328 331 353 355 363 369 
188 35 3 7 10 16 20 34 39 40 52 53 59 66 74 85 100 105 109 110 124 140 145 177 181 218 243 246 249 254 278 325 328 355 365 368 375 
189 31 23 25 34 44 49 80 85 92 98 105 110 151 156 160 169 182 183 203 217 221 294 295 311 313 318 348 356 362 364 368 374 
190 37 5 6 10 29 57 60 68 89 92 135 148 167 171 174 175 181 184 191 194 205 217 234 247 260 266 268 281 284 299 318 326 342 351 352 353 366 375 
191 43 4 17 31 41 51 52 63 72 77 86 100 117 123 134 142 150 152 161 190 229 230 243 245 252 253 259 262 272 274 276 280 284 301 303 308 316 334 347 350 357 363 372 375 
192 32 36 37 43 50 80 93 108 123 127 136 166 197 204 216 219 225 228 230 232 241 244 254 258 279 283 291 310 322 327 331 333 373 
193 36 16 37 38 63 70 79 95 99 102 103 117 123 130 165 171 175 187 194 197 210 227 240 244 251 265 275 288 293 296 315 329 331 335 336 344 358 
194 36 13 18 26 27 35 63 69 73 85 103 107 121 127 128 153 155 167 178 180 190 193 218 230 233 238 254 257 263 287 288 296 302 360 364 373 376 
195 40 4 7 19 24 33 46 50 64 65 74 76 94 101 102 122 123 129 135 146 151 159 180 216 217 246 259 263 273 274 299 306 311 322 327 329 343 350 359 375 376 
196 38 6 21 52 66 77 79 81 88 91 115 119 134 150 156 169 180 182 214 218 239 247 251 254 276 283 284 287 294 308 313 320 323 345 353 354 362 370 374 
197 33 26 39 55 76 82 84 89 91 124 140 142 144 146 150 152 174 184 192 193 201 208 220 243 256 266 278 286 291 309 325 361 370 375 
198 40 2 7 14 17 22 23 25 47 49 73 102 114 133 143 153 154 157 175 187 200 204 219 229 239 241 242 267 268 279 284 309 318 325 332 335 337 340 352 354 356 
199 35 3 31 50 59 63 67 76 83 96 124 139 158 180 212 224 237 246 257 266 269 275 279 281 283 287 292 294 302 309 313 322 326 349 352 356 
200 46 0 10 18 20 29 43 57 62 63 67 85 123 124 138 143 145 146 151 153 162 166 167 173 179 186 198 206 207 209 223 232 236 247 267 272 288 292 296 299 312 318 321 328 338 371 377 
201 38 2 7 21 30 37 48 53 60 100 106 111 118 139 155 176 181 197 202 208 228 231 234 240 248 255 263 297 304 314 320 322 327 329 332 338 348 350 356 
202 34 0 15 25 47 66 76 77 79 87 106 109 113 126 133 144 163 201 209 237 240 247 270 281 294 305 320 321 323 327 330 344 346 352 374 
203 40 8 16 30 34 40 49 56 67 79 89 92 101 107 108 121 142 144 155 166 167 183 184 189 204 224 225 243 246 247 254 287 292 298 299 300 314 337 338 340 352 
204 43 10 19 26 55 57 69 72 74 75 89 93 101 102 104 113 124 141 145 152 156 165 172 174 182 184 192 198 203 209 241 242 252 253 255 256 275 297 317 319 328 350 352 370 
205 40 8 11 16 18 22 25 29 41 55 58 84 102 110 137 139 142 146 147 165 171 173 183 185 190 218 250 256 264 275 276 289 324 331 339 340 342 347 350 355 373 
206 42 19 20 23 25 34 50 51 76 88 90 103 105 110 111 129 130 145 158 164 167 172 173 200 232 237 241 251 253 256 263 269 285 311 316 318 331 334 336 345 358 365 378 
207 41 15 20 24 51 66 76 85 86 87 93 107 110 115 134 152 153 154 163 172 179 182 200 217 219 226 227 240 241 246 265 267 275 288 307 309 311 315 322 326 353 367 
208 28 21 29 32 33 36 92 117 122 157 168 171 184 186 197 201 230 235 238 239 244 268 270 284 311 351 352 363 375 
209 39 15 18 29 42 44 50 54 68 69 74 101 110 113 123 155 172 200 202 204 214 221 229 238 246 248 281 283 294 313 315 329 334 340 347 356 362 372 375 376 
210 34 13 23 27 30 42 43 58 59 67 68 77 86 102 114 118 144 147 161 162 167 193 214 218 221 241 280 298 301 331 337 338 343 345 349 
211 27 13 29 32 35 42 54 76 79 93 94 108 117 126 136 144 168 221 227 241 243 249 293 310 327 340 344 379 
212 33 11 25 34 47 55 91 132 155 161 176 177 199 219 230 235 236 237 248 256 275 279 288 294 298 301 331 332 342 346 351 352 368 376 
213 38 11 29 34 37 38 60 74 82 87 90 97 105 114 115 128 129 135 146 153 161 166 173 222 231 233 235 251 284 289 294 302 305 315 332 342 362 367 379 
214 38 7 35 53 55 56 63 74 77 84 85 103 114 121 125 130 164 167 177 187 196 209 210 224 253 273 294 298 305 306 307 328 330 335 340 352 353 364 365 
215 36 12 15 26 28 29 32 35 47 61 63 64 75 80 81 84 119 122 149 157 161 170 178 181 228 231 235 243 258 263 270 272 277 296 314 338 375 
216 35 0 6 8 9 46 51 52 72 76 79 85 88 90 108 110 119 130 134 137 138 139 150 177 192 195 227 229 230 242 260 261 308 315 323 343 
217 39 0 19 20 22 29 40 50 68 69 70 95 103 108 132 142 172 175 176 185 189 190 195 207 218 222 231 244 249 264 269 278 288 293 312 323 332 335 341 350 
218 38 1 17 27 32 40 63 74 77 80 82 99 109 123 137 138 176 183 188 194 196 205 210 217 222 241 245 253 269 272 290 296 303 309 310 314 342 345 358 
219 43 18 25 31 32 50 60 66 71 79 94 99 100 104 134 149 163 181 184 192 198 207 212 220 230 234 237 243 250 264 269 271 298 299 302 318 336 345 364 365 369 370 373 376 
220 39 0 4 9 14 33 37 41 46 47 49 50 56 78 80 143 147 160 161 176 186 197 219 223 234 242 245 249 261 267 271 291 306 307 309 334 351 360 362 369 
221 40 22 25 26 30 36 63 66 74 76 92 93 97 98 99 102 113 116 117 164 166 189 209 210 211 226 232 234 261 272 294 315 317 319 364 369 370 372 373 374 375 
222 35 37 49 62 68 76 105 117 126 136 142 145 150 156 157 161 180 213 217 218 227 243 251 252 275 283 284 287 294 299 317 320 328 329 342 352 
223 31 5 13 16 37 66 69 80 92 136 139 162 173 184 200 220 225 235 270 275 282 286 299 312 314 315 317 332 334 339 348 378 
224 34 13 18 23 46 49 55 73 76 91 102 123 136 140 151 154 162 199 203 214 247 260 267 271 276 282 288 306 330 350 351 360 362 364 379 
225 34 7 19 34 47 75 97 99 100 121 139 143 144 154 163 179 192 203 223 228 234 236 242 254 261 267 271 273 288 289 295 306 318 348 374 
226 44 11 28 32 37 42 44 49 62 68 76 77 82 86 95 99 116 122 125 138 143 160 169 174 207 221 229 238 267 291 296 297 306 309 313 317 328 348 350 353 356 359 360 373 376 
227 42 5 16 29 35 55 68 97 99 118 119 138 141 142 145 154 164 175 176 180 181 183 193 207 211 216 222 231 238 250 282 286 288 289 294 305 311 313 315 335 339 356 359 
228 27 1 29 32 62 83 120 126 133 148 153 169 192 201 215 225 230 237 243 262 269 287 294 317 320 325 336 340 
229 37 8 20 29 31 42 46 50 60 69 72 80 85 96 126 130 140 154 157 177 191 198 209 216 226 259 265 280 299 301 303 316 324 326 335 346 353 357 
230 41 3 49 56 60 77 92 94 105 110 121 128 131 152 160 161 182 191 192 194 208 212 216 219 228 247 267 278 284 291 303 306 310 329 333 338 356 358 363 366 367 369 
231 38 30 36 38 46 47 50 63 81 82 89 120 121 122 123 126 136 142 151 159 163 180 182 201 213 215 217 227 248 272 277 286 287 305 308 325 329 354 368 
232 31 7 19 44 86 88 90 97 102 147 163 165 180 187 192 200 206 221 237 238 245 285 303 324 325 337 346 349 361 362 370 374 
233 37 25 30 34 38 56 57 68 73 83 89 94 97 106 110 115 137 140 146 147 170 172 176 181 194 213 236 239 262 267 278 283 304 320 341 348 357 372 
234 50 9 13 22 24 26 30 42 55 81 83 89 97 99 102 112 113 116 117 120 130 141 147 170 183 186 190 201 219 220 221 225 236 257 259 268 291 295 300 303 310 311 315 330 337 338 339 342 346 351 372 
235 41 20 28 31 40 46 51 55 59 60 64 65 66 71 75 76 83 100 135 140 154 166 169 184 208 212 213 215 223 238 247 249 258 259 262 266 285 291 326 329 353 379 
236 34 5 22 29 50 62 83 89 90 92 113 122 137 158 159 168 171 182 200 212 225 233 234 243 256 261 262 263 283 301 313 321 326 366 373 
237 49 1 8 14 56 62 67 85 89 111 123 128 130 135 165 182 199 202 206 212 219 228 232 239 240 251 259 262 263 271 276 278 279 295 297 312 314 320 324 335 337 344 345 349 362 365 368 370 373 376 
238 33 11 51 62 66 82 95 102 110 125 133 142 168 178 184 194 208 209 226 227 232 235 246 251 269 274 291 308 332 337 340 353 358 368 
239 38 0 7 20 26 28 34 63 74 79 92 96 119 120 165 166 168 171 196 198 208 233 237 253 260 271 276 277 282 294 295 302 309 311 321 329 351 353 367 
240 40 22 48 55 57 58 78 106 111 130 143 154 167 168 181 182 183 184 187 193 201 202 207 237 244 245 258 264 285 297 301 305 324 331 334 346 354 357 361 362 376 
241 44 7 22 29 35 39 47 52 54 57 64 73 80 107 150 155 168 169 192 198 204 206 207 210 211 218 245 253 265 266 269 276 278 288 296 320 321 324 327 334 341 347 353 358 371 
242 39 3 25 36 38 39 41 45 47 51 66 74 79 84 97 98 107 114 116 123 127 163 169 184 187 198 204 216 220 225 245 250 251 253 280 281 286 305 320 363 
243 38 9 15 42 43 67 74 77 83 93 117 118 136 153 170 175 176 178 188 191 197 203 211 215 219 222 228 236 246 249 260 264 284 285 297 311 322 345 359 
244 51 8 9 10 11 13 29 54 56 57 73 77 88 95 106 125 126 133 151 152 158 160 164 177 192 193 208 217 240 247 263 269 272 273 287 290 296 297 314 323 324 327 334 345 346 348 360 371 372 376 377 379 
245 38 7 53 54 68 73 74 84 85 103 112 114 135 137 147 160 166 168 176 180 182 191 218 220 232 240 241 242 256 262 274 292 315 333 357 358 363 375 379 
246 41 2 15 24 35 42 59 63 69 78 105 115 129 135 139 140 146 161 168 174 175 188 195 199 203 207 209 238 243 270 282 285 296 297 299 306 324 345 356 358 364 379 
247 46 1 9 15 28 30 42 44 62 64 77 78 79 88 103 120 133 135 146 160 163 175 178 190 196 200 202 203 224 230 235 244 266 267 283 284 292 293 322 336 342 352 357 358 359 361 372 
248 35 3 4 13 24 29 33 47 66 84 122 126 130 137 155 160 166 168 181 201 209 212 231 249 252 256 278 289 293 297 306 309 317 354 357 365 
249 48 5 7 8 12 28 34 51 58 63 65 70 75 76 103 109 130 131 156 170 187 188 211 217 220 235 243 248 257 265 278 285 293 296 297 302 314 325 328 329 330 333 338 349 358 361 366 375 377 
250 37 7 11 21 26 43 46 47 62 74 79 88 90 94 102 104 110 143 146 154 163 165 169 170 205 219 227 242 264 274 275 311 330 338 339 340 350 363 
251 39 4 11 13 29 38 47 49 50 64 71 85 92 97 100 103 112 128 141 151 171 173 193 196 206 213 222 237 238 242 254 260 297 302 308 309 315 317 350 371 
252 34 2 21 32 34 52 62 67 71 77 84 95 100 104 118 146 152 163 181 191 204 222 248 266 267 290 310 313 317 329 333 346 347 365 366 
253 41 17 32 38 41 53 58 60 72 77 80 82 99 101 105 117 128 140 155 156 167 187 191 204 206 214 218 239 241 242 260 261 278 279 291 296 297 302 311 318 350 376 
254 40 15 25 31 47 73 76 80 86 91 92 93 120 123 128 129 131 136 142 146 159 173 185 188 192 194 196 203 225 251 260 273 289 295 301 314 324 333 349 358 370 
255 39 11 14 26 32 38 41 46 50 51 61 74 75 92 95 128 131 134 137 148 151 165 167 168 171 183 186 201 204 256 258 261 278 288 295 318 329 332 360 363 
256 41 2 3 20 24 33 36 40 47 72 87 89 95 111 116 120 121 144 145 152 153 163 164 165 197 204 205 206 212 236 245 248 255 279 307 324 326 328 344 357 364 378 
257 33 4 16 50 57 65 86 105 106 109 116 128 130 132 135 150 154 175 194 199 234 249 294 302 305 327 336 339 350 359 363 367 368 370 
258 39 3 21 22 30 32 46 58 71 73 100 105 112 126 127 128 145 154 192 215 235 240 255 262 267 268 271 284 295 307 308 318 323 330 343 347 348 349 360 378 
259 33 1 7 9 10 25 79 80 88 94 106 145 158 183 191 195 229 234 235 237 280 282 291 295 299 300 303 310 313 314 335 336 340 360 
260 39 9 10 13 34 42 44 48 52 59 63 70 113 117 133 136 147 165 166 179 185 190 216 224 239 243 251 253 254 292 296 300 302 304 317 329 339 359 367 378 
261 41 3 20 31 34 36 38 40 44 45 57 67 90 99 102 118 135 136 138 145 166 180 216 220 221 225 236 253 255 273 284 288 292 297 310 312 319 323 331 359 367 379 
262 29 21 25 35 46 51 61 72 85 136 145 152 168 191 228 233 235 236 237 245 258 277 315 325 327 337 344 348 363 378 
263 39 22 23 29 32 36 41 46 64 74 92 94 101 107 112 116 125 152 159 165 168 184 186 194 195 201 206 215 236 237 244 268 271 280 337 360 368 371 377 378 
264 26 5 14 19 21 54 58 67 68 117 119 142 160 163 179 205 217 219 240 243 250 283 284 295 312 330 347 
265 30 12 21 26 27 31 33 35 47 59 60 74 90 94 154 193 207 229 241 249 269 273 275 301 321 347 358 364 365 369 371 
266 42 3 24 27 30 39 76 78 87 89 101 104 113 114 123 138 154 158 169 176 186 190 197 199 235 241 247 252 269 274 275 280 291 298 301 321 322 328 332 338 340 368 376 
267 44 0 15 27 36 37 60 64 77 91 97 107 108 112 113 120 125 131 150 155 173 184 198 200 207 220 224 225 226 230 233 247 252 258 292 293 304 310 315 319 328 336 339 346 348 
268 32 17 36 38 46 48 49 54 61 64 77 83 88 110 116 118 130 146 171 173 178 180 190 198 208 234 258 263 277 299 317 338 357 
269 45 0 2 5 19 29 45 48 57 60 66 69 78 82 125 131 132 135 150 162 167 180 199 206 217 218 219 228 238 241 244 265 266 273 275 277 286 288 296 309 320 330 340 345 359 367 
270 25 2 13 17 18 28 37 42 48 50 64 66 124 127 131 134 146 172 183 202 208 215 223 246 316 344 
271 44 14 18 19 22 51 52 58 63 80 91 93 106 116 123 128 133 136 140 143 149 150 171 172 173 177 180 219 220 224 225 237 239 258 263 278 285 286 296 304 320 323 341 368 370 
272 43 21 26 29 33 38 43 57 70 84 92 114 117 119 125 130 149 150 153 158 159 163 164 166 168 170 191 200 215 218 221 231 244 285 289 307 325 332 337 342 356 361 372 374 
273 40 6 14 22 28 40 41 61 73 82 99 101 115 127 129 131 133 163 172 173 183 195 214 225 244 254 261 265 269 279 303 306 309 311 312 319 322 337 340 342 346 
274 36 2 16 18 24 29 38 43 48 51 98 108 123 125 157 158 172 181 191 195 238 245 250 266 282 294 299 305 312 316 318 331 350 351 358 374 378 
275 36 2 10 17 25 57 68 73 90 104 122 127 153 173 193 199 204 205 207 212 222 223 250 265 266 269 279 293 295 304 317 345 349 351 358 365 373 
276 36 9 14 24 27 36 45 50 62 65 80 107 114 122 132 134 144 156 157 171 191 196 205 224 237 239 241 285 287 288 301 314 331 334 343 346 369 
277 37 7 11 37 39 41 53 55 70 75 79 81 88 104 106 119 159 162 186 215 231 239 262 268 269 284 300 305 319 326 330 336 337 346 347 355 359 378 
278 44 5 8 12 32 38 43 46 57 69 79 83 100 104 114 116 118 127 130 142 147 154 188 197 217 230 233 237 241 248 249 253 255 271 284 286 288 291 309 311 317 329 335 353 361 
279 36 8 19 27 28 63 67 73 79 80 86 92 93 140 142 143 156 157 158 173 177 184 192 198 199 212 237 253 256 273 275 294 299 324 331 357 377 
280 37 17 39 45 52 53 66 74 89 106 107 129 130 139 164 168 169 191 210 229 242 259 263 266 288 296 304 305 322 329 339 340 341 350 351 361 370 376 
281 30 28 37 38 46 58 72 79 83 86 87 96 112 126 158 164 173 174 179 184 190 199 202 209 242 303 326 339 351 373 376 
282 37 8 17 21 24 50 58 80 81 88 110 119 121 125 128 139 144 146 155 162 167 179 180 223 224 227 239 246 259 274 290 315 319 325 342 346 362 370 
283 40 10 16 20 30 31 41 47 55 57 58 59 79 94 97 98 123 136 145 150 165 179 192 196 199 209 222 233 236 247 264 287 290 292 305 310 345 354 357 359 365 
284 38 10 11 36 51 54 102 104 112 113 136 172 190 191 196 198 208 213 222 230 243 247 258 261 264 277 278 288 292 319 325 326 335 337 343 348 352 363 370 
285 40 0 11 40 54 58 59 67 70 73 74 80 87 109 122 175 181 184 206 232 235 240 243 246 249 271 272 276 286 290 300 302 307 314 322 337 341 369 372 375 378 
286 47 3 11 41 67 87 93 94 97 98 101 103 107 115 126 127 135 144 145 149 152 164 166 175 197 223 227 231 242 269 271 278 285 287 299 303 309 312 325 328 330 332 335 355 357 365 374 376 
287 41 14 26 28 34 46 51 65 66 67 75 82 84 86 95 100 102 110 114 126 137 138 182 186 194 196 199 203 222 228 231 244 276 283 286 289 307 320 339 346 357 364 
288 37 24 35 60 75 79 102 108 131 136 139 173 187 193 194 200 207 212 217 224 225 227 241 255 261 269 276 278 280 284 291 295 324 329 336 366 367 373 
289 40 13 17 30 37 46 50 67 83 89 100 105 113 120 126 142 145 156 157 187 205 213 225 227 248 254 272 287 291 293 297 303 310 321 328 331 338 340 346 348 376 
290 31 2 5 14 18 35 46 48 53 54 59 67 71 92 98 101 118 125 142 148 149 218 244 252 282 283 285 329 332 339 347 377 
291 30 29 49 58 59 75 106 110 120 142 144 153 168 182 192 197 220 226 230 234 235 238 253 259 266 278 288 289 320 350 361 
292 40 5 15 21 23 36 53 70 73 79 86 109 114 116 126 149 160 176 181 184 199 200 203 245 247 260 261 267 283 284 300 306 316 318 325 340 350 352 362 364 367 
293 29 3 13 36 46 59 79 115 127 128 133 156 174 193 211 217 247 248 249 267 275 289 307 324 325 328 329 331 352 353 
294 45 5 27 38 59 63 71 79 94 97 99 103 111 115 124 137 139 140 156 159 160 171 179 189 196 199 202 209 212 213 214 221 222 227 228 239 257 274 279 326 339 344 347 351 355 365 
295 41 3 13 17 21 40 53 57 82 97 115 119 124 167 174 189 225 234 237 239 254 255 258 259 264 275 288 296 301 302 314 320 329 332 335 341 346 356 358 370 371 375 
296 42 4 13 15 28 29 32 40 51 59 63 69 75 79 92 110 113 125 144 193 194 200 215 218 226 241 244 246 249 253 260 269 271 280 295 298 305 310 313 319 337 345 368 
297 45 9 14 15 27 32 42 51 60 63 68 72 87 92 93 95 99 113 115 136 141 150 151 158 165 201 204 226 237 240 243 244 246 248 249 251 253 261 289 312 313 350 366 370 371 379 
298 34 12 16 25 38 39 45 92 93 103 107 114 132 142 152 155 182 203 210 212 214 219 266 296 304 305 319 325 327 328 339 341 353 357 360 
299 44 21 23 35 37 55 84 87 88 99 132 134 136 147 159 165 167 168 176 177 182 190 195 200 203 219 222 223 229 246 259 268 274 279 286 302 303 306 307 308 350 359 361 365 367 
300 37 6 7 9 11 17 20 22 35 52 54 58 99 101 108 129 130 144 148 150 155 167 179 203 234 259 260 277 285 292 311 312 317 321 333 334 341 371 
301 38 3 33 54 60 65 70 72 74 77 86 108 111 118 128 131 134 139 142 144 149 173 191 210 212 229 236 240 254 265 266 276 295 302 309 325 341 356 375 
302 45 13 15 28 42 48 80 82 85 88 89 106 110 121 126 151 154 160 166 172 176 186 194 199 213 219 239 249 251 253 257 260 285 295 299 301 304 312 317 328 332 335 359 366 370 374 
303 40 1 7 29 48 52 54 63 82 87 88 89 93 99 108 109 110 117 142 159 167 182 191 218 229 230 232 234 259 273 281 286 289 299 304 307 320 337 347 374 376 
304 35 4 8 11 13 16 44 49 59 62 75 81 118 123 137 145 167 178 183 201 233 260 267 271 275 280 298 302 303 308 319 336 337 357 361 363 
305 36 1 10 20 36 76 77 85 99 110 111 133 149 158 172 185 202 213 214 227 231 240 242 257 274 277 280 283 296 298 320 328 329 341 344 370 374 
306 41 11 32 34 51 66 72 78 94 99 109 110 115 117 119 136 154 162 168 179 181 195 214 220 224 225 226 230 246 248 273 292 299 316 336 341 342 351 355 361 370 373 
307 37 19 23 26 39 42 61 70 76 78 85 105 133 141 143 147 157 165 172 182 207 214 220 256 258 272 285 287 293 299 303 308 330 343 352 356 369 378 
308 34 23 31 38 48 59 86 118 135 142 149 159 165 169 191 196 216 231 238 251 258 299 304 307 313 318 323 325 328 338 339 343 345 357 377 
309 37 42 52 58 62 81 86 90 105 136 142 146 150 161 175 176 177 178 197 198 199 207 218 220 226 239 248 251 269 273 278 286 301 315 327 330 341 342 
310 31 4 25 32 46 49 101 119 120 135 136 137 142 192 211 218 230 234 252 259 261 267 283 289 296 316 317 326 329 336 338 376 
311 38 8 11 17 25 54 66 68 78 79 117 131 141 158 159 168 172 181 189 195 206 207 208 227 234 239 243 250 253 273 278 300 321 332 339 343 350 363 376 
312 42 1 13 29 30 32 45 52 54 55 60 65 74 99 111 113 120 124 137 141 160 166 200 217 223 237 261 264 273 274 286 297 300 302 334 337 339 340 360 363 364 370 372 
313 28 5 13 26 33 43 64 101 108 112 148 165 169 179 189 196 199 209 226 227 236 252 259 296 297 308 316 362 371 
314 30 1 6 9 12 34 61 75 87 105 132 154 172 178 179 181 184 201 203 215 218 223 237 244 249 254 259 276 285 295 354 
315 43 19 21 22 34 45 53 56 57 63 64 84 108 114 119 122 123 128 138 142 161 173 193 207 209 213 216 221 223 227 234 245 251 262 267 282 309 330 333 337 343 344 368 372 
316 28 3 16 17 60 64 74 75 82 94 96 103 116 139 147 178 191 206 229 270 274 292 306 310 313 341 349 359 366 
317 45 5 7 11 21 35 54 56 59 62 71 73 81 87 88 91 105 110 115 122 140 145 150 151 169 204 221 222 223 226 228 248 251 252 260 268 275 278 300 302 310 357 361 363 370 374 
318 47 3 19 34 37 48 52 53 59 70 86 90 102 111 112 114 116 119 122 124 134 141 148 153 154 174 189 190 198 200 206 219 225 253 255 258 274 292 308 321 325 332 334 351 358 366 367 369 
319 36 1 4 27 49 54 59 60 70 75 76 78 79 100 121 135 146 150 160 161 176 204 221 261 267 273 277 282 284 296 298 304 327 335 345 366 371 
320 43 26 28 34 38 39 40 45 57 60 64 75 91 96 121 122 130 148 149 157 161 171 196 201 202 222 228 233 237 241 242 269 271 287 291 295 303 305 347 353 354 355 357 377 
321 39 0 4 11 14 17 28 30 37 48 60 66 78 81 100 115 146 159 160 200 202 236 239 241 265 266 289 300 311 318 324 327 330 331 333 335 346 366 370 378 
322 31 3 9 15 23 40 49 65 97 126 134 143 144 158 159 171 177 192 195 199 201 207 243 247 266 273 280 285 329 334 337 379 
323 38 1 7 18 35 38 41 51 59 66 67 79 98 106 110 121 123 132 140 143 147 148 151 162 178 196 202 216 217 244 258 261 271 308 324 353 355 356 367 
324 38 26 35 47 71 72 73 77 84 87 92 111 114 136 144 153 205 229 232 237 240 241 244 246 254 256 279 288 293 321 323 337 338 351 353 354 362 364 375 
325 41 5 20 25 30 36 51 98 111 139 150 159 163 164 175 184 188 197 198 228 231 232 249 262 272 282 284 286 292 293 298 301 308 318 344 352 356 365 369 370 373 375 
326 35 3 11 25 32 45 52 58 91 92 101 109 114 118 124 131 134 152 190 199 207 229 235 236 256 277 281 284 294 310 331 334 349 368 370 373 
327 33 6 24 48 56 62 63 66 99 125 141 148 164 174 192 195 201 202 211 241 244 257 262 298 309 319 321 333 335 340 350 352 354 375 
328 42 1 5 18 19 29 30 46 51 59 67 80 97 100 138 140 161 185 187 188 200 204 214 222 226 249 256 266 267 286 289 293 298 302 305 308 332 339 341 342 357 372 375 
329 51 1 5 8 13 17 55 57 76 79 84 88 100 105 117 118 120 130 131 134 148 153 154 160 161 167 171 174 193 195 201 209 222 230 231 235 239 249 252 255 260 278 280 288 290 293 295 305 310 322 337 363 
330 39 3 8 24 33 36 42 52 53 55 58 71 74 91 110 116 126 135 138 155 174 177 181 202 214 224 234 249 250 258 264 269 277 286 307 309 315 321 347 370 
331 44 2 3 8 13 23 24 32 43 45 58 59 66 69 73 82 89 102 123 125 143 146 172 173 187 192 193 205 206 210 212 240 261 274 276 279 289 293 321 326 335 351 370 376 377 
332 42 34 36 42 49 60 86 91 97 114 124 134 141 159 163 171 173 198 201 212 213 217 223 238 255 266 272 286 290 295 302 311 318 328 340 350 363 365 366 368 371 376 379 
333 35 0 6 7 11 16 47 53 56 59 68 69 72 98 111 112 134 137 138 140 158 192 230 245 249 252 254 300 315 321 327 344 354 355 371 379 
334 33 27 42 44 48 77 79 100 105 127 130 134 165 178 180 191 206 209 220 223 240 241 244 276 300 312 318 322 326 342 356 361 375 378 
335 43 7 24 33 35 51 66 67 68 69 76 77 88 93 102 103 132 140 144 163 170 176 179 181 193 198 214 217 227 229 237 259 278 284 286 295 302 319 321 327 331 354 374 377 
336 40 6 20 25 27 45 52 55 66 69 78 91 96 101 103 127 129 147 159 169 171 179 193 206 219 228 247 257 259 267 277 288 304 306 310 337 352 359 361 362 367 
337 46 20 36 43 45 58 65 70 71 89 96 123 126 131 136 154 156 167 170 171 198 203 210 232 234 237 238 262 263 272 273 277 284 285 296 303 304 312 315 322 324 329 336 353 355 367 371 
338 37 9 10 39 49 53 69 74 78 85 96 99 102 111 113 136 157 166 200 201 203 210 215 230 234 249 250 266 268 289 308 310 324 363 367 373 375 377 
339 36 15 27 46 53 68 80 110 116 130 137 147 150 205 223 227 234 250 257 260 267 280 281 287 290 294 298 308 311 312 328 346 356 357 359 370 379 
340 39 3 4 33 87 92 95 110 111 124 136 139 142 157 160 164 169 198 203 205 209 211 214 228 238 250 259 266 269 273 280 289 292 312 327 332 344 346 356 366 
341 33 24 36 40 50 53 66 81 84 93 101 105 117 160 162 182 217 233 241 271 280 285 295 298 300 301 305 306 309 316 328 345 355 364 
342 38 2 4 16 21 31 41 55 76 78 86 87 93 94 115 121 133 171 172 181 184 190 205 212 213 218 222 234 247 272 273 282 306 309 328 334 362 363 379 
343 33 7 13 32 40 54 85 92 98 105 107 108 109 110 112 121 145 152 159 173 174 186 195 210 216 258 276 284 307 308 311 315 351 362 
344 34 1 23 38 44 48 70 72 77 82 87 105 121 146 155 157 160 163 183 193 202 211 237 256 262 270 294 305 315 325 333 340 350 357 362 
345 38 7 52 61 68 87 88 95 96 108 110 111 118 126 158 164 174 185 196 206 210 218 219 237 243 244 246 269 275 283 296 308 319 341 352 355 362 368 377 
346 42 1 3 23 25 36 39 56 67 77 78 86 118 125 148 162 172 202 212 229 232 234 240 244 252 267 273 276 277 282 287 289 295 321 339 340 350 351 357 360 369 370 377 
347 29 42 48 67 92 108 115 127 128 153 154 156 183 184 191 205 209 241 252 258 264 265 277 290 294 303 320 330 352 377 
348 25 14 18 49 53 69 72 107 131 133 153 159 162 171 189 201 223 225 226 233 244 258 262 267 284 289 
349 36 1 3 7 28 39 50 71 73 77 83 92 96 98 102 110 121 126 127 131 140 156 158 177 199 210 232 237 249 254 258 275 316 326 361 362 376 
350 44 16 24 46 52 53 65 72 77 80 81 92 97 119 131 134 139 158 180 191 195 201 204 205 217 224 226 250 251 253 257 274 280 291 292 297 299 311 327 332 344 346 366 374 379 
351 38 0 1 34 54 57 60 86 93 98 104 133 137 149 166 172 173 175 183 185 190 208 212 220 224 234 239 274 275 280 281 294 306 318 324 331 343 346 360 
352 41 8 33 44 49 51 65 80 86 92 94 98 99 107 137 141 149 173 190 198 199 202 203 204 208 212 214 222 247 284 292 293 307 325 327 336 345 347 361 371 373 378 
353 50 2 14 26 41 44 54 63 78 79 86 95 98 100 107 109 115 117 125 134 140 143 146 154 162 171 177 179 182 185 187 190 196 207 214 226 229 235 238 239 241 278 293 298 320 323 324 337 355 362 379 
354 32 1 16 27 30 32 47 57 64 71 74 85 89 113 145 163 166 183 186 196 198 231 240 248 283 314 320 324 327 333 335 358 371 
355 29 16 24 28 30 34 45 57 74 89 110 117 125 129 131 187 188 205 277 286 294 306 320 323 333 337 341 345 353 365 
356 46 16 40 57 58 61 64 65 71 76 79 81 97 101 105 112 124 128 136 145 147 155 164 166 176 189 198 199 201 209 226 227 230 246 272 295 301 307 323 325 334 339 340 360 361 373 378 
357 46 35 37 63 66 75 77 88 121 130 140 141 144 149 157 165 177 179 191 229 233 240 245 247 248 256 268 279 283 286 287 298 304 308 317 320 328 339 344 346 361 364 368 370 372 376 377 
358 44 6 16 17 41 45 46 50 56 71 85 88 94 99 106 112 125 134 152 155 160 163 164 180 181 186 193 206 218 230 238 241 245 246 247 249 254 265 274 275 295 318 354 359 377 
359 39 7 20 33 42 47 48 82 108 111 113 123 153 179 180 181 184 195 226 227 243 247 257 260 261 269 277 283 299 302 316 336 339 358 362 363 366 369 374 375 
360 33 52 65 66 67 69 71 87 110 117 127 129 145 152 155 160 170 174 194 220 224 226 244 255 258 259 263 298 312 346 351 356 365 369 
361 38 7 11 26 28 39 50 64 65 74 84 92 96 107 109 126 137 148 176 197 232 240 247 249 272 278 280 291 299 304 306 317 334 336 349 352 356 357 375 
362 41 1 5 11 18 30 37 48 49 53 61 62 74 91 98 100 111 123 136 145 189 196 209 213 220 224 232 237 240 282 292 313 324 336 342 343 344 345 349 353 359 375 
363 34 0 5 50 61 69 119 131 137 144 150 159 173 186 187 191 208 230 242 245 250 255 257 262 284 304 311 312 317 329 332 338 342 359 374 
364 39 7 8 10 19 31 62 65 66 89 114 116 119 122 143 146 151 153 160 163 164 173 182 189 194 214 219 221 224 246 256 265 287 292 312 324 341 357 369 379 
365 37 6 33 38 44 59 80 89 93 95 105 117 131 136 148 167 178 182 188 206 214 219 237 248 252 265 275 283 286 294 299 325 332 355 360 371 377 379 
366 33 1 9 21 27 43 50 70 72 81 113 115 133 135 168 174 190 230 236 249 252 288 297 302 316 318 319 321 332 340 350 359 369 376 
367 30 8 11 41 47 60 63 73 82 89 135 155 162 182 207 213 230 239 257 260 261 269 288 292 299 318 323 336 337 338 371 
368 34 5 17 33 51 65 67 74 75 117 121 128 136 146 149 174 177 180 188 189 212 231 237 238 257 263 266 271 296 315 326 332 345 357 371 
369 36 6 15 16 40 42 56 60 62 90 98 109 112 130 132 133 148 164 168 176 179 187 219 220 221 230 265 276 285 307 318 325 346 359 360 364 366 
370 47 6 10 23 44 47 63 67 80 93 94 96 111 114 126 129 158 163 168 177 196 197 204 219 221 232 237 254 257 271 280 282 284 295 297 302 305 306 312 317 321 325 326 330 331 339 346 357 
371 35 5 14 17 31 35 42 57 64 89 101 108 122 123 124 128 153 200 241 244 251 263 265 295 297 300 313 319 332 333 337 352 354 365 367 368 
372 36 15 20 24 31 48 56 71 79 86 95 100 101 116 120 130 134 157 158 165 172 179 182 191 209 221 233 234 244 247 272 285 312 315 328 357 377 
373 36 25 32 33 36 60 64 65 68 72 81 121 128 130 131 140 156 163 174 192 194 205 219 221 226 236 237 275 281 288 306 325 326 338 352 356 377 
374 38 1 12 15 36 42 52 58 60 66 73 93 115 127 135 136 142 143 166 171 184 189 196 202 221 225 232 272 274 286 302 303 305 317 335 350 359 363 375 
375 39 17 20 50 62 109 110 123 131 135 144 156 157 162 170 179 188 190 191 195 197 208 209 215 221 245 249 285 295 301 324 325 327 328 334 338 359 361 362 374 
376 45 6 13 15 17 41 50 58 66 76 77 97 102 105 129 137 139 144 150 162 174 183 184 194 195 209 212 219 226 237 240 244 253 266 280 281 286 289 303 310 311 331 332 349 357 366 
377 40 0 11 24 28 32 49 80 83 101 108 112 126 128 131 133 144 150 152 162 182 183 200 244 249 263 279 290 308 320 331 335 338 345 346 347 357 358 365 372 373 
378 38 3 12 21 23 27 36 46 49 76 80 85 86 93 110 115 133 137 139 142 146 156 158 176 206 223 256 258 260 262 263 274 277 285 307 321 334 352 356 
379 39 14 15 18 34 37 59 66 69 73 84 104 106 108 119 125 150 154 162 167 168 175 211 213 224 235 244 245 246 261 297 322 332 333 339 342 350 353 364 365 
