380 826
0 4 81 173 175 333 
1 4 303 323 329 344 
2 4 47 53 69 290 
3 4 54 145 322 330 
4 5 81 108 162 220 321 
5 4 181 278 313 371 
6 5 11 176 327 358 369 
7 9 168 170 195 198 225 241 345 349 361 
8 4 68 102 237 279 
9 0 
10 6 71 77 138 145 275 283 
11 4 6 30 39 317 
12 2 111 249 
13 5 87 94 260 331 376 
14 1 297 
15 6 56 67 74 243 302 376 
16 9 91 118 181 223 283 333 354 355 358 
17 5 65 67 191 268 376 
18 0 
19 1 74 
20 2 161 359 
21 3 40 252 317 
22 3 141 205 236 
23 7 30 100 137 168 189 198 299 
24 4 92 98 126 350 
25 8 57 70 146 189 205 242 310 373 
26 3 148 250 265 
27 5 49 159 173 210 378 
28 3 239 281 355 
29 9 37 83 159 211 213 241 244 248 328 
30 4 11 23 186 312 
31 10 41 51 85 103 135 179 219 229 265 364 
32 5 45 112 165 278 331 
33 6 40 109 159 175 301 330 
34 0 
35 6 47 86 90 185 211 323 
36 5 44 90 267 325 346 
37 4 29 193 201 318 
38 4 50 255 274 323 
39 2 11 241 
40 3 21 33 173 
41 6 31 90 137 159 191 273 
42 4 74 210 229 347 
43 3 45 243 250 
44 4 36 72 106 128 
45 4 32 43 110 298 
46 2 229 350 
47 5 2 35 88 128 256 
48 4 143 160 290 347 
49 5 27 101 230 362 378 
50 7 38 209 255 270 289 349 376 
51 9 31 89 101 112 156 216 235 249 262 
52 1 241 
53 4 2 97 136 330 
54 5 3 71 300 311 319 
55 6 111 123 174 205 234 240 
56 6 15 143 144 179 182 244 
57 8 25 80 143 241 278 283 354 356 
58 5 100 106 285 291 331 
59 2 96 293 
60 6 169 213 235 321 351 367 
61 0 
62 3 96 309 375 
63 7 181 193 218 231 297 303 370 
64 1 104 
65 2 17 249 
66 5 270 306 327 331 335 
67 9 15 17 100 124 289 335 346 347 368 
68 3 8 154 222 
69 2 2 269 
70 7 25 83 137 167 272 292 301 
71 5 10 54 79 258 294 
72 2 44 229 
73 3 118 134 258 
74 8 15 19 42 127 183 221 265 338 
75 2 115 304 
76 2 109 158 
77 3 10 244 344 
78 3 173 181 342 
79 9 71 193 203 211 216 219 239 294 329 
80 6 57 118 218 254 282 285 
81 4 0 4 106 366 
82 2 197 367 
83 5 29 70 84 199 278 
84 5 83 215 248 272 324 
85 6 31 144 194 200 216 338 
86 6 35 115 139 207 309 372 
87 2 13 148 
88 4 47 92 329 358 
89 5 51 121 190 203 364 
90 5 35 36 41 102 265 
91 4 16 92 108 224 
92 5 24 88 91 131 290 
93 2 303 374 
94 3 13 136 259 
95 3 129 252 372 
96 5 59 62 166 361 370 
97 3 53 232 251 
98 5 24 110 286 353 362 
99 3 116 193 219 
100 6 23 58 67 172 225 329 
101 4 49 51 326 336 
102 6 8 90 198 210 234 376 
103 4 31 143 194 335 
104 2 64 250 
105 4 309 317 344 365 
106 7 44 58 81 116 145 150 160 
107 3 161 207 343 
108 4 4 91 128 347 
109 2 33 76 
110 9 45 98 114 138 159 186 268 375 378 
111 5 12 55 117 294 345 
112 6 32 51 124 137 234 284 
113 6 134 180 221 267 297 354 
114 3 110 122 364 
115 3 75 86 130 
116 5 99 106 135 179 221 
117 4 111 147 306 360 
118 7 16 73 80 131 173 243 346 
119 6 196 215 264 272 277 282 
120 2 181 256 
121 4 89 156 203 349 
122 2 114 320 
123 4 55 200 209 231 
124 6 67 112 153 157 270 356 
125 2 269 346 
126 4 24 244 330 370 
127 8 74 155 192 242 275 278 286 347 
128 5 44 47 108 255 373 
129 3 95 195 206 
130 3 115 163 372 
131 5 92 118 148 255 288 
132 4 148 217 257 269 
133 2 228 247 
134 9 73 113 181 191 318 329 333 334 350 
135 7 31 116 141 142 149 235 269 
136 5 53 94 284 297 324 
137 6 23 41 70 112 184 333 
138 4 10 110 218 333 
139 5 86 205 246 288 376 
140 4 172 187 188 224 
141 6 22 135 183 204 312 327 
142 6 135 197 238 310 340 374 
143 6 48 56 57 103 179 307 
144 7 56 85 160 203 210 225 335 
145 5 3 10 106 343 362 
146 7 25 176 195 200 309 331 364 
147 3 117 234 316 
148 6 26 87 131 132 175 365 
149 4 135 286 352 368 
150 4 106 222 309 379 
151 3 169 244 251 
152 2 244 286 
153 3 124 207 347 
154 4 68 250 266 318 
155 5 127 241 253 300 358 
156 5 51 121 293 294 349 
157 3 124 229 320 
158 5 76 206 274 279 322 
159 6 27 29 33 41 110 272 
160 7 48 106 144 184 226 230 321 
161 5 20 107 246 315 320 
162 3 4 269 377 
163 5 130 225 335 354 373 
164 1 358 
165 4 32 255 260 313 
166 6 96 203 245 248 286 302 
167 2 70 295 
168 4 7 23 246 262 
169 5 60 151 226 317 336 
170 2 7 337 
171 2 208 329 
172 4 100 140 270 311 
173 11 0 27 40 78 118 187 213 223 273 281 288 
174 6 55 293 329 330 345 360 
175 5 0 33 148 246 351 
176 8 6 146 181 227 243 302 356 378 
177 3 214 330 368 
178 3 180 238 365 
179 8 31 56 116 143 200 225 282 300 
180 5 113 178 199 282 334 
181 10 5 16 63 78 120 134 176 188 190 227 
182 3 56 298 365 
183 4 74 141 376 377 
184 6 137 160 190 219 347 359 
185 2 35 328 
186 3 30 110 263 
187 3 140 173 328 
188 3 140 181 246 
189 3 23 25 364 
190 5 89 181 184 194 375 
191 5 17 41 134 301 350 
192 3 127 291 310 
193 7 37 63 79 99 194 244 336 
194 7 85 103 190 193 257 288 302 
195 3 7 129 146 
196 5 119 214 239 287 374 
197 5 82 142 220 309 370 
198 3 7 23 102 
199 3 83 180 269 
200 8 85 123 146 179 232 288 292 321 
201 2 37 338 
202 1 352 
203 8 79 89 121 144 166 225 246 247 
204 2 141 255 
205 7 22 25 55 139 250 256 373 
206 4 129 158 251 345 
207 5 86 107 153 311 326 
208 3 171 270 284 
209 2 50 123 
210 5 27 42 102 144 214 
211 3 29 35 79 
212 1 294 
213 5 29 60 173 222 289 
214 6 177 196 210 253 305 306 
215 3 84 119 270 
216 5 51 79 85 242 260 
217 2 132 264 
218 4 63 80 138 303 
219 5 31 79 99 184 250 
220 2 4 197 
221 5 74 113 116 372 373 
222 5 68 150 213 227 287 
223 4 16 173 314 334 
224 2 91 140 
225 8 7 100 144 163 179 203 306 348 
226 7 160 169 309 328 356 359 360 
227 8 176 181 222 286 289 294 313 356 
228 2 133 243 
229 8 31 42 46 72 157 280 303 335 
230 4 49 160 333 366 
231 2 63 123 
232 3 97 200 349 
233 0 
234 6 55 102 112 147 311 338 
235 4 51 60 135 238 
236 3 22 263 301 
237 2 8 370 
238 5 142 178 235 358 368 
239 4 28 79 196 321 
240 3 55 258 357 
241 7 7 29 39 52 57 155 296 
242 3 25 127 216 
243 5 15 43 118 176 228 
244 9 29 56 77 126 151 152 193 290 348 
245 1 166 
246 7 139 161 168 175 188 203 299 
247 4 133 203 283 284 
248 4 29 84 166 278 
249 5 12 51 65 265 325 
250 6 26 43 104 154 205 219 
251 3 97 151 206 
252 4 21 95 333 365 
253 3 155 214 376 
254 2 80 333 
255 8 38 50 128 131 165 204 261 332 
256 4 47 120 205 378 
257 4 132 194 302 367 
258 4 71 73 240 323 
259 2 94 314 
260 4 13 165 216 304 
261 1 255 
262 2 51 168 
263 3 186 236 371 
264 2 119 217 
265 7 26 31 74 90 249 347 371 
266 1 154 
267 2 36 113 
268 2 17 110 
269 6 69 125 132 135 162 199 
270 6 50 66 124 172 208 215 
271 2 296 304 
272 4 70 84 119 159 
273 4 41 173 322 337 
274 3 38 158 294 
275 4 10 127 304 351 
276 3 287 288 346 
277 4 119 319 330 336 
278 7 5 32 57 83 127 248 309 
279 3 8 158 357 
280 1 229 
281 3 28 173 373 
282 5 80 119 179 180 325 
283 5 10 16 57 247 305 
284 4 112 136 208 247 
285 6 58 80 286 322 369 378 
286 9 98 127 149 152 166 227 285 357 376 
287 3 196 222 276 
288 6 131 139 173 194 200 276 
289 4 50 67 213 227 
290 4 2 48 92 244 
291 2 58 192 
292 4 70 200 306 325 
293 5 59 156 174 325 352 
294 11 71 79 111 156 212 227 274 326 339 355 365 
295 3 167 335 370 
296 2 241 271 
297 4 14 63 113 136 
298 4 45 182 319 357 
299 2 23 246 
300 3 54 155 179 
301 5 33 70 191 236 325 
302 5 15 166 176 194 257 
303 5 1 63 93 218 229 
304 5 75 260 271 275 319 
305 2 214 283 
306 5 66 117 214 225 292 
307 2 143 330 
308 2 323 357 
309 10 62 86 105 146 150 197 226 278 315 342 
310 5 25 142 192 336 338 
311 4 54 172 207 234 
312 2 30 141 
313 3 5 165 227 
314 2 223 259 
315 2 161 309 
316 1 147 
317 5 11 21 105 169 357 
318 4 37 134 154 367 
319 6 54 277 298 304 327 371 
320 4 122 157 161 354 
321 5 4 60 160 200 239 
322 4 3 158 273 285 
323 5 1 35 38 258 308 
324 2 84 136 
325 6 36 249 282 292 293 301 
326 4 101 207 294 331 
327 4 6 66 141 319 
328 4 29 185 187 226 
329 7 1 79 88 100 134 171 174 
330 8 3 33 53 126 174 177 277 307 
331 6 13 32 58 66 146 326 
332 4 255 340 350 368 
333 8 0 16 134 137 138 230 252 254 
334 5 134 180 223 342 356 
335 9 66 67 103 144 163 229 295 354 374 
336 6 101 169 193 277 310 361 
337 2 170 273 
338 5 74 85 201 234 310 
339 4 294 346 357 370 
340 2 142 332 
341 0 
342 4 78 309 334 362 
343 2 107 145 
344 3 1 77 105 
345 4 7 111 174 206 
346 7 36 67 118 125 276 339 357 
347 8 42 48 67 108 127 153 184 265 
348 2 225 244 
349 5 7 50 121 156 232 
350 5 24 46 134 191 332 
351 3 60 175 275 
352 3 149 202 293 
353 1 98 
354 6 16 57 113 163 320 335 
355 3 16 28 294 
356 6 57 124 176 226 227 334 
357 10 240 279 286 298 308 317 339 346 368 370 
358 6 6 16 88 155 164 238 
359 3 20 184 226 
360 3 117 174 226 
361 3 7 96 336 
362 4 49 98 145 342 
363 0 
364 6 31 89 114 146 189 379 
365 6 105 148 178 182 252 294 
366 2 81 230 
367 4 60 82 257 318 
368 6 67 149 177 238 332 357 
369 2 6 285 
370 8 63 96 126 197 237 295 339 357 
371 4 5 263 265 319 
372 4 86 95 130 221 
373 6 25 128 163 205 221 281 
374 4 93 142 196 335 
375 3 62 110 190 
376 9 13 15 17 50 102 139 183 253 286 
377 2 162 183 
378 6 27 49 110 176 256 285 
379 2 150 364 
