380 1199
0 4 81 173 175 333 
1 8 18 33 228 303 323 329 344 349 
2 4 47 53 69 290 
3 5 54 92 145 322 330 
4 8 81 108 125 162 220 248 251 321 
5 5 181 278 313 368 371 
6 6 11 176 273 327 358 369 
7 10 168 170 195 198 201 225 241 345 349 361 
8 4 68 102 237 279 
9 0 
10 8 71 77 112 138 145 244 275 283 
11 4 6 30 39 317 
12 3 111 135 249 
13 8 39 57 87 94 140 260 331 376 
14 4 220 264 297 371 
15 9 56 67 74 209 243 254 292 302 376 
16 10 91 118 137 181 223 283 333 354 355 358 
17 5 65 67 191 268 376 
18 5 1 20 79 98 114 
19 2 74 232 
20 6 18 48 130 161 180 359 
21 6 28 40 54 69 252 317 
22 5 141 182 205 221 236 
23 8 30 100 137 168 189 198 206 299 
24 6 88 92 98 126 331 350 
25 8 57 70 146 189 205 242 310 373 
26 6 94 135 148 173 250 265 
27 6 49 159 173 210 266 378 
28 4 21 239 281 355 
29 11 37 83 113 159 175 211 213 241 244 248 328 
30 4 11 23 186 312 
31 12 41 51 85 93 103 135 179 191 219 229 265 364 
32 9 45 48 91 112 165 180 278 331 354 
33 7 1 40 109 159 175 301 330 
34 1 351 
35 6 47 86 90 185 211 323 
36 6 44 90 178 267 325 346 
37 5 29 193 201 222 318 
38 5 50 255 274 323 344 
39 4 11 13 241 242 
40 5 21 33 173 285 322 
41 10 31 90 124 137 159 183 191 220 263 273 
42 4 74 210 229 347 
43 3 45 243 250 
44 7 36 72 91 106 128 144 160 
45 6 32 43 87 110 129 298 
46 5 158 229 328 350 378 
47 9 2 35 49 88 121 128 220 231 256 
48 7 20 32 143 160 270 290 347 
49 7 27 47 101 230 332 362 378 
50 9 38 99 104 209 255 270 289 349 376 
51 12 31 89 98 101 112 124 154 156 216 235 249 262 
52 4 78 130 196 241 
53 9 2 70 97 136 173 253 280 330 339 
54 7 3 21 71 264 300 311 319 
55 9 63 111 123 174 205 214 227 234 240 
56 8 15 58 88 143 144 179 182 244 
57 13 13 25 62 80 143 204 241 269 272 278 283 354 356 
58 9 56 90 100 106 210 283 285 291 331 
59 4 96 290 293 308 
60 11 85 169 213 230 235 288 312 321 351 367 373 
61 2 165 178 
62 4 57 96 309 375 
63 9 55 181 193 215 218 231 297 303 370 
64 5 104 165 354 356 361 
65 2 17 249 
66 8 150 270 280 306 327 331 335 376 
67 13 15 17 100 104 124 133 203 289 290 335 346 347 368 
68 3 8 154 222 
69 7 2 21 147 185 194 269 278 
70 8 25 53 83 137 167 272 292 301 
71 7 10 54 79 130 258 294 324 
72 4 44 157 216 229 
73 4 118 134 258 349 
74 10 15 19 42 127 183 188 221 263 265 338 
75 3 115 172 304 
76 2 109 158 
77 10 10 124 125 244 253 301 305 335 344 350 
78 5 52 173 181 338 342 
79 15 18 71 103 193 203 211 216 219 239 242 279 294 323 329 372 
80 9 57 118 218 220 253 254 282 285 370 
81 5 0 4 106 304 366 
82 4 197 226 295 367 
83 7 29 70 84 168 199 236 278 
84 5 83 215 248 272 324 
85 10 31 60 144 189 194 200 216 262 307 338 
86 7 35 115 139 207 309 372 378 
87 6 13 45 148 285 344 360 
88 7 24 47 56 92 132 329 358 
89 5 51 121 190 203 364 
90 7 35 36 41 58 102 261 265 
91 6 16 32 44 92 108 224 
92 7 3 24 88 91 131 144 290 
93 5 31 176 303 365 374 
94 6 13 26 136 145 151 259 
95 5 129 134 238 252 372 
96 5 59 62 166 361 370 
97 3 53 232 251 
98 7 18 24 51 110 286 353 362 
99 5 50 116 181 193 219 
100 9 23 58 67 124 172 219 225 328 329 
101 5 49 51 180 326 336 
102 7 8 90 198 210 232 234 376 
103 5 31 79 143 194 335 
104 5 50 64 67 219 250 
105 7 289 309 317 344 356 365 376 
106 8 44 58 81 116 145 150 160 291 
107 3 161 207 343 
108 4 4 91 128 347 
109 2 33 76 
110 12 45 98 114 138 159 186 188 233 268 287 375 378 
111 6 12 55 117 147 294 345 
112 10 10 32 51 124 137 183 234 284 313 356 
113 7 29 134 180 221 267 297 354 
114 4 18 110 122 364 
115 5 75 86 130 233 317 
116 6 99 106 135 179 221 257 
117 7 111 139 147 191 306 353 360 
118 7 16 73 80 131 173 243 346 
119 7 196 215 264 272 277 282 363 
120 2 181 256 
121 6 47 89 156 183 203 349 
122 6 114 180 181 208 317 320 
123 7 55 200 209 231 237 242 271 
124 10 41 51 67 77 100 112 153 157 270 356 
125 7 4 77 269 282 346 355 379 
126 5 24 244 292 330 370 
127 9 74 155 192 242 275 278 286 347 360 
128 7 44 47 108 237 251 255 373 
129 6 45 95 195 206 300 336 
130 7 20 52 71 115 163 206 372 
131 5 92 118 148 255 288 
132 7 88 145 148 217 257 269 299 
133 5 67 228 247 305 348 
134 11 73 95 113 181 191 255 318 329 333 334 350 
135 9 12 26 31 116 141 142 149 235 269 
136 6 53 94 231 284 297 324 
137 10 16 23 41 70 112 182 184 255 333 351 
138 4 10 110 218 333 
139 8 86 117 145 205 246 288 294 376 
140 6 13 172 187 188 224 349 
141 8 22 135 176 183 204 227 312 327 
142 7 135 197 222 238 310 340 374 
143 7 48 56 57 103 179 180 307 
144 10 44 56 85 92 160 203 210 225 335 363 
145 10 3 10 94 106 132 139 200 304 343 362 
146 8 25 173 176 195 200 309 331 364 
147 5 69 111 117 234 316 
148 6 26 87 131 132 175 365 
149 5 135 286 308 352 368 
150 5 66 106 222 309 379 
151 5 94 169 244 251 317 
152 3 244 263 286 
153 4 124 207 318 347 
154 7 51 68 161 229 250 266 318 
155 5 127 241 253 300 358 
156 6 51 121 178 293 294 349 
157 4 72 124 229 320 
158 6 46 76 206 274 279 322 
159 7 27 29 33 41 110 272 308 
160 8 44 48 106 144 184 226 230 321 
161 6 20 107 154 246 315 320 
162 3 4 269 377 
163 6 130 219 225 335 354 373 
164 3 280 325 358 
165 6 32 61 64 255 260 313 
166 8 96 203 245 248 272 286 302 312 
167 4 70 200 295 365 
168 5 7 23 83 246 262 
169 6 60 151 226 317 336 340 
170 3 7 181 337 
171 3 178 208 329 
172 5 75 100 140 270 311 
173 17 0 26 27 40 53 78 118 146 187 213 223 267 271 273 281 288 331 
174 6 55 293 329 330 345 360 
175 6 0 29 33 148 246 351 
176 11 6 93 141 146 181 201 227 243 302 356 378 
177 3 214 330 368 
178 10 36 61 156 171 180 238 243 268 314 365 
179 11 31 56 116 143 200 225 282 300 313 336 357 
180 10 20 32 101 113 122 143 178 199 282 334 
181 15 5 16 63 78 99 120 122 134 170 176 188 190 227 233 306 
182 8 22 56 137 207 298 299 364 365 
183 8 41 74 112 121 141 304 376 377 
184 8 137 160 190 219 279 342 347 359 
185 4 35 69 328 353 
186 4 30 110 255 263 
187 4 140 173 242 328 
188 6 74 110 140 181 246 355 
189 5 23 25 85 311 364 
190 7 89 181 184 194 281 342 375 
191 8 17 31 41 117 134 276 301 350 
192 4 127 291 310 373 
193 8 37 63 79 99 194 227 244 336 
194 10 69 85 103 190 193 257 263 288 302 373 
195 3 7 129 146 
196 6 52 119 214 239 287 374 
197 6 82 142 220 309 325 370 
198 4 7 23 102 268 
199 5 83 180 269 281 292 
200 10 85 123 145 146 167 179 232 288 292 321 
201 6 7 37 176 202 338 356 
202 2 201 352 
203 9 67 79 89 121 144 166 225 246 247 
204 4 57 141 209 255 
205 7 22 25 55 139 250 256 373 
206 6 23 129 130 158 251 345 
207 7 86 107 153 182 241 311 326 
208 4 122 171 270 284 
209 6 15 50 123 204 340 375 
210 6 27 42 58 102 144 214 
211 3 29 35 79 
212 3 237 279 294 
213 5 29 60 173 222 289 
214 7 55 177 196 210 253 305 306 
215 4 63 84 119 270 
216 6 51 72 79 85 242 260 
217 3 132 264 293 
218 5 63 80 138 303 314 
219 9 31 79 99 100 104 163 184 250 373 
220 6 4 14 41 47 80 197 
221 8 22 74 113 116 315 317 372 373 
222 9 37 68 142 150 213 227 287 294 329 
223 4 16 173 314 334 
224 2 91 140 
225 10 7 100 144 163 179 203 261 306 348 374 
226 11 82 160 169 238 291 309 328 350 356 359 360 
227 11 55 141 176 181 193 222 286 289 294 313 356 
228 4 1 133 237 243 
229 9 31 42 46 72 154 157 280 303 335 
230 6 49 60 160 247 333 366 
231 7 47 63 123 136 248 277 305 
232 7 19 97 102 200 285 324 349 
233 3 110 115 181 
234 6 55 102 112 147 311 338 
235 4 51 60 135 238 
236 5 22 83 263 301 321 
237 7 8 123 128 212 228 320 370 
238 9 95 142 178 226 235 308 353 358 368 
239 4 28 79 196 321 
240 4 55 258 357 361 
241 9 7 29 39 52 57 155 207 296 341 
242 8 25 39 79 123 127 187 216 305 
243 6 15 43 118 176 178 228 
244 13 10 29 56 77 126 151 152 193 269 290 324 348 371 
245 2 166 363 
246 7 139 161 168 175 188 203 299 
247 7 133 203 230 266 283 284 336 
248 6 4 29 84 166 231 278 
249 8 12 51 65 265 293 296 325 349 
250 6 26 43 104 154 205 219 
251 5 4 97 128 151 206 
252 5 21 95 333 346 365 
253 6 53 77 80 155 214 376 
254 3 15 80 333 
255 12 38 50 128 131 134 137 165 186 204 256 261 332 
256 5 47 120 205 255 378 
257 5 116 132 194 302 367 
258 4 71 73 240 323 
259 4 94 282 303 314 
260 4 13 165 216 304 
261 3 90 225 255 
262 4 51 85 168 277 
263 10 41 74 152 186 194 236 268 337 371 378 
264 4 14 54 119 217 
265 8 26 31 74 90 249 301 347 371 
266 4 27 154 247 338 
267 3 36 113 173 
268 5 17 110 178 198 263 
269 8 57 69 125 132 135 162 199 244 
270 7 48 50 66 124 172 208 215 
271 4 123 173 296 304 
272 8 57 70 84 119 159 166 285 356 
273 5 6 41 173 322 337 
274 3 38 158 294 
275 4 10 127 304 351 
276 5 191 287 288 334 346 
277 6 119 231 262 319 330 336 
278 9 5 32 57 69 83 127 248 309 361 
279 7 8 79 158 184 212 294 357 
280 4 53 66 164 229 
281 5 28 173 190 199 373 
282 7 80 119 125 179 180 259 325 
283 8 10 16 57 58 247 290 305 359 
284 5 112 136 208 247 352 
285 10 40 58 80 87 232 272 286 322 369 378 
286 10 98 127 149 152 166 227 285 303 357 376 
287 4 110 196 222 276 
288 7 60 131 139 173 194 200 276 
289 5 50 67 105 213 227 
290 8 2 48 59 67 92 244 283 339 
291 4 58 106 192 226 
292 7 15 70 126 199 200 306 325 
293 7 59 156 174 217 249 325 352 
294 14 71 79 111 139 156 212 222 227 274 279 326 339 355 365 
295 5 82 167 302 335 370 
296 3 241 249 271 
297 4 14 63 113 136 
298 4 45 182 319 357 
299 4 23 132 182 246 
300 6 54 129 155 179 333 334 
301 7 33 70 77 191 236 265 325 
302 6 15 166 176 194 257 295 
303 8 1 63 93 218 229 259 286 304 
304 9 75 81 145 183 260 271 275 303 319 
305 6 77 133 214 231 242 283 
306 6 66 117 181 214 225 292 
307 4 85 143 330 356 
308 6 59 149 159 238 323 357 
309 10 62 86 105 146 150 197 226 278 315 342 
310 5 25 142 192 336 338 
311 6 54 172 189 207 234 376 
312 5 30 60 141 166 339 
313 5 5 112 165 179 227 
314 4 178 218 223 259 
315 3 161 221 309 
316 2 147 349 
317 9 11 21 105 115 122 151 169 221 357 
318 6 37 134 153 154 325 367 
319 6 54 277 298 304 327 371 
320 7 122 157 161 237 354 355 357 
321 7 4 60 160 200 236 239 366 
322 5 3 40 158 273 285 
323 7 1 35 38 79 258 308 353 
324 5 71 84 136 232 244 
325 10 36 164 197 249 282 292 293 301 318 373 
326 5 101 207 294 331 349 
327 4 6 66 141 319 
328 6 29 46 100 185 187 226 
329 8 1 79 88 100 134 171 174 222 
330 8 3 33 53 126 174 177 277 307 
331 8 13 24 32 58 66 146 173 326 
332 6 49 255 340 350 368 371 
333 10 0 16 134 137 138 230 252 254 300 379 
334 7 134 180 223 276 300 342 356 
335 10 66 67 77 103 144 163 229 295 354 374 
336 9 101 129 169 179 193 247 277 310 361 
337 3 170 263 273 
338 8 74 78 85 201 234 266 310 375 
339 7 53 290 294 312 346 357 370 
340 4 142 169 209 332 
341 1 241 
342 6 78 184 190 309 334 362 
343 2 107 145 
344 5 1 38 77 87 105 
345 4 7 111 174 206 
346 9 36 67 118 125 252 276 339 350 357 
347 8 42 48 67 108 127 153 184 265 
348 3 133 225 244 
349 11 1 7 50 73 121 140 156 232 249 316 326 
350 8 24 46 77 134 191 226 332 346 
351 5 34 60 137 175 275 
352 4 149 202 284 293 
353 5 98 117 185 238 323 
354 8 16 32 57 64 113 163 320 335 
355 6 16 28 125 188 294 320 
356 12 57 64 105 112 124 176 201 226 227 272 307 334 
357 13 179 240 279 286 298 308 317 320 339 346 368 370 376 
358 6 6 16 88 155 164 238 
359 4 20 184 226 283 
360 5 87 117 127 174 226 
361 6 7 64 96 240 278 336 
362 5 49 98 145 342 375 
363 3 119 144 245 
364 7 31 89 114 146 182 189 379 
365 8 93 105 148 167 178 182 252 294 
366 3 81 230 321 
367 4 60 82 257 318 
368 7 5 67 149 177 238 332 357 
369 2 6 285 
370 9 63 80 96 126 197 237 295 339 357 
371 7 5 14 244 263 265 319 332 
372 5 79 86 95 130 221 
373 11 25 60 128 163 192 194 205 219 221 281 325 
374 6 93 142 196 225 335 375 
375 7 62 110 190 209 338 362 374 
376 13 13 15 17 50 66 102 105 139 183 253 286 311 357 
377 2 162 183 
378 9 27 46 49 86 110 176 256 263 285 
379 4 125 150 333 364 
