380 3695
0 11 4 7 61 76 81 163 173 175 183 202 333 
1 19 17 18 33 67 90 114 122 136 137 228 247 259 303 305 323 328 329 344 349 
2 18 15 17 47 53 69 101 113 127 129 136 161 167 184 198 256 269 290 353 
3 21 54 56 73 92 107 145 199 230 242 248 256 286 293 301 318 322 326 330 331 340 346 
4 19 0 6 32 65 73 81 108 121 125 150 162 220 248 251 296 310 321 340 342 
5 22 8 38 75 103 118 142 145 153 154 181 223 236 264 278 292 313 317 325 362 363 368 371 
6 18 4 11 52 104 117 155 176 183 185 216 273 300 314 327 358 365 369 370 
7 23 0 37 54 72 134 141 145 168 170 180 195 198 201 225 232 241 277 317 323 335 345 349 361 
8 23 5 37 68 76 81 102 118 120 134 172 173 182 203 205 229 237 244 278 279 282 331 352 364 
9 13 56 78 95 103 140 141 183 220 243 244 297 300 366 
10 16 14 71 77 112 138 145 147 188 200 204 244 259 275 283 364 370 
11 17 6 30 39 108 125 150 226 238 251 285 286 304 317 321 333 361 362 
12 11 56 58 96 107 111 135 175 215 249 278 298 
13 22 15 39 57 75 77 86 87 94 99 140 154 176 210 224 234 260 295 296 312 331 343 376 
14 19 10 34 48 79 89 92 109 117 181 220 237 255 264 271 287 290 297 348 371 
15 19 2 13 43 56 67 74 103 126 130 180 202 207 209 243 254 267 292 302 376 
16 22 19 20 39 59 65 91 93 96 118 137 181 203 223 227 283 304 316 333 354 355 358 369 
17 20 1 2 65 67 69 70 77 102 147 152 181 183 191 268 275 282 295 321 329 376 
18 18 1 20 58 78 79 98 114 137 157 170 200 209 224 271 290 323 328 379 
19 18 16 27 55 74 76 81 82 85 95 109 187 204 225 232 264 269 279 318 
20 18 16 18 23 42 48 59 103 129 130 135 150 161 180 235 261 305 336 359 
21 20 24 28 40 48 54 69 106 122 123 153 196 208 252 258 264 272 317 342 366 378 
22 14 32 42 54 67 140 141 182 205 221 236 240 258 271 273 
23 25 20 30 37 43 49 66 100 107 137 149 155 167 168 174 184 189 198 206 224 263 292 299 331 346 378 
24 28 21 25 43 85 88 92 98 102 103 107 118 126 135 141 154 156 157 165 175 234 256 274 288 330 331 350 355 372 
25 19 24 57 70 84 123 137 146 189 198 205 206 221 242 254 298 310 325 336 373 
26 21 43 62 84 89 94 95 98 109 135 136 148 173 187 194 197 221 239 250 255 265 320 
27 14 19 49 55 56 66 115 159 173 210 218 266 294 339 378 
28 19 21 38 51 52 66 109 117 145 239 247 249 273 279 281 296 349 355 361 377 
29 26 35 37 41 50 76 83 113 120 136 156 159 167 175 208 211 213 215 236 241 244 248 263 269 272 274 328 
30 18 11 23 129 140 145 186 201 210 231 233 247 266 283 289 312 321 328 354 
31 18 41 51 62 71 85 93 103 113 114 128 135 179 191 219 229 265 308 364 
32 21 4 22 45 48 91 112 165 171 180 218 226 228 258 278 306 310 312 326 331 343 354 
33 19 1 40 53 109 119 159 175 184 195 248 265 272 301 330 335 352 365 368 373 
34 15 14 47 49 65 69 147 203 212 213 225 233 287 306 315 351 
35 16 29 47 55 86 90 185 211 265 290 299 317 323 324 335 357 371 
36 21 44 59 73 90 99 109 133 178 221 231 256 263 267 292 293 325 330 332 337 346 373 
37 20 7 8 23 29 60 93 122 141 142 179 192 193 201 222 277 281 289 299 318 321 
38 19 5 28 50 83 111 118 123 233 242 251 255 272 274 278 294 298 323 344 365 
39 14 11 13 16 40 139 158 165 241 242 266 280 307 320 338 
40 16 21 33 39 53 106 112 173 174 183 188 218 285 295 296 322 369 
41 19 29 31 72 90 124 125 134 137 159 169 183 191 220 242 253 263 273 283 353 
42 20 20 22 59 68 70 74 155 159 210 211 226 229 234 243 297 302 332 347 359 374 
43 19 15 23 24 26 45 47 63 80 130 134 192 210 243 250 272 313 331 337 366 
44 11 36 72 91 106 125 128 144 160 209 232 365 
45 14 32 43 81 87 110 123 129 153 186 242 298 315 320 336 
46 19 66 76 100 108 109 158 180 184 216 220 229 235 262 278 328 339 350 358 378 
47 22 2 34 35 43 49 54 61 84 88 121 128 133 154 158 220 231 242 250 256 324 354 359 
48 18 14 20 21 32 64 110 120 124 143 156 160 201 240 270 274 290 302 347 
49 26 23 27 34 47 82 96 101 106 115 130 141 158 163 203 220 230 268 291 304 310 319 322 332 362 377 378 
50 29 29 38 58 73 99 104 106 113 114 121 131 136 156 157 164 180 184 209 219 251 255 270 289 349 358 363 366 375 376 
51 28 28 31 58 89 98 101 111 112 124 152 154 156 163 177 191 207 216 235 238 242 249 262 287 296 297 323 325 335 
52 19 6 28 78 130 131 159 188 191 196 241 271 280 303 312 326 336 350 360 374 
53 14 2 33 40 70 86 97 136 173 253 280 318 330 339 341 
54 19 3 7 21 22 47 71 75 135 146 153 174 211 244 245 264 290 300 311 319 
55 21 19 27 35 63 88 89 111 123 172 174 205 214 224 227 234 235 240 277 299 330 342 
56 26 3 9 12 15 27 58 64 88 109 123 143 144 154 179 181 182 203 214 230 237 244 317 333 346 358 372 
57 24 13 25 62 70 80 143 144 169 190 200 204 240 241 244 257 269 272 278 283 315 329 351 354 356 
58 27 12 18 50 51 56 67 90 100 106 115 116 127 133 134 137 163 210 253 264 271 282 283 285 291 331 337 356 
59 21 16 20 36 42 77 93 96 160 162 199 210 265 285 290 293 296 308 318 319 323 331 
60 25 37 76 83 85 120 129 169 183 201 213 230 235 288 297 301 312 316 319 320 321 351 367 369 373 374 
61 13 0 47 72 91 97 130 165 178 262 268 314 345 362 
62 20 26 31 57 96 119 149 159 172 181 222 228 236 237 238 250 276 309 327 364 375 
63 23 43 55 82 87 133 140 146 161 163 181 193 199 215 218 231 294 296 297 303 315 327 357 370 
64 18 48 56 99 104 130 165 195 215 241 247 251 263 267 313 354 356 361 373 
65 15 4 16 17 34 86 168 175 185 195 249 257 356 360 368 373 
66 25 23 27 28 46 101 119 123 130 150 196 221 223 235 248 270 280 306 323 327 331 335 364 374 376 379 
67 32 1 15 17 22 58 74 100 102 104 105 124 133 147 148 151 161 173 203 237 243 252 279 285 286 287 289 290 323 335 346 347 368 
68 18 8 42 91 133 154 158 181 190 217 222 233 264 275 297 333 339 345 373 
69 19 2 17 21 34 85 147 156 158 160 185 194 204 209 217 269 278 333 363 379 
70 19 17 25 42 53 57 83 86 113 119 136 137 167 178 217 272 292 301 307 344 
71 12 10 31 54 79 130 180 185 219 258 290 294 324 
72 12 7 41 44 61 80 103 157 191 216 229 281 333 
73 18 3 4 36 50 118 129 134 141 151 168 186 198 245 258 275 292 331 349 
74 28 15 19 42 67 78 89 107 123 127 153 164 169 181 183 188 204 213 214 221 239 242 250 255 263 265 301 338 362 
75 13 5 13 54 115 133 158 172 287 288 304 314 316 320 
76 24 0 8 19 29 46 60 79 95 104 109 126 158 171 178 207 211 222 226 266 305 342 356 376 378 
77 27 10 13 17 59 85 89 124 125 130 150 186 202 210 214 230 244 253 267 268 301 305 324 335 344 349 350 376 
78 14 9 18 52 74 140 165 173 181 246 266 321 338 342 346 
79 34 14 18 71 76 103 144 161 163 193 196 202 203 211 216 219 239 242 247 250 259 277 278 279 281 283 288 293 294 296 323 329 334 353 372 
80 25 43 57 72 90 118 119 121 150 192 218 220 223 241 253 254 259 279 282 285 302 328 352 365 370 377 
81 16 0 4 8 19 45 91 92 106 128 139 171 196 234 304 309 366 
82 16 19 49 63 108 170 197 218 226 238 253 269 273 295 302 331 367 
83 18 29 38 60 70 84 117 138 145 168 174 177 199 234 235 236 278 281 349 
84 20 25 26 47 83 93 113 197 205 214 215 242 248 252 272 299 315 324 341 361 379 
85 20 19 24 31 60 69 77 118 144 189 194 200 207 216 237 262 307 338 343 354 378 
86 23 13 35 53 65 70 110 115 139 143 172 177 191 207 226 232 254 281 287 292 308 309 372 378 
87 15 13 45 63 103 148 163 175 256 285 286 324 340 342 344 360 
88 19 24 47 55 56 92 112 132 183 216 244 259 277 282 299 302 317 329 357 358 
89 22 14 26 51 55 74 77 107 120 121 148 158 187 190 197 203 237 256 302 303 331 337 364 
90 15 1 35 36 41 58 80 102 151 166 206 236 250 261 265 369 
91 19 16 32 44 61 68 81 92 96 108 115 131 173 196 212 224 271 317 320 330 
92 25 3 14 24 81 88 91 117 131 144 189 190 203 221 223 236 251 255 279 290 296 297 324 326 347 349 
93 17 16 31 37 59 84 148 165 176 179 221 297 303 335 341 365 374 378 
94 21 13 26 99 112 127 128 136 145 151 163 184 195 211 219 233 259 263 283 294 306 316 
95 17 9 19 26 76 102 129 134 149 193 238 252 255 256 287 297 345 372 
96 16 12 16 49 59 62 91 132 156 166 176 316 320 338 345 361 370 
97 16 53 61 123 131 172 213 225 232 233 251 283 286 294 328 356 376 
98 20 18 24 26 51 102 110 122 147 150 160 187 242 286 325 333 349 351 353 362 369 
99 24 13 36 50 64 94 100 109 116 123 154 162 181 193 219 225 226 273 299 300 303 305 306 312 358 
100 22 23 46 58 67 99 111 113 124 154 172 178 191 219 225 251 278 289 319 328 329 334 372 
101 15 2 49 51 66 150 180 203 209 266 273 286 300 326 336 372 
102 17 8 17 24 67 90 95 98 193 198 204 205 210 221 232 234 284 376 
103 21 5 9 15 20 24 31 72 79 87 117 143 157 193 194 214 217 247 249 298 316 335 
104 15 6 50 64 67 76 106 148 165 166 172 204 219 250 278 379 
105 18 67 135 162 169 189 230 246 289 309 314 317 329 334 343 344 356 365 376 
106 23 21 40 44 49 50 58 81 104 116 133 142 145 150 157 160 180 240 244 259 280 291 302 358 
107 17 3 12 23 24 74 89 120 126 140 161 162 207 241 263 286 343 352 
108 17 4 11 46 82 91 117 120 128 192 203 216 274 301 313 345 347 377 
109 17 14 19 26 28 33 36 46 56 76 99 116 131 188 202 292 353 361 
110 31 45 48 86 98 114 118 123 138 155 159 167 184 186 188 206 207 216 230 233 238 268 282 287 291 296 303 305 345 360 375 378 
111 22 12 38 51 55 100 117 120 146 147 201 206 237 240 294 301 312 325 333 338 345 362 370 
112 20 10 32 40 51 88 94 124 137 156 183 234 251 263 267 284 313 333 343 356 369 
113 22 2 29 31 50 70 84 100 134 153 177 178 180 202 204 221 260 266 267 289 297 354 359 
114 18 1 18 31 50 110 122 125 169 198 210 213 214 272 292 298 315 364 370 
115 21 27 49 58 75 86 91 130 132 143 178 196 207 233 246 297 306 317 342 353 366 374 
116 15 58 99 106 109 135 140 143 158 179 221 226 257 263 271 318 
117 21 6 14 28 83 92 103 108 111 139 145 147 174 191 208 222 234 253 264 306 353 360 
118 22 5 8 16 24 38 73 80 85 110 131 168 173 174 201 243 278 301 308 326 329 345 346 
119 20 33 62 66 70 80 170 196 215 216 227 239 264 272 277 282 306 310 318 350 363 
120 18 8 29 48 60 89 107 108 111 133 134 143 181 228 247 254 256 289 312 
121 16 4 47 50 80 89 132 134 144 156 183 203 256 302 349 357 368 
122 16 1 21 37 98 114 151 180 181 208 226 248 276 317 320 364 371 
123 28 21 25 38 45 55 56 66 74 97 99 110 127 166 186 192 195 200 209 218 231 237 242 254 266 271 274 359 371 
124 20 41 48 51 67 77 100 112 131 139 153 157 159 161 185 204 270 295 312 318 356 
125 17 4 11 41 44 77 114 148 238 269 272 274 282 331 346 353 355 379 
126 18 15 24 76 107 138 154 157 187 202 228 229 244 258 286 292 330 361 370 
127 22 2 58 74 94 123 137 142 153 155 159 192 242 258 270 275 278 286 293 347 349 360 374 
128 19 31 44 47 81 94 108 146 152 180 213 237 251 254 255 257 258 347 371 373 
129 16 2 20 30 45 60 73 95 141 152 195 206 273 300 336 355 360 
130 24 15 20 43 49 52 61 64 66 71 77 115 140 156 163 206 216 248 272 278 300 334 339 372 373 
131 20 50 52 91 92 97 109 118 124 132 148 249 255 269 270 273 288 326 337 355 363 
132 16 88 96 115 121 131 134 137 145 148 149 153 217 257 269 299 335 
133 22 36 47 58 63 67 68 75 106 120 155 163 198 202 228 238 244 247 273 293 305 348 366 
134 29 7 8 41 43 58 73 95 113 120 121 132 178 181 185 191 216 219 255 276 301 318 322 329 332 333 334 350 353 358 
135 22 12 20 24 26 31 54 105 116 141 142 149 185 213 235 245 246 247 269 286 366 367 375 
136 23 1 2 26 29 50 53 70 94 138 187 192 211 223 231 254 261 271 284 297 309 324 337 365 
137 27 1 16 18 23 25 41 58 70 112 127 132 148 156 164 171 182 184 218 233 245 255 294 310 333 351 363 378 
138 14 10 83 110 126 136 141 216 218 226 227 261 266 328 333 
139 15 39 81 86 117 124 145 158 160 205 246 280 288 294 350 376 
140 23 9 13 22 30 63 78 107 116 130 157 172 187 188 224 235 246 271 317 323 333 349 353 357 
141 19 7 9 22 24 37 49 73 129 135 138 160 176 183 204 227 307 312 327 352 
142 21 5 37 106 127 135 154 159 161 168 187 197 222 238 290 291 298 309 310 340 374 378 
143 17 48 56 57 86 103 115 116 120 148 179 180 220 279 307 322 353 374 
144 18 44 56 57 79 85 92 121 160 164 197 203 210 225 276 301 322 335 363 
145 27 3 5 7 10 28 30 83 94 106 117 132 139 200 206 222 256 259 261 262 283 286 304 317 343 354 356 362 
146 18 25 54 63 111 128 173 176 195 197 200 213 268 309 331 344 364 368 378 
147 17 10 17 34 67 69 98 111 117 232 233 234 245 278 316 323 336 339 
148 20 26 67 87 89 93 104 125 131 132 137 143 155 175 190 228 255 327 361 365 369 
149 14 23 62 95 132 135 184 271 272 286 292 308 352 357 368 
150 20 4 11 20 66 77 80 98 101 106 196 222 267 269 271 309 317 319 339 376 379 
151 11 67 73 90 94 122 169 244 251 255 297 317 
152 14 17 51 128 129 156 191 204 230 244 256 262 263 286 298 
153 19 5 21 45 54 74 113 124 127 132 157 194 207 243 256 272 318 347 359 364 
154 29 5 13 24 47 51 56 68 99 100 126 142 156 161 165 207 225 229 250 257 258 266 302 306 314 318 329 337 347 379 
155 15 6 23 42 110 127 133 148 165 203 209 241 253 267 300 358 
156 25 24 29 48 50 51 69 96 112 121 130 137 152 154 175 178 189 222 276 279 289 293 294 337 347 349 
157 22 18 24 50 72 103 106 124 126 140 153 198 215 229 274 276 279 307 320 338 344 357 372 
158 25 39 46 47 49 68 69 75 76 89 116 139 199 206 244 259 266 274 279 297 311 322 333 350 370 372 
159 22 27 29 33 41 42 52 62 110 124 127 142 231 254 263 272 277 308 311 321 322 336 348 
160 21 44 48 59 69 98 106 139 141 144 165 184 226 230 245 264 294 302 319 321 340 344 
161 17 2 20 63 67 79 107 124 142 154 213 215 220 222 230 246 315 320 
162 15 4 59 99 105 107 167 200 223 269 306 341 353 375 376 377 
163 26 0 49 51 58 63 79 87 94 130 133 219 225 231 247 250 252 256 264 272 273 325 332 335 354 370 373 
164 14 50 74 137 144 178 206 221 227 256 280 325 340 358 364 
165 19 24 32 39 61 64 78 93 104 154 155 160 204 232 237 255 256 260 263 313 
166 15 90 96 104 123 168 200 203 235 245 248 272 286 302 312 356 
167 16 2 23 29 70 110 162 178 200 203 253 282 295 304 329 365 379 
168 18 7 23 65 73 83 118 142 166 208 211 236 241 245 246 262 280 306 370 
169 19 41 57 60 74 105 114 151 189 196 226 228 241 242 250 280 308 317 336 340 
170 13 7 18 82 119 172 179 181 250 272 335 337 360 375 
171 17 32 76 81 137 173 178 190 193 205 208 236 239 294 320 329 342 353 
172 21 8 55 62 75 86 97 100 104 140 170 176 184 217 270 271 273 284 302 311 346 351 
173 31 0 8 26 27 40 53 67 78 91 118 146 171 180 187 200 205 213 223 251 254 267 271 273 275 281 288 331 343 351 363 364 
174 16 23 40 54 55 83 117 118 226 246 293 329 330 343 345 360 366 
175 16 0 12 24 29 33 65 87 148 156 190 198 246 247 309 325 351 
176 19 6 13 93 96 141 146 172 181 201 212 218 227 233 243 292 302 309 356 378 
177 13 51 83 86 113 188 214 229 279 309 330 353 368 370 
178 23 36 61 70 76 100 113 115 134 156 164 167 171 180 183 194 238 243 247 268 304 309 314 365 
179 18 31 37 56 93 116 143 170 200 225 260 282 300 313 314 335 336 357 375 
180 23 7 15 20 32 46 50 71 101 106 113 122 128 143 173 178 194 199 227 261 268 282 334 359 
181 26 5 14 16 17 56 62 63 68 74 78 99 120 122 134 170 176 188 190 215 219 227 233 306 335 358 359 
182 17 8 22 56 137 189 204 207 230 240 298 299 341 353 364 365 367 377 
183 21 0 6 9 17 40 41 60 74 88 112 121 141 178 218 255 273 304 347 354 376 377 
184 24 2 23 33 46 50 94 110 137 149 160 172 190 204 219 223 238 242 263 279 285 314 342 347 359 
185 13 6 35 65 69 71 124 134 135 217 260 328 345 353 
186 13 30 45 73 77 110 123 200 208 220 234 255 263 266 
187 17 19 26 89 98 126 136 140 142 173 193 242 289 328 331 355 363 369 
188 13 10 40 52 74 109 110 140 177 181 243 246 355 368 
189 14 23 25 85 92 105 156 169 182 221 295 311 313 318 364 
190 22 57 68 89 92 148 171 175 181 184 194 217 234 260 281 284 318 326 342 351 352 366 375 
191 23 17 31 41 51 52 72 86 100 117 134 152 229 230 243 262 274 276 280 301 308 350 372 375 
192 16 37 43 80 108 123 127 136 197 225 230 254 283 291 310 331 373 
193 21 37 63 79 95 99 102 103 171 187 194 197 210 227 244 251 265 288 293 315 329 336 
194 18 26 69 85 103 153 178 180 190 193 218 238 254 257 263 288 296 302 373 
195 13 7 33 64 65 94 123 129 146 246 263 329 350 375 
196 24 21 52 66 79 81 91 115 119 150 169 214 218 239 247 251 276 283 287 294 308 313 323 362 374 
197 17 26 82 84 89 142 144 146 192 193 220 243 256 266 309 325 370 375 
198 22 2 7 23 25 73 102 114 133 157 175 200 219 241 242 268 284 325 335 337 352 354 356 
199 16 3 59 63 83 158 180 212 246 269 279 281 283 287 292 294 352 
200 25 10 18 57 85 123 145 146 162 166 167 173 179 186 198 232 272 288 292 296 318 321 328 338 371 377 
201 17 7 30 37 48 60 111 118 176 202 208 304 314 320 327 332 338 356 
202 20 0 15 77 79 109 113 126 133 201 209 237 247 270 305 323 330 344 346 352 374 
203 27 8 16 34 49 56 67 79 89 92 101 108 121 144 155 166 167 204 224 225 243 246 247 254 287 314 337 340 
204 22 10 19 57 69 74 102 104 113 124 141 152 165 182 184 203 209 242 255 256 275 319 350 
205 15 8 22 25 55 84 102 139 171 173 250 256 264 347 355 373 
206 20 23 25 90 110 111 129 130 145 158 164 232 241 251 256 263 311 331 345 365 378 
207 22 15 51 76 85 86 107 110 115 153 154 182 219 226 227 241 267 309 311 315 322 326 367 
208 16 21 29 117 122 168 171 186 201 230 235 244 268 270 284 351 375 
209 19 15 18 44 50 69 101 123 155 202 204 214 238 246 281 329 334 340 375 376 
210 19 13 27 30 42 43 58 59 77 102 114 144 193 214 218 280 301 343 345 349 
211 14 29 35 42 54 76 79 94 136 168 227 243 249 293 344 
212 12 34 91 176 199 235 237 248 279 294 301 331 332 
213 22 29 34 60 74 97 114 128 135 146 161 173 222 233 235 251 289 294 302 315 332 342 367 
214 19 55 56 74 77 84 103 114 177 196 209 210 253 305 306 328 335 340 364 365 
215 18 12 29 63 64 84 119 157 161 181 228 231 258 263 270 272 277 314 375 
216 19 6 46 51 72 79 85 88 108 110 119 130 134 138 242 260 261 315 323 343 
217 12 68 69 70 103 132 172 185 190 264 278 293 335 
218 19 27 32 40 63 80 82 123 137 138 176 183 194 196 210 222 269 303 309 314 
219 27 31 50 71 79 94 99 100 104 134 163 181 184 198 207 230 234 250 264 269 271 298 299 318 336 345 373 376 
220 18 4 9 14 41 46 47 49 80 143 161 186 197 234 242 249 306 309 334 
221 23 22 25 26 36 66 74 92 93 102 113 116 164 189 226 232 294 315 317 319 364 372 373 374 
222 21 37 62 68 76 117 142 145 150 156 161 213 218 227 243 287 294 317 328 329 342 352 
223 16 5 16 66 80 92 136 162 173 184 235 312 314 332 334 339 348 
224 16 13 18 23 55 91 140 203 260 267 276 282 330 351 360 364 379 
225 20 7 19 34 97 99 100 144 154 163 179 192 203 228 261 271 273 306 318 348 374 
226 29 11 32 42 76 82 86 99 116 122 138 160 169 174 207 221 238 267 291 297 306 309 313 328 348 350 353 356 359 360 
227 22 16 55 119 138 141 164 176 180 181 193 207 211 222 238 250 282 286 289 294 313 339 356 
228 19 1 32 62 120 126 133 148 169 215 225 237 243 262 269 317 320 325 336 340 
229 17 8 31 42 46 72 126 154 157 177 191 280 299 301 303 316 335 357 
230 23 3 49 56 60 77 105 110 152 160 161 182 191 192 208 219 247 267 278 310 333 356 363 366 
231 18 30 36 47 63 123 136 159 163 215 248 277 287 305 308 325 329 354 368 
232 19 7 19 44 86 97 102 147 165 200 206 221 237 238 285 324 325 349 362 370 
233 18 30 34 38 68 94 97 110 115 137 147 176 181 213 262 278 304 341 372 
234 26 13 24 42 55 81 83 102 112 117 147 186 190 219 220 236 268 291 295 300 310 311 337 338 339 342 346 
235 23 20 46 51 55 60 66 83 135 140 166 208 212 213 223 238 249 258 259 262 326 329 353 379 
236 15 5 22 29 62 83 90 92 168 171 234 263 283 301 321 326 
237 27 8 14 56 62 67 85 89 111 123 128 165 202 212 228 232 239 251 259 271 276 295 297 314 320 337 370 373 
238 24 11 51 62 82 95 110 125 133 142 178 184 194 209 226 227 232 235 246 308 332 340 353 358 368 
239 15 26 28 74 79 119 171 196 237 253 276 282 294 309 311 321 
240 15 22 48 55 57 106 111 182 245 258 305 334 357 361 362 376 
241 23 7 29 39 52 57 64 80 107 155 168 169 198 206 207 245 265 266 276 288 296 320 341 347 
242 26 3 25 38 39 41 45 47 51 74 79 84 98 123 127 169 184 187 198 204 216 220 253 281 305 320 363 
243 19 9 15 42 43 67 118 153 176 178 188 191 197 203 211 222 228 260 297 311 
244 29 8 9 10 29 54 56 57 77 88 106 126 133 151 152 158 193 208 269 272 290 296 324 327 334 346 348 371 376 379 
245 13 54 73 135 137 147 160 166 168 240 241 256 358 363 
246 19 78 105 115 135 139 140 161 168 174 175 188 195 199 203 209 238 299 306 364 
247 25 1 28 30 64 79 103 120 133 135 163 175 178 196 202 203 230 266 267 283 284 292 336 358 359 361 
248 18 3 4 29 33 66 84 122 130 166 212 231 249 256 278 293 297 317 365 
249 20 12 28 51 65 103 131 211 220 235 248 265 293 296 302 325 330 333 349 366 375 
250 19 26 43 47 62 74 79 90 104 154 163 169 170 205 219 227 264 275 339 363 
251 21 4 11 38 50 64 92 97 100 112 128 151 173 193 196 206 213 237 260 297 302 315 
252 10 21 67 84 95 163 266 290 333 346 365 
253 16 41 53 58 77 80 82 117 155 167 214 239 242 291 296 350 376 
254 18 15 25 80 86 120 123 128 136 159 173 192 194 203 260 295 314 333 358 
255 23 14 26 38 50 74 92 95 128 131 134 137 148 151 165 183 186 204 256 261 278 318 329 332 
256 26 2 3 24 36 47 87 89 95 120 121 145 152 153 163 164 165 197 204 205 206 245 248 255 307 328 378 
257 15 57 65 116 128 132 154 194 302 305 327 336 339 367 368 370 
258 20 21 22 32 71 73 126 127 128 154 215 235 240 271 284 308 323 330 343 348 349 
259 21 1 10 79 80 88 94 106 145 158 235 237 280 282 295 299 303 310 313 314 335 336 
260 19 13 113 165 179 185 190 216 224 243 251 254 292 296 300 304 317 329 359 367 
261 15 20 90 136 138 145 180 216 225 255 273 284 288 297 323 379 
262 16 46 51 61 85 145 152 168 191 228 233 235 277 315 325 337 348 
263 28 23 29 36 41 64 74 94 107 112 116 152 159 165 184 186 194 195 206 215 236 268 271 280 337 360 371 377 378 
264 16 5 14 19 21 54 58 68 117 119 160 163 205 217 219 250 284 
265 14 26 31 33 35 59 74 90 193 241 249 301 347 365 371 
266 21 27 30 39 76 78 101 113 123 138 154 158 186 197 241 247 252 275 321 322 338 376 
267 19 15 36 64 77 112 113 150 155 173 207 224 226 230 247 292 304 310 315 328 
268 13 17 49 61 77 110 146 178 180 198 208 234 263 357 
269 21 2 19 29 57 69 82 125 131 132 135 150 162 199 218 219 228 244 277 288 309 330 
270 11 48 50 66 124 127 131 172 202 208 215 316 
271 24 14 18 22 52 58 91 116 123 136 140 149 150 172 173 219 225 237 258 263 278 285 296 304 368 
272 28 21 29 33 38 43 57 70 84 114 119 125 130 149 153 159 163 166 170 200 215 244 285 325 342 356 361 372 374 
273 24 6 22 28 41 82 99 101 129 131 133 163 172 173 183 225 261 306 309 312 319 322 337 340 346 
274 17 24 29 38 48 108 123 125 157 158 191 294 312 316 318 350 351 374 
275 17 10 17 68 73 127 173 204 250 266 293 295 304 317 349 351 365 373 
276 18 62 122 134 144 156 157 191 196 224 237 239 241 287 288 334 343 346 369 
277 17 7 37 55 79 88 119 159 215 231 262 269 319 330 336 337 355 378 
278 29 5 8 12 32 38 46 57 69 79 83 100 104 118 127 130 147 217 230 233 248 255 271 284 288 309 311 317 335 361 
279 17 8 19 28 67 79 80 92 143 156 157 158 177 184 199 212 294 357 
280 19 39 52 53 66 106 139 164 168 169 191 210 229 259 263 296 322 329 351 376 
281 12 28 37 72 79 83 86 173 190 199 209 242 373 
282 19 8 17 58 80 88 110 119 125 167 179 180 224 227 239 259 290 319 325 362 
283 23 10 16 30 41 57 58 79 94 97 145 192 196 199 236 247 290 292 305 310 345 354 357 359 
284 19 102 112 136 172 190 198 208 247 258 261 264 278 319 325 335 343 348 352 370 
285 16 11 40 58 59 67 80 87 184 232 271 272 286 290 322 369 378 
286 26 3 11 67 87 97 98 101 107 126 127 135 145 149 152 166 227 285 287 303 309 312 328 330 355 357 376 
287 16 14 34 51 67 75 86 95 110 196 199 203 222 231 276 286 346 
288 18 24 60 75 79 131 139 173 193 194 200 241 261 269 276 278 295 366 367 
289 15 30 37 50 67 100 105 113 120 156 187 213 227 297 331 346 
290 17 2 14 18 35 48 54 59 67 71 92 142 244 252 282 283 285 339 
291 9 49 58 106 110 142 192 226 234 253 
292 23 5 15 23 36 70 73 86 109 114 126 149 176 199 200 247 260 267 283 300 306 316 325 340 
293 18 3 36 59 79 127 133 156 174 193 211 217 248 249 275 324 325 352 353 
294 29 27 38 63 71 79 94 97 111 137 139 156 160 171 196 199 212 213 221 222 227 239 274 279 326 339 347 351 355 365 
295 22 13 17 40 82 124 167 189 234 237 254 259 275 288 296 301 302 314 320 329 335 356 370 
296 23 4 13 28 40 51 59 63 79 92 110 194 200 241 244 249 253 260 271 280 295 313 319 337 
297 25 9 14 42 51 60 63 68 92 93 95 113 115 136 151 158 226 237 243 248 251 261 289 312 371 379 
298 15 12 25 38 45 103 114 142 152 182 219 319 328 339 353 357 
299 16 23 35 37 55 84 88 99 132 182 219 229 246 259 303 359 361 
300 17 6 9 54 99 101 129 130 155 179 234 260 292 317 321 333 334 371 
301 23 3 33 60 70 74 77 108 111 118 134 144 191 210 212 229 236 265 295 302 309 325 341 375 
302 27 15 42 48 80 82 88 89 106 121 154 160 166 172 176 194 213 249 251 257 295 301 304 328 332 359 366 374 
303 18 1 52 63 89 93 99 110 218 229 259 286 299 304 307 320 337 347 374 
304 21 11 16 49 75 81 145 167 178 183 201 233 260 267 271 275 302 303 308 319 336 361 
305 17 1 20 76 77 99 110 133 202 214 231 240 242 257 283 320 344 374 
306 23 32 34 66 94 99 115 117 119 154 162 168 181 214 220 225 226 246 273 292 316 342 355 370 
307 12 39 70 85 141 143 157 256 303 330 352 356 378 
308 17 31 59 86 118 149 159 169 191 196 231 238 258 304 323 325 343 357 
309 26 62 81 86 105 136 142 146 150 175 176 177 178 197 207 218 220 226 239 269 273 278 286 301 315 341 342 
310 18 4 25 32 49 119 137 142 192 230 234 259 267 283 316 326 329 336 338 
311 14 54 158 159 172 189 206 207 234 239 243 278 339 343 376 
312 19 13 30 32 52 60 99 111 120 124 141 166 223 273 274 286 297 339 363 364 
313 14 5 43 64 108 112 165 179 189 196 226 227 259 296 316 
314 18 6 61 75 105 154 178 179 184 201 203 215 218 223 237 254 259 295 354 
315 16 34 45 57 63 84 114 161 193 207 213 216 221 251 262 267 309 
316 17 16 60 75 94 96 103 147 229 270 274 292 306 310 313 349 359 366 
317 28 5 7 11 21 35 56 88 91 105 115 122 140 145 150 151 169 221 222 228 248 260 275 278 300 357 361 363 374 
318 21 3 19 37 53 59 116 119 124 134 153 154 189 190 200 219 225 255 274 325 334 367 
319 19 49 54 59 60 100 150 160 204 221 273 277 282 284 296 298 304 327 366 371 
320 24 26 39 45 60 75 91 96 122 157 161 171 201 228 237 241 242 295 303 305 347 354 355 357 377 
321 18 4 11 17 30 37 60 78 159 160 200 236 239 266 300 335 346 366 370 
322 14 3 40 49 134 143 144 158 159 207 266 273 280 285 379 
323 20 1 7 18 35 38 51 59 66 67 79 140 147 196 202 216 258 261 308 353 355 
324 15 35 47 71 77 84 87 92 136 232 244 293 337 354 364 375 
325 28 5 25 36 51 98 111 163 164 175 197 198 228 231 232 249 262 272 282 284 292 293 301 308 318 352 356 370 373 
326 17 3 32 52 92 101 118 131 190 207 235 236 294 310 331 334 349 370 
327 13 6 62 63 66 141 148 201 244 257 319 333 350 354 
328 25 1 18 29 30 46 80 97 100 138 185 187 200 214 222 226 256 267 286 298 302 332 342 357 372 375 
329 25 1 17 57 79 88 100 105 118 134 154 167 171 174 193 195 209 222 231 235 255 260 280 295 310 337 
330 20 3 24 33 36 53 55 91 126 174 177 202 224 249 258 269 277 286 307 347 370 
331 23 3 8 13 23 24 32 43 58 59 66 73 82 89 125 146 173 187 192 206 212 289 326 335 
332 20 36 42 49 134 163 201 212 213 223 238 255 302 328 340 350 363 366 368 371 379 
333 23 0 11 16 56 68 69 72 98 111 112 134 137 138 140 158 230 249 252 254 300 327 344 379 
334 19 79 100 105 130 134 180 209 220 223 240 244 276 300 318 326 342 356 375 378 
335 28 7 33 35 51 66 67 77 93 103 132 144 163 170 179 181 198 214 217 229 259 278 284 295 321 331 354 374 377 
336 21 20 25 45 52 101 129 147 159 169 179 193 219 228 247 257 259 277 304 310 337 361 
337 24 36 43 58 89 131 136 154 156 170 198 203 234 237 262 263 273 277 296 303 324 329 336 355 367 
338 17 39 74 78 85 96 111 157 200 201 234 266 310 363 367 373 375 377 
339 22 27 46 53 68 130 147 150 223 227 234 250 257 290 294 298 311 312 346 357 359 370 379 
340 17 3 4 87 142 160 164 169 203 209 214 228 238 273 292 332 344 346 
341 11 53 84 93 162 182 233 241 301 309 345 364 
342 20 4 21 55 76 78 87 115 171 184 190 213 222 234 272 306 309 328 334 362 363 
343 17 13 32 85 105 107 112 145 173 174 210 216 258 276 284 308 311 351 
344 15 1 38 70 77 87 105 146 157 160 202 211 305 333 340 357 
345 16 7 61 68 95 96 108 110 111 118 174 185 206 210 219 283 341 
346 24 3 23 36 56 67 78 118 125 172 202 234 244 252 273 276 287 289 321 339 340 350 351 357 369 
347 21 42 48 67 92 108 127 128 153 154 156 183 184 205 241 265 294 303 320 330 352 377 
348 10 14 133 159 223 225 226 244 258 262 284 
349 22 1 7 28 50 73 77 83 92 98 121 127 140 156 210 232 249 258 275 316 326 361 362 
350 17 24 46 52 77 119 134 139 158 191 195 204 226 253 274 327 332 346 
351 18 34 57 60 98 137 172 173 175 190 208 224 274 275 280 294 343 346 360 
352 17 8 33 80 107 141 149 190 198 199 202 222 284 293 307 325 347 361 
353 23 2 41 79 98 109 115 117 125 134 140 143 162 171 177 182 185 226 235 238 293 298 323 355 
354 20 16 30 32 47 57 64 85 113 145 163 183 198 231 283 314 320 324 327 335 371 
355 17 16 24 28 125 129 131 187 188 205 277 286 294 306 320 323 337 353 
356 24 57 58 64 65 76 97 105 112 124 145 166 176 198 201 226 227 230 272 295 307 325 334 373 378 
357 27 35 63 88 121 140 149 157 179 229 240 268 279 283 286 298 308 317 320 328 339 344 346 364 368 370 376 377 
358 18 6 16 46 50 56 88 99 106 134 155 164 181 238 245 247 254 359 377 
359 18 20 42 47 113 123 153 180 181 184 226 247 260 283 299 302 316 339 358 
360 14 52 65 87 110 117 127 129 170 174 224 226 263 351 369 
361 19 7 11 28 64 84 96 109 126 148 240 247 272 278 299 304 317 336 349 352 
362 15 5 11 49 61 74 98 111 145 196 232 240 282 342 349 375 
363 19 5 50 69 119 131 137 144 173 187 230 242 245 250 312 317 332 338 342 374 
364 23 8 10 31 62 66 89 114 122 146 153 164 173 182 189 214 221 224 246 312 324 341 357 379 
365 19 6 33 38 44 80 93 105 136 148 167 178 182 206 214 248 252 265 275 294 
366 19 9 21 43 50 81 115 133 135 174 190 230 249 288 302 316 319 321 332 369 
367 13 60 82 135 182 207 213 257 260 288 318 337 338 371 
368 15 5 33 65 67 121 146 149 177 188 231 238 257 271 332 357 
369 14 6 16 40 60 90 98 112 148 187 276 285 346 360 366 
370 25 6 10 63 80 96 111 114 126 158 163 168 177 197 232 237 257 284 295 306 321 325 326 330 339 357 
371 16 5 14 35 122 123 128 200 244 263 265 297 300 319 332 354 367 
372 15 24 56 79 86 95 100 101 130 157 158 191 221 233 272 328 
373 22 25 33 36 60 64 65 68 128 130 163 192 194 205 219 221 237 275 281 325 338 356 377 
374 22 42 52 60 66 93 115 127 142 143 196 202 221 225 272 274 302 303 305 317 335 363 375 
375 22 50 62 110 135 162 170 179 190 191 195 197 208 209 215 249 301 324 328 334 338 362 374 
376 24 13 15 17 50 66 76 77 97 102 105 139 150 162 183 209 219 240 244 253 266 280 286 311 357 
377 16 28 49 80 108 162 182 183 200 263 320 335 338 347 357 358 373 
378 22 21 23 27 46 49 76 85 86 93 110 137 142 146 176 206 256 263 277 285 307 334 356 
379 19 18 66 69 84 104 125 150 154 167 224 235 244 261 297 322 332 333 339 364 
