400 919
0 4 81 173 175 333 
1 4 283 303 309 324 
2 5 7 13 29 250 390 
3 4 85 262 270 396 
4 4 28 82 140 241 
5 5 81 178 213 271 284 
6 4 56 207 238 249 
7 12 2 28 30 55 58 85 101 205 209 221 299 333 
8 2 77 119 
9 4 260 266 327 334 
10 4 75 83 198 207 
11 3 97 258 396 
12 3 213 220 386 
13 3 2 71 116 
14 6 17 140 151 158 327 386 
15 7 76 154 181 244 286 346 396 
16 7 34 35 38 107 109 233 310 
17 2 14 36 
18 1 74 
19 3 140 338 377 
20 2 210 275 
21 5 78 142 173 323 393 
22 8 53 84 105 114 215 363 369 397 
23 4 245 306 319 395 
24 6 63 79 116 184 247 375 
25 5 103 118 254 364 378 
26 2 42 210 
27 8 50 92 166 198 244 320 372 374 
28 7 4 7 31 34 38 118 325 
29 11 2 81 158 168 202 220 252 296 336 346 382 
30 6 7 112 140 207 260 373 
31 7 28 58 113 182 232 248 374 
32 1 36 
33 6 76 115 119 214 240 352 
34 7 16 28 51 97 274 332 353 
35 5 16 178 186 303 376 
36 5 17 32 218 237 286 
37 1 182 
38 5 16 28 92 347 394 
39 4 56 88 170 308 
40 4 85 104 222 256 
41 5 96 103 260 294 316 
42 2 26 275 
43 2 107 371 
44 4 137 207 247 375 
45 3 239 256 386 
46 3 90 174 303 
47 7 83 99 259 305 320 339 399 
48 9 75 116 128 139 183 243 262 276 289 
49 1 245 
50 5 27 78 117 311 377 
51 5 34 258 269 277 393 
52 5 58 109 140 169 175 
53 8 22 55 56 91 94 156 314 377 
54 7 130 167 172 243 245 310 316 
55 6 7 53 151 157 197 282 
56 7 6 39 53 136 331 375 397 
57 3 141 171 187 
58 4 7 31 52 210 
59 8 83 149 271 283 308 321 387 393 
60 2 121 170 
61 1 291 
62 5 288 324 345 349 353 
63 8 24 94 118 283 329 340 341 362 
64 2 124 192 
65 3 215 338 392 
66 5 89 194 214 223 309 
67 2 156 192 
68 3 103 298 314 
69 4 108 282 338 376 
70 3 91 164 245 
71 4 13 106 214 263 
72 1 324 
73 4 98 228 236 397 
74 9 18 223 233 241 246 249 269 324 359 
75 7 10 48 123 223 259 287 290 
76 4 15 33 86 346 
77 4 8 152 322 335 
78 4 21 50 129 208 
79 8 24 120 153 177 229 343 393 399 
80 5 96 218 288 312 380 
81 6 0 5 29 164 227 295 
82 2 4 213 
83 8 10 47 59 134 163 216 285 298 
84 4 22 144 171 334 
85 6 3 7 40 135 151 267 
86 3 76 148 307 
87 2 294 365 
88 4 39 101 224 378 
89 4 66 191 311 388 
90 3 46 274 283 
91 5 53 70 119 138 278 
92 8 27 38 147 214 223 257 334 360 
93 2 286 339 
94 3 53 63 138 
95 5 109 119 258 270 294 
96 6 41 80 133 176 227 368 
97 3 11 34 256 
98 7 73 288 296 323 344 368 397 
99 4 47 102 112 385 
100 3 132 268 324 
101 3 7 88 245 
102 5 99 254 278 299 326 
103 7 25 41 68 112 219 222 229 
104 7 40 111 162 208 221 318 368 
105 6 22 190 236 277 323 353 
106 4 71 117 150 392 
107 4 16 43 130 398 
108 4 69 151 193 381 
109 7 16 52 95 250 304 336 378 
110 4 159 262 372 391 
111 6 104 152 160 165 170 328 
112 6 30 99 103 116 274 321 
113 2 31 181 
114 5 22 124 260 269 291 
115 5 33 184 188 301 387 
116 6 13 24 48 112 271 348 
117 6 50 106 217 303 343 380 
118 9 25 28 63 136 186 219 222 230 291 
119 8 8 33 91 95 170 288 360 371 
120 2 79 298 
121 5 60 229 253 360 393 
122 4 223 292 332 344 
123 3 75 273 292 
124 9 64 114 196 206 333 344 348 349 365 
125 5 126 127 134 220 254 
126 5 125 239 252 279 381 
127 3 125 258 384 
128 4 48 228 340 381 
129 7 78 153 241 276 291 292 328 
130 5 54 107 256 277 385 
131 5 132 239 280 352 382 
132 5 100 131 149 190 318 
133 6 96 140 183 190 205 315 
134 7 83 125 292 311 358 377 382 
135 5 85 227 249 282 384 
136 4 56 118 203 293 
137 3 44 221 372 
138 6 91 94 177 193 276 363 
139 5 48 173 191 266 273 
140 8 4 14 19 30 52 133 234 276 
141 3 57 165 305 
142 5 21 176 192 244 391 
143 3 147 194 252 
144 5 84 155 156 211 313 
145 5 150 257 325 330 373 
146 1 290 
147 6 92 143 169 211 215 306 
148 4 86 198 267 272 
149 5 59 132 188 296 360 
150 5 106 145 221 240 259 
151 8 14 55 85 108 211 322 327 380 
152 7 77 111 236 278 281 319 335 
153 3 79 129 294 
154 3 15 211 227 
155 4 144 157 248 267 
156 5 53 67 144 234 313 
157 5 55 155 192 340 381 
158 8 14 29 222 248 258 308 316 323 
159 6 110 293 329 330 345 360 
160 5 111 211 316 349 395 
161 5 173 232 286 308 346 
162 5 104 225 263 276 334 
163 6 83 225 260 285 342 360 
164 5 70 81 223 306 358 
165 5 111 141 176 178 215 
166 3 27 250 317 
167 5 54 292 293 301 330 
168 3 29 227 239 
169 4 52 147 172 300 
170 5 39 60 111 119 328 
171 3 57 84 209 
172 4 54 169 290 309 
173 6 0 21 139 161 264 378 
174 4 46 202 330 349 
175 5 0 52 195 245 337 
176 6 96 142 165 220 251 265 
177 5 79 138 322 347 395 
178 6 5 35 165 261 289 378 
179 1 219 
180 1 260 
181 6 15 113 184 240 244 273 
182 3 31 37 251 
183 6 48 133 226 275 296 297 
184 4 24 115 181 265 
185 4 220 226 343 394 
186 3 35 118 275 
187 5 57 201 216 331 345 
188 2 115 149 
189 1 193 
190 4 105 132 133 399 
191 4 89 139 285 352 
192 7 64 67 142 157 274 326 327 
193 5 108 138 189 249 384 
194 4 66 143 197 363 
195 2 175 359 
196 2 124 263 
197 2 55 194 
198 7 10 27 148 299 300 311 371 
199 2 354 374 
200 0 
201 3 187 258 300 
202 11 29 174 217 236 264 267 268 346 349 354 373 
203 3 136 220 258 
204 3 250 273 305 
205 4 7 133 258 291 
206 2 124 376 
207 4 6 10 30 44 
208 5 78 104 246 273 317 
209 4 7 171 295 333 
210 4 20 26 58 355 
211 8 144 147 151 154 160 296 306 399 
212 2 288 387 
213 4 5 12 82 278 
214 4 33 66 71 92 
215 6 22 65 147 165 311 369 
216 2 83 187 
217 5 117 202 222 338 339 
218 3 36 80 283 
219 5 103 118 179 220 280 
220 7 12 29 125 176 185 203 219 
221 6 7 104 137 150 315 347 
222 7 40 103 118 158 217 307 389 
223 8 66 74 75 92 122 164 265 336 
224 3 88 330 376 
225 4 162 163 267 344 
226 4 183 185 282 391 
227 5 81 96 135 154 168 
228 2 73 128 
229 4 79 103 121 296 
230 3 118 332 356 
231 0 
232 2 31 161 
233 2 16 74 
234 4 140 156 278 286 
235 2 353 368 
236 6 73 105 152 202 267 381 
237 5 36 266 305 306 364 
238 5 6 278 289 295 369 
239 5 45 126 131 168 357 
240 3 33 150 181 
241 6 4 74 129 253 302 378 
242 1 391 
243 6 48 54 271 318 327 399 
244 5 15 27 142 181 263 
245 6 23 49 54 70 101 175 
246 2 74 208 
247 5 24 44 271 290 376 
248 8 31 155 158 252 311 324 340 350 
249 6 6 74 135 193 254 289 
250 6 2 109 166 204 335 373 
251 2 176 182 
252 5 29 126 143 248 283 
253 3 121 241 359 
254 4 25 102 125 249 
255 3 300 364 398 
256 8 40 45 97 130 283 310 373 375 
257 2 92 145 
258 8 11 51 95 127 158 201 203 205 
259 3 47 75 150 
260 9 9 30 41 114 163 180 287 358 378 
261 3 178 284 326 
262 3 3 48 110 
263 5 71 162 196 244 363 
264 2 173 202 
265 3 176 184 223 
266 8 9 139 237 267 277 295 360 374 
267 10 85 148 155 202 225 236 266 284 304 334 
268 5 100 202 311 322 335 
269 4 51 74 114 311 
270 3 3 95 315 
271 5 5 59 116 243 247 
272 3 148 368 370 
273 6 123 139 181 204 208 379 
274 4 34 90 112 192 
275 4 20 42 183 186 
276 6 48 129 138 140 162 317 
277 4 51 105 130 266 
278 9 91 102 152 213 234 238 365 372 397 
279 3 126 308 311 
280 3 131 219 312 
281 3 152 293 370 
282 5 55 69 135 226 382 
283 7 1 59 63 90 218 252 256 
284 3 5 261 267 
285 6 83 163 191 288 311 395 
286 6 15 36 93 161 234 318 
287 3 75 260 291 
288 7 62 80 98 119 212 285 327 
289 6 48 178 238 249 357 389 
290 6 75 146 172 247 292 317 
291 7 61 114 118 129 205 287 338 
292 7 122 123 129 134 167 290 301 
293 6 136 159 167 281 320 363 
294 4 41 87 95 153 
295 6 81 209 238 266 312 374 
296 7 29 98 149 183 211 229 391 
297 2 183 301 
298 4 68 83 120 299 
299 5 7 102 198 298 304 
300 7 169 198 201 255 305 363 368 
301 4 115 167 292 297 
302 3 241 321 391 
303 4 1 35 46 117 
304 4 109 267 299 307 
305 6 47 141 204 237 300 372 
306 7 23 147 164 211 237 313 382 
307 3 86 222 304 
308 6 39 59 158 161 279 338 
309 3 1 66 172 
310 4 16 54 256 334 
311 12 50 89 134 198 215 248 268 269 279 285 353 378 
312 6 80 280 295 314 373 376 
313 4 144 156 306 336 
314 3 53 68 312 
315 4 133 221 270 335 
316 4 41 54 158 160 
317 5 166 208 276 290 364 
318 4 104 132 243 286 
319 4 23 152 327 361 
320 4 27 47 293 399 
321 3 59 112 302 
322 5 77 151 177 268 333 
323 4 21 98 105 158 
324 7 1 62 72 74 100 248 385 
325 3 28 145 357 
326 5 102 192 261 346 381 
327 10 9 14 151 192 243 288 319 334 389 397 
328 5 111 129 170 346 349 
329 2 63 159 
330 5 145 159 167 174 224 
331 2 56 187 
332 4 34 122 230 346 
333 6 0 7 124 209 322 357 
334 7 9 84 92 162 267 310 327 
335 6 77 152 250 268 315 349 
336 5 29 109 223 313 361 
337 2 175 386 
338 8 19 65 69 217 291 308 368 372 
339 3 47 93 217 
340 7 63 128 157 248 376 396 399 
341 2 63 370 
342 1 163 
343 3 79 117 185 
344 4 98 122 124 225 
345 3 62 159 187 
346 9 15 29 76 161 202 326 328 332 364 
347 6 38 177 221 360 372 388 
348 2 116 124 
349 8 62 124 160 174 202 328 335 396 
350 2 248 379 
351 0 
352 4 33 131 191 361 
353 5 34 62 105 235 311 
354 3 199 202 383 
355 1 210 
356 2 230 357 
357 6 239 289 325 333 356 391 
358 3 134 164 260 
359 3 74 195 253 
360 8 92 119 121 149 159 163 266 347 
361 3 319 336 352 
362 1 63 
363 6 22 138 194 263 293 300 
364 5 25 237 255 317 346 
365 3 87 124 278 
366 0 
367 0 
368 7 96 98 104 235 272 300 338 
369 5 22 215 238 371 372 
370 3 272 281 341 
371 5 43 119 198 369 380 
372 8 27 110 137 278 305 338 347 369 
373 6 30 145 202 250 256 312 
374 6 27 31 199 266 295 386 
375 4 24 44 56 256 
376 8 35 69 206 224 247 312 340 396 
377 4 19 50 53 134 
378 11 25 88 109 173 178 241 260 311 381 384 397 
379 2 273 350 
380 4 80 117 151 371 
381 7 108 126 128 157 236 326 378 
382 5 29 131 134 282 306 
383 1 354 
384 4 127 135 193 378 
385 3 99 130 324 
386 6 12 14 45 337 374 398 
387 3 59 115 212 
388 2 89 347 
389 3 222 289 327 
390 2 2 398 
391 7 110 142 226 242 296 302 357 
392 2 65 106 
393 5 21 51 59 79 121 
394 2 38 185 
395 4 23 160 177 285 
396 6 3 11 15 340 349 376 
397 7 22 56 73 98 278 327 378 
398 4 107 255 386 390 
399 7 47 79 190 211 243 320 340 
