400 4125
0 24 19 60 67 101 102 124 181 186 192 208 222 226 239 241 277 286 289 335 349 362 370 386 394 396 
1 17 35 41 72 99 127 151 206 223 233 236 247 297 306 311 375 382 390 
2 22 7 14 15 26 56 61 64 90 128 153 163 223 243 251 294 329 338 342 370 385 387 391 
3 25 18 28 46 49 120 131 155 163 169 182 183 187 189 197 201 208 220 253 289 299 328 337 347 390 395 
4 17 25 67 81 110 175 188 204 232 250 273 275 289 296 299 308 375 376 
5 23 27 57 58 60 71 82 95 116 153 155 156 174 177 178 189 230 241 312 334 338 367 372 399 
6 24 9 41 56 62 63 88 92 97 112 126 132 156 158 177 197 201 218 263 328 335 374 382 385 391 
7 23 2 29 38 39 52 65 67 78 80 82 100 120 142 146 155 181 191 202 210 243 252 312 338 
8 14 17 45 62 136 158 160 254 256 270 286 324 330 357 375 
9 26 6 22 28 31 50 53 58 70 93 99 125 130 144 145 152 169 174 180 218 250 262 272 316 344 367 371 
10 18 22 36 39 78 114 128 129 169 178 202 269 274 294 295 311 322 359 386 
11 16 16 33 38 71 75 80 84 85 105 211 225 231 265 278 341 380 
12 26 31 36 51 80 86 92 133 137 154 156 166 178 190 199 200 244 248 252 257 266 270 292 307 316 367 386 
13 19 47 65 92 100 108 141 150 172 185 197 220 248 253 273 285 309 327 357 371 
14 16 2 38 58 60 105 154 157 172 202 207 226 229 256 272 283 328 
15 17 2 51 69 110 125 184 262 289 290 292 293 294 352 354 359 361 379 
16 24 11 21 25 27 29 37 56 72 89 97 108 128 157 159 178 206 207 209 305 349 361 371 378 380 
17 24 8 33 39 50 57 72 78 103 115 121 153 206 216 229 263 272 290 300 337 354 372 373 374 380 
18 16 3 45 55 70 79 103 179 184 190 209 263 268 275 292 296 311 
19 25 0 33 38 54 88 94 119 146 158 159 170 186 233 253 256 281 282 299 313 327 339 346 360 365 386 
20 21 41 54 71 78 83 89 98 142 157 179 189 205 217 221 275 294 321 358 382 386 399 
21 26 16 32 35 48 55 76 112 126 152 161 175 186 194 195 202 216 224 227 250 251 256 292 306 307 373 391 
22 29 9 10 23 37 40 41 56 66 79 82 87 102 121 130 131 133 145 151 209 224 250 263 271 296 317 328 329 330 365 
23 16 22 68 96 142 150 196 233 257 281 284 288 305 323 348 358 396 
24 18 32 89 90 108 110 111 118 121 134 164 220 222 249 260 275 347 365 371 
25 18 4 16 37 51 67 87 89 113 223 230 262 264 276 360 366 382 393 395 
26 26 2 60 102 115 121 136 137 141 142 148 159 170 173 216 253 262 298 308 334 340 341 344 355 389 391 393 
27 17 5 16 79 108 153 161 182 185 190 204 243 247 257 294 295 336 387 
28 19 3 9 39 40 97 108 131 145 152 195 252 260 268 277 329 370 374 384 398 
29 19 7 16 63 103 120 129 183 186 199 205 231 270 281 322 327 349 359 377 397 
30 24 45 47 49 59 69 76 93 96 97 124 125 127 128 147 157 168 247 265 287 305 311 351 353 398 
31 13 9 12 40 45 55 67 103 115 135 142 185 307 334 
32 28 21 24 34 35 39 41 43 48 73 75 102 133 136 141 176 183 185 191 194 221 249 266 269 284 345 356 387 396 
33 21 11 17 19 107 119 143 177 188 209 214 231 244 247 257 268 277 306 324 350 351 385 
34 22 32 62 63 91 110 118 143 154 166 186 210 238 248 251 259 262 274 287 338 348 367 386 
35 23 1 21 32 41 45 60 200 217 222 223 226 235 256 262 267 286 296 305 314 316 341 354 356 
36 22 10 12 43 61 94 100 106 107 119 120 148 159 170 175 176 208 265 287 322 335 387 394 
37 20 16 22 25 52 90 116 125 129 148 159 164 193 209 271 321 322 329 349 370 379 
38 31 7 11 14 19 55 56 59 63 82 88 94 122 125 164 170 198 219 229 233 249 253 259 284 317 335 346 352 369 376 380 386 
39 25 7 10 17 28 32 51 68 78 84 98 126 127 145 180 182 184 206 239 249 260 263 268 350 376 377 
40 22 22 28 31 90 118 152 172 182 187 196 214 224 245 249 296 300 303 317 320 351 362 375 
41 29 1 6 20 22 32 35 112 127 153 154 155 158 188 189 190 202 213 224 235 250 254 264 287 317 331 352 354 371 374 
42 24 52 85 89 94 117 124 135 162 164 202 207 210 227 243 251 266 302 304 305 307 312 372 381 393 
43 25 32 36 79 85 88 99 141 182 200 210 219 223 224 236 237 243 264 266 286 298 338 355 356 387 396 
44 10 71 89 140 202 223 224 237 244 257 271 
45 23 8 18 30 31 35 64 101 117 128 135 152 177 187 241 254 267 288 309 354 355 377 382 393 
46 19 3 68 140 166 171 207 210 219 232 249 252 255 265 277 279 319 321 380 392 
47 17 13 30 75 102 104 124 135 143 161 211 230 246 260 261 302 328 340 
48 21 21 32 72 86 121 128 135 152 162 166 231 252 267 279 296 308 332 347 388 393 394 
49 21 3 30 77 91 92 110 142 159 190 200 207 231 240 257 284 293 317 330 341 375 376 
50 19 9 17 53 71 74 96 127 142 179 208 217 235 251 252 255 269 315 369 371 
51 23 12 15 25 39 62 73 84 87 88 113 133 138 209 263 267 291 294 309 351 357 365 375 396 
52 26 7 37 42 59 74 77 98 110 117 124 174 182 197 206 214 215 224 237 247 257 267 304 310 325 376 377 
53 23 9 50 69 78 123 159 173 233 235 276 277 316 320 329 343 344 367 378 383 395 396 397 399 
54 25 19 20 55 109 158 161 162 169 171 191 194 196 203 206 211 281 295 298 312 332 368 374 377 389 396 
55 20 18 21 31 38 54 63 79 82 110 119 189 203 230 249 287 333 356 370 391 392 
56 29 2 6 16 22 38 71 76 90 99 116 123 128 132 142 148 150 160 168 179 218 221 233 243 256 309 310 317 371 380 
57 12 5 17 134 185 269 279 308 309 312 326 364 390 
58 15 5 9 14 77 80 86 135 158 174 202 213 310 337 364 391 
59 27 30 38 52 89 115 146 157 198 209 218 222 223 225 244 246 250 252 253 269 274 287 307 312 317 322 370 377 
60 16 0 5 14 26 35 134 143 164 165 166 167 173 180 210 223 309 
61 14 2 36 89 113 151 158 183 262 290 297 298 299 321 370 
62 27 6 8 34 51 133 169 176 182 187 199 241 245 259 268 272 293 299 304 308 312 313 322 332 335 362 364 388 
63 29 6 29 34 38 55 66 75 110 111 113 125 126 147 159 175 193 198 204 221 224 226 274 276 286 315 330 374 376 383 
64 13 2 45 97 152 167 208 224 229 231 252 301 392 397 
65 17 7 13 83 134 135 149 197 198 206 222 232 246 247 308 334 358 375 
66 23 22 63 73 77 95 105 134 140 153 173 191 228 257 291 296 316 325 332 346 358 381 383 393 
67 20 0 4 7 25 31 69 79 80 91 127 161 200 222 233 262 277 313 318 350 371 
68 22 23 39 46 75 100 101 138 144 153 157 170 189 224 227 269 270 348 359 380 383 384 397 
69 21 15 30 53 67 110 126 127 152 169 171 180 183 197 212 229 259 295 317 369 375 388 
70 19 9 18 76 80 97 98 167 168 174 203 209 249 261 264 271 274 302 325 355 
71 37 5 11 20 44 50 56 107 108 120 121 134 155 165 167 186 193 195 222 233 248 252 275 284 296 304 306 312 319 328 329 333 337 342 370 373 382 383 
72 16 1 16 17 48 80 92 111 120 139 188 235 242 284 311 350 384 
73 20 32 51 66 97 107 110 113 145 161 208 227 257 269 290 292 293 347 377 392 399 
74 16 50 52 75 81 85 90 127 148 157 251 276 281 316 340 365 381 
75 23 11 32 47 63 68 74 101 139 165 190 200 215 246 263 264 269 279 306 310 335 338 341 392 
76 16 21 30 56 70 109 121 150 185 199 202 219 256 325 350 362 377 
77 23 49 52 58 66 115 131 159 162 171 175 183 239 258 271 274 333 338 345 348 355 361 364 396 
78 20 7 10 17 20 39 53 94 111 116 122 176 218 222 236 280 288 296 313 359 394 
79 24 18 22 27 43 55 67 101 129 136 153 179 191 200 222 227 253 254 282 283 287 309 360 373 377 
80 23 7 11 12 58 67 70 72 91 102 104 114 196 197 203 226 236 247 280 294 351 353 372 392 
81 21 4 74 83 107 169 184 195 202 217 220 221 230 233 237 258 261 271 289 291 325 334 
82 19 5 7 22 38 55 89 93 111 135 143 163 172 190 199 238 258 327 332 348 
83 16 20 65 81 99 144 160 181 210 217 258 276 279 297 353 359 362 
84 22 11 39 51 95 97 108 119 121 168 186 206 209 213 233 239 250 274 283 295 342 346 376 
85 22 11 42 43 74 121 131 147 159 183 186 192 214 235 271 290 292 299 302 309 366 367 389 
86 19 12 48 58 98 126 141 165 173 178 197 198 234 273 308 326 349 359 374 399 
87 15 22 25 51 134 139 150 168 179 189 193 197 219 255 287 389 
88 19 6 19 38 43 51 95 98 130 132 143 159 168 224 240 269 270 320 369 375 
89 30 16 20 24 25 42 44 59 61 82 90 94 96 130 136 153 162 188 197 212 239 240 260 291 298 328 329 345 363 378 388 
90 23 2 24 37 40 56 74 89 125 159 170 182 187 214 258 262 267 306 311 314 330 370 375 392 
91 18 34 49 67 80 102 106 149 161 176 205 252 253 266 271 278 322 323 342 
92 28 6 12 13 49 72 111 131 198 228 233 237 248 249 257 259 264 267 276 280 315 323 324 328 348 375 381 397 399 
93 17 9 30 82 103 156 160 163 168 218 268 308 348 364 366 373 382 384 
94 23 19 36 38 42 78 89 131 172 181 189 218 233 256 266 267 302 318 324 328 359 366 368 374 
95 16 5 66 84 88 97 152 158 170 192 301 332 345 353 365 369 381 
96 21 23 30 50 89 102 131 156 165 169 194 201 206 251 278 281 297 302 309 355 368 369 
97 26 6 16 28 30 64 70 73 84 95 109 116 137 178 198 203 212 239 245 276 280 314 358 360 364 365 385 
98 19 20 39 52 70 86 88 113 119 149 171 193 210 282 330 355 365 373 376 381 
99 20 1 9 43 56 83 107 109 113 119 147 150 203 246 268 272 301 341 361 367 391 
100 22 7 13 36 68 108 163 189 240 249 250 255 257 279 296 322 341 362 369 371 376 380 389 
101 25 0 45 68 75 79 103 109 126 128 148 150 159 197 218 222 233 234 243 246 256 290 312 352 359 372 
102 31 0 22 26 32 47 80 91 96 112 121 123 124 137 149 152 161 163 178 194 195 199 209 210 229 258 263 331 374 383 393 397 
103 23 17 18 29 31 93 101 105 114 117 164 165 192 214 244 252 274 275 328 356 359 377 383 396 
104 18 47 80 107 117 145 166 192 235 245 258 276 288 291 305 323 352 361 371 
105 21 11 14 66 103 106 136 152 157 177 182 210 228 268 287 319 330 352 361 378 379 391 
106 17 36 91 105 195 244 258 259 279 292 294 310 314 319 324 335 368 388 
107 22 33 36 71 73 81 99 104 147 155 160 165 195 201 214 242 245 256 277 323 333 345 363 
108 22 13 16 24 27 28 71 84 100 117 134 197 198 199 217 222 245 252 258 266 326 343 377 
109 19 54 76 97 99 101 167 169 180 209 228 244 254 256 271 301 323 336 375 383 
110 25 4 15 24 34 49 52 55 63 69 73 135 136 149 186 195 211 230 284 291 307 311 338 350 377 395 
111 16 24 63 72 78 82 92 145 166 184 219 235 319 382 383 395 399 
112 19 6 21 41 102 134 136 154 177 205 213 247 250 256 260 272 276 326 329 338 
113 15 25 51 61 63 73 98 99 116 143 225 281 312 346 359 369 
114 20 10 80 103 118 123 155 176 178 179 209 217 234 240 254 280 313 326 381 387 392 
115 21 17 26 31 59 77 120 121 144 146 159 195 202 222 263 272 273 285 344 349 378 398 
116 21 5 37 56 78 97 113 127 135 156 190 191 211 216 217 275 292 317 355 364 369 387 
117 25 42 45 52 103 104 108 119 131 164 172 187 196 223 230 267 271 307 310 313 332 338 359 367 373 379 
118 18 24 34 40 114 139 158 185 196 226 233 262 264 288 314 322 329 351 381 
119 20 19 33 36 55 84 98 99 117 179 217 224 234 248 267 291 302 315 349 354 373 
120 17 3 7 29 36 71 72 115 139 199 229 244 265 267 271 325 376 381 
121 23 17 22 24 26 48 71 76 84 85 102 115 129 168 198 212 222 229 249 271 273 301 360 374 
122 16 38 78 123 168 176 186 189 190 234 242 246 256 268 326 347 352 
123 14 53 56 102 114 122 189 248 288 355 359 373 374 394 397 
124 21 0 30 42 47 52 102 152 160 176 178 188 191 193 219 227 231 246 278 373 376 383 
125 20 9 15 30 37 38 63 90 156 161 191 219 225 289 291 310 329 341 350 377 389 
126 24 6 21 39 63 69 86 101 147 178 184 205 213 226 235 263 273 284 311 352 355 373 388 397 398 
127 22 1 30 39 41 50 67 69 74 116 157 158 161 180 218 257 269 278 292 320 338 359 399 
128 16 2 10 16 30 45 48 56 101 135 164 217 249 267 301 334 372 
129 12 10 29 37 79 121 177 183 269 322 355 374 396 
130 18 9 22 88 89 155 190 192 200 201 272 307 315 323 328 336 345 376 380 
131 23 3 22 28 77 85 92 94 96 117 150 167 219 239 245 250 267 269 288 358 373 376 382 395 
132 17 6 56 88 155 157 174 185 188 200 228 250 258 261 272 320 341 356 
133 15 12 22 32 51 62 147 240 288 294 303 308 310 323 328 356 
134 22 24 57 60 65 66 71 87 108 112 153 173 211 231 246 252 264 273 311 317 353 354 361 
135 27 31 42 45 47 48 58 65 82 110 116 128 153 156 164 187 191 194 208 212 222 237 248 279 309 360 375 379 
136 22 8 26 32 79 89 105 110 112 138 157 174 179 189 191 271 304 331 334 352 371 380 386 
137 15 12 26 97 102 142 183 184 280 284 328 348 362 371 373 385 
138 16 51 68 136 153 238 247 249 289 342 350 361 365 366 381 392 394 
139 21 72 75 87 118 120 142 173 203 218 228 234 245 255 256 263 269 283 369 381 385 395 
140 18 44 46 66 175 179 203 217 233 247 252 276 281 289 311 319 373 376 384 
141 16 13 26 32 43 86 180 197 221 246 275 280 311 315 352 366 385 
142 29 7 20 23 26 31 49 50 56 137 139 165 178 226 247 258 280 326 330 331 332 335 354 357 358 361 378 391 393 397 
143 20 33 34 47 60 82 88 113 147 162 188 204 210 222 227 280 288 305 318 336 339 
144 14 9 68 83 115 231 237 242 285 290 303 335 345 356 398 
145 24 9 22 28 39 73 104 111 155 166 173 243 246 281 285 288 290 291 298 306 334 364 376 378 399 
146 15 7 19 59 115 160 183 252 272 283 286 327 357 374 389 398 
147 18 30 63 85 99 107 126 133 143 150 155 165 167 168 172 235 258 281 381 
148 18 26 36 37 56 74 101 169 173 216 227 234 251 254 295 354 360 373 387 
149 19 65 91 98 102 110 157 160 169 175 243 256 265 289 290 310 351 358 373 397 
150 17 13 23 56 76 87 99 101 131 147 213 230 287 304 337 358 362 379 
151 18 1 22 61 191 192 221 227 259 263 267 269 271 311 316 328 352 356 393 
152 24 9 21 28 40 45 48 64 69 95 102 105 124 197 219 240 246 252 286 316 318 341 362 372 390 
153 16 2 5 17 27 41 66 68 79 89 134 135 138 190 251 309 386 
154 23 12 14 34 41 112 189 197 213 214 215 220 264 269 276 302 303 304 310 324 343 360 361 376 
155 22 3 5 7 41 71 107 114 130 132 145 147 163 178 203 215 242 263 283 302 304 316 331 
156 26 5 6 12 93 96 116 125 135 158 166 185 196 198 224 227 257 266 276 279 296 302 329 341 359 361 380 
157 23 14 16 20 30 59 68 74 105 127 132 136 149 165 182 225 242 259 260 280 339 374 378 388 
158 25 6 8 19 41 54 58 61 95 118 127 156 188 211 215 233 244 245 249 255 291 308 317 322 379 380 
159 21 16 19 26 36 37 49 53 63 77 85 88 90 101 115 189 203 205 227 243 276 391 
160 26 8 56 83 93 107 124 146 149 174 178 184 191 198 231 244 255 277 281 284 287 336 337 344 370 380 399 
161 20 21 27 47 54 67 73 91 102 125 127 172 178 186 211 280 287 288 296 359 366 
162 16 42 48 54 77 89 143 171 179 195 209 249 255 306 354 358 374 
163 18 2 3 82 93 100 102 155 209 238 244 251 280 293 299 321 350 381 383 
164 30 24 37 38 42 60 103 117 128 135 165 181 196 204 227 238 248 252 255 265 267 268 284 291 296 326 329 347 353 379 385 
165 22 60 71 75 86 96 103 107 142 147 157 164 175 185 195 212 248 259 286 292 298 302 356 
166 22 12 34 46 48 60 104 111 145 156 171 196 222 273 289 300 315 316 318 323 344 355 368 
167 14 60 64 70 71 109 131 147 212 321 324 349 352 391 393 
168 16 30 56 70 84 87 88 93 121 122 147 185 199 224 266 289 302 
169 24 3 9 10 54 62 69 81 96 109 148 149 180 182 209 233 271 284 297 308 325 326 329 339 378 
170 17 19 26 36 38 68 90 95 175 194 279 300 304 325 334 350 361 394 
171 19 46 54 69 77 98 162 166 188 189 210 212 233 235 262 287 295 340 354 398 
172 18 13 14 40 82 94 117 147 161 191 194 195 226 272 277 287 330 355 394 
173 20 26 53 60 66 86 134 139 145 148 186 224 270 272 275 277 289 320 330 370 378 
174 19 5 9 52 58 70 132 136 160 182 195 220 221 246 262 308 351 357 377 396 
175 17 4 21 36 63 77 140 149 165 170 190 199 210 226 295 300 372 386 
176 18 32 36 62 78 91 114 122 124 223 237 242 266 275 280 324 327 374 384 
177 18 5 6 33 45 105 112 129 183 223 302 310 320 328 342 346 350 363 388 
178 25 5 10 12 16 86 97 102 114 124 126 142 155 160 161 205 227 253 257 280 312 317 334 347 358 394 
179 29 18 20 50 56 79 87 114 119 136 140 162 183 188 200 210 217 220 231 239 243 277 316 319 321 332 338 357 363 390 
180 18 9 39 60 69 109 127 141 169 182 202 240 247 250 280 293 351 370 395 
181 17 0 7 83 94 164 195 202 222 233 235 291 301 339 342 347 365 369 
182 22 3 27 39 40 43 52 62 90 105 157 169 174 180 215 243 247 265 266 291 304 322 369 
183 21 3 29 32 61 69 77 85 129 137 146 177 179 197 206 212 230 265 267 274 343 378 
184 20 15 18 39 81 111 126 137 160 245 258 266 277 301 339 341 345 365 385 395 396 
185 20 13 27 31 32 57 76 118 132 156 165 168 285 307 323 335 341 366 378 382 396 
186 24 0 19 21 29 34 71 84 85 110 122 161 173 220 235 239 250 259 264 274 285 305 322 349 356 
187 26 3 40 45 62 90 117 135 222 226 227 230 232 243 252 260 261 270 272 307 324 327 340 360 363 382 397 
188 24 4 33 41 72 89 124 132 143 158 171 179 207 243 253 277 282 284 301 306 327 338 377 395 397 
189 25 3 5 20 41 55 68 87 94 100 122 123 136 154 159 171 250 286 288 294 299 301 335 350 375 395 
190 24 12 18 27 41 49 75 82 116 122 130 153 175 205 233 243 293 303 335 339 345 379 387 391 399 
191 22 7 32 54 66 79 116 124 125 135 136 151 160 172 195 206 242 278 283 323 336 344 356 
192 16 0 85 95 103 104 130 151 199 243 273 301 304 321 355 357 383 
193 18 37 63 71 87 98 124 211 223 231 236 245 255 299 309 323 339 353 388 
194 16 21 32 54 96 102 135 170 172 200 202 228 234 249 324 363 386 
195 31 21 28 71 81 102 106 107 110 115 162 165 172 174 181 191 251 254 266 278 280 288 289 294 304 313 322 325 336 347 385 389 
196 17 23 40 54 80 117 118 156 164 166 201 235 261 310 319 330 354 367 
197 28 3 6 13 52 65 69 80 86 87 89 101 108 141 152 154 183 205 207 214 220 233 259 319 347 350 360 366 399 
198 20 38 59 63 65 86 92 97 108 121 156 160 202 218 228 258 271 284 290 371 386 
199 19 12 29 62 76 82 102 108 120 168 175 192 250 254 263 274 279 308 352 388 
200 17 12 35 43 49 67 75 79 130 132 179 194 205 263 274 283 343 351 
201 11 3 6 96 107 130 196 229 241 242 297 305 
202 25 7 10 14 21 41 42 44 58 76 81 115 180 181 194 198 207 251 272 278 287 291 327 352 356 359 
203 16 54 55 70 80 97 99 139 140 155 159 213 221 267 305 350 386 
204 19 4 27 63 143 164 219 222 227 242 252 261 263 265 269 275 281 352 356 384 
205 21 20 29 91 112 126 159 178 190 197 200 206 237 268 321 332 334 347 363 376 386 399 
206 23 1 16 17 39 52 54 65 84 96 183 191 205 219 231 233 247 255 271 283 310 320 354 365 
207 15 14 16 42 46 49 188 197 202 233 237 261 312 378 393 394 
208 18 0 3 36 50 64 73 135 210 224 225 262 318 319 323 329 351 354 369 
209 25 16 18 22 33 37 51 59 70 84 102 109 114 162 163 169 220 237 269 276 277 327 334 367 373 380 
210 30 7 34 42 43 46 60 83 98 102 105 143 171 175 179 208 221 227 257 260 293 310 339 347 351 358 364 371 377 386 396 
211 16 11 47 54 110 116 134 158 161 193 236 244 282 349 358 379 389 
212 17 69 89 97 121 135 165 167 171 183 247 269 301 314 323 324 366 382 
213 14 41 58 84 112 126 150 154 203 226 236 335 338 359 398 
214 17 33 40 52 85 90 103 107 154 197 217 241 289 302 311 377 393 395 
215 15 52 75 154 155 158 182 218 220 226 273 285 291 292 345 384 
216 14 17 21 26 116 148 288 301 318 323 338 358 366 368 377 
217 21 20 35 50 81 83 108 114 116 119 128 140 179 214 223 260 272 276 301 355 387 399 
218 21 6 9 56 59 78 93 94 101 127 139 198 215 223 274 283 293 311 325 374 381 382 
219 22 38 43 46 76 87 111 124 125 131 152 204 206 241 252 261 281 287 306 314 353 381 387 
220 19 3 13 24 81 154 174 179 186 197 209 215 224 227 298 327 345 352 377 398 
221 19 20 32 56 63 81 141 151 174 203 210 229 252 265 271 278 280 282 320 331 
222 25 0 24 35 59 65 67 71 78 79 101 108 115 121 135 143 166 181 187 204 243 284 299 335 349 367 
223 25 1 2 25 35 43 44 59 60 117 176 177 193 217 218 263 269 277 298 313 318 323 328 349 353 372 
224 30 21 22 40 41 43 44 52 63 64 68 88 119 156 168 173 208 220 233 234 238 251 253 283 299 309 318 325 351 357 390 
225 17 11 59 113 125 157 208 230 255 265 273 282 329 335 347 353 367 379 
226 25 0 14 35 63 80 118 126 142 172 175 187 213 215 238 239 241 244 265 283 284 307 319 321 335 389 
227 24 21 42 68 73 79 124 143 148 151 156 159 164 178 187 204 210 220 319 325 326 337 348 378 389 
228 15 66 92 105 109 132 139 194 198 234 301 303 328 359 374 378 
229 18 14 17 38 64 69 102 120 121 201 221 231 237 268 270 275 276 293 363 
230 25 5 25 47 55 81 110 117 150 183 187 225 240 275 280 291 294 295 298 300 321 324 342 348 354 355 
231 25 11 29 33 48 49 64 124 134 144 160 179 193 206 229 237 252 274 304 313 327 329 356 371 380 394 
232 15 4 46 65 187 238 248 252 285 296 312 317 364 373 375 377 
233 29 1 19 23 38 53 56 67 71 81 84 92 94 101 118 140 158 169 171 181 190 197 206 207 224 244 253 273 339 343 
234 22 86 101 114 119 122 139 148 194 224 228 263 275 277 301 305 313 331 347 354 361 366 395 
235 23 35 41 50 53 72 85 104 111 126 147 171 181 186 196 286 292 306 310 313 352 355 375 393 
236 15 1 43 78 80 193 211 213 250 254 320 321 326 348 351 363 
237 21 43 44 52 81 92 135 144 176 205 207 209 229 231 251 335 337 338 347 350 384 391 
238 11 34 82 138 163 164 224 226 232 242 273 292 
239 18 0 39 77 84 89 97 131 179 186 226 259 274 305 313 325 332 363 373 
240 17 49 88 89 100 114 133 152 180 230 251 275 283 292 340 351 361 372 
241 18 0 5 45 62 201 214 219 226 246 287 352 363 367 368 372 375 377 384 
242 18 72 107 122 144 155 157 176 191 201 204 238 259 261 285 324 369 384 388 
243 25 2 7 27 42 43 56 101 145 149 159 179 182 187 188 190 192 222 298 304 321 339 351 355 381 398 
244 18 12 33 44 59 103 106 109 120 158 160 163 211 226 233 286 292 330 341 
245 12 40 62 97 104 107 108 131 139 158 184 193 261 
246 19 47 59 65 75 99 101 122 124 134 141 145 152 174 241 320 340 341 359 385 
247 27 1 27 30 33 52 65 80 112 138 140 142 180 182 206 212 252 280 284 299 300 303 309 327 330 345 370 383 
248 19 12 13 34 71 92 119 123 135 164 165 232 259 300 312 319 325 346 365 392 
249 22 24 32 38 39 40 46 55 70 92 100 121 128 138 158 162 194 285 304 311 339 357 362 
250 24 4 9 21 22 41 59 84 100 112 131 132 180 186 189 199 236 272 281 297 300 321 335 341 347 
251 20 2 21 34 42 50 74 96 148 153 163 195 202 224 237 240 301 357 367 375 387 
252 30 7 12 28 46 48 50 59 64 71 91 103 108 134 140 146 152 164 187 204 219 221 231 232 247 308 313 319 332 352 367 
253 22 3 13 19 26 38 59 79 91 178 188 224 233 254 283 285 287 294 302 343 368 382 398 
254 21 8 41 45 79 109 114 148 195 199 236 253 266 271 277 287 300 357 367 379 383 392 
255 20 46 50 87 100 139 158 160 162 164 193 206 225 260 280 282 290 294 300 324 392 
256 21 8 14 19 21 35 56 76 94 101 107 109 112 122 139 149 263 280 312 329 368 370 
257 26 12 23 27 33 44 49 52 66 73 92 100 127 156 178 210 273 276 286 287 290 293 336 354 359 368 399 
258 22 77 81 82 83 90 102 104 106 108 132 142 147 184 198 298 302 327 338 343 347 361 370 
259 22 34 38 62 69 92 106 151 157 165 186 197 239 242 248 260 272 274 282 297 302 303 325 
260 18 24 28 39 47 89 112 157 187 210 217 255 259 269 291 335 338 370 393 
261 16 47 70 81 132 187 196 204 207 219 242 245 264 307 314 332 394 
262 16 9 15 25 26 34 35 61 67 90 118 171 174 208 287 321 347 
263 24 6 17 18 22 39 51 75 102 115 126 139 151 155 199 200 204 223 234 256 312 319 340 347 370 
264 19 25 41 43 70 75 92 118 134 154 186 261 266 303 337 369 373 375 386 388 
265 17 11 30 36 46 120 149 164 182 183 204 221 225 226 305 313 321 380 
266 20 12 32 42 43 91 94 108 156 168 176 182 184 195 254 264 298 313 336 349 384 
267 28 35 45 48 51 52 90 92 94 117 119 120 128 131 151 164 183 203 284 295 298 299 304 314 324 338 341 363 367 
268 16 18 28 33 39 62 93 99 105 122 164 205 229 340 380 381 382 
269 24 10 32 50 57 59 68 73 75 88 127 129 131 139 151 154 204 209 212 223 260 277 334 375 394 
270 12 8 12 29 68 88 173 187 229 276 311 325 354 
271 24 22 37 44 70 77 81 85 91 109 117 120 121 136 151 169 198 206 221 254 307 309 345 353 384 
272 24 9 14 17 62 99 112 115 130 132 146 172 173 187 202 217 250 259 277 306 353 359 373 381 396 
273 22 4 13 86 115 121 126 134 166 192 215 225 233 238 257 278 329 350 356 358 363 378 379 
274 17 10 34 59 63 70 77 84 103 183 186 199 200 218 231 239 259 360 
275 17 4 18 20 24 71 103 116 141 173 176 204 229 230 234 240 293 330 
276 25 25 53 63 74 83 92 97 104 112 140 154 156 159 209 217 229 257 270 295 336 345 364 365 367 384 
277 21 0 28 33 46 53 67 107 160 172 173 179 184 188 209 223 234 254 269 272 336 380 
278 21 11 91 96 124 127 191 195 202 221 273 279 283 291 307 314 329 347 358 370 394 396 
279 18 46 48 57 75 83 100 106 135 156 170 199 278 284 285 297 359 378 397 
280 32 78 80 92 97 114 137 141 142 143 157 161 163 176 178 180 195 221 230 247 255 256 310 324 327 334 344 356 360 376 377 384 391 
281 17 19 23 29 54 74 96 113 140 145 147 160 204 219 250 326 335 356 
282 15 19 79 98 188 211 221 225 255 259 292 341 351 352 378 392 
283 18 14 79 84 139 146 155 191 200 206 218 224 226 240 253 278 300 306 337 
284 23 23 32 38 49 71 72 110 126 137 160 164 169 188 198 222 226 247 267 279 313 331 339 369 
285 20 13 115 144 145 185 186 215 232 242 249 253 279 304 316 318 319 340 361 372 379 
286 21 0 8 35 43 63 146 152 165 189 235 244 257 289 291 310 328 335 367 374 383 396 
287 30 30 34 36 41 55 59 79 87 105 150 160 161 171 172 202 219 241 253 254 257 262 313 314 316 321 323 332 370 374 397 
288 20 23 45 78 104 118 123 131 133 143 145 161 189 195 216 303 316 336 338 344 388 
289 22 0 3 4 15 81 125 138 140 149 166 168 173 195 214 286 302 308 322 338 361 368 370 
290 17 15 17 61 73 85 101 144 145 149 198 255 257 318 339 345 361 377 
291 26 51 66 81 89 104 110 119 125 145 158 164 181 182 202 215 230 260 278 286 307 308 325 337 346 361 364 
292 28 12 15 18 21 73 85 106 116 127 165 215 235 238 240 244 282 299 301 303 320 322 324 336 342 348 362 371 382 
293 17 15 49 62 73 163 180 190 210 218 229 257 275 296 297 307 316 326 
294 25 2 10 15 20 27 51 80 106 133 189 195 230 253 255 298 315 325 333 341 346 352 366 378 389 398 
295 17 10 27 54 69 84 148 171 175 230 267 276 298 335 373 376 391 396 
296 20 4 18 22 35 40 48 66 71 78 100 156 161 164 232 293 307 319 323 339 349 
297 13 1 61 83 96 169 201 250 259 279 293 299 345 355 
298 20 26 43 54 61 89 145 165 220 223 230 243 258 266 267 294 295 307 338 354 385 
299 20 3 4 19 61 62 85 163 189 193 222 224 247 267 292 297 308 318 324 338 392 
300 17 17 40 166 170 175 230 247 248 250 254 255 283 344 346 353 361 382 
301 22 64 95 99 109 121 128 181 184 188 189 192 212 216 217 228 234 251 292 304 313 321 358 
302 22 42 47 70 85 94 96 119 154 155 156 165 168 177 214 253 258 259 289 342 361 381 398 
303 13 40 133 144 154 190 228 247 259 264 288 292 309 335 
304 21 42 52 62 71 136 150 154 155 170 182 192 195 231 243 249 267 285 301 332 349 398 
305 15 16 23 30 35 42 104 143 186 201 203 234 239 265 331 341 
306 16 1 21 33 71 75 90 145 162 188 219 235 272 283 332 351 361 
307 26 12 21 31 42 59 110 117 130 185 187 226 261 271 278 291 293 296 298 329 339 349 360 363 365 390 393 
308 23 4 26 48 57 62 65 86 93 133 158 169 174 199 252 289 291 299 310 348 389 391 393 397 
309 23 13 45 51 56 57 60 79 85 96 135 153 193 224 247 271 303 313 314 316 326 339 366 380 
310 21 52 56 58 75 106 117 125 133 149 154 177 196 206 210 235 280 286 308 317 381 396 
311 19 1 10 18 30 72 90 110 126 134 140 141 151 214 218 249 270 330 349 389 
312 19 5 7 42 54 57 59 62 71 101 113 178 207 232 248 256 263 366 391 395 
313 27 19 62 67 78 114 117 195 223 231 234 235 239 252 265 266 284 287 301 309 327 330 339 341 345 361 389 398 
314 14 35 90 97 106 118 212 219 261 267 278 287 309 339 384 
315 12 50 63 92 119 130 141 166 294 354 373 385 398 
316 22 9 12 35 53 66 74 151 152 155 166 179 285 287 288 293 309 324 340 352 372 376 388 
317 17 22 38 40 41 49 56 59 69 116 134 158 178 232 310 321 366 398 
318 16 67 94 143 152 166 208 216 223 224 285 290 299 325 334 343 363 
319 20 46 71 105 106 111 140 179 196 197 208 226 227 248 252 263 285 296 349 364 396 
320 19 40 53 88 127 132 173 177 206 221 236 246 292 321 337 355 364 367 378 384 
321 21 20 37 46 61 163 167 179 192 205 226 230 236 243 250 262 265 287 301 317 320 372 
322 19 10 29 36 37 59 62 91 100 118 129 158 182 186 195 289 292 341 388 395 
323 22 23 91 92 104 107 109 130 133 166 185 191 193 208 212 216 223 287 296 324 352 355 373 
324 25 8 33 92 94 106 154 167 176 187 194 212 230 242 255 267 280 292 299 316 323 326 329 355 366 374 
325 22 52 66 70 76 81 120 169 170 195 218 224 227 239 248 259 270 291 294 318 329 336 348 
326 19 57 86 108 112 114 122 142 164 169 227 236 281 293 309 324 353 363 380 390 
327 23 13 19 29 82 146 176 187 188 202 209 220 231 247 258 280 313 334 337 347 359 375 379 399 
328 23 3 6 14 22 47 71 89 92 94 103 130 133 137 151 177 223 228 286 338 347 358 366 372 
329 25 2 22 28 37 53 71 89 112 118 125 156 164 169 208 225 231 256 273 278 307 324 325 344 363 365 
330 22 8 22 49 63 90 98 105 142 172 173 196 244 247 275 311 313 331 343 354 367 380 399 
331 16 41 102 136 142 155 221 234 284 305 330 333 350 354 362 371 376 
332 20 48 54 62 66 82 95 117 142 179 205 239 252 261 287 304 306 334 350 365 394 
333 10 55 71 77 107 294 331 335 336 366 367 
334 24 5 26 31 65 81 128 136 145 170 178 205 209 269 280 318 327 332 337 368 381 390 393 394 396 
335 27 0 6 36 38 62 75 106 142 144 185 189 190 213 222 225 226 237 250 260 281 286 295 303 333 357 360 380 
336 20 27 109 130 143 160 191 195 257 266 276 277 288 292 325 333 349 361 381 395 396 
337 20 3 17 58 71 150 160 227 237 264 283 291 320 327 334 349 353 367 369 385 386 
338 31 2 5 7 34 43 75 77 110 112 117 127 179 188 213 216 237 258 260 267 288 289 298 299 328 353 359 368 370 377 396 399 
339 23 19 143 157 169 181 184 190 193 210 233 243 249 284 290 296 307 309 313 314 354 355 370 375 
340 13 26 47 74 171 187 240 246 263 268 285 316 388 393 
341 26 11 26 35 49 75 99 100 125 132 152 156 184 185 244 246 250 267 282 294 305 313 322 355 368 376 396 
342 13 2 71 84 91 138 177 181 230 292 302 352 367 382 
343 13 53 108 154 183 200 233 253 258 318 330 372 374 392 
344 15 9 26 53 115 160 166 191 280 288 300 329 351 355 376 397 
345 20 32 77 89 95 107 130 144 184 190 215 220 247 271 276 290 297 313 358 381 395 
346 13 19 38 66 84 113 177 248 291 294 300 371 373 379 
347 24 3 24 48 73 122 164 178 181 195 197 205 210 225 234 237 250 258 262 263 278 327 328 350 388 
348 19 23 34 68 77 82 92 93 137 227 230 236 292 308 325 351 352 365 368 372 
349 26 0 16 29 37 86 115 119 167 186 211 222 223 266 296 304 307 311 319 336 337 364 368 373 378 393 397 
350 22 33 39 67 72 76 110 125 138 163 170 177 189 197 203 237 273 331 332 347 359 366 388 
351 20 30 33 40 51 80 118 149 174 180 200 208 210 224 236 240 243 282 306 344 348 
352 29 15 38 41 101 104 105 122 126 136 141 151 167 199 202 204 220 235 241 252 282 294 316 323 342 348 353 359 396 398 
353 18 30 80 83 95 134 164 193 219 223 225 271 272 300 326 337 338 352 396 
354 27 15 17 35 41 45 119 134 142 148 162 171 196 206 208 230 234 257 270 298 315 330 331 339 363 364 379 385 
355 26 26 43 45 70 77 96 98 116 123 126 129 166 172 192 217 230 235 243 297 320 323 324 339 341 344 373 
356 19 32 35 43 55 103 132 133 144 151 165 186 191 202 204 231 273 280 281 375 
357 14 8 13 51 142 146 174 179 192 224 249 251 254 335 376 
358 22 20 23 65 66 97 131 142 149 150 162 178 210 211 216 273 278 301 328 345 364 365 371 
359 28 10 15 29 68 78 83 86 94 101 103 113 117 123 127 156 161 202 213 228 246 257 272 279 327 338 350 352 399 
360 14 19 25 79 97 121 135 148 154 187 197 274 280 307 335 
361 26 15 16 77 99 104 105 134 138 142 154 156 170 234 240 258 285 289 290 291 300 302 306 313 336 390 399 
362 13 0 40 62 76 83 100 137 150 152 249 292 331 399 
363 22 89 107 177 179 187 194 205 229 236 239 241 267 273 307 318 326 329 354 369 384 392 396 
364 17 57 58 62 77 93 97 116 145 210 232 276 291 319 320 349 354 358 
365 19 19 22 24 51 74 95 97 98 138 181 184 206 248 276 307 329 332 348 358 
366 21 25 85 93 94 138 141 161 185 197 212 216 234 294 309 312 317 324 328 333 350 368 
367 25 5 9 12 34 53 85 99 117 196 209 222 225 241 251 252 254 267 276 286 320 330 333 337 342 385 
368 19 54 94 96 106 166 216 241 253 256 257 289 334 338 341 348 349 366 371 390 
369 18 38 50 69 88 95 96 100 113 116 139 181 182 208 242 264 284 337 363 
370 24 0 2 28 37 55 59 61 71 90 160 173 180 247 256 258 260 263 278 287 289 338 339 371 381 
371 21 9 13 16 24 41 50 56 67 100 104 136 137 198 210 231 292 331 346 358 368 370 
372 20 5 17 42 80 101 128 152 175 223 240 241 285 316 321 328 343 348 373 387 394 
373 29 17 21 71 79 93 98 117 119 123 124 126 131 137 140 148 149 209 232 239 264 272 295 315 323 346 349 355 372 397 
374 24 6 17 28 41 54 63 86 94 102 121 123 129 146 157 162 176 218 228 286 287 324 343 375 380 
375 25 1 4 8 40 49 51 65 69 88 90 92 109 135 189 232 235 241 251 264 269 327 339 356 374 396 
376 27 4 38 39 49 52 63 84 98 100 120 124 130 131 140 145 154 205 280 295 316 331 341 344 357 390 395 399 
377 26 29 39 45 52 54 59 73 76 79 103 108 110 125 174 188 210 214 216 220 232 241 280 290 338 384 394 
378 24 16 53 89 105 115 142 145 157 169 173 183 185 207 227 228 273 279 282 294 320 349 381 385 388 
379 20 15 37 105 117 135 150 158 164 190 211 225 254 273 285 327 346 354 391 396 398 
380 23 11 16 17 38 46 56 68 100 130 136 156 158 160 209 231 265 268 277 309 326 330 335 374 
381 26 42 66 74 92 95 98 114 118 120 138 139 147 163 218 219 243 268 272 302 310 334 336 345 370 378 386 
382 21 1 6 20 25 45 71 93 111 131 185 187 212 218 253 268 292 300 342 383 384 396 
383 16 53 63 66 68 71 102 103 109 111 124 163 192 247 254 286 382 
384 21 28 68 72 93 140 176 204 215 237 241 242 266 271 276 280 314 320 363 377 382 399 
385 18 2 6 33 97 137 139 141 164 184 195 246 298 315 337 354 367 378 389 
386 18 0 10 12 19 20 34 38 136 153 175 194 198 203 205 210 264 337 381 
387 13 2 27 32 36 43 114 116 148 190 217 219 251 372 
388 20 48 62 69 89 106 126 157 177 193 199 242 264 288 316 322 340 347 350 378 391 
389 17 26 54 85 87 100 125 146 195 211 226 227 294 308 311 313 385 393 
390 12 1 3 57 152 179 224 307 326 334 361 368 376 
391 20 2 6 21 26 55 58 99 105 142 159 167 190 237 280 295 308 312 379 388 393 
392 16 46 55 64 73 75 80 90 114 138 248 254 255 282 299 343 363 
393 22 25 26 42 45 48 66 102 142 151 167 207 214 235 260 307 308 334 340 349 389 391 395 
394 18 0 36 48 78 123 138 170 172 178 207 231 261 269 278 332 334 372 377 
395 19 3 25 53 110 111 131 139 180 184 188 189 214 234 312 322 336 345 376 393 
396 31 0 23 32 43 51 53 54 77 103 129 174 184 185 210 272 278 286 295 310 319 334 336 338 341 352 353 363 375 379 382 397 
397 19 29 53 64 68 92 102 123 126 142 149 187 188 279 287 308 344 349 373 396 
398 19 28 30 115 126 144 146 171 213 220 243 253 294 302 304 313 315 317 352 379 
399 23 5 20 53 73 86 92 111 127 145 160 190 197 205 217 257 327 330 338 359 361 362 376 384 
