400 8042
0 29 4 7 61 76 81 121 140 163 173 175 176 183 200 202 216 217 220 239 267 269 285 321 333 351 363 377 394 395 396 
1 46 9 10 13 19 26 47 49 60 70 87 93 94 97 102 109 116 117 123 142 153 198 208 217 227 239 283 285 292 294 299 303 308 309 324 326 329 331 334 342 346 354 363 369 370 372 374 
2 34 7 13 25 29 39 61 70 73 87 89 96 98 109 121 127 130 144 158 161 206 212 216 229 230 234 235 250 291 302 313 352 359 390 392 
3 43 7 10 13 32 47 48 49 59 85 93 128 139 170 182 188 196 198 201 206 226 233 235 241 256 258 262 266 270 271 280 286 289 318 321 332 347 354 357 375 380 388 392 396 
4 36 0 11 26 28 34 35 36 41 45 47 70 81 82 111 115 140 168 171 177 216 224 230 239 241 260 262 302 327 332 336 345 346 360 369 371 397 
5 35 6 18 42 45 52 53 54 81 90 123 127 136 149 164 169 178 190 192 194 213 217 225 228 229 262 263 268 271 284 286 295 312 325 377 390 
6 37 5 18 21 35 38 56 62 63 65 66 70 76 96 153 180 194 207 213 216 238 245 249 250 256 260 282 283 289 306 324 335 348 365 386 393 397 399 
7 45 0 2 3 9 28 30 40 48 55 58 61 74 85 92 99 101 105 109 110 119 137 160 163 177 183 193 195 203 205 209 219 221 224 268 290 299 307 312 318 333 349 351 362 365 391 
8 40 12 13 22 26 43 45 56 69 77 84 89 118 119 122 144 151 169 170 171 192 204 207 221 226 249 266 288 293 305 313 333 334 350 351 368 371 376 378 381 393 
9 34 1 7 36 40 54 63 64 67 79 80 96 117 120 134 142 158 186 203 204 258 260 266 290 301 306 327 334 336 337 345 377 379 389 393 
10 37 1 3 44 59 60 75 83 84 105 138 164 170 187 195 198 204 207 210 227 232 240 258 267 276 288 290 293 318 320 329 339 344 348 373 380 381 394 
11 36 4 18 24 30 31 35 57 64 65 66 80 84 86 91 97 101 106 113 141 142 147 157 172 176 203 205 231 243 254 258 282 311 322 323 362 396 
12 41 8 25 38 58 74 134 138 141 145 150 165 183 185 199 201 203 210 212 213 218 220 225 227 240 249 266 267 280 291 302 320 336 337 349 350 360 370 374 377 386 396 
13 48 1 2 3 8 29 33 35 36 42 44 52 53 69 71 83 116 127 129 131 133 134 139 148 151 153 184 193 194 197 199 201 203 214 221 222 251 286 288 303 325 342 360 369 376 378 381 392 395 
14 33 17 41 68 73 91 99 119 127 132 140 151 153 158 187 202 210 214 228 242 264 286 291 293 299 327 330 331 338 351 376 380 381 386 
15 39 22 39 69 72 74 76 79 82 83 84 102 122 127 128 136 154 156 159 169 170 172 181 200 228 231 244 251 256 266 268 286 290 320 337 346 361 367 379 396 
16 43 22 30 34 35 36 38 49 68 72 85 100 107 109 111 112 119 128 129 144 156 186 189 194 208 216 223 225 233 240 260 295 310 312 317 322 324 331 337 342 353 358 363 371 
17 37 14 18 28 31 35 36 41 46 56 64 66 79 86 89 99 100 102 119 135 158 177 178 191 215 221 226 230 240 245 291 292 295 311 344 349 369 383 
18 47 5 6 11 17 19 27 39 42 52 55 58 62 74 76 78 80 81 82 85 95 99 103 109 112 118 133 159 167 187 195 204 206 217 225 232 264 269 271 279 307 315 318 328 364 381 382 391 
19 47 1 18 21 27 38 43 47 68 73 77 82 90 100 108 109 114 116 129 140 154 159 167 179 185 186 196 208 214 218 235 240 262 279 284 304 315 316 338 351 354 361 365 377 385 388 391 398 
20 35 24 27 64 65 74 76 80 81 111 154 159 166 208 210 216 220 222 223 230 240 250 253 257 273 275 300 324 336 347 357 361 368 369 382 389 
21 31 6 19 23 69 72 77 78 104 119 135 142 154 158 171 173 177 178 195 200 208 210 237 252 320 323 330 336 342 359 361 393 
22 49 8 15 16 23 39 53 57 65 71 83 84 90 100 105 114 122 126 140 179 208 215 223 224 238 247 260 262 286 294 296 303 314 335 347 356 359 363 364 366 369 373 374 378 385 387 389 390 395 397 
23 45 21 22 27 30 33 36 49 51 52 60 70 81 90 102 129 141 143 151 161 169 171 177 183 222 225 226 230 236 245 250 267 272 300 304 306 307 318 319 333 346 361 372 386 395 396 
24 40 11 20 33 63 72 76 79 80 86 93 95 107 116 128 133 136 149 172 184 185 199 200 210 220 247 263 270 288 289 311 316 321 322 325 336 362 363 372 375 399 
25 38 2 12 26 40 47 50 57 68 74 87 92 103 108 118 125 140 160 166 173 177 206 214 235 254 260 261 262 271 285 320 324 325 338 345 364 366 378 399 
26 34 1 4 8 25 42 50 97 98 99 108 111 126 129 151 166 168 171 186 198 210 221 230 234 235 249 252 292 300 318 320 328 346 364 398 
27 53 18 19 20 23 37 46 50 58 60 81 84 90 92 98 107 113 131 132 160 166 172 188 196 198 202 211 228 237 244 271 274 281 297 304 317 318 320 327 328 336 351 361 366 369 370 372 374 376 378 388 389 390 397 
28 33 4 7 17 31 34 38 41 53 59 62 64 81 86 93 102 118 170 209 268 270 279 284 325 326 340 342 349 360 370 372 373 386 397 
29 40 2 13 35 52 58 81 90 94 97 123 124 131 152 153 158 168 179 188 202 210 220 230 231 233 245 252 260 268 286 296 299 302 308 316 336 346 352 371 378 382 
30 39 7 11 16 23 31 56 90 112 119 120 140 143 154 163 173 176 177 184 186 207 237 260 266 275 303 306 310 313 314 321 323 347 348 350 353 358 373 391 392 
31 35 11 17 28 30 33 37 39 53 58 70 81 100 104 113 126 140 161 171 172 182 192 194 208 232 248 257 268 281 293 321 329 338 345 374 386 
32 40 3 36 41 46 58 65 71 74 79 98 100 116 120 155 173 178 198 200 213 226 239 240 254 257 263 264 276 284 290 300 303 311 312 338 357 365 366 369 371 383 
33 46 13 23 24 31 36 40 64 66 67 71 76 84 90 111 115 119 128 130 136 140 143 146 166 172 180 198 214 216 223 240 243 244 256 270 275 291 294 317 319 328 329 346 352 353 364 386 
34 47 4 16 28 35 47 48 51 66 80 84 97 106 116 133 140 141 148 154 155 169 170 185 199 215 228 238 249 263 268 270 274 275 283 291 299 300 312 332 337 339 344 348 353 380 381 385 397 
35 43 4 6 11 13 16 17 29 34 45 67 73 78 107 112 120 125 126 127 164 166 177 178 186 198 205 207 208 211 252 255 262 266 274 284 303 306 342 347 364 366 372 376 381 
36 40 4 9 13 16 17 23 32 33 46 73 74 77 81 86 127 136 156 176 194 196 205 214 216 218 224 231 235 237 241 244 257 261 271 283 286 307 328 343 367 369 
37 35 27 31 41 42 75 80 92 97 99 106 114 123 129 138 182 183 207 218 221 239 248 261 279 287 290 302 325 332 333 360 369 373 386 392 399 
38 42 6 12 16 19 28 42 56 63 76 92 93 102 107 122 136 137 154 175 180 192 204 214 215 239 241 260 262 275 288 306 323 329 347 353 365 381 382 384 386 391 394 396 
39 39 2 15 18 22 31 44 46 56 57 66 72 80 88 102 117 139 150 152 160 170 174 180 183 220 239 250 255 264 273 287 293 302 304 308 355 356 369 389 393 
40 39 7 9 25 33 46 84 85 86 101 104 109 118 121 122 135 145 172 177 182 184 205 207 209 222 234 244 246 249 256 258 260 274 282 291 341 345 354 386 394 
41 31 4 14 17 28 32 37 45 53 63 96 103 125 127 131 166 184 190 219 258 260 275 279 294 313 316 332 348 358 370 377 397 
42 34 5 13 18 26 37 38 57 63 78 91 92 135 165 175 183 184 196 201 229 230 241 245 246 252 263 275 288 294 307 309 318 331 351 352 
43 45 8 19 51 70 78 85 89 107 121 124 129 135 140 145 146 164 167 203 208 218 219 228 235 236 242 243 250 251 263 269 270 300 317 321 322 326 337 358 362 366 371 373 377 392 397 
44 52 10 13 39 45 49 50 55 65 68 74 76 77 80 97 115 126 137 145 165 168 173 175 176 180 200 203 206 207 240 247 252 259 268 270 273 277 287 317 321 331 334 339 344 350 360 361 367 369 370 373 375 384 
45 35 4 5 8 35 41 44 48 89 98 119 124 132 135 146 151 160 206 216 220 239 251 252 256 275 282 297 336 356 364 365 366 370 386 398 399 
46 47 17 27 32 36 39 40 51 61 64 70 77 87 90 102 105 115 124 150 155 169 174 179 181 182 188 201 203 214 231 234 236 259 262 271 276 293 295 297 299 303 324 341 364 377 383 392 395 
47 57 1 3 4 19 25 34 53 59 69 73 83 98 99 108 123 126 127 149 154 156 163 164 169 171 181 186 188 205 206 207 211 214 215 218 230 234 236 242 245 249 256 259 267 269 270 279 281 286 301 305 307 320 326 332 339 391 399 
48 50 3 7 34 45 57 60 62 65 74 75 85 88 114 116 119 125 128 138 139 151 160 177 179 181 183 190 204 218 233 234 243 262 265 269 276 282 289 298 301 311 314 323 324 333 350 352 355 362 379 395 
49 39 1 3 16 23 44 64 82 88 108 116 120 134 135 144 155 159 163 192 195 200 220 245 256 264 275 284 304 307 313 316 322 330 334 340 349 354 364 378 393 
50 38 25 26 27 44 51 62 67 77 78 97 117 124 154 169 182 195 226 234 258 261 271 273 276 296 299 311 314 319 320 322 329 331 343 367 368 377 381 391 
51 43 23 34 43 46 50 59 93 104 111 123 126 131 132 135 167 169 199 202 203 222 226 242 243 248 258 259 261 269 270 275 277 301 309 311 342 345 350 363 366 370 371 372 393 
52 42 5 13 18 23 29 58 92 93 94 104 107 109 114 132 139 140 147 149 159 162 169 170 175 212 218 234 247 264 265 271 277 316 317 322 327 343 346 358 367 381 385 393 
53 39 5 13 22 28 31 41 47 55 56 66 89 90 91 93 94 97 115 126 132 142 145 149 156 227 229 239 245 258 270 281 284 296 302 304 314 375 377 378 394 
54 44 5 9 58 61 79 89 93 122 129 130 133 146 150 158 161 164 167 172 184 204 209 218 240 243 244 245 260 277 300 310 311 316 320 325 326 337 343 344 346 347 362 373 380 383 
55 35 7 18 44 53 71 76 106 115 119 124 130 137 147 148 149 151 157 166 175 192 196 197 203 222 240 242 263 279 282 345 346 348 374 385 396 
56 46 6 8 17 30 38 39 53 78 89 103 108 126 128 133 134 136 137 139 147 151 160 161 162 166 171 174 176 208 222 224 233 238 245 247 282 291 331 339 345 352 363 375 381 391 392 397 
57 36 11 22 25 39 42 48 73 85 87 89 108 117 121 132 136 139 140 141 152 171 187 189 193 194 210 218 229 235 239 253 268 303 313 316 353 393 
58 39 7 12 18 27 29 31 32 52 54 59 65 70 104 111 142 153 159 160 185 203 207 210 233 263 268 273 286 295 314 336 340 342 350 351 352 361 364 366 390 
59 55 3 10 28 47 51 58 78 83 91 101 136 138 143 149 162 172 177 178 191 196 215 223 230 233 236 242 243 249 251 253 254 260 261 271 275 281 283 284 289 290 304 305 308 311 321 329 336 339 350 361 369 384 386 387 393 
60 37 1 10 23 27 48 66 78 104 108 118 121 139 148 151 165 170 176 191 196 206 220 231 250 261 281 301 307 313 317 329 333 334 336 379 381 382 386 
61 29 0 2 7 46 54 82 84 89 99 101 128 168 192 210 217 227 237 277 291 299 318 329 343 354 364 379 392 394 398 
62 48 6 18 28 48 50 65 66 69 73 78 119 137 141 148 154 166 168 186 206 214 220 225 237 239 241 253 256 260 266 287 288 298 305 324 329 339 341 345 349 353 354 359 375 378 382 392 394 397 
63 48 6 9 24 38 41 42 68 77 94 96 98 99 107 116 118 127 137 141 142 145 155 158 167 193 194 197 204 231 237 246 255 258 273 279 280 281 283 284 317 322 329 340 341 354 362 364 395 396 
64 38 9 11 17 20 28 33 46 49 83 89 96 103 118 124 128 129 151 160 179 180 187 192 196 197 203 215 234 245 267 281 303 305 309 315 343 361 365 397 
65 46 6 11 20 22 32 44 48 58 62 73 93 102 104 106 131 140 150 155 163 169 175 192 215 224 242 277 279 281 282 284 294 306 309 325 331 338 340 341 352 363 368 374 386 389 391 392 
66 34 6 11 17 33 34 39 53 60 62 79 89 90 95 100 115 139 171 182 194 199 207 214 223 229 240 241 259 266 288 304 309 337 360 398 
67 32 9 33 35 50 78 83 117 133 149 150 156 188 192 215 222 228 235 247 252 254 256 258 270 285 303 308 309 344 362 368 389 396 
68 36 14 16 19 25 44 63 78 90 103 127 130 136 155 171 175 180 198 207 218 222 224 240 247 260 266 295 298 300 309 314 321 331 348 366 374 378 
69 50 8 13 15 21 47 62 74 83 91 94 95 104 108 123 125 129 135 142 167 174 181 199 217 224 229 231 233 244 262 276 278 282 302 308 319 324 336 338 339 343 350 359 364 368 369 373 376 394 397 398 
70 41 1 2 4 6 23 31 43 46 58 71 76 81 89 91 106 111 127 138 142 156 164 180 181 187 188 194 240 243 245 263 266 288 302 306 308 334 345 355 365 379 385 
71 48 13 22 32 33 55 70 79 89 90 93 98 106 116 118 121 122 159 170 184 186 194 197 200 209 214 215 231 240 263 265 276 283 300 302 304 307 311 312 316 321 326 327 329 331 340 354 359 371 
72 44 15 16 21 24 39 83 85 97 107 113 120 134 154 156 165 169 204 205 209 210 215 219 230 239 258 263 266 271 276 282 290 294 298 306 310 323 324 327 332 333 347 348 381 385 
73 48 2 14 19 35 36 47 57 62 65 78 88 89 98 100 103 104 111 130 140 158 159 163 164 181 183 195 201 208 220 228 235 236 240 241 275 295 301 302 321 324 361 362 366 374 376 391 393 397 
74 51 7 12 15 18 20 25 32 36 44 48 69 76 83 126 133 147 149 158 174 191 193 214 223 226 232 233 241 246 249 269 272 277 280 289 307 308 309 311 313 318 322 323 324 326 341 349 353 359 364 383 386 
75 44 10 37 48 78 86 91 95 100 123 124 126 144 155 174 181 191 194 197 220 223 225 228 234 246 258 259 264 276 281 284 287 290 307 333 344 355 357 370 375 382 383 387 394 395 
76 35 0 6 15 18 20 24 33 38 44 55 70 74 86 89 108 119 151 152 176 195 211 214 257 262 284 289 297 301 321 330 336 346 353 363 385 
77 41 8 19 21 36 44 46 50 63 86 100 123 125 134 135 136 152 168 173 181 186 193 208 224 228 242 250 257 258 271 286 299 314 322 335 346 356 360 361 368 389 396 
78 33 18 21 35 42 43 50 56 59 60 62 67 68 73 75 97 98 104 107 129 158 163 164 165 166 173 198 208 211 219 279 307 318 338 
79 37 9 15 17 24 32 54 66 71 102 110 119 120 147 150 153 157 177 192 204 220 229 234 246 266 284 290 317 323 330 343 363 367 379 387 388 393 399 
80 40 9 11 18 20 24 34 37 39 44 87 94 96 109 117 125 131 142 182 185 187 218 223 234 238 258 266 280 283 288 294 308 312 316 345 349 350 364 380 383 399 
81 44 0 4 5 18 20 23 27 28 29 31 36 70 87 109 112 134 136 142 147 156 163 164 173 187 197 201 206 207 208 227 233 241 242 245 250 252 266 282 295 310 322 349 354 360 
82 40 4 15 18 19 49 61 86 96 111 115 116 127 129 133 144 147 154 170 172 174 175 190 212 213 222 231 233 253 304 305 317 327 337 353 365 368 371 380 389 398 
83 48 10 13 15 22 47 59 64 67 69 72 74 87 104 107 108 122 134 140 150 162 163 193 198 202 211 215 216 226 243 246 253 271 282 285 292 298 299 326 328 329 331 332 351 361 375 384 397 398 
84 35 8 10 11 15 22 27 33 34 40 61 111 117 134 135 144 145 147 151 171 205 220 226 235 241 275 282 285 301 305 319 330 334 344 378 387 
85 35 3 7 16 18 40 43 48 57 72 124 135 139 151 158 163 166 173 174 178 183 212 216 239 240 255 267 297 310 314 360 363 369 373 375 379 
86 50 11 17 24 28 36 40 75 76 77 82 92 116 128 133 134 145 148 157 161 164 178 185 206 207 220 225 238 240 247 253 256 268 271 272 280 289 296 307 313 314 315 341 343 357 360 364 366 367 369 378 
87 42 1 2 25 46 57 80 81 83 100 106 139 155 156 161 167 170 172 177 183 195 198 202 212 234 245 262 270 277 288 289 294 326 332 333 342 356 361 365 369 371 375 388 
88 39 39 48 49 73 92 93 94 100 101 108 110 116 128 149 160 176 184 195 198 215 224 228 230 248 251 259 271 281 307 317 323 335 351 354 357 378 383 387 398 
89 44 2 8 17 43 45 53 54 56 57 61 64 66 70 71 73 76 101 108 119 132 156 165 177 183 191 194 195 226 236 279 284 292 304 311 328 337 349 354 375 378 382 385 388 398 
90 37 5 19 22 23 27 29 30 33 46 53 66 68 71 98 112 142 152 194 229 233 249 250 251 258 262 274 283 308 318 326 336 348 352 357 366 367 382 
91 42 11 14 42 53 59 69 70 75 100 108 112 114 119 120 121 129 138 154 170 173 181 182 209 215 219 237 243 263 270 276 278 284 290 307 315 318 321 322 328 355 357 389 
92 46 7 25 27 37 38 42 52 86 88 103 135 144 147 151 184 186 194 204 210 212 213 214 223 230 241 250 255 257 259 264 280 295 296 303 315 322 328 334 359 360 362 366 367 368 375 394 
93 46 1 3 24 28 38 51 52 53 54 65 71 88 96 108 129 132 134 135 138 140 141 147 162 173 187 193 215 225 227 238 244 262 268 278 286 292 302 305 315 333 339 349 365 366 372 392 
94 41 1 29 52 53 63 69 80 88 96 98 128 130 137 138 143 162 171 181 210 214 233 234 237 243 254 255 263 267 269 282 290 291 296 340 350 353 360 373 377 387 397 
95 37 18 24 66 69 75 96 109 119 124 139 154 155 160 186 224 244 247 253 255 258 264 265 270 281 284 292 294 298 310 321 344 347 348 378 391 395 398 
96 36 2 6 9 41 63 64 80 82 93 94 95 106 133 143 146 150 176 184 190 200 203 226 227 239 247 250 278 280 282 284 319 327 331 349 368 369 
97 27 1 11 26 29 34 37 44 50 53 72 78 112 154 171 172 178 210 225 256 258 272 281 283 284 290 357 385 
98 46 2 26 27 32 45 47 63 71 73 78 90 94 105 108 114 141 148 167 168 185 192 201 209 225 232 236 237 268 286 288 293 296 308 313 320 322 323 335 344 355 365 368 385 391 394 397 
99 41 7 14 17 18 26 37 47 61 63 102 108 109 112 120 124 132 153 154 185 192 196 209 211 223 229 232 243 254 275 310 331 332 344 350 355 357 364 385 386 388 398 
100 39 16 17 19 22 31 32 66 73 75 77 87 88 91 105 106 107 119 128 132 166 167 188 192 201 205 211 223 268 273 277 278 286 313 316 324 342 379 388 399 
101 38 7 11 40 59 61 88 89 109 114 115 165 172 186 198 199 201 211 213 241 243 245 257 269 275 277 283 284 299 309 318 326 328 335 347 349 356 370 386 
102 51 1 15 17 23 28 38 39 46 65 79 99 120 128 156 163 174 177 197 214 224 232 240 246 254 256 258 259 263 264 278 295 298 299 306 307 308 314 318 324 326 328 329 345 346 347 349 356 370 373 378 390 
103 44 18 25 41 56 64 68 73 92 112 126 131 135 140 146 147 149 150 161 167 174 183 184 187 189 193 199 204 219 222 226 229 232 246 257 258 259 260 279 284 313 318 349 352 368 
104 41 21 31 40 51 52 58 60 65 69 73 78 83 111 118 122 129 135 141 142 150 155 157 162 176 179 187 208 221 234 240 246 267 318 329 335 342 347 351 365 368 397 
105 35 7 10 22 46 98 100 108 123 133 146 148 159 167 176 190 209 233 234 236 239 258 260 265 277 290 292 316 322 323 340 345 352 353 368 394 
106 41 11 34 37 55 65 70 71 87 96 100 117 122 129 150 153 174 176 197 201 207 209 226 238 241 242 270 273 294 300 304 306 315 320 326 343 346 352 354 360 392 398 
107 41 16 24 27 35 38 43 52 63 72 78 83 100 122 130 132 137 142 143 167 178 196 207 213 233 246 273 286 293 294 295 297 306 317 321 342 347 353 366 374 378 398 
108 45 19 25 26 47 49 56 57 60 69 76 83 88 89 91 93 98 99 105 112 115 130 151 159 193 198 206 214 228 229 235 240 243 250 264 288 290 302 311 336 344 373 379 380 381 394 
109 42 1 2 7 16 18 19 40 52 80 81 95 99 101 118 135 137 152 155 165 166 178 187 197 204 208 216 247 250 255 273 285 297 299 304 309 312 332 336 373 378 379 391 
110 29 7 79 88 117 126 143 159 168 177 184 194 206 217 220 224 242 245 261 262 299 305 334 341 346 347 360 372 391 392 
111 38 4 16 20 26 33 51 58 70 73 82 84 104 115 127 152 160 165 170 183 194 198 203 206 238 251 252 267 269 280 281 289 290 328 375 378 381 386 394 
112 34 16 18 30 35 81 90 91 97 99 103 108 114 116 127 149 151 170 172 189 232 240 250 252 262 274 278 301 312 321 332 343 348 349 374 
113 30 11 27 31 72 114 134 151 152 155 174 175 176 181 189 200 205 240 264 269 270 284 297 304 315 320 325 337 364 365 374 
114 42 19 22 37 48 52 91 98 101 112 113 119 121 122 124 168 175 187 198 219 226 246 251 252 253 255 260 269 278 284 291 297 302 314 326 331 334 343 364 375 383 391 397 
115 39 4 33 44 46 53 55 66 82 101 108 111 135 138 147 151 162 170 184 188 190 191 192 193 210 216 219 228 230 231 235 301 325 326 343 349 357 363 371 387 
116 41 1 13 19 24 32 34 48 49 63 71 82 86 88 112 119 128 129 148 150 171 216 228 240 246 265 269 271 274 276 284 292 298 329 333 348 355 357 360 381 393 394 
117 45 1 9 39 50 57 67 80 84 106 110 119 127 130 138 153 160 175 184 195 201 202 204 217 221 231 254 259 260 262 265 275 295 303 310 318 322 334 343 350 362 367 378 380 384 392 
118 36 8 18 25 28 40 60 63 64 71 104 109 136 138 186 202 214 217 219 222 230 237 278 280 291 293 304 318 325 341 347 361 365 375 378 382 389 
119 48 7 8 14 16 17 21 30 33 45 48 55 62 76 79 89 91 95 100 114 116 117 128 145 152 166 168 169 170 172 173 186 197 208 216 230 262 271 283 286 288 292 306 317 342 345 360 371 378 
120 35 9 30 32 35 49 72 79 91 99 102 132 140 159 166 186 222 241 246 256 262 275 291 292 298 328 341 349 351 364 369 372 375 383 384 392 
121 37 0 2 40 43 57 60 71 91 114 125 129 135 137 157 177 186 191 196 214 226 229 230 237 239 244 246 253 266 335 354 359 360 372 374 375 378 393 
122 43 8 15 22 38 40 54 71 83 104 106 107 114 129 139 154 157 165 176 177 178 183 191 193 201 203 205 209 212 220 223 224 228 242 247 287 292 332 344 351 373 374 389 398 
123 31 1 5 29 37 47 51 69 75 77 105 134 168 200 208 209 231 243 247 273 283 289 292 305 316 318 338 350 352 387 393 396 
124 41 29 43 45 46 50 55 64 75 85 95 99 114 136 139 147 148 193 196 200 202 206 211 222 231 234 270 285 291 314 316 333 337 341 344 347 348 349 365 368 373 387 
125 34 25 35 41 48 69 77 80 121 126 127 134 160 170 175 180 198 220 222 230 231 232 242 246 254 271 293 295 304 315 351 352 359 360 366 
126 55 22 26 31 35 44 47 51 53 56 74 75 103 110 125 140 142 147 166 177 178 179 186 198 209 215 216 217 226 238 239 243 252 254 261 264 265 279 292 293 295 311 317 320 323 329 335 345 347 353 357 361 368 377 379 381 
127 44 2 5 13 14 15 35 36 41 47 63 68 70 82 111 112 117 125 130 141 143 158 161 170 173 180 212 219 229 235 237 258 264 276 277 286 288 301 303 307 366 382 384 392 393 
128 36 3 15 16 24 33 48 56 61 64 86 88 94 100 102 116 119 156 161 182 210 223 225 228 280 287 293 295 302 305 334 336 340 351 358 360 381 
129 46 13 16 19 23 26 37 43 54 64 69 78 82 91 93 104 106 116 121 122 145 147 153 159 166 181 190 205 215 241 243 261 270 276 285 291 292 301 328 333 337 339 350 357 375 383 398 
130 32 2 33 54 55 68 73 94 107 108 117 127 152 158 163 168 170 184 188 192 208 233 249 256 277 300 307 324 370 380 384 385 391 
131 41 13 27 29 41 51 65 80 103 132 137 157 162 196 201 203 210 229 233 239 245 247 259 264 269 273 280 296 306 320 321 331 332 333 340 343 345 350 351 352 357 382 
132 38 14 27 45 51 52 53 57 89 93 99 100 107 120 131 149 153 158 159 174 188 190 191 209 211 231 236 237 251 261 282 290 318 333 334 342 364 375 385 
133 44 13 18 24 34 54 56 67 74 82 86 96 105 140 143 144 158 162 177 182 183 190 191 205 236 256 262 266 271 276 280 281 302 304 315 337 343 355 356 357 370 376 385 391 398 
134 43 9 12 13 49 56 72 77 81 83 84 86 93 113 123 125 137 149 153 155 171 176 205 207 208 210 211 232 235 238 253 266 292 303 305 309 311 355 358 377 379 382 387 395 
135 46 17 21 40 42 43 45 49 51 69 77 84 85 92 93 103 104 109 115 121 151 164 165 168 170 172 186 188 200 227 237 239 249 262 271 282 286 296 315 337 355 360 370 382 383 384 395 
136 30 5 15 24 33 36 38 56 57 59 68 77 81 118 124 147 165 186 194 203 210 223 226 243 273 293 295 299 308 346 373 
137 39 7 38 44 55 56 62 63 94 107 109 121 131 134 146 156 169 174 176 179 183 185 202 217 221 225 241 261 267 270 301 305 357 358 372 376 378 387 391 394 
138 40 10 12 37 48 59 70 91 93 94 115 117 118 145 176 177 182 193 216 226 227 232 245 250 251 270 276 295 311 321 323 325 326 337 351 354 363 371 373 379 393 
139 33 3 13 39 48 52 56 57 60 66 85 87 95 122 124 157 170 171 173 187 191 211 217 222 246 253 266 273 277 319 324 339 345 386 
140 45 0 4 14 19 22 25 30 31 33 34 43 52 57 65 73 83 93 103 120 126 133 146 157 159 166 181 187 194 197 220 234 242 246 252 253 276 288 316 333 348 350 367 373 381 398 
141 38 11 12 23 34 57 62 63 93 98 104 127 152 156 158 165 171 186 201 214 230 233 249 276 282 287 305 306 317 322 329 339 344 348 361 362 366 381 390 
142 47 1 9 11 21 53 58 63 69 70 80 81 90 104 107 126 150 151 153 155 161 166 176 183 184 191 192 204 228 232 240 244 255 263 273 279 305 309 315 326 331 344 351 353 359 362 391 398 
143 35 23 30 33 59 94 96 107 110 127 133 147 161 176 192 194 224 238 250 252 254 261 284 288 292 295 296 300 306 313 321 339 366 370 393 396 
144 30 2 8 16 49 75 82 84 92 133 151 155 156 199 209 211 235 237 240 254 262 282 292 299 306 313 358 360 363 373 391 
145 36 12 40 43 44 53 63 84 86 119 129 138 150 168 170 174 187 202 205 224 236 250 257 287 295 310 317 323 325 330 332 348 356 362 373 384 396 
146 35 33 43 45 54 96 103 105 137 140 147 148 168 170 176 179 213 249 254 272 281 290 295 312 317 321 326 329 339 340 343 350 354 361 366 381 
147 46 11 52 55 56 74 79 81 82 84 92 93 103 115 124 126 129 136 143 146 149 150 163 169 174 205 211 215 229 230 232 233 249 277 279 287 297 304 306 314 325 326 329 343 345 349 394 
148 31 13 34 55 60 62 86 98 105 116 124 146 162 164 165 167 172 174 182 198 261 267 271 272 280 281 336 349 369 379 392 393 
149 43 5 24 47 52 53 55 59 67 74 88 103 112 132 134 147 188 196 201 225 242 260 265 267 272 286 294 295 296 298 300 301 337 342 354 360 366 367 377 382 385 387 391 399 
150 41 12 39 46 54 65 67 79 83 96 103 104 106 116 142 145 147 158 159 211 218 221 230 240 244 250 256 259 269 270 279 284 307 315 322 328 345 357 373 381 382 387 
151 47 8 13 14 23 26 45 48 55 56 60 64 76 84 85 92 108 112 113 115 135 142 144 178 180 193 198 209 211 217 222 260 271 272 299 304 306 317 322 323 327 330 350 364 366 374 375 380 
152 36 29 39 57 76 77 90 109 111 113 119 130 141 154 177 192 201 217 225 233 236 246 254 268 272 278 281 293 294 305 319 335 345 371 384 387 389 
153 41 1 6 13 14 29 58 79 99 106 117 129 132 134 142 161 174 177 189 193 199 202 205 209 213 239 252 254 268 281 294 298 299 302 303 328 336 364 378 381 386 389 
154 43 15 19 20 21 30 34 38 47 50 62 72 82 91 95 97 99 122 152 173 176 201 203 204 205 206 210 211 213 220 227 228 237 245 256 264 271 276 331 334 335 344 364 371 
155 40 32 34 46 49 63 65 68 75 87 95 104 109 113 134 142 144 157 159 166 172 173 181 197 211 239 244 248 267 271 312 313 316 319 321 355 373 374 383 389 390 
156 38 15 16 36 47 53 67 70 72 81 87 89 102 128 137 141 144 169 232 234 257 272 278 280 283 289 290 295 298 310 313 341 344 356 360 373 376 381 399 
157 39 11 55 79 86 104 121 122 131 139 140 155 183 185 192 195 199 200 205 211 216 237 246 254 274 276 277 279 287 303 340 341 343 344 354 372 375 377 381 384 
158 50 2 9 14 17 21 29 54 63 73 74 78 85 127 130 132 133 141 150 160 171 175 180 201 215 216 222 235 240 241 248 258 286 289 302 303 306 308 310 314 316 323 336 350 366 367 378 386 387 398 399 
159 41 15 18 19 20 49 52 58 71 73 105 108 110 120 129 132 140 150 155 187 190 197 204 226 246 281 293 295 318 327 329 330 343 345 360 366 368 373 376 386 394 397 
160 35 7 25 27 39 45 48 56 58 64 88 95 111 117 125 158 163 182 192 208 211 212 222 250 251 274 290 316 344 349 369 380 385 386 388 395 
161 33 2 23 31 54 56 86 87 103 127 128 142 143 153 163 173 175 196 222 229 232 239 249 265 286 291 299 308 320 344 346 348 361 376 
162 30 52 56 59 83 93 94 104 115 131 133 148 166 174 194 204 217 225 244 248 252 263 265 276 279 290 311 334 339 343 364 
163 40 0 7 30 47 49 65 73 78 81 83 85 102 130 147 160 161 164 169 174 176 183 194 225 244 245 260 267 285 320 324 341 342 343 354 360 366 373 374 395 396 
164 39 5 10 35 43 47 54 70 73 78 81 86 135 148 163 178 182 184 194 197 200 218 219 220 223 246 251 255 256 269 285 292 293 295 306 358 374 382 383 392 
165 41 12 42 44 60 72 78 89 101 109 111 122 135 136 141 148 175 176 178 189 203 207 215 221 228 236 240 262 273 280 294 299 302 318 323 330 346 347 374 381 389 392 
166 48 20 25 26 27 33 35 41 55 56 62 78 85 100 109 119 120 126 129 140 142 155 162 182 183 188 189 192 197 239 243 250 251 255 259 293 305 316 317 319 324 329 337 351 353 366 375 382 388 
167 41 18 19 43 51 54 63 69 87 98 100 103 105 107 148 171 175 186 189 220 260 263 267 270 292 293 301 308 314 315 319 330 334 346 349 351 353 374 378 390 392 396 
168 29 4 26 29 44 61 62 77 98 110 114 119 123 130 135 145 146 172 194 205 222 227 239 254 256 279 291 328 334 379 
169 34 5 8 15 23 34 46 47 50 51 52 65 72 119 137 147 156 163 172 189 195 197 237 245 257 271 292 300 303 314 324 339 380 391 395 
170 41 3 8 10 15 28 34 39 52 60 71 82 87 91 111 112 115 119 125 127 130 135 139 145 146 171 193 198 214 232 240 242 249 253 288 289 328 331 353 355 363 369 
171 36 4 8 21 23 26 31 47 56 57 66 68 84 94 97 116 134 139 141 158 167 170 181 206 209 212 217 241 288 291 318 328 331 338 356 370 374 
172 42 11 15 24 27 31 33 40 54 59 82 87 97 101 112 119 135 148 155 168 169 220 221 237 239 244 274 282 288 290 294 300 306 309 320 332 349 362 375 381 383 396 399 
173 44 0 21 25 30 32 44 77 78 81 85 91 93 119 127 139 154 155 161 188 207 215 231 240 241 242 255 264 306 307 320 322 329 330 336 339 349 351 353 357 361 378 380 385 393 
174 47 39 46 56 69 74 75 82 85 102 103 106 113 132 137 145 147 148 153 162 163 186 199 202 209 215 224 227 236 243 255 258 264 267 269 271 280 283 293 297 318 322 330 349 361 366 370 372 
175 37 0 38 42 44 52 55 65 68 82 113 114 117 125 158 161 165 167 188 195 198 211 228 241 245 252 266 276 289 294 297 316 330 332 336 337 345 359 
176 42 0 11 30 36 44 56 60 76 88 96 104 105 106 113 122 134 137 138 142 143 146 154 163 165 181 193 196 201 217 220 226 250 251 259 265 323 327 336 339 363 364 393 
177 48 4 7 17 21 23 25 30 35 40 48 59 79 87 89 102 110 121 122 126 133 138 152 153 184 188 198 199 224 231 236 247 252 254 268 275 284 300 301 322 326 347 355 359 362 384 391 392 395 
178 38 5 17 21 32 35 59 85 86 97 107 109 122 126 151 164 165 181 195 200 207 210 232 240 241 249 257 261 270 277 289 312 325 335 347 355 360 378 394 
179 34 19 22 29 46 48 64 104 126 137 146 210 219 224 230 234 249 259 269 271 272 297 298 309 314 339 348 355 362 365 367 370 382 384 386 
180 38 6 33 38 39 44 64 68 70 125 127 151 158 203 215 228 237 248 257 260 266 270 272 274 278 283 285 293 300 304 313 317 340 343 347 376 377 379 393 
181 43 15 46 47 48 69 70 73 75 77 91 94 113 129 140 155 171 176 178 184 188 199 219 224 240 244 248 251 264 270 273 280 290 323 329 332 338 358 361 364 370 378 385 393 
182 36 3 31 37 40 46 50 66 80 91 128 133 138 148 160 164 166 210 217 227 233 235 240 242 245 251 261 263 269 299 327 330 337 360 371 384 395 
183 46 0 7 12 23 37 39 42 48 73 85 87 89 103 111 122 133 137 142 157 163 166 194 195 197 201 204 218 220 226 248 254 274 275 293 296 297 304 337 342 348 349 350 364 387 388 390 
184 36 13 24 30 40 41 42 54 71 88 92 96 103 110 115 117 130 142 164 177 181 187 219 251 252 262 263 265 266 285 307 327 329 338 360 362 380 
185 33 12 19 24 34 58 80 86 98 99 137 157 188 220 226 234 245 246 259 294 301 309 310 312 317 320 325 343 375 380 384 394 396 399 
186 47 9 16 19 26 30 35 47 62 71 77 92 95 101 118 119 120 121 126 135 136 141 167 174 193 199 215 241 246 248 261 264 266 275 288 295 308 319 321 328 329 342 343 348 367 369 377 390 
187 35 10 14 18 57 64 70 80 81 93 103 104 109 114 139 140 145 159 184 197 199 201 205 212 216 243 257 291 296 299 300 305 329 331 345 372 
188 43 3 27 29 46 47 67 70 100 115 130 132 135 149 166 173 175 177 181 185 201 202 213 225 234 241 249 258 266 268 301 303 314 333 335 349 354 360 367 376 382 392 395 396 
189 28 16 57 103 112 113 153 165 166 167 169 193 197 200 220 259 277 280 310 316 317 322 324 328 368 374 388 390 396 
190 28 5 41 48 82 96 105 115 129 132 133 159 231 248 265 278 282 317 324 335 340 341 342 353 361 380 384 393 399 
191 35 17 59 60 74 75 89 115 121 122 132 133 139 142 195 198 228 229 239 243 248 249 265 273 285 294 296 298 314 347 352 357 365 368 378 395 
192 42 5 8 31 38 49 55 61 64 65 67 79 98 99 100 115 130 142 143 152 157 160 166 198 218 223 235 245 274 294 315 319 326 327 328 349 351 356 361 373 374 385 386 
193 37 7 13 57 63 74 77 83 93 103 108 115 122 124 138 151 153 170 176 186 189 207 210 214 222 237 242 249 251 256 275 293 317 354 369 371 372 384 
194 41 5 6 13 16 31 36 57 63 66 70 71 75 89 90 92 110 111 136 140 143 162 163 164 168 183 197 198 245 252 260 280 317 321 330 343 348 363 368 377 387 392 
195 37 7 10 18 21 49 50 73 76 87 88 89 117 157 169 175 178 183 191 207 218 227 230 236 245 278 297 301 309 325 328 346 352 359 365 366 370 398 
196 41 3 19 27 36 42 55 59 60 64 99 107 121 124 131 149 161 176 198 211 233 243 247 250 256 263 277 282 284 311 312 315 331 349 358 377 378 382 383 386 389 395 
197 41 13 55 63 64 71 75 81 102 106 109 119 140 155 159 164 166 169 183 187 189 194 204 212 215 219 231 237 241 261 276 277 279 304 321 330 332 339 354 360 362 389 
198 50 1 3 10 26 27 32 33 35 68 78 83 87 88 101 108 111 114 125 126 148 151 170 175 177 191 192 194 196 199 221 242 244 246 291 296 297 299 300 301 302 311 327 335 336 359 367 368 371 378 383 
199 39 12 13 24 34 51 66 69 101 103 144 153 157 174 177 181 186 187 198 201 204 212 213 226 236 265 275 310 315 322 326 339 352 354 355 357 372 374 379 388 
200 37 0 15 21 24 32 44 49 71 96 113 123 124 135 157 164 178 189 219 243 256 263 267 272 278 284 302 326 346 347 356 358 360 375 378 384 386 392 
201 40 3 12 13 42 46 73 81 98 100 101 106 117 122 131 141 149 152 154 158 176 183 187 188 199 206 213 219 223 225 240 241 247 258 270 300 326 334 343 372 396 
202 44 0 14 27 29 51 83 87 117 118 124 137 145 153 174 188 204 205 214 217 221 225 236 256 258 261 264 267 268 281 284 291 298 310 342 346 348 349 354 365 371 373 375 395 399 
203 34 7 9 11 12 13 43 44 46 51 55 58 64 96 111 122 131 136 154 165 180 220 223 245 252 258 277 284 302 309 332 335 340 351 355 
204 38 8 9 10 18 38 48 54 63 72 79 92 103 109 117 142 154 159 162 183 197 199 202 229 235 250 269 271 273 286 294 296 305 316 323 327 366 386 397 
205 44 7 11 35 36 40 47 72 84 100 113 122 129 133 134 145 147 153 154 157 168 187 202 209 216 228 231 235 254 258 263 281 283 288 291 292 294 321 345 350 359 360 378 381 398 
206 34 2 3 18 25 44 45 47 60 62 81 86 108 110 111 124 154 171 201 209 234 248 264 265 272 312 330 351 352 364 373 376 388 389 397 
207 39 6 8 10 30 35 37 40 44 47 58 66 68 81 86 106 107 134 165 173 178 193 195 209 217 220 243 248 259 264 285 301 322 329 338 353 362 383 385 394 
208 45 1 16 19 20 21 22 31 35 43 56 73 77 78 81 104 109 119 123 130 134 160 226 230 235 238 245 246 250 265 272 273 274 277 281 286 307 317 326 328 337 338 341 345 364 370 
209 38 7 28 40 54 71 72 91 98 99 105 106 122 123 126 132 144 151 153 171 174 205 206 207 215 218 242 268 275 288 293 294 295 315 333 345 353 358 398 
210 56 10 12 14 20 21 24 26 29 57 58 61 72 92 94 97 115 128 131 134 136 154 178 179 182 193 216 224 225 236 244 247 248 256 261 263 264 280 282 297 299 305 309 320 322 329 330 334 347 350 353 355 358 361 372 377 395 
211 44 27 35 47 76 78 83 99 100 101 124 132 134 139 144 147 150 151 154 155 157 160 175 196 212 229 246 270 275 278 291 296 306 331 338 349 354 355 360 372 373 380 387 389 399 
212 35 2 12 52 82 85 87 92 122 127 160 171 187 197 199 211 220 242 244 258 274 275 288 294 315 327 331 335 354 361 364 376 384 387 391 392 
213 39 5 6 12 32 82 92 101 107 146 153 154 188 199 201 220 227 235 247 248 251 258 260 270 278 302 303 306 309 316 323 329 335 340 353 364 369 370 372 399 
214 38 13 14 19 25 33 36 38 46 47 62 66 71 74 76 92 94 102 108 118 121 141 170 193 202 215 220 239 254 297 316 319 330 334 354 355 367 381 392 
215 51 17 22 34 38 47 59 64 65 67 71 72 83 88 91 93 126 129 147 158 165 173 174 180 186 197 209 214 231 245 268 284 290 293 294 308 311 317 318 335 344 345 348 355 366 367 369 381 392 393 397 398 
216 37 0 2 4 6 16 20 33 36 45 83 85 109 115 116 119 126 138 157 158 187 205 210 217 228 234 246 264 287 305 329 330 335 347 351 375 387 390 
217 40 0 1 5 18 61 69 110 117 118 126 137 139 151 152 162 171 176 182 202 207 216 219 220 222 229 247 268 279 281 287 302 321 322 338 339 347 348 377 391 397 
218 38 12 19 36 37 43 47 48 52 54 57 68 80 150 164 183 192 195 209 226 231 232 233 235 246 254 257 261 283 294 298 302 311 314 322 359 362 370 392 
219 43 7 41 43 72 78 91 103 114 115 118 127 164 179 181 184 197 200 201 217 220 233 240 248 251 252 257 269 280 283 284 285 288 293 304 313 316 321 330 332 348 358 359 395 
220 49 0 12 20 24 29 39 45 49 60 62 73 75 79 84 86 110 122 125 140 154 164 167 172 176 183 185 189 203 207 212 213 214 217 219 235 243 244 245 255 268 287 293 330 335 341 342 348 350 383 
221 32 7 8 13 17 26 37 104 117 137 150 165 172 198 202 226 248 249 272 292 295 299 311 315 328 329 347 348 368 369 386 387 399 
222 38 13 20 23 40 51 55 56 67 68 82 103 118 120 124 125 139 151 158 160 161 168 193 217 227 228 233 242 249 281 307 316 329 345 351 357 370 380 389 
223 33 16 20 22 33 59 66 74 75 80 92 99 100 122 128 136 164 192 201 203 229 238 250 260 262 265 282 292 299 322 333 336 364 367 
224 33 4 7 22 36 56 65 68 69 77 88 95 102 110 122 143 145 174 177 179 181 210 231 259 276 278 280 296 309 316 330 368 376 379 
225 47 5 12 16 18 23 62 75 86 93 97 98 128 137 149 152 162 163 188 201 202 210 227 236 239 250 259 263 267 268 270 283 288 289 292 305 316 328 329 339 344 351 364 368 369 370 381 399 
226 46 3 8 17 23 32 50 51 74 83 84 89 96 103 106 114 121 126 136 138 159 176 183 185 199 208 218 221 248 250 259 263 267 268 271 278 281 282 303 304 308 328 379 383 387 389 391 
227 35 1 10 12 53 61 81 93 96 135 138 154 168 174 182 195 213 222 225 232 244 254 274 282 293 306 317 321 325 330 343 345 352 356 364 392 
228 39 5 14 15 27 34 43 67 73 75 77 88 108 115 116 122 128 142 154 165 175 180 191 205 216 222 229 241 256 294 304 306 316 323 327 342 357 363 366 375 
229 35 2 5 42 53 57 66 69 79 90 99 103 108 121 127 131 147 161 191 204 211 217 223 228 262 285 293 296 302 303 323 324 335 352 370 387 
230 42 2 4 17 20 23 26 29 42 47 59 72 88 92 115 118 119 121 125 141 147 150 179 195 208 254 258 260 286 306 332 343 349 350 354 356 367 372 373 378 389 396 399 
231 43 11 15 29 36 46 60 63 69 71 82 115 117 123 124 125 132 173 177 190 197 205 215 218 224 251 252 258 262 268 270 298 306 334 335 346 352 357 361 370 378 381 388 390 
232 31 10 18 31 74 98 99 102 103 112 125 134 138 142 147 156 161 170 178 218 227 263 285 303 324 343 369 371 373 382 384 392 
233 34 3 16 29 48 56 58 59 69 74 81 82 90 94 105 107 130 131 141 147 152 182 196 218 219 222 239 250 260 270 275 289 297 355 383 
234 37 2 26 40 46 47 48 50 52 64 75 79 80 87 94 104 105 124 140 156 179 185 188 206 216 260 267 268 278 286 302 305 323 350 352 374 378 396 
235 45 2 3 19 25 26 36 43 57 67 73 84 108 115 127 134 144 158 182 192 204 205 208 213 218 220 250 257 262 267 281 286 297 299 310 334 337 340 342 343 350 353 368 371 373 377 
236 39 23 43 46 47 59 73 89 98 105 132 133 145 152 165 174 177 195 199 202 210 225 255 267 272 278 285 289 291 304 323 324 331 347 351 356 370 372 381 394 
237 39 21 27 30 36 61 62 63 91 94 98 118 121 127 132 135 144 154 157 169 172 180 193 197 260 264 266 273 280 288 303 305 306 319 332 349 352 361 364 387 
238 36 6 22 34 56 80 86 93 106 111 126 134 143 208 223 243 259 264 278 285 289 295 296 305 306 314 318 337 344 346 348 351 369 371 377 389 395 
239 39 0 1 4 32 37 38 39 45 53 57 62 72 85 96 105 121 126 131 135 153 155 161 166 168 172 191 214 225 233 253 261 294 299 324 331 357 377 387 395 
240 52 10 12 16 17 19 20 32 33 44 54 55 66 68 70 71 73 85 86 102 104 108 112 113 116 142 144 150 158 165 170 173 178 181 182 201 219 244 245 262 269 279 280 281 290 291 301 310 316 341 364 377 389 
241 42 3 4 36 38 42 62 66 73 74 81 84 92 101 106 120 129 137 158 171 173 175 178 186 188 197 201 228 253 256 267 292 296 302 319 323 339 347 360 363 365 378 383 
242 42 14 43 47 51 55 59 65 77 81 106 110 122 125 140 149 170 173 182 193 198 209 212 222 261 270 273 275 281 299 303 330 336 337 346 348 354 359 363 374 381 391 395 
243 50 11 33 43 48 51 54 59 70 83 91 94 99 101 108 123 126 129 136 166 174 187 191 196 200 207 220 238 249 251 256 263 271 286 290 318 321 324 327 329 341 345 351 354 367 370 372 374 377 397 399 
244 37 15 27 33 36 40 54 69 93 95 121 142 150 155 162 163 172 181 198 210 212 220 227 240 252 261 263 268 286 299 318 325 336 343 361 365 394 399 
245 49 6 17 23 29 42 47 49 53 54 56 64 70 81 87 101 110 131 138 154 163 169 175 182 185 192 194 195 203 208 215 220 240 252 282 283 289 297 299 303 309 316 327 334 337 344 346 352 354 382 
246 37 40 42 63 74 75 79 83 102 103 104 107 114 116 120 121 125 139 140 152 157 159 164 185 186 198 208 211 216 218 271 274 281 289 319 350 380 391 
247 37 22 24 44 52 56 67 68 86 95 96 109 122 123 131 177 196 201 210 213 217 265 271 281 283 290 305 315 317 327 329 332 358 375 376 379 380 382 
248 35 31 37 51 88 155 158 162 180 181 183 186 190 191 206 207 210 213 219 221 226 252 253 311 324 329 332 336 340 350 365 370 371 383 389 398 
249 44 6 8 12 26 34 40 47 59 74 90 130 135 141 146 147 161 170 178 179 188 191 193 221 222 243 251 254 260 265 275 277 289 290 294 300 307 312 315 321 339 347 370 396 397 
250 48 2 6 20 23 39 43 60 77 81 90 92 96 108 109 112 138 143 145 150 160 166 176 196 204 208 223 225 226 233 235 285 301 305 306 314 320 321 335 341 343 344 355 357 369 373 376 398 399 
251 40 13 15 43 45 59 88 90 111 114 132 138 160 164 166 176 181 182 184 193 213 219 231 243 249 254 255 256 298 307 309 313 315 338 339 344 348 360 361 368 398 
252 40 21 26 29 35 42 44 45 67 81 111 112 114 126 140 143 153 162 175 177 184 194 203 219 231 244 245 248 260 267 283 299 314 333 339 347 352 363 367 370 394 
253 32 20 57 59 62 82 83 86 95 114 121 134 139 140 170 239 241 248 255 259 263 269 272 285 302 312 339 341 348 359 376 377 397 
254 42 11 25 32 59 67 94 99 102 117 125 126 143 144 146 152 153 157 168 177 183 205 214 218 227 230 249 251 256 258 289 297 298 310 313 339 343 358 378 383 384 393 397 
255 38 35 39 63 85 92 94 95 109 114 142 164 166 173 174 220 236 251 253 259 268 271 278 300 313 322 326 339 348 354 359 364 366 369 379 380 384 386 398 
256 42 3 6 15 33 40 45 47 49 62 67 86 97 102 120 130 133 150 154 164 168 193 196 200 202 210 228 241 243 251 254 275 283 295 298 309 310 353 354 363 366 373 375 
257 33 20 31 32 36 76 77 92 101 103 145 156 169 178 180 187 218 219 235 271 284 295 302 306 313 326 339 364 367 369 370 390 393 394 
258 40 3 9 10 11 40 41 50 51 53 63 67 72 75 77 80 90 95 97 102 103 105 127 158 174 188 201 202 203 205 212 213 230 231 254 259 261 271 317 326 374 
259 37 44 46 47 51 66 75 88 92 102 103 117 131 150 166 176 179 185 189 207 224 225 226 238 253 255 258 274 277 281 287 288 312 316 348 356 366 373 
260 50 4 6 9 16 22 25 29 30 38 40 41 54 59 62 68 103 105 114 117 149 151 163 167 180 194 213 223 230 233 234 237 249 252 287 291 293 300 304 312 316 323 325 342 349 357 358 360 378 386 396 
261 41 25 36 37 50 51 59 60 110 126 129 132 137 143 148 178 182 186 197 202 210 218 239 242 244 258 279 284 319 325 326 327 329 349 354 357 360 361 363 365 376 396 
262 43 3 4 5 19 22 25 35 38 46 48 69 76 87 90 93 110 112 117 119 120 133 135 144 165 184 223 229 231 235 240 263 271 279 284 287 329 330 359 361 362 373 398 399 
263 47 5 24 32 34 42 43 55 58 70 71 72 91 94 102 142 162 167 182 184 196 200 205 210 225 226 232 243 244 253 262 276 278 279 287 289 300 323 331 335 344 348 349 352 354 363 366 381 
264 45 14 18 32 39 49 52 75 92 95 102 108 113 126 127 131 154 173 174 181 186 202 206 207 210 216 237 238 265 267 270 282 284 289 299 301 303 324 332 339 341 342 357 372 375 387 
265 30 48 52 71 95 105 116 117 126 149 161 162 176 184 190 191 199 206 208 223 247 249 264 279 312 335 348 364 383 389 390 
266 44 3 8 9 12 15 30 35 62 66 68 70 72 79 80 81 121 133 134 139 175 180 184 186 188 237 267 277 290 292 293 295 298 303 306 317 327 328 344 352 360 374 379 393 396 
267 41 0 10 12 23 47 64 85 94 104 111 137 148 149 155 163 167 174 200 202 225 226 234 235 236 241 252 264 266 284 304 307 310 325 332 334 335 340 368 370 382 386 
268 46 5 7 15 28 29 31 34 44 57 58 86 93 98 100 152 153 177 188 202 209 215 217 220 225 226 231 234 244 255 288 292 298 300 302 311 321 322 324 335 344 348 350 360 370 387 397 
269 32 0 18 43 47 48 51 74 94 101 111 113 114 116 131 150 164 174 179 182 204 219 240 253 276 311 312 328 336 347 370 377 382 
270 47 3 24 28 33 34 43 44 47 51 53 67 87 91 95 106 113 124 129 137 138 150 167 178 180 181 201 211 213 225 231 233 242 264 277 280 287 293 302 308 309 315 318 327 328 335 342 367 
271 49 3 5 18 25 27 36 46 50 52 59 72 77 83 86 88 116 119 125 133 135 148 151 154 155 169 174 179 204 226 243 246 247 255 257 258 262 284 285 299 318 326 331 340 368 378 380 385 388 395 
272 35 23 74 86 97 146 148 149 151 152 156 179 180 200 206 208 221 236 253 285 289 302 320 338 339 351 356 361 364 368 370 372 376 377 380 398 
273 39 20 39 44 50 58 63 100 106 107 109 123 131 136 139 142 165 181 191 204 208 237 242 277 278 281 284 289 290 299 303 327 344 359 369 379 385 391 393 396 
274 27 27 34 35 40 90 112 116 157 160 172 180 183 192 208 212 227 246 259 278 285 296 336 342 345 364 375 383 
275 42 20 30 33 34 38 41 42 45 49 51 59 73 84 99 101 117 120 177 183 186 193 199 209 211 212 233 242 249 256 277 289 296 297 299 301 323 326 335 341 342 354 370 
276 37 10 32 46 48 50 69 71 72 75 91 116 127 129 133 138 140 141 154 157 162 175 197 224 263 269 282 287 299 307 314 315 317 329 330 353 394 398 
277 43 44 51 52 54 61 65 74 87 100 101 105 127 130 139 147 157 178 189 196 197 203 208 249 259 266 270 273 275 289 290 303 309 322 343 349 352 357 361 362 370 383 386 393 
278 37 69 91 93 96 100 102 112 114 118 152 156 180 190 195 200 211 213 224 226 234 236 238 255 263 273 274 280 305 308 321 349 351 361 365 372 377 397 
279 47 18 19 28 37 41 47 55 63 65 78 89 103 126 142 147 150 157 162 168 197 217 240 261 262 263 265 294 298 302 304 308 311 316 317 324 338 347 353 360 367 371 375 378 382 387 392 397 
280 38 3 12 63 74 80 86 92 96 111 118 128 131 133 148 156 165 174 181 189 194 210 219 224 237 240 270 278 284 286 298 311 312 347 356 366 381 390 399 
281 42 27 31 47 53 59 60 63 64 65 75 88 95 97 111 133 146 148 152 153 159 202 205 208 217 222 226 235 240 242 246 247 259 273 293 308 336 340 341 350 370 390 398 
282 41 6 11 40 45 48 55 56 65 69 72 81 83 84 94 96 132 135 141 144 172 190 196 210 223 226 227 245 264 276 284 301 302 316 321 324 329 334 356 358 359 382 
283 36 1 6 34 36 59 63 71 80 90 97 101 119 123 156 174 180 205 218 219 225 245 247 252 256 287 288 309 317 336 340 345 370 375 377 392 397 
284 47 5 19 28 32 35 49 53 59 63 65 75 76 79 89 91 95 96 97 101 103 113 114 116 143 150 177 196 200 202 203 215 219 257 261 262 264 267 271 273 280 282 302 344 355 366 376 389 
285 41 0 1 25 67 83 84 109 124 129 163 164 180 184 191 207 219 229 232 236 238 250 253 271 272 274 288 304 311 314 320 329 334 351 364 367 384 386 389 390 395 398 
286 40 3 5 13 14 15 22 29 36 47 58 77 93 98 100 107 119 127 135 149 158 161 204 208 230 234 235 243 244 280 298 299 305 318 323 324 330 353 373 376 383 
287 32 37 39 44 62 75 122 128 141 145 147 157 216 217 220 259 260 262 263 270 276 283 291 298 313 328 338 355 368 379 383 387 396 
288 43 8 10 13 24 38 42 62 66 70 80 87 98 108 119 127 140 143 170 171 172 186 205 209 212 219 225 237 259 268 283 285 290 293 297 301 309 312 320 327 361 377 392 396 
289 40 3 6 24 48 59 74 76 86 87 111 123 156 158 170 175 178 225 233 236 238 245 246 249 254 263 264 272 273 275 277 305 306 307 310 334 340 345 357 389 399 
290 47 7 9 10 15 32 37 59 72 75 79 91 94 97 105 108 111 132 146 156 160 162 172 181 215 240 243 247 249 266 273 277 288 291 292 294 306 314 317 318 340 368 369 375 387 392 393 396 
291 41 2 12 14 17 33 34 40 56 61 94 114 118 120 124 129 161 168 171 187 198 202 205 211 236 240 260 287 290 311 312 317 337 338 355 358 362 363 374 383 386 397 
292 41 1 17 26 83 89 93 95 105 116 119 120 122 123 126 129 134 143 144 164 167 169 205 221 223 225 241 266 268 290 296 301 319 322 344 359 376 386 388 391 394 399 
293 40 8 10 14 31 39 46 98 107 118 125 126 128 136 152 159 164 166 167 174 180 183 193 209 215 219 220 227 229 260 266 270 281 288 299 320 336 344 363 369 388 
294 47 1 22 33 41 42 65 72 80 87 95 106 107 149 152 153 165 172 175 185 191 192 204 205 209 212 215 218 228 239 249 279 290 296 314 315 330 334 335 340 350 351 357 369 385 386 390 399 
295 40 5 16 17 46 58 68 73 81 92 102 107 117 125 126 128 136 138 143 145 146 149 156 159 164 186 209 221 238 256 257 266 312 323 326 358 363 366 374 377 382 
296 39 22 29 50 53 86 92 94 98 131 135 143 149 183 187 191 198 204 211 224 229 238 241 274 275 292 294 297 302 303 308 309 313 331 340 360 367 391 394 399 
297 34 27 45 46 76 85 107 109 113 114 147 174 175 179 183 195 198 210 214 233 235 245 254 275 288 296 301 305 323 347 367 368 374 376 389 
298 33 48 62 68 72 83 95 102 116 120 149 153 156 179 191 202 218 231 251 254 256 266 268 279 280 286 287 299 303 337 355 356 365 370 
299 48 1 7 14 29 34 46 50 61 77 83 101 102 109 110 136 144 151 153 161 165 182 187 198 210 221 223 235 239 242 244 245 252 264 271 273 275 276 286 293 298 300 304 324 348 365 374 386 393 
300 38 20 23 26 32 34 43 54 68 71 106 130 143 149 169 172 177 180 187 198 201 249 255 260 263 268 299 301 305 321 333 339 343 351 362 363 368 383 390 
301 43 9 47 48 51 60 73 76 84 112 115 127 129 137 149 167 177 185 188 195 198 207 240 250 264 275 282 288 292 297 300 309 314 331 334 343 346 352 356 360 362 369 374 378 
302 47 2 4 12 29 37 39 53 69 70 71 73 93 108 114 128 133 153 158 165 198 200 203 213 217 218 229 234 241 253 257 268 270 272 279 282 284 296 305 321 344 352 357 358 367 371 373 391 
303 40 1 13 22 30 32 35 46 57 64 67 92 117 127 134 153 157 158 169 188 213 226 229 232 237 242 245 264 266 273 277 296 298 312 341 367 381 387 388 391 399 
304 41 19 23 27 39 49 53 59 66 71 82 89 106 109 113 118 125 133 147 151 180 183 197 219 226 228 236 260 267 279 285 299 307 331 342 346 354 361 374 375 376 386 
305 41 8 47 59 62 64 82 84 93 110 123 128 134 137 141 142 152 166 187 204 210 216 225 234 237 238 247 250 278 286 289 297 300 302 307 322 326 331 365 372 394 395 
306 42 6 9 23 30 35 38 65 70 72 102 106 107 119 131 141 143 144 147 151 158 164 172 173 211 213 227 228 230 231 237 238 250 257 266 289 290 313 327 333 345 382 392 
307 36 7 18 23 36 42 47 49 60 71 74 75 78 86 88 91 102 127 130 150 173 184 208 222 249 251 267 276 289 304 305 335 343 362 382 396 397 
308 35 1 29 39 59 67 69 70 74 80 90 98 102 136 158 161 167 186 215 226 270 278 279 281 296 309 310 317 320 327 338 345 377 393 395 398 
309 35 1 42 51 64 65 66 67 68 74 101 109 134 142 172 179 185 195 203 210 213 224 245 251 256 270 277 283 288 296 301 308 339 363 379 397 
310 35 16 30 54 72 81 85 95 99 117 145 156 158 185 189 199 202 235 240 254 256 267 289 308 314 323 328 331 334 343 372 378 380 382 385 395 
311 40 11 17 24 32 48 50 51 54 59 71 74 89 108 126 134 138 162 196 198 215 218 221 248 268 269 279 280 285 291 321 322 335 338 348 353 358 362 367 378 391 
312 36 5 7 16 32 34 71 80 109 112 146 155 178 185 196 206 249 253 259 260 265 269 280 288 291 295 303 314 330 341 349 359 373 376 389 393 398 
313 29 2 8 30 41 49 57 60 74 86 98 100 103 143 144 155 156 180 219 251 254 255 257 287 296 306 328 336 359 371 
314 39 22 30 48 50 53 58 68 77 85 86 102 114 124 147 158 167 169 179 188 191 218 238 250 252 276 285 290 294 301 310 312 316 328 345 351 366 380 382 393 
315 37 18 19 64 86 91 92 93 106 113 125 133 135 142 150 167 192 196 199 209 212 221 247 249 251 270 276 294 325 330 334 335 339 348 353 356 361 376 
316 45 19 24 29 41 49 52 54 57 71 80 100 105 123 124 140 155 158 160 166 175 189 204 213 214 219 222 224 225 228 240 245 259 260 279 282 314 320 322 327 331 343 346 355 393 397 
317 47 16 27 33 43 44 52 60 63 79 82 88 107 119 126 141 145 146 151 166 180 185 189 190 193 194 208 215 227 247 258 266 276 279 283 290 291 308 319 334 353 359 361 364 374 377 386 398 
318 42 3 7 10 18 23 26 27 42 61 74 78 90 91 101 102 103 104 117 118 123 132 159 165 171 174 215 238 243 244 270 271 286 290 325 349 350 362 363 375 381 389 393 
319 30 23 33 50 69 84 96 139 152 155 166 167 186 192 214 237 241 246 261 292 317 327 329 333 352 356 357 361 364 369 388 
320 33 10 12 15 21 25 26 27 47 50 54 98 106 113 126 131 161 163 172 173 185 210 250 272 285 288 293 308 316 322 334 376 380 399 
321 40 0 3 24 30 31 43 44 59 68 71 73 76 91 95 107 112 131 138 143 146 155 186 194 197 205 217 219 227 243 249 250 268 278 282 300 302 311 346 351 393 
322 43 11 16 24 43 49 50 52 63 74 77 81 91 92 98 105 117 141 150 151 173 174 177 189 199 207 210 217 218 223 255 268 277 292 305 311 316 320 333 339 342 347 387 397 
323 37 11 21 30 38 48 72 74 79 88 98 105 126 138 145 151 158 165 176 181 204 213 228 229 234 236 241 260 263 275 286 295 297 310 325 327 339 369 
324 44 1 6 16 20 25 46 48 62 69 72 73 74 100 102 130 139 163 166 169 189 190 229 232 236 239 243 248 264 268 279 282 286 299 326 327 332 340 341 368 377 383 385 390 394 
325 32 5 13 24 25 28 37 54 65 113 115 118 138 145 147 178 185 195 227 244 260 261 267 315 318 323 336 338 357 360 363 383 399 
326 43 1 28 43 47 54 71 74 83 87 90 101 102 106 114 115 138 142 146 147 177 192 199 200 201 208 255 257 258 261 271 275 295 305 324 334 338 346 351 357 361 367 381 395 
327 38 4 9 14 27 52 71 72 82 96 151 159 176 182 184 192 198 204 212 228 243 245 247 261 266 270 273 288 306 308 316 319 323 324 334 377 389 396 397 
328 43 18 26 27 33 36 83 89 91 92 101 102 111 120 129 150 153 168 170 171 186 189 192 195 208 221 225 226 266 269 270 287 310 313 314 334 346 349 357 361 363 370 372 385 
329 52 1 10 31 33 38 50 59 60 61 62 63 71 83 102 104 116 126 141 146 147 159 166 173 181 184 186 187 207 210 213 216 221 222 225 243 247 248 261 262 276 282 285 319 337 338 348 357 363 365 374 377 397 
330 37 14 21 49 76 79 84 145 151 159 165 167 173 174 175 182 194 197 206 210 214 216 219 220 224 227 242 262 276 286 294 312 315 350 377 379 388 397 
331 41 1 14 16 42 44 50 56 65 68 71 83 96 99 114 131 142 154 170 171 187 196 211 212 236 239 263 271 296 301 304 305 310 316 332 343 347 352 382 392 393 397 
332 36 3 4 34 37 41 47 72 83 87 99 109 112 122 131 145 172 175 181 197 203 219 230 237 247 248 264 267 324 331 335 337 339 341 346 347 368 
333 36 0 7 8 23 37 48 60 72 75 87 93 116 124 129 131 132 140 188 209 223 252 300 306 319 322 336 341 343 347 357 366 370 372 373 391 397 
334 44 1 8 9 44 49 60 70 84 92 110 114 117 128 132 154 162 167 168 201 210 214 231 235 245 267 282 285 289 294 301 310 315 317 320 326 327 328 336 352 354 360 371 376 396 
335 40 6 22 77 88 98 101 104 121 126 152 154 178 188 190 198 203 212 213 215 216 220 229 231 250 263 265 267 268 270 275 294 307 311 315 332 346 349 365 375 376 
336 43 4 9 12 20 21 24 27 29 45 58 59 60 69 76 90 108 109 128 148 153 158 173 175 176 198 223 242 244 248 269 274 281 283 293 313 325 333 334 341 352 361 363 397 
337 37 9 12 15 16 34 43 54 66 82 89 113 124 129 133 135 138 149 166 175 182 183 208 235 238 242 245 291 298 329 332 346 355 360 369 373 379 386 
338 36 14 19 25 31 32 65 69 78 123 171 181 184 207 208 211 217 251 272 279 287 291 308 311 325 326 329 346 349 356 358 363 367 368 371 372 393 
339 44 10 34 44 47 56 59 62 69 93 129 139 141 143 146 162 169 173 176 179 197 199 217 225 241 249 251 252 253 254 255 257 264 272 300 309 315 322 323 332 340 342 343 351 379 
340 39 28 49 58 63 65 71 94 105 128 131 146 157 180 190 203 213 235 248 267 271 281 283 289 290 294 296 324 339 350 351 360 361 366 376 378 379 394 396 399 
341 36 40 46 62 63 65 74 86 110 118 120 124 156 157 163 190 208 220 240 243 250 253 264 275 281 303 312 324 332 333 336 343 360 365 369 370 372 
342 35 1 13 16 21 28 35 51 58 87 100 104 107 119 132 149 163 183 186 190 202 220 228 235 260 264 270 274 275 304 322 339 361 364 380 398 
343 46 36 50 52 54 61 64 69 79 86 106 112 114 115 117 131 133 146 147 157 159 162 163 180 185 186 194 201 227 230 232 235 244 250 254 277 300 301 307 310 316 331 333 339 341 356 365 
344 40 10 17 34 44 54 67 75 84 95 98 99 108 122 124 141 142 154 156 157 160 161 215 225 238 245 250 251 263 266 268 273 284 292 293 302 359 364 368 376 379 
345 42 4 9 25 31 40 51 55 56 62 70 80 102 105 119 126 131 139 147 150 152 159 175 187 205 208 209 215 222 227 243 274 283 289 306 308 314 354 368 369 375 397 398 
346 48 1 4 15 23 26 29 33 52 54 55 76 77 102 106 110 136 161 165 167 195 200 202 231 238 242 245 301 304 316 321 326 328 332 335 337 338 352 353 355 357 362 363 364 369 380 390 395 397 
347 49 3 20 22 30 35 38 54 72 95 101 102 104 107 110 118 124 126 165 177 178 180 191 200 210 216 217 221 236 241 249 252 269 279 280 297 322 331 332 333 350 351 360 372 375 377 379 380 382 388 
348 44 6 10 30 34 41 55 68 72 90 95 112 116 124 140 141 145 161 179 183 186 194 202 215 217 219 220 221 238 242 251 253 255 259 263 265 268 299 311 315 329 371 381 389 399 
349 48 7 12 17 28 49 62 74 80 81 89 93 96 101 102 103 112 115 120 124 147 148 160 167 172 173 174 183 188 192 196 202 211 230 237 260 261 263 277 278 312 318 328 335 338 352 354 387 396 
350 43 8 12 30 44 48 51 58 59 69 80 94 99 117 123 129 131 140 146 151 158 183 205 210 220 230 234 235 246 248 268 281 294 318 330 340 347 359 361 379 382 387 392 396 
351 50 0 7 8 14 19 27 42 58 83 88 104 120 122 125 128 131 138 142 166 167 173 192 203 206 216 222 225 236 238 243 272 278 285 294 300 314 321 326 339 340 347 353 355 358 359 362 365 373 374 396 
352 44 2 29 33 42 48 56 58 65 90 103 105 106 123 125 131 191 195 199 206 227 229 231 234 237 245 252 263 266 277 301 302 319 331 334 336 346 349 353 358 361 362 371 379 397 
353 41 16 30 33 34 38 57 62 74 76 82 94 105 107 126 142 166 167 170 173 190 207 209 210 213 235 256 276 279 286 311 315 317 346 351 352 363 375 376 386 396 398 
354 45 1 3 19 40 49 61 62 63 71 81 88 89 106 121 138 146 149 157 163 188 193 197 199 202 211 212 214 230 242 243 245 255 256 261 263 275 304 334 345 349 368 380 383 386 390 
355 35 39 48 70 75 91 98 99 116 133 134 135 155 170 177 178 179 199 203 210 211 214 215 233 250 284 287 291 298 316 337 346 351 369 391 398 
356 29 22 39 45 77 87 101 102 133 145 156 171 192 200 227 230 236 259 272 280 282 298 301 315 319 338 343 357 368 375 
357 43 3 20 32 75 86 88 90 91 97 99 115 116 126 129 131 133 137 150 173 191 199 222 228 231 239 250 260 261 264 277 289 294 302 319 325 326 328 329 333 346 356 388 391 
358 32 16 30 41 43 52 128 134 137 144 164 181 196 200 209 210 219 247 254 260 282 291 295 302 311 338 351 352 360 365 367 396 399 
359 33 2 21 22 62 69 71 74 92 121 125 142 175 177 195 198 205 218 219 242 253 255 262 273 282 292 312 313 317 344 350 351 378 396 
360 52 4 12 13 28 37 44 66 77 81 85 86 92 94 106 110 116 119 121 125 128 135 144 149 156 159 163 178 182 184 188 197 200 205 211 241 251 260 261 266 268 279 296 301 325 334 337 340 341 347 358 372 382 
361 48 15 19 20 21 23 27 44 58 59 64 73 77 83 87 118 126 141 146 161 173 174 181 190 192 210 212 231 237 244 251 261 262 272 277 278 288 304 315 317 319 326 328 336 340 342 350 352 380 
362 34 7 11 24 43 48 54 63 67 73 92 117 141 142 145 172 177 179 184 197 207 218 262 277 291 300 301 307 311 318 346 351 352 371 378 
363 37 0 1 16 22 24 51 56 65 76 79 85 115 138 144 170 176 194 228 241 242 252 256 261 263 291 293 295 300 309 318 325 328 329 336 338 346 353 
364 54 18 22 25 26 33 35 45 46 49 58 61 63 69 74 80 86 99 113 114 120 132 151 153 154 162 176 181 183 206 208 212 213 223 225 227 237 240 255 257 265 272 274 285 317 319 342 344 346 368 375 377 382 396 399 
365 41 6 7 19 32 38 45 64 70 82 87 93 98 104 113 118 124 179 191 195 202 241 244 248 261 278 298 299 305 329 335 341 343 351 358 367 369 376 381 392 396 398 
366 44 22 25 27 32 35 43 45 51 58 68 73 86 90 92 93 107 125 127 141 143 146 149 151 158 159 163 166 174 195 204 215 228 255 256 259 263 280 284 295 314 333 340 387 398 
367 40 15 36 44 50 52 79 86 90 92 117 140 149 158 179 186 188 198 214 215 223 230 243 252 257 270 279 285 296 297 302 303 311 326 338 358 365 368 389 395 396 
368 43 8 20 50 65 67 69 77 82 92 96 98 103 104 105 124 126 159 189 191 194 198 221 224 225 235 251 267 271 272 287 290 297 300 324 332 338 344 345 354 356 364 367 374 
369 53 1 4 13 17 20 22 27 32 36 37 39 44 59 69 85 86 87 96 120 148 160 170 186 193 213 215 221 225 232 238 250 255 257 273 290 293 294 301 319 323 337 341 345 346 355 365 371 372 374 375 382 383 396 
370 47 1 12 27 28 41 44 45 51 75 101 102 130 133 135 143 171 174 179 181 195 208 213 218 222 225 229 231 236 243 248 249 252 257 267 268 269 272 275 277 281 283 298 328 333 341 375 395 
371 36 4 8 16 29 32 43 51 71 82 87 115 119 138 152 154 182 193 198 202 232 235 238 248 279 302 313 334 338 348 352 362 369 379 380 382 386 
372 41 1 23 24 27 28 35 51 93 110 120 121 137 157 174 187 193 199 201 210 211 213 230 236 243 264 272 278 305 310 328 333 338 341 347 360 369 374 382 389 396 397 
373 47 10 22 28 30 37 43 44 54 69 85 94 102 108 109 122 124 136 138 140 144 145 150 155 156 159 163 192 202 206 211 230 232 235 250 256 259 262 286 302 312 333 337 351 374 382 383 399 
374 43 1 12 22 27 31 55 65 68 73 107 112 113 121 122 151 155 163 164 165 167 171 189 192 199 234 242 243 258 266 291 295 297 299 301 304 317 329 351 368 369 372 373 386 
375 47 3 24 44 53 56 62 75 83 85 87 89 92 111 114 118 120 121 129 132 151 157 166 172 185 200 202 216 228 247 256 264 274 279 283 290 304 318 335 345 347 353 356 364 369 370 392 396 
376 38 8 13 14 27 35 69 73 133 137 156 159 161 180 188 206 212 224 247 250 253 261 272 284 286 292 297 304 312 315 320 334 335 340 344 353 365 381 396 
377 41 0 5 9 12 19 41 43 46 50 53 94 126 134 149 157 180 186 194 196 210 217 235 238 239 240 243 253 269 272 278 283 288 295 308 317 324 327 329 330 347 364 
378 53 8 13 22 25 27 29 49 53 62 68 84 86 88 89 95 102 107 109 111 117 118 119 121 137 153 158 167 173 178 181 191 196 198 200 205 230 231 234 241 254 260 271 279 301 310 311 340 359 362 381 384 391 397 
379 36 9 15 48 60 61 70 79 85 100 108 109 126 134 138 148 168 180 199 224 226 247 255 266 273 287 309 330 337 339 340 344 347 350 352 371 391 
380 34 3 10 14 34 54 80 82 108 117 130 151 160 169 173 184 185 190 211 222 246 247 255 271 272 310 314 320 342 346 347 354 361 371 395 
381 46 8 10 13 14 18 34 35 38 50 52 56 60 72 108 111 116 126 128 140 141 146 150 153 156 157 165 172 205 214 215 225 231 236 242 263 280 303 318 326 348 365 376 378 390 397 398 
382 43 18 20 29 38 60 62 75 89 90 118 127 131 134 135 149 150 164 166 179 188 196 232 245 247 267 269 279 282 295 306 307 310 314 331 347 350 360 364 369 371 372 373 392 
383 39 17 32 46 54 74 75 80 88 114 120 129 135 155 164 172 196 198 207 220 226 233 241 248 254 265 274 277 286 287 291 300 324 325 354 369 373 385 389 397 
384 25 38 44 59 83 117 120 127 130 135 145 152 157 177 179 182 185 190 193 200 212 232 254 255 285 378 
385 29 19 22 34 52 55 70 72 76 89 97 98 99 130 132 133 149 160 173 181 192 207 271 273 294 310 324 328 383 399 
386 46 6 12 14 23 28 31 33 37 38 40 45 59 60 65 74 99 101 111 139 153 158 159 160 179 192 196 200 204 221 255 260 267 277 285 291 292 294 299 304 317 337 353 354 371 374 398 
387 36 22 59 75 79 84 88 94 115 123 124 134 137 149 150 152 158 183 194 211 212 216 221 226 229 237 239 264 268 279 287 290 303 322 349 350 366 
388 23 3 19 27 79 87 89 99 100 160 166 183 189 199 206 231 271 292 293 303 319 330 347 357 
389 39 9 20 22 27 39 65 67 77 82 91 118 122 152 153 155 165 196 197 206 211 222 226 230 238 240 248 265 284 285 289 297 312 318 327 348 367 372 383 392 
390 27 2 5 22 27 58 102 141 155 167 183 186 189 216 231 257 265 280 281 285 294 300 324 346 354 381 396 398 
391 39 7 18 19 30 38 47 50 56 65 73 95 98 109 110 114 130 133 137 142 144 149 169 177 212 217 226 242 246 273 292 296 302 303 311 333 355 357 378 379 
392 42 2 3 13 30 37 43 46 56 61 62 65 93 106 110 117 120 127 148 164 165 167 177 188 194 200 212 214 215 218 227 232 279 283 288 290 306 331 350 365 375 382 389 
393 40 6 8 9 21 39 49 51 52 57 59 73 79 116 121 123 127 138 143 148 173 176 180 181 190 215 254 257 266 273 277 290 299 308 312 314 316 318 321 331 338 
394 32 0 10 38 40 53 61 62 69 75 92 98 105 108 111 116 137 147 159 178 185 207 236 244 252 257 276 292 296 305 324 340 398 
395 35 0 13 22 23 46 48 63 75 95 134 135 160 163 169 177 182 188 191 196 202 210 219 238 239 242 271 285 305 308 310 326 346 367 370 380 
396 49 0 3 11 12 15 23 38 55 63 67 77 123 143 145 163 167 172 185 188 189 201 230 234 249 260 261 266 273 287 288 290 307 327 334 340 349 350 351 353 358 359 364 365 367 369 372 375 376 390 
397 49 4 6 22 27 28 34 41 43 56 62 64 69 73 83 94 98 104 114 159 204 206 215 217 243 249 253 254 268 278 279 283 291 307 309 316 322 327 329 330 331 333 336 345 346 352 372 378 381 383 
398 46 19 26 45 61 66 69 82 83 88 89 95 99 106 107 122 129 133 140 142 158 195 205 209 215 248 250 251 255 262 272 276 281 285 308 312 317 342 345 353 355 365 366 381 386 390 394 
399 39 6 24 25 37 45 47 79 80 100 149 156 158 172 185 190 202 211 213 221 225 230 243 244 250 262 280 289 292 294 296 303 320 325 340 348 358 364 373 385 
