400 1218
0 5 60 181 222 289 349 
1 4 127 206 306 375 
2 5 7 26 64 329 338 
3 8 131 155 183 201 253 289 299 395 
4 6 67 81 273 289 299 375 
5 6 60 116 153 155 156 334 
6 4 9 97 126 201 
7 5 2 38 181 191 202 
8 5 62 160 324 357 375 
9 8 6 22 58 93 169 262 272 344 
10 7 36 39 128 178 202 322 359 
11 4 75 225 231 265 
12 9 31 86 133 178 190 199 200 252 270 
13 6 92 100 108 185 220 273 
14 5 38 60 154 283 328 
15 3 51 110 184 
16 4 21 56 206 349 
17 6 57 103 206 290 300 374 
18 4 103 268 296 311 
19 7 33 38 54 94 281 299 386 
20 7 71 83 89 98 294 358 399 
21 11 16 55 76 126 152 175 202 224 227 306 373 
22 7 9 40 66 121 130 209 328 
23 4 96 142 305 358 
24 1 164 
25 2 67 382 
26 9 2 102 141 170 298 308 341 355 393 
27 3 108 185 295 
28 4 97 108 131 252 
29 6 103 120 129 199 270 359 
30 8 45 47 59 69 97 124 147 168 
31 6 12 40 45 115 135 307 
32 6 35 75 133 136 185 191 
33 6 19 143 177 214 231 277 
34 9 62 91 110 248 251 262 274 348 367 
35 5 32 217 226 256 354 
36 8 10 106 119 120 170 175 265 387 
37 7 129 148 271 321 322 349 379 
38 12 7 14 19 88 94 164 249 317 346 352 369 386 
39 9 10 68 78 127 182 268 350 376 377 
40 8 22 31 152 224 249 296 300 303 
41 7 127 154 189 202 235 250 287 
42 9 117 124 135 164 243 251 307 312 372 
43 7 99 182 219 223 243 338 356 
44 3 71 140 224 
45 9 30 31 152 177 241 267 288 309 382 
46 5 219 265 277 279 392 
47 5 30 104 246 260 261 
48 7 86 152 231 252 267 393 394 
49 4 91 200 240 284 
50 3 127 252 315 
51 8 15 73 88 133 138 263 267 375 
52 6 59 214 215 224 257 310 
53 8 78 123 159 173 233 235 343 378 
54 7 19 109 158 162 169 206 332 
55 5 21 79 249 333 356 
56 8 16 116 142 150 179 218 243 317 
57 4 17 134 185 390 
58 3 9 213 337 
59 9 30 52 198 225 244 250 269 312 377 
60 4 0 5 14 180 
61 3 297 299 321 
62 7 8 34 176 187 308 332 364 
63 6 110 113 126 193 315 330 
64 3 2 392 397 
65 4 134 197 246 334 
66 6 22 95 140 173 346 381 
67 6 4 25 80 91 262 313 
68 8 39 138 153 170 189 269 270 384 
69 9 30 126 127 152 171 212 229 259 388 
70 6 76 97 209 264 271 355 
71 14 20 44 108 165 193 222 248 252 304 306 319 329 337 342 
72 6 188 235 242 311 350 384 
73 7 51 113 161 257 292 347 399 
74 4 90 157 340 381 
75 4 11 32 246 310 
76 6 21 70 121 185 219 350 
77 11 131 159 162 171 175 183 239 333 348 361 364 
78 5 39 53 111 222 236 
79 8 55 129 153 200 253 287 309 377 
80 4 67 91 197 351 
81 7 4 83 107 169 202 220 230 
82 5 89 172 199 258 327 
83 6 20 81 99 160 210 217 
84 9 119 168 209 239 250 274 283 295 346 
85 6 159 183 186 214 309 389 
86 9 12 48 98 165 178 234 308 326 359 
87 4 134 168 179 287 
88 7 38 51 95 130 159 168 270 
89 7 20 82 136 153 188 291 345 
90 7 74 125 159 187 262 306 311 
91 7 34 49 67 80 161 176 252 
92 6 13 131 249 257 397 399 
93 9 9 156 218 308 364 366 373 382 384 
94 10 19 38 181 189 218 256 302 318 324 368 
95 4 66 88 97 158 
96 3 23 102 309 
97 11 6 28 30 70 95 109 198 245 276 280 360 
98 6 20 86 113 119 171 355 
99 9 43 83 107 109 119 203 246 272 361 
100 9 13 108 163 189 249 255 279 322 371 
101 4 109 234 246 312 
102 9 26 96 124 149 209 210 229 258 263 
103 9 17 18 29 117 164 214 252 328 396 
104 4 47 107 258 288 
105 3 136 182 352 
106 6 36 258 259 292 294 324 
107 6 81 99 104 214 277 323 
108 13 13 27 28 71 100 117 134 199 217 252 326 343 377 
109 9 54 97 99 101 209 228 244 301 336 
110 9 15 34 63 136 149 186 291 307 395 
111 8 78 145 166 184 319 382 395 399 
112 5 205 247 250 256 329 
113 5 63 73 98 116 225 
114 4 118 217 280 392 
115 6 31 120 202 272 285 398 
116 7 5 56 113 156 217 355 369 
117 8 42 103 108 119 172 230 307 310 
118 7 114 139 158 233 288 322 329 
119 10 36 84 98 99 117 179 217 224 267 354 
120 3 29 36 115 
121 3 22 76 229 
122 5 176 189 190 256 352 
123 3 53 189 248 
124 10 30 42 102 160 176 188 219 227 376 383 
125 4 90 291 310 341 
126 10 6 21 63 69 147 213 263 355 388 397 
127 7 1 39 41 50 69 338 359 
128 3 10 249 334 
129 5 29 37 79 183 322 
130 4 22 88 190 315 
131 10 3 28 77 92 150 219 245 250 376 395 
132 7 157 185 258 272 320 341 356 
133 5 12 32 51 240 328 
134 8 57 65 87 108 252 273 311 354 
135 9 31 42 164 187 191 212 222 360 375 
136 7 32 89 105 110 138 189 380 
137 5 142 183 328 348 373 
138 7 51 68 136 153 342 361 392 
139 1 118 
140 7 44 66 179 247 252 289 311 
141 4 26 275 280 315 
142 8 23 56 137 258 330 331 354 358 
143 6 33 147 162 210 318 336 
144 3 303 345 356 
145 4 111 290 291 399 
146 2 183 327 
147 6 30 126 143 172 235 281 
148 2 37 227 
149 8 102 110 160 289 290 310 351 397 
150 5 56 131 230 358 379 
151 3 259 267 393 
152 8 21 40 45 48 69 240 318 341 
153 7 5 68 79 89 138 190 309 
154 7 14 41 197 214 215 310 361 
155 5 3 5 163 302 331 
156 10 5 93 116 166 185 198 224 257 302 380 
157 5 74 132 260 280 374 
158 9 54 95 118 188 233 245 249 291 380 
159 8 53 77 85 88 90 189 227 243 
160 9 8 83 124 149 178 231 244 287 370 
161 3 73 91 296 
162 10 54 77 143 171 179 249 255 306 354 358 
163 3 100 155 383 
164 15 24 38 42 103 135 165 181 196 238 248 267 329 353 379 385 
165 6 71 86 164 175 286 302 
166 5 111 156 171 273 315 
167 3 321 391 393 
168 7 30 84 87 88 185 224 289 
169 6 9 54 81 233 308 378 
170 7 26 36 68 325 334 350 361 
171 6 69 77 98 162 166 295 
172 5 82 117 147 226 394 
173 4 53 66 186 224 
174 2 221 396 
175 6 21 36 77 165 210 295 
176 5 62 91 122 124 374 
177 4 33 45 183 223 
178 8 10 12 86 160 312 334 347 394 
179 10 56 87 119 140 162 183 188 200 210 243 
180 5 60 182 240 250 280 
181 8 0 7 94 164 235 291 301 342 
182 7 39 43 105 180 215 266 369 
183 10 3 77 85 129 137 146 177 179 212 274 
184 7 15 111 277 301 365 395 396 
185 10 13 27 32 57 76 132 156 168 341 366 
186 9 85 110 173 250 259 264 285 305 349 
187 8 62 90 135 226 227 307 327 363 
188 9 72 89 124 158 179 207 243 327 338 
189 12 41 68 94 100 122 123 136 159 286 288 294 395 
190 7 12 122 130 153 205 379 391 
191 6 7 32 135 242 283 323 
192 1 301 
193 4 63 71 231 388 
194 2 234 324 
195 6 280 288 294 322 336 389 
196 5 164 201 261 310 354 
197 7 65 80 154 205 220 259 319 
198 6 59 97 156 202 290 371 
199 6 12 29 82 108 279 352 
200 5 12 49 79 179 274 
201 4 3 6 196 229 
202 10 7 10 21 41 81 115 198 207 272 352 
203 4 99 221 305 350 
204 6 219 242 263 265 275 356 
205 8 112 190 197 237 321 347 363 399 
206 6 1 16 17 54 231 247 
207 3 188 202 378 
208 5 210 225 323 351 354 
209 10 22 70 84 102 109 220 237 277 334 373 
210 9 83 102 143 175 179 208 260 364 371 
211 2 236 379 
212 4 69 135 183 314 
213 3 58 126 398 
214 7 33 52 85 103 107 154 311 
215 9 52 154 182 218 220 226 285 291 384 
216 2 323 338 
217 9 35 83 108 114 116 119 223 260 301 
218 8 56 93 94 215 223 274 374 382 
219 10 43 46 76 124 131 204 241 252 281 387 
220 7 13 81 197 209 215 327 352 
221 2 174 203 
222 7 0 71 78 135 243 284 335 
223 9 43 177 217 218 269 298 313 323 349 
224 11 21 40 44 52 119 156 168 173 233 357 390 
225 8 11 59 113 208 282 335 353 379 
226 7 35 172 187 215 239 241 319 
227 6 21 124 148 159 187 319 
228 2 109 234 
229 7 69 102 121 201 268 270 363 
230 9 81 117 150 291 295 298 342 354 355 
231 8 11 33 48 160 193 206 274 371 
232 2 317 375 
233 7 53 118 158 169 224 244 273 
234 7 86 101 194 228 263 313 366 
235 7 41 53 72 147 181 310 313 
236 3 78 211 348 
237 4 205 209 335 391 
238 1 164 
239 8 77 84 226 274 305 325 332 373 
240 5 49 133 152 180 283 
241 7 45 219 226 367 368 375 384 
242 5 72 191 204 261 388 
243 8 42 43 56 159 179 188 222 351 
244 4 59 109 160 233 
245 4 97 131 158 261 
246 6 47 65 75 99 101 340 
247 8 112 140 206 284 300 327 345 370 
248 8 34 71 123 164 259 312 325 365 
249 8 38 40 55 92 100 128 158 162 
250 9 41 59 84 112 131 180 186 281 347 
251 4 34 42 357 387 
252 13 12 28 48 50 71 91 103 108 134 140 219 332 367 
253 4 3 79 285 343 
254 2 266 300 
255 3 100 162 280 
256 6 35 94 112 122 312 329 
257 9 52 73 92 156 276 293 336 368 399 
258 6 82 102 104 106 132 142 
259 6 69 106 151 186 197 248 
260 5 47 157 210 217 335 
261 6 47 196 242 245 264 394 
262 5 9 34 67 90 287 
263 6 51 102 126 204 234 312 
264 4 70 186 261 369 
265 6 11 36 46 204 313 321 
266 3 182 254 298 
267 7 45 48 51 119 151 164 341 
268 5 18 39 229 340 382 
269 4 59 68 223 394 
270 5 12 29 68 88 229 
271 4 37 70 307 309 
272 6 9 99 115 132 202 353 
273 8 4 13 134 166 233 356 358 379 
274 7 34 84 183 200 218 231 239 
275 3 141 204 293 
276 5 97 257 295 345 364 
277 7 33 46 107 184 209 336 380 
278 3 291 347 394 
279 5 46 100 199 284 397 
280 10 97 114 141 157 180 195 255 324 356 360 
281 5 19 147 219 250 335 
282 3 225 351 392 
283 5 14 84 191 240 306 
284 7 49 222 247 279 331 339 369 
285 8 115 186 215 253 304 318 340 372 
286 5 165 189 291 310 374 
287 8 41 79 87 160 262 313 316 323 
288 5 45 104 118 189 195 
289 7 0 3 4 140 149 168 322 
290 6 17 145 149 198 339 361 
291 11 89 110 125 145 158 181 215 230 278 286 337 
292 3 73 106 322 
293 4 257 275 296 316 
294 6 20 106 189 195 315 398 
295 9 27 84 171 175 230 276 335 376 391 
296 5 18 40 161 293 323 
297 2 61 345 
298 5 26 223 230 266 385 
299 6 3 4 19 61 338 392 
300 6 17 40 247 254 353 361 
301 6 109 181 184 192 217 358 
302 4 94 155 156 165 
303 3 40 144 309 
304 2 71 285 
305 5 23 186 203 239 341 
306 7 1 21 71 90 162 283 351 
307 9 31 42 110 117 187 271 349 363 393 
308 5 26 62 86 93 169 
309 8 45 79 85 96 153 271 303 339 
310 10 52 75 117 125 149 154 196 235 286 317 
311 6 18 72 90 134 140 214 
312 7 42 59 101 178 248 256 263 
313 6 67 223 234 235 265 287 
314 2 212 339 
315 7 50 63 130 141 166 294 385 
316 5 287 293 340 372 388 
317 4 38 56 232 310 
318 4 94 143 152 285 
319 5 71 111 197 226 227 
320 4 132 321 337 364 
321 6 37 61 167 205 265 320 
322 8 10 37 100 118 129 195 289 292 
323 9 107 191 208 216 223 287 296 352 373 
324 5 8 94 106 194 280 
325 4 170 239 248 336 
326 4 86 108 353 380 
327 7 82 146 187 188 220 247 379 
328 6 14 22 103 133 137 366 
329 6 2 71 112 118 164 256 
330 3 63 142 343 
331 4 142 155 284 362 
332 5 54 62 239 252 350 
333 4 55 77 335 367 
334 10 5 65 128 170 178 209 337 381 390 393 
335 7 222 225 237 260 281 295 333 
336 8 109 143 195 257 277 325 361 381 
337 8 58 71 291 320 334 349 369 385 
338 9 2 43 127 188 216 299 353 368 377 
339 6 284 290 309 314 355 375 
340 5 74 246 268 285 316 
341 8 26 125 132 152 185 267 305 355 
342 6 71 138 181 230 352 367 
343 6 53 108 253 330 374 392 
344 2 9 355 
345 6 89 144 247 276 297 358 
346 3 38 66 84 
347 5 73 178 205 250 278 
348 4 34 77 137 236 
349 9 0 16 37 186 223 307 337 373 378 
350 6 39 72 76 170 203 332 
351 6 80 149 208 243 282 306 
352 9 38 105 122 199 202 220 323 342 396 
353 7 164 225 272 300 326 338 396 
354 9 35 119 134 142 162 196 208 230 364 
355 9 26 70 98 116 126 230 339 341 344 
356 7 43 55 132 144 204 273 280 
357 3 8 224 251 
358 10 20 23 142 150 162 273 301 345 364 365 
359 5 10 29 86 127 399 
360 3 97 135 280 
361 8 77 99 138 154 170 290 300 336 
362 1 331 
363 6 187 205 229 307 369 396 
364 8 62 77 93 210 276 320 354 358 
365 3 184 248 358 
366 4 93 185 234 328 
367 6 34 241 252 333 342 385 
368 4 94 241 257 338 
369 7 38 116 182 264 284 337 363 
370 2 160 247 
371 4 100 198 210 231 
372 4 42 285 316 373 
373 9 21 93 137 209 239 323 349 372 397 
374 7 17 157 176 218 286 343 375 
375 10 1 4 8 51 135 232 241 339 374 396 
376 4 39 124 131 295 
377 5 39 59 79 108 338 
378 7 53 169 207 349 381 385 388 
379 8 37 150 164 190 211 225 273 327 
380 5 136 156 158 277 326 
381 5 66 74 334 336 378 
382 7 25 45 93 111 218 268 383 
383 3 124 163 382 
384 5 68 72 93 215 241 
385 7 164 298 315 337 367 378 389 
386 2 19 38 
387 3 36 219 251 
388 7 69 126 193 242 316 378 391 
389 3 85 195 385 
390 3 57 224 334 
391 6 167 190 237 295 388 393 
392 7 46 64 114 138 282 299 343 
393 8 26 48 151 167 307 334 391 395 
394 6 48 172 178 261 269 278 
395 7 3 110 111 131 184 189 393 
396 8 103 174 184 352 353 363 375 397 
397 7 64 92 126 149 279 373 396 
398 3 115 213 294 
399 8 20 73 92 111 145 205 257 359 
