400 1087
0 4 81 173 175 333 
1 6 13 283 303 309 324 329 
2 5 7 13 29 250 390 
3 5 32 85 262 270 396 
4 4 28 82 140 241 
5 5 81 178 213 271 284 
6 4 56 207 238 249 
7 12 2 28 30 55 58 85 101 205 209 221 299 333 
8 2 77 119 
9 5 260 266 301 327 334 
10 4 75 83 198 207 
11 3 97 258 396 
12 5 165 183 213 220 386 
13 4 1 2 71 116 
14 9 17 91 140 151 158 293 327 338 386 
15 8 76 154 181 200 244 286 346 396 
16 7 34 35 38 107 109 233 310 
17 4 14 36 100 135 
18 1 74 
19 5 140 338 365 377 391 
20 2 210 275 
21 7 78 119 142 158 173 323 393 
22 8 53 84 105 114 215 363 369 397 
23 5 226 245 306 319 395 
24 6 63 79 116 184 247 375 
25 6 26 103 118 254 364 378 
26 4 25 42 98 210 
27 10 50 92 166 198 244 274 320 336 372 374 
28 7 4 7 31 34 38 118 325 
29 13 2 81 158 168 202 210 220 252 296 308 336 346 382 
30 8 7 112 140 143 207 260 275 373 
31 7 28 58 113 182 232 248 374 
32 2 3 36 
33 6 76 115 119 214 240 352 
34 7 16 28 51 97 274 332 353 
35 6 16 178 186 207 303 376 
36 5 17 32 218 237 286 
37 1 182 
38 6 16 28 92 347 381 394 
39 5 56 88 117 170 308 
40 4 85 104 222 256 
41 6 96 103 260 294 316 332 
42 3 26 275 294 
43 2 107 371 
44 8 115 137 165 207 240 247 350 375 
45 3 239 256 386 
46 3 90 174 303 
47 8 83 99 149 259 305 320 339 399 
48 12 75 116 125 128 139 151 181 183 243 262 276 289 
49 1 245 
50 7 27 78 117 234 261 311 377 
51 5 34 258 269 277 393 
52 5 58 109 140 169 175 
53 8 22 55 56 91 94 156 314 377 
54 7 130 167 172 243 245 310 316 
55 7 7 53 149 151 157 197 282 
56 8 6 39 53 136 151 331 375 397 
57 4 108 141 171 187 
58 4 7 31 52 210 
59 9 83 149 271 283 305 308 321 387 393 
60 2 121 170 
61 2 82 291 
62 6 168 288 324 345 349 353 
63 8 24 94 118 283 329 340 341 362 
64 2 124 192 
65 7 93 131 140 215 224 338 392 
66 6 89 194 214 223 309 360 
67 3 156 192 362 
68 4 90 103 298 314 
69 4 108 282 338 376 
70 3 91 164 245 
71 4 13 106 214 263 
72 2 324 333 
73 5 98 104 228 236 397 
74 12 18 133 223 233 241 246 249 269 309 324 353 359 
75 8 10 48 123 223 259 287 290 375 
76 4 15 33 86 346 
77 5 8 152 250 322 335 
78 5 21 50 98 129 208 
79 8 24 120 153 177 229 343 393 399 
80 5 96 218 288 312 380 
81 6 0 5 29 164 227 295 
82 6 4 61 115 174 190 213 
83 8 10 47 59 134 163 216 285 298 
84 5 22 144 171 330 334 
85 6 3 7 40 135 151 267 
86 4 76 148 161 307 
87 3 167 294 365 
88 6 39 101 110 224 378 383 
89 5 66 177 191 311 388 
90 4 46 68 274 283 
91 6 14 53 70 119 138 278 
92 9 27 38 147 214 223 257 322 334 360 
93 4 65 286 333 339 
94 3 53 63 138 
95 5 109 119 258 270 294 
96 6 41 80 133 176 227 368 
97 4 11 34 225 256 
98 12 26 73 78 268 288 296 323 335 344 355 368 397 
99 5 47 102 112 243 385 
100 4 17 132 268 324 
101 3 7 88 245 
102 5 99 254 278 299 326 
103 7 25 41 68 112 219 222 229 
104 10 40 73 111 162 208 221 267 318 368 397 
105 7 22 146 190 236 277 323 353 
106 4 71 117 150 392 
107 6 16 43 130 233 317 398 
108 5 57 69 151 193 381 
109 8 16 52 95 250 297 304 336 378 
110 5 88 159 262 372 391 
111 7 104 152 160 165 170 251 328 
112 7 30 99 103 116 274 301 321 
113 4 31 181 270 297 
114 5 22 124 260 269 291 
115 7 33 44 82 184 188 301 387 
116 7 13 24 48 112 271 348 357 
117 7 39 50 106 217 303 343 380 
118 10 25 28 63 136 186 219 222 230 291 304 
119 9 8 21 33 91 95 170 288 360 371 
120 3 79 186 298 
121 5 60 229 253 360 393 
122 5 220 223 292 332 344 
123 3 75 273 292 
124 9 64 114 196 206 333 344 348 349 365 
125 6 48 126 127 134 220 254 
126 5 125 239 252 279 381 
127 5 125 180 258 276 384 
128 4 48 228 340 381 
129 7 78 153 241 276 291 292 328 
130 6 54 107 184 256 277 385 
131 7 65 132 239 264 280 352 382 
132 6 100 131 149 190 191 318 
133 7 74 96 140 183 190 205 315 
134 8 83 125 149 292 311 358 377 382 
135 6 17 85 227 249 282 384 
136 4 56 118 203 293 
137 3 44 221 372 
138 6 91 94 177 193 276 363 
139 6 48 173 191 266 273 339 
140 9 4 14 19 30 52 65 133 234 276 
141 3 57 165 305 
142 6 21 155 176 192 244 391 
143 5 30 147 194 252 295 
144 5 84 155 156 211 313 
145 5 150 257 325 330 373 
146 2 105 290 
147 6 92 143 169 211 215 306 
148 4 86 198 267 272 
149 8 47 55 59 132 134 188 296 360 
150 5 106 145 221 240 259 
151 10 14 48 55 56 85 108 211 322 327 380 
152 7 77 111 236 278 281 319 335 
153 4 79 129 294 364 
154 3 15 211 227 
155 5 142 144 157 248 267 
156 5 53 67 144 234 313 
157 5 55 155 192 340 381 
158 10 14 21 29 222 248 258 306 308 316 323 
159 6 110 293 329 330 345 360 
160 6 111 211 316 349 369 395 
161 6 86 173 232 286 308 346 
162 5 104 225 263 276 334 
163 6 83 225 260 285 342 360 
164 5 70 81 223 306 358 
165 9 12 44 111 141 176 178 215 221 392 
166 3 27 250 317 
167 7 54 87 292 293 301 330 390 
168 4 29 62 227 239 
169 5 52 147 172 292 300 
170 6 39 60 111 119 242 328 
171 4 57 84 209 318 
172 5 54 169 237 290 309 
173 6 0 21 139 161 264 378 
174 5 46 82 202 330 349 
175 7 0 52 188 195 228 245 337 
176 7 96 142 165 220 226 251 265 
177 6 79 89 138 322 347 395 
178 7 5 35 165 261 289 378 394 
179 2 219 298 
180 3 127 260 283 
181 8 15 48 113 184 240 244 273 332 
182 4 31 37 251 269 
183 7 12 48 133 226 275 296 297 
184 5 24 115 130 181 265 
185 4 220 226 343 394 
186 4 35 118 120 275 
187 5 57 201 216 331 345 
188 3 115 149 175 
189 1 193 
190 5 82 105 132 133 399 
191 5 89 132 139 285 352 
192 7 64 67 142 157 274 326 327 
193 5 108 138 189 249 384 
194 5 66 143 197 363 392 
195 2 175 359 
196 3 124 263 386 
197 2 55 194 
198 7 10 27 148 299 300 311 371 
199 3 213 354 374 
200 1 15 
201 5 187 258 300 326 343 
202 12 29 174 217 236 258 264 267 268 346 349 354 373 
203 4 136 220 252 258 
204 3 250 273 305 
205 6 7 133 258 291 321 350 
206 3 124 312 376 
207 5 6 10 30 35 44 
208 5 78 104 246 273 317 
209 5 7 171 295 333 353 
210 5 20 26 29 58 355 
211 9 144 147 151 154 160 291 296 306 399 
212 3 288 387 391 
213 5 5 12 82 199 278 
214 4 33 66 71 92 
215 8 22 65 147 165 311 345 369 392 
216 2 83 187 
217 6 117 202 222 321 338 339 
218 3 36 80 283 
219 7 103 118 179 220 248 280 304 
220 8 12 29 122 125 176 185 203 219 
221 7 7 104 137 150 165 315 347 
222 7 40 103 118 158 217 307 389 
223 8 66 74 75 92 122 164 265 336 
224 4 65 88 330 376 
225 5 97 162 163 267 344 
226 7 23 176 183 185 250 282 391 
227 5 81 96 135 154 168 
228 5 73 128 175 256 363 
229 5 79 103 121 296 303 
230 4 118 286 332 356 
231 0 
232 2 31 161 
233 3 16 74 107 
234 6 50 140 156 278 286 374 
235 2 353 368 
236 6 73 105 152 202 267 381 
237 6 36 172 266 305 306 364 
238 5 6 278 289 295 369 
239 7 45 126 131 168 261 294 357 
240 4 33 44 150 181 
241 6 4 74 129 253 302 378 
242 3 170 275 391 
243 7 48 54 99 271 318 327 399 
244 5 15 27 142 181 263 
245 6 23 49 54 70 101 175 
246 3 74 208 281 
247 5 24 44 271 290 376 
248 9 31 155 158 219 252 311 324 340 350 
249 6 6 74 135 193 254 289 
250 8 2 77 109 166 204 226 335 373 
251 3 111 176 182 
252 6 29 126 143 203 248 283 
253 4 121 241 269 359 
254 4 25 102 125 249 
255 4 300 326 364 398 
256 9 40 45 97 130 228 283 310 373 375 
257 3 92 145 339 
258 9 11 51 95 127 158 201 202 203 205 
259 4 47 75 150 356 
260 9 9 30 41 114 163 180 287 358 378 
261 7 50 178 239 284 326 327 396 
262 4 3 48 110 359 
263 7 71 162 196 244 352 363 381 
264 3 131 173 202 
265 3 176 184 223 
266 8 9 139 237 267 277 295 360 374 
267 11 85 104 148 155 202 225 236 266 284 304 334 
268 7 98 100 202 300 311 322 335 
269 6 51 74 114 182 253 311 
270 4 3 95 113 315 
271 5 5 59 116 243 247 
272 4 148 368 370 376 
273 6 123 139 181 204 208 379 
274 5 27 34 90 112 192 
275 6 20 30 42 183 186 242 
276 7 48 127 129 138 140 162 317 
277 4 51 105 130 266 
278 9 91 102 152 213 234 238 365 372 397 
279 5 126 298 308 311 360 
280 3 131 219 312 
281 4 152 246 293 370 
282 5 55 69 135 226 382 
283 8 1 59 63 90 180 218 252 256 
284 3 5 261 267 
285 6 83 163 191 288 311 395 
286 7 15 36 93 161 230 234 318 
287 3 75 260 291 
288 7 62 80 98 119 212 285 327 
289 6 48 178 238 249 357 389 
290 6 75 146 172 247 292 317 
291 9 61 114 118 129 205 211 287 317 338 
292 9 122 123 129 134 167 169 290 301 322 
293 7 14 136 159 167 281 320 363 
294 6 41 42 87 95 153 239 
295 8 81 143 209 238 266 312 374 377 
296 7 29 98 149 183 211 229 391 
297 4 109 113 183 301 
298 6 68 83 120 179 279 299 
299 6 7 102 198 298 304 348 
300 8 169 198 201 255 268 305 363 368 
301 7 9 112 115 167 292 297 314 
302 3 241 321 391 
303 5 1 35 46 117 229 
304 6 109 118 219 267 299 307 
305 7 47 59 141 204 237 300 372 
306 8 23 147 158 164 211 237 313 382 
307 3 86 222 304 
308 7 29 39 59 158 161 279 338 
309 4 1 66 74 172 
310 5 16 54 256 334 395 
311 12 50 89 134 198 215 248 268 269 279 285 353 378 
312 7 80 206 280 295 314 373 376 
313 4 144 156 306 336 
314 5 53 68 301 312 328 
315 4 133 221 270 335 
316 4 41 54 158 160 
317 7 107 166 208 276 290 291 364 
318 5 104 132 171 243 286 
319 4 23 152 327 361 
320 4 27 47 293 399 
321 5 59 112 205 217 302 
322 7 77 92 151 177 268 292 333 
323 4 21 98 105 158 
324 7 1 62 72 74 100 248 385 
325 4 28 145 357 399 
326 7 102 192 201 255 261 346 381 
327 11 9 14 151 192 243 261 288 319 334 389 397 
328 6 111 129 170 314 346 349 
329 3 1 63 159 
330 6 84 145 159 167 174 224 
331 2 56 187 
332 6 34 41 122 181 230 346 
333 8 0 7 72 93 124 209 322 357 
334 7 9 84 92 162 267 310 327 
335 7 77 98 152 250 268 315 349 
336 6 27 29 109 223 313 361 
337 2 175 386 
338 9 14 19 65 69 217 291 308 368 372 
339 5 47 93 139 217 257 
340 7 63 128 157 248 376 396 399 
341 2 63 370 
342 1 163 
343 4 79 117 185 201 
344 4 98 122 124 225 
345 4 62 159 187 215 
346 9 15 29 76 161 202 326 328 332 364 
347 6 38 177 221 360 372 388 
348 3 116 124 299 
349 8 62 124 160 174 202 328 335 396 
350 4 44 205 248 379 
351 0 
352 5 33 131 191 263 361 
353 7 34 62 74 105 209 235 311 
354 3 199 202 383 
355 2 98 210 
356 3 230 259 357 
357 7 116 239 289 325 333 356 391 
358 3 134 164 260 
359 4 74 195 253 262 
360 10 66 92 119 121 149 159 163 266 279 347 
361 3 319 336 352 
362 2 63 67 
363 7 22 138 194 228 263 293 300 
364 6 25 153 237 255 317 346 
365 4 19 87 124 278 
366 0 
367 0 
368 7 96 98 104 235 272 300 338 
369 7 22 160 215 238 371 372 382 
370 3 272 281 341 
371 5 43 119 198 369 380 
372 8 27 110 137 278 305 338 347 369 
373 6 30 145 202 250 256 312 
374 7 27 31 199 234 266 295 386 
375 5 24 44 56 75 256 
376 9 35 69 206 224 247 272 312 340 396 
377 5 19 50 53 134 295 
378 11 25 88 109 173 178 241 260 311 381 384 397 
379 2 273 350 
380 4 80 117 151 371 
381 9 38 108 126 128 157 236 263 326 378 
382 6 29 131 134 282 306 369 
383 2 88 354 
384 4 127 135 193 378 
385 3 99 130 324 
386 7 12 14 45 196 337 374 398 
387 3 59 115 212 
388 2 89 347 
389 3 222 289 327 
390 3 2 167 398 
391 9 19 110 142 212 226 242 296 302 357 
392 5 65 106 165 194 215 
393 5 21 51 59 79 121 
394 3 38 178 185 
395 5 23 160 177 285 310 
396 7 3 11 15 261 340 349 376 
397 8 22 56 73 98 104 278 327 378 
398 4 107 255 386 390 
399 8 47 79 190 211 243 320 325 340 
