40 152
0 6 2 5 7 8 17 25 
1 12 2 6 7 9 11 14 19 25 26 27 34 39 
2 10 0 1 6 8 12 15 24 29 31 37 
3 5 13 14 20 31 37 
4 3 19 33 35 
5 6 0 10 11 12 17 38 
6 7 1 2 7 18 23 25 29 
7 12 0 1 6 11 15 21 25 26 30 33 37 38 
8 9 0 2 12 13 15 17 19 20 21 
9 6 1 11 14 24 26 32 
10 11 5 14 15 17 18 19 25 27 29 36 37 
11 10 1 5 7 9 19 23 26 27 28 33 
12 11 2 5 8 25 28 29 31 34 36 37 39 
13 9 3 8 17 21 27 30 32 37 38 
14 9 1 3 9 10 15 21 26 27 36 
15 7 2 7 8 10 14 26 34 
16 3 27 33 34 
17 7 0 5 8 10 13 29 38 
18 11 6 10 19 22 25 26 27 32 35 36 37 
19 10 1 4 8 10 11 18 27 31 35 37 
20 4 3 8 30 39 
21 9 7 8 13 14 29 31 32 33 36 
22 2 18 26 
23 5 6 11 24 28 36 
24 6 2 9 23 29 33 37 
25 7 0 1 6 7 10 12 18 
26 10 1 7 9 11 14 15 18 22 29 38 
27 11 1 10 11 13 14 16 18 19 34 37 39 
28 4 11 12 23 30 
29 10 2 6 10 12 17 21 24 26 37 39 
30 6 7 13 20 28 34 35 
31 7 2 3 12 19 21 34 36 
32 6 9 13 18 21 34 37 
33 8 4 7 11 16 21 24 35 39 
34 9 1 12 15 16 27 30 31 32 37 
35 5 4 18 19 30 33 
36 7 10 12 14 18 21 23 31 
37 13 2 3 7 10 12 13 18 19 24 27 29 32 34 
38 5 5 7 13 17 26 
39 6 1 12 20 27 29 33 
