40 92
0 2 4 7 
1 3 15 23 38 
2 2 6 9 
3 4 10 15 22 29 
4 8 0 17 27 28 29 30 37 39 
5 4 20 22 36 37 
6 3 2 7 26 
7 5 0 6 22 24 31 
8 2 9 34 
9 5 2 8 15 27 36 
10 4 3 16 28 33 
11 4 14 31 32 33 
12 6 17 18 21 26 27 34 
13 2 29 31 
14 4 11 17 27 29 
15 8 1 3 9 20 26 27 30 35 
16 5 10 19 26 27 33 
17 4 4 12 14 30 
18 2 12 20 
19 1 16 
20 5 5 15 18 26 36 
21 3 12 27 37 
22 5 3 5 7 32 33 
23 1 1 
24 1 7 
25 3 29 31 33 
26 9 6 12 15 16 20 27 29 34 38 
27 10 4 9 12 14 15 16 21 26 31 32 
28 5 4 10 29 36 38 
29 11 3 4 13 14 25 26 28 31 33 36 39 
30 5 4 15 17 35 39 
31 7 7 11 13 25 27 29 39 
32 3 11 22 27 
33 7 10 11 16 22 25 29 35 
34 6 8 12 26 36 37 39 
35 4 15 30 33 37 
36 7 5 9 20 28 29 34 37 
37 6 4 5 21 34 35 36 
38 3 1 26 28 
39 5 4 29 30 31 34 
