40 68
0 4 5 7 8 25 
1 5 2 6 9 19 25 
2 2 1 31 
3 3 13 20 37 
4 0 
5 2 0 10 
6 6 1 7 18 23 25 29 
7 7 0 6 11 15 21 37 38 
8 6 0 12 13 15 17 21 
9 2 1 32 
10 7 5 18 19 25 29 36 37 
11 5 7 23 27 28 33 
12 2 8 39 
13 5 3 8 21 27 32 
14 2 15 36 
15 3 7 8 14 
16 2 27 34 
17 1 8 
18 5 6 10 19 25 36 
19 5 1 10 18 27 37 
20 1 3 
21 7 7 8 13 29 31 32 33 
22 1 26 
23 4 6 11 24 28 
24 3 23 33 37 
25 5 0 1 6 10 18 
26 1 22 
27 6 11 13 16 19 37 39 
28 2 11 23 
29 4 6 10 21 39 
30 1 34 
31 3 2 21 34 
32 3 9 13 21 
33 4 11 21 24 35 
34 3 16 30 31 
35 1 33 
36 3 10 14 18 
37 6 3 7 10 19 24 27 
38 1 7 
39 3 12 27 29 
