40 120
0 6 2 5 7 8 17 25 
1 8 2 6 9 14 19 25 26 34 
2 5 0 1 15 29 31 
3 4 13 14 20 37 
4 1 19 
5 5 0 10 11 12 17 
6 6 1 7 18 23 25 29 
7 11 0 6 11 15 21 25 26 30 33 37 38 
8 8 0 12 13 15 17 19 20 21 
9 6 1 11 14 24 26 32 
10 9 5 15 17 18 19 25 29 36 37 
11 7 5 7 9 23 27 28 33 
12 8 5 8 25 29 34 36 37 39 
13 8 3 8 21 27 30 32 37 38 
14 7 1 3 9 15 21 26 36 
15 7 2 7 8 10 14 26 34 
16 3 27 33 34 
17 4 0 5 8 10 
18 10 6 10 19 22 25 27 32 35 36 37 
19 8 1 4 8 10 18 27 31 37 
20 4 3 8 30 39 
21 8 7 8 13 14 29 31 32 33 
22 2 18 26 
23 5 6 11 24 28 36 
24 5 9 23 29 33 37 
25 7 0 1 6 7 10 12 18 
26 7 1 7 9 14 15 22 29 
27 7 11 13 16 18 19 37 39 
28 2 11 23 
29 8 2 6 10 12 21 24 26 39 
30 5 7 13 20 34 35 
31 5 2 19 21 34 36 
32 5 9 13 18 21 37 
33 6 7 11 16 21 24 35 
34 7 1 12 15 16 30 31 37 
35 3 18 30 33 
36 6 10 12 14 18 23 31 
37 11 3 7 10 12 13 18 19 24 27 32 34 
38 2 7 13 
39 4 12 20 27 29 
