420 1365
0 6 81 173 175 333 396 411 
1 9 188 263 283 289 304 309 384 390 406 
2 3 210 350 388 
3 6 25 202 210 336 363 417 
4 4 60 88 161 395 
5 6 78 113 168 171 184 349 
6 11 33 87 118 129 300 302 327 330 333 357 373 
7 7 65 69 81 159 193 328 370 
8 0 
9 9 80 86 121 147 154 284 292 407 416 
10 1 285 
11 7 38 62 176 332 350 380 387 
12 3 146 217 262 
13 7 109 142 216 265 276 283 418 
14 9 47 58 106 180 258 285 304 348 390 
15 9 46 96 117 118 121 190 192 316 393 
16 5 98 103 162 181 197 
17 2 115 273 
18 7 47 160 179 358 385 397 411 
19 3 26 209 274 
20 8 56 97 120 136 151 301 371 408 
21 7 41 62 71 172 320 326 354 
22 7 162 181 242 255 331 374 390 
23 8 31 99 162 236 290 315 392 407 
24 5 148 258 272 309 365 
25 5 3 83 295 337 411 
26 12 19 50 96 126 172 188 224 226 254 257 261 341 
27 6 156 282 359 369 403 411 
28 12 30 62 106 118 146 156 192 291 319 322 365 386 
29 8 49 64 162 215 270 339 389 405 
30 3 28 142 171 
31 7 23 149 189 228 232 327 353 
32 5 78 142 188 276 365 
33 7 6 37 58 247 255 276 372 
34 5 60 265 284 333 354 
35 1 207 
36 6 95 244 350 384 397 419 
37 7 33 61 69 98 141 151 289 
38 6 11 44 63 181 215 413 
39 7 40 197 216 231 253 269 285 
40 5 39 167 190 209 378 
41 7 21 193 264 363 385 413 416 
42 6 78 111 118 210 221 246 
43 5 88 105 235 292 376 
44 6 38 130 262 278 328 333 
45 15 64 110 125 144 204 231 272 281 284 295 307 337 339 399 418 
46 6 15 59 72 215 333 378 
47 7 14 18 161 188 227 344 371 
48 6 50 59 116 345 356 364 
49 11 29 62 110 122 173 204 213 233 239 380 410 
50 10 26 48 96 97 132 135 197 337 355 418 
51 10 111 148 176 185 190 261 263 318 328 334 
52 6 71 144 146 152 192 277 
53 6 108 123 303 347 364 369 
54 4 57 90 120 136 
55 3 136 349 415 
56 10 20 174 186 208 211 224 290 296 363 412 
57 4 54 111 300 302 
58 4 14 33 148 362 
59 10 46 48 122 158 179 183 187 264 268 288 
60 10 4 34 94 95 140 151 152 173 270 338 
61 6 37 215 253 262 337 346 
62 11 11 21 28 49 103 157 187 292 312 321 407 
63 5 38 102 230 266 296 
64 7 29 45 81 140 153 348 364 
65 7 7 134 225 308 364 369 402 
66 4 91 93 166 247 
67 3 84 192 241 
68 8 158 278 287 335 339 369 378 384 
69 6 7 37 158 166 327 388 
70 13 129 139 147 152 155 175 178 215 230 259 265 308 353 
71 10 21 52 105 107 140 141 169 172 257 291 
72 4 46 142 204 332 
73 7 84 156 169 253 284 321 363 
74 4 250 283 307 359 
75 9 129 174 179 185 201 247 323 393 417 
76 5 142 244 307 313 375 
77 4 170 229 245 268 
78 8 5 32 42 164 193 246 315 328 
79 4 149 176 335 339 
80 4 9 115 131 247 
81 6 0 7 64 103 116 262 
82 7 97 224 286 295 342 351 357 
83 6 25 129 283 288 392 406 
84 4 67 73 191 268 
85 4 129 138 282 301 
86 6 9 108 284 351 360 394 
87 6 6 127 139 165 349 397 
88 7 4 43 113 119 222 223 352 
89 6 168 178 317 329 351 353 
90 5 54 166 209 260 401 
91 3 66 232 263 
92 11 249 269 277 304 316 325 336 349 378 383 393 
93 4 66 198 340 386 
94 3 60 197 253 
95 3 36 60 148 
96 13 15 26 50 131 155 176 203 250 285 304 392 395 402 
97 9 20 50 82 110 257 308 354 367 413 
98 9 16 37 143 193 222 265 309 355 396 
99 5 23 122 152 209 242 
100 4 165 195 298 382 
101 5 145 189 231 267 419 
102 6 63 261 308 315 347 389 
103 7 16 62 81 143 246 356 375 
104 7 109 117 122 127 208 285 360 
105 6 43 71 204 231 251 397 
106 7 14 28 172 173 200 309 312 
107 9 71 136 145 167 173 178 207 344 348 
108 6 53 86 150 236 403 416 
109 7 13 104 170 179 321 369 407 
110 12 45 49 97 138 175 212 262 295 298 306 367 380 
111 9 42 51 57 200 214 218 336 408 419 
112 4 206 242 318 361 
113 6 5 88 221 245 352 385 
114 6 184 187 256 296 308 338 
115 6 17 80 209 228 407 417 
116 12 48 81 178 241 252 256 257 273 308 309 316 402 
117 5 15 104 134 392 405 
118 9 6 15 28 42 131 233 304 382 400 
119 4 88 208 323 375 
120 11 20 54 136 177 219 225 307 342 357 358 394 
121 7 9 15 221 286 293 314 337 
122 11 49 59 99 104 125 140 247 272 288 360 390 
123 6 53 128 169 170 297 385 
124 5 133 140 155 265 364 
125 9 45 122 174 213 232 279 298 303 412 
126 5 26 141 174 276 358 
127 4 87 104 156 346 
128 6 123 206 228 272 288 371 
129 11 6 70 75 83 85 168 238 256 331 338 404 
130 4 44 269 288 311 
131 8 80 96 118 170 281 310 349 417 
132 6 50 151 167 219 366 378 
133 7 124 139 197 240 355 356 411 
134 4 65 117 228 319 
135 5 50 142 210 215 258 
136 10 20 54 55 107 120 145 276 318 322 413 
137 3 274 343 348 
138 6 85 110 233 341 399 405 
139 7 70 87 133 235 254 273 395 
140 10 60 64 71 122 124 161 194 305 310 363 
141 9 37 71 126 188 230 233 257 271 287 
142 10 13 30 32 72 76 135 215 285 377 393 
143 5 98 103 291 382 401 
144 6 45 52 180 336 385 415 
145 5 101 107 136 262 410 
146 12 12 28 52 178 260 286 296 344 346 354 361 404 
147 7 9 70 299 335 336 351 366 
148 10 24 51 58 95 185 290 323 343 369 385 
149 7 31 79 174 228 250 288 404 
150 7 108 173 186 244 249 371 406 
151 12 20 37 60 132 163 220 238 251 274 295 336 419 
152 10 52 60 70 99 204 256 258 295 301 374 
153 5 64 206 297 298 364 
154 7 9 234 306 307 315 344 404 
155 7 70 96 124 203 208 220 383 
156 7 27 28 73 127 240 248 419 
157 3 62 243 352 
158 7 59 68 69 200 346 399 418 
159 2 7 339 
160 6 18 169 194 243 371 390 
161 8 4 47 140 195 202 235 252 344 
162 9 16 22 23 29 193 199 224 238 309 
163 4 151 261 286 334 
164 6 78 166 194 283 299 344 
165 6 87 100 169 350 362 373 
166 9 66 69 90 164 239 295 299 328 387 
167 5 40 107 132 271 289 
168 7 5 89 129 211 260 281 282 
169 8 71 73 123 160 165 215 384 390 
170 7 77 109 123 131 258 309 403 
171 4 5 30 293 308 
172 7 21 26 71 106 176 190 416 
173 8 0 49 60 106 107 150 205 213 
174 7 56 75 125 126 149 326 383 
175 5 0 70 110 233 300 
176 9 11 51 79 96 172 186 238 239 367 
177 3 120 260 278 
178 8 70 89 107 116 146 203 232 403 
179 6 18 59 75 109 270 393 
180 3 14 144 415 
181 8 16 22 38 232 233 244 304 346 
182 2 250 270 
183 6 59 270 315 357 383 400 
184 13 5 114 218 236 255 277 283 286 287 365 368 373 392 
185 6 51 75 148 201 233 239 
186 8 56 150 176 193 216 248 309 395 
187 7 59 62 114 196 226 255 410 
188 7 1 26 32 47 141 218 243 
189 5 31 101 266 293 337 
190 7 15 40 51 172 276 314 334 
191 3 84 297 376 
192 9 15 28 52 67 194 199 209 302 378 
193 9 7 41 78 98 162 186 251 255 328 
194 5 140 160 164 192 249 
195 7 100 161 260 281 315 339 362 
196 3 187 265 334 
197 10 16 39 50 94 133 211 228 229 281 354 
198 6 93 250 278 281 310 334 
199 2 162 192 
200 6 106 111 158 263 276 295 
201 6 75 185 214 296 348 419 
202 4 3 161 371 417 
203 5 96 155 178 266 343 
204 9 45 49 72 105 152 207 228 239 348 
205 2 173 342 
206 7 112 128 153 236 305 339 346 
207 6 35 107 204 286 332 356 
208 4 56 104 119 155 
209 6 19 40 90 99 115 192 
210 7 2 3 42 135 314 322 410 
211 6 56 168 197 273 345 360 
212 6 110 215 329 376 415 416 
213 7 49 125 173 268 343 354 360 
214 6 111 201 229 281 314 377 
215 10 29 38 46 61 70 135 142 169 212 386 
216 7 13 39 186 232 293 308 362 
217 6 12 276 312 359 368 386 
218 5 111 184 188 239 258 
219 3 120 132 383 
220 4 151 155 326 345 
221 10 42 113 121 233 260 319 332 348 358 412 
222 3 88 98 250 
223 3 88 249 287 
224 7 26 56 82 162 227 228 297 
225 4 65 120 235 325 
226 4 26 187 362 388 
227 8 47 224 234 268 296 323 386 388 
228 10 31 115 128 134 149 197 204 224 303 333 
229 4 77 197 214 411 
230 7 63 70 141 292 321 363 383 
231 9 39 45 101 105 239 281 282 284 351 
232 9 31 91 125 178 181 216 264 393 404 
233 9 49 118 138 141 175 181 185 221 236 
234 5 154 227 339 349 367 
235 9 43 139 161 225 248 262 304 324 354 
236 10 23 108 184 206 233 268 279 290 303 409 
237 2 353 360 
238 4 129 151 162 176 
239 11 49 166 176 185 204 218 231 307 309 315 409 
240 4 133 156 265 356 
241 3 67 116 397 
242 3 22 99 112 
243 9 157 160 188 335 342 367 388 398 401 
244 6 36 76 150 181 275 346 
245 4 77 113 271 348 
246 5 42 78 103 304 408 
247 7 33 66 75 80 122 383 406 
248 5 156 186 235 319 355 
249 6 92 150 194 223 270 417 
250 7 74 96 149 182 198 222 388 
251 8 105 151 193 252 264 289 397 418 
252 5 116 161 251 321 342 
253 6 39 61 73 94 280 323 
254 5 26 139 316 378 381 
255 8 22 33 184 187 193 303 334 346 
256 6 114 116 129 152 282 387 
257 9 26 71 97 116 141 269 325 383 388 
258 9 14 24 135 152 170 218 271 300 375 
259 3 70 285 392 
260 7 90 146 168 177 195 221 392 
261 7 26 51 102 163 268 282 337 
262 9 12 44 61 81 110 145 235 319 410 
263 7 1 51 91 200 332 338 399 
264 9 41 59 232 251 290 315 338 397 400 
265 9 13 34 70 98 124 196 240 292 369 
266 4 63 189 203 307 
267 3 101 349 415 
268 10 59 77 84 213 227 236 261 322 356 408 
269 6 39 92 130 257 323 412 
270 7 29 60 179 182 183 249 407 
271 7 141 167 245 258 318 364 406 
272 9 24 45 122 128 279 314 339 394 402 
273 6 17 116 139 211 276 279 
274 4 19 137 151 405 
275 4 244 338 347 400 
276 11 13 32 33 126 136 190 200 217 273 316 391 
277 7 52 92 184 336 369 379 383 
278 8 44 68 177 198 365 385 388 417 
279 4 125 236 272 273 
280 2 253 407 
281 11 45 131 168 195 197 198 214 231 317 329 345 
282 8 27 85 168 231 256 261 317 349 
283 8 1 13 74 83 164 184 290 403 
284 9 9 34 45 73 86 231 329 340 405 
285 7 10 14 39 96 104 142 259 
286 6 82 121 146 163 184 207 
287 7 68 141 184 223 346 412 413 
288 10 59 83 122 128 130 149 292 347 383 394 
289 11 1 37 167 251 301 331 358 386 389 402 416 
290 7 23 56 148 236 264 283 406 
291 6 28 71 143 320 398 410 
292 7 9 43 62 230 265 288 396 
293 6 121 171 189 216 309 360 
294 1 337 
295 13 25 45 82 110 151 152 166 200 297 337 351 373 375 
296 7 56 63 114 146 201 227 389 
297 7 123 153 191 224 295 299 355 
298 5 100 110 125 153 376 
299 5 147 164 166 297 333 
300 8 6 57 175 258 321 343 373 392 
301 7 20 85 152 289 347 372 388 
302 6 6 57 192 365 400 405 
303 7 53 125 228 236 255 365 374 
304 9 1 14 92 96 118 181 235 246 360 
305 2 140 206 
306 3 110 154 375 
307 9 45 74 76 120 154 239 266 343 405 
308 10 65 70 97 102 114 116 171 216 364 388 
309 13 1 24 98 106 116 162 170 186 239 293 399 403 406 
310 5 131 140 198 315 372 
311 4 130 333 398 410 
312 6 62 106 217 336 392 399 
313 3 76 357 383 
314 6 121 190 210 214 272 390 
315 11 23 78 102 154 183 195 239 264 310 336 343 
316 9 15 92 116 254 276 351 365 378 419 
317 3 89 281 282 
318 4 51 112 136 271 
319 7 28 134 221 248 262 326 345 
320 2 21 291 
321 6 62 73 109 230 252 300 
322 4 28 136 210 268 
323 8 75 119 148 227 253 269 372 381 
324 4 235 336 356 403 
325 7 92 225 257 378 380 384 391 
326 5 21 174 220 319 373 
327 5 6 31 69 348 388 
328 8 7 44 51 78 166 193 337 352 
329 7 89 212 281 284 377 379 414 
330 1 6 
331 4 22 129 289 332 
332 7 11 72 207 221 263 331 372 
333 9 0 6 34 44 46 228 299 311 401 
334 6 51 163 190 196 198 255 
335 5 68 79 147 243 339 
336 11 3 92 111 144 147 151 277 312 315 324 359 
337 10 25 45 50 61 121 189 261 294 295 328 
338 6 60 114 129 263 264 275 
339 10 29 45 68 79 159 195 206 234 272 335 
340 3 93 284 365 
341 2 26 138 
342 5 82 120 205 243 252 
343 8 137 148 203 213 300 307 315 359 
344 8 47 107 146 154 161 164 393 410 
345 5 48 211 220 281 319 
346 10 61 127 146 158 181 206 244 255 287 384 
347 5 53 102 275 288 301 
348 9 14 64 107 137 201 204 221 245 327 
349 11 5 55 87 92 131 234 267 282 360 394 406 
350 5 2 11 36 165 375 
351 7 82 86 89 147 231 295 316 
352 4 88 113 157 328 
353 5 31 70 89 237 390 
354 8 21 34 97 146 197 213 235 388 
355 6 50 98 133 248 297 401 
356 7 48 103 133 207 240 268 324 
357 5 6 82 120 183 313 
358 7 18 120 126 221 289 373 405 
359 5 27 74 217 336 343 
360 10 86 104 122 211 213 237 293 304 349 416 
361 3 112 146 375 
362 6 58 165 195 216 226 366 
363 6 3 41 56 73 140 230 
364 8 48 53 64 65 124 153 271 308 
365 10 24 28 32 184 278 302 303 316 340 380 
366 7 132 147 362 367 373 382 389 
367 7 97 110 176 234 243 366 392 
368 2 184 217 
369 8 27 53 65 68 109 148 265 277 
370 1 7 
371 7 20 47 128 150 160 202 391 
372 5 33 301 310 323 332 
373 8 6 165 184 295 300 326 358 366 
374 3 22 152 303 
375 8 76 103 119 258 295 306 350 361 
376 5 43 191 212 298 414 
377 4 142 214 329 416 
378 10 40 46 68 92 132 192 254 316 325 418 
379 2 277 329 
380 6 11 49 110 325 365 391 
381 3 254 323 399 
382 5 100 118 143 366 412 
383 11 92 155 174 183 219 230 247 257 277 288 313 
384 7 1 36 68 169 325 346 395 
385 8 18 41 113 123 144 148 278 415 
386 8 28 93 215 217 227 289 407 419 
387 4 11 166 256 399 
388 13 2 69 226 227 243 250 257 278 301 308 327 354 406 
389 5 29 102 289 296 366 
390 8 1 14 22 122 160 169 314 353 
391 4 276 325 371 380 
392 10 23 83 96 117 184 259 260 300 312 367 
393 7 15 75 92 142 179 232 344 
394 5 86 120 272 288 349 
395 6 4 96 139 186 384 399 
396 3 0 98 292 
397 7 18 36 87 105 241 251 264 
398 3 243 291 311 
399 9 45 138 158 263 309 312 381 387 395 
400 6 118 183 264 275 302 416 
401 5 90 143 243 333 355 
402 5 65 96 116 272 289 
403 7 27 108 170 178 283 309 324 
404 5 129 146 149 154 232 
405 8 29 117 138 274 284 302 307 358 
406 9 1 83 150 247 271 290 309 349 388 
407 9 9 23 62 109 115 270 280 386 416 
408 4 20 111 246 268 
409 2 236 239 
410 8 49 145 187 210 262 291 311 344 
411 6 0 18 25 27 133 229 
412 6 56 125 221 269 287 382 
413 5 38 41 97 136 287 
414 2 329 376 
415 6 55 144 180 212 267 385 
416 10 9 41 108 172 212 289 360 377 400 407 
417 8 3 75 115 131 202 249 278 419 
418 6 13 45 50 158 251 378 
419 9 36 101 111 151 156 201 316 386 417 
