420 1093
0 5 81 173 175 333 411 
1 8 263 283 289 304 309 384 390 406 
2 3 210 350 388 
3 6 25 202 210 336 363 417 
4 3 60 161 395 
5 5 78 113 171 184 349 
6 9 87 118 129 300 302 327 330 357 373 
7 7 65 69 81 159 193 328 370 
8 0 
9 8 80 86 147 154 284 292 407 416 
10 1 285 
11 4 38 176 380 387 
12 3 146 217 262 
13 5 142 216 265 276 283 
14 7 47 106 180 258 285 348 390 
15 9 46 96 117 118 121 190 192 316 393 
16 3 98 162 197 
17 1 115 
18 4 160 358 385 397 
19 2 209 274 
20 8 56 97 120 136 151 301 371 408 
21 7 41 62 71 172 320 326 354 
22 7 162 181 242 255 331 374 390 
23 6 31 99 162 290 392 407 
24 5 148 258 272 309 365 
25 5 3 83 295 337 411 
26 9 50 96 172 224 226 254 257 261 341 
27 6 156 282 359 369 403 411 
28 9 30 62 106 146 156 192 291 319 386 
29 7 49 162 215 270 339 389 405 
30 3 28 142 171 
31 6 23 189 228 232 327 353 
32 4 78 142 188 365 
33 5 37 58 247 255 372 
34 4 60 265 284 333 
35 1 207 
36 4 95 350 397 419 
37 5 33 69 98 151 289 
38 6 11 44 63 181 215 413 
39 4 40 197 231 253 
40 3 39 190 378 
41 5 21 264 363 385 413 
42 4 78 111 118 246 
43 5 88 105 235 292 376 
44 5 38 130 262 278 328 
45 14 64 110 125 144 204 231 272 281 284 295 307 339 399 418 
46 4 15 59 72 378 
47 4 14 188 227 371 
48 5 50 116 345 356 364 
49 7 29 110 122 173 204 233 239 
50 9 26 48 96 97 132 135 197 355 418 
51 7 148 185 190 261 263 328 334 
52 4 146 152 192 277 
53 5 108 123 303 347 369 
54 3 90 120 136 
55 3 136 349 415 
56 9 20 174 186 211 224 290 296 363 412 
57 0 
58 2 33 148 
59 8 46 122 158 179 183 187 264 288 
60 9 4 34 94 140 151 152 173 270 338 
61 1 337 
62 9 21 28 103 157 187 292 312 321 407 
63 4 38 102 230 266 
64 6 45 81 140 153 348 364 
65 5 7 134 308 364 402 
66 3 93 166 247 
67 3 84 192 241 
68 3 278 378 384 
69 5 7 37 158 166 327 
70 9 129 139 147 152 155 175 230 265 353 
71 7 21 105 141 169 172 257 291 
72 3 46 204 332 
73 6 84 156 169 253 284 363 
74 4 250 283 307 359 
75 7 129 179 185 201 323 393 417 
76 4 142 244 307 375 
77 2 170 268 
78 8 5 32 42 164 193 246 315 328 
79 3 149 176 339 
80 4 9 115 131 247 
81 5 0 7 64 103 262 
82 4 97 224 295 342 
83 6 25 129 283 288 392 406 
84 4 67 73 191 268 
85 4 129 138 282 301 
86 6 9 108 284 351 360 394 
87 4 6 139 165 397 
88 3 43 119 223 
89 5 168 178 317 329 353 
90 5 54 166 209 260 401 
91 2 232 263 
92 11 249 269 277 304 316 325 336 349 378 383 393 
93 3 66 340 386 
94 3 60 197 253 
95 2 36 148 
96 11 15 26 50 131 155 176 203 285 392 395 402 
97 8 20 50 82 257 308 354 367 413 
98 8 16 37 143 193 265 309 355 396 
99 5 23 122 152 209 242 
100 4 165 195 298 382 
101 4 145 189 231 419 
102 5 63 261 315 347 389 
103 6 62 81 143 246 356 375 
104 7 109 117 122 127 208 285 360 
105 5 43 71 204 251 397 
106 4 14 28 173 312 
107 5 136 145 167 344 348 
108 5 53 86 150 236 403 
109 4 104 170 321 407 
110 11 45 49 138 175 212 262 295 298 306 367 380 
111 5 42 218 336 408 419 
112 2 206 318 
113 5 5 221 245 352 385 
114 5 184 187 256 296 308 
115 6 17 80 209 228 407 417 
116 10 48 241 252 256 257 273 308 309 316 402 
117 5 15 104 134 392 405 
118 7 6 15 42 131 233 304 382 
119 3 88 208 323 
120 10 20 54 136 177 219 307 342 357 358 394 
121 3 15 293 314 
122 10 49 59 99 104 125 140 247 288 360 390 
123 5 53 128 169 297 385 
124 4 133 140 155 265 
125 8 45 122 213 232 279 298 303 412 
126 4 141 174 276 358 
127 3 104 156 346 
128 5 123 206 272 288 371 
129 11 6 70 75 83 85 168 238 256 331 338 404 
130 3 44 269 311 
131 5 80 96 118 170 310 
132 6 50 151 167 219 366 378 
133 6 124 139 197 355 356 411 
134 4 65 117 228 319 
135 5 50 142 210 215 258 
136 10 20 54 55 107 120 145 276 318 322 413 
137 3 274 343 348 
138 5 85 110 233 341 405 
139 6 70 87 133 235 254 273 
140 8 60 64 122 124 194 305 310 363 
141 7 71 126 188 230 233 271 287 
142 8 13 30 32 76 135 215 377 393 
143 5 98 103 291 382 401 
144 3 45 336 415 
145 5 101 107 136 262 410 
146 11 12 28 52 178 260 286 296 344 346 354 361 
147 7 9 70 299 335 336 351 366 
148 9 24 51 58 95 185 290 323 369 385 
149 6 79 174 228 250 288 404 
150 6 108 173 186 244 371 406 
151 9 20 37 60 132 163 220 238 336 419 
152 9 52 60 70 99 204 256 258 295 301 
153 3 64 297 364 
154 6 9 306 307 315 344 404 
155 6 70 96 124 208 220 383 
156 6 27 28 73 127 240 248 
157 3 62 243 352 
158 5 59 69 200 399 418 
159 2 7 339 
160 5 18 194 243 371 390 
161 5 4 195 202 252 344 
162 7 16 22 23 29 193 224 238 
163 4 151 261 286 334 
164 6 78 166 194 283 299 344 
165 4 87 100 169 350 
166 8 66 69 90 164 239 295 299 328 
167 4 107 132 271 289 
168 6 89 129 211 260 281 282 
169 7 71 73 123 165 215 384 390 
170 6 77 109 131 258 309 403 
171 4 5 30 293 308 
172 5 21 26 71 176 190 
173 6 0 49 60 106 150 213 
174 4 56 126 149 383 
175 5 0 70 110 233 300 
176 8 11 79 96 172 186 238 239 367 
177 3 120 260 278 
178 5 89 146 203 232 403 
179 4 59 75 270 393 
180 1 14 
181 6 22 38 232 233 244 304 
182 2 250 270 
183 5 59 315 357 383 400 
184 12 5 114 236 255 277 283 286 287 365 368 373 392 
185 6 51 75 148 201 233 239 
186 7 56 150 176 193 216 248 395 
187 5 59 62 114 196 255 
188 4 32 47 141 243 
189 5 31 101 266 293 337 
190 6 15 40 51 172 276 314 
191 2 84 297 
192 9 15 28 52 67 194 199 209 302 378 
193 7 7 78 98 162 186 251 328 
194 4 140 160 164 192 
195 4 100 161 281 339 
196 2 187 334 
197 9 16 39 50 94 133 211 228 229 354 
198 2 250 310 
199 1 192 
200 3 158 263 295 
201 6 75 185 214 296 348 419 
202 4 3 161 371 417 
203 4 96 178 266 343 
204 7 45 49 72 105 152 239 348 
205 0 
206 4 112 128 339 346 
207 4 35 286 332 356 
208 3 104 119 155 
209 5 19 90 99 115 192 
210 5 2 3 135 314 322 
211 5 56 168 197 345 360 
212 6 110 215 329 376 415 416 
213 6 125 173 268 343 354 360 
214 4 201 229 281 377 
215 7 29 38 135 142 169 212 386 
216 5 13 186 232 308 362 
217 5 12 276 312 359 368 
218 3 111 239 258 
219 2 120 132 
220 4 151 155 326 345 
221 8 113 233 260 319 332 348 358 412 
222 1 250 
223 3 88 249 287 
224 5 26 56 82 162 297 
225 1 325 
226 2 26 362 
227 7 47 234 268 296 323 386 388 
228 5 31 115 134 149 197 
229 2 197 214 
230 6 63 70 141 292 363 383 
231 7 39 45 101 239 281 282 351 
232 9 31 91 125 178 181 216 264 393 404 
233 8 49 118 138 141 175 181 185 221 
234 4 227 339 349 367 
235 7 43 139 248 262 304 324 354 
236 7 108 184 268 279 290 303 409 
237 1 360 
238 4 129 151 162 176 
239 9 49 166 176 185 204 218 231 307 309 
240 2 156 265 
241 3 67 116 397 
242 2 22 99 
243 8 157 160 188 335 342 367 398 401 
244 5 76 150 181 275 346 
245 3 113 271 348 
246 4 42 78 103 304 
247 6 33 66 80 122 383 406 
248 5 156 186 235 319 355 
249 4 92 223 270 417 
250 6 74 149 182 198 222 388 
251 7 105 193 252 264 289 397 418 
252 4 116 161 251 321 
253 5 39 73 94 280 323 
254 5 26 139 316 378 381 
255 6 22 33 184 187 334 346 
256 6 114 116 129 152 282 387 
257 7 26 71 97 116 325 383 388 
258 8 14 24 135 152 170 218 271 375 
259 2 285 392 
260 6 90 146 168 177 221 392 
261 6 26 51 102 163 268 337 
262 7 12 44 81 110 145 235 319 
263 5 1 51 91 200 338 
264 9 41 59 232 251 290 315 338 397 400 
265 8 13 34 70 98 124 240 292 369 
266 4 63 189 203 307 
267 1 349 
268 8 77 84 213 227 236 261 322 356 
269 4 92 130 323 412 
270 5 29 60 179 182 249 
271 7 141 167 245 258 318 364 406 
272 8 24 45 128 279 314 339 394 402 
273 4 116 139 276 279 
274 3 19 137 405 
275 2 244 338 
276 8 13 126 136 190 217 273 316 391 
277 6 52 92 184 336 379 383 
278 7 44 68 177 365 385 388 417 
279 4 125 236 272 273 
280 2 253 407 
281 8 45 168 195 214 231 317 329 345 
282 7 27 85 168 231 256 317 349 
283 8 1 13 74 83 164 184 290 403 
284 7 9 34 45 73 86 329 405 
285 5 10 14 96 104 259 
286 4 146 163 184 207 
287 5 141 184 223 412 413 
288 7 59 83 122 128 149 292 347 
289 9 1 37 167 251 301 358 386 389 402 
290 7 23 56 148 236 264 283 406 
291 6 28 71 143 320 398 410 
292 7 9 43 62 230 265 288 396 
293 4 121 171 189 360 
294 0 
295 10 25 45 82 110 152 166 200 297 373 375 
296 6 56 114 146 201 227 389 
297 7 123 153 191 224 295 299 355 
298 3 100 110 125 
299 4 147 164 166 297 
300 6 6 175 321 343 373 392 
301 7 20 85 152 289 347 372 388 
302 4 6 192 365 400 
303 4 53 125 236 365 
304 6 1 92 118 181 235 246 
305 1 140 
306 3 110 154 375 
307 8 45 74 76 120 154 239 266 405 
308 8 65 97 114 116 171 216 364 388 
309 9 1 24 98 116 170 239 399 403 406 
310 5 131 140 198 315 372 
311 4 130 333 398 410 
312 6 62 106 217 336 392 399 
313 1 383 
314 5 121 190 210 272 390 
315 8 78 102 154 183 264 310 336 343 
316 8 15 92 116 254 276 365 378 419 
317 3 89 281 282 
318 3 112 136 271 
319 7 28 134 221 248 262 326 345 
320 2 21 291 
321 4 62 109 252 300 
322 3 136 210 268 
323 8 75 119 148 227 253 269 372 381 
324 3 235 336 356 
325 5 92 225 257 380 391 
326 3 21 220 319 
327 5 6 31 69 348 388 
328 8 7 44 51 78 166 193 337 352 
329 7 89 212 281 284 377 379 414 
330 1 6 
331 3 22 129 332 
332 5 72 207 221 331 372 
333 3 0 34 311 
334 4 51 163 196 255 
335 3 147 243 339 
336 10 3 92 111 144 147 151 277 312 315 324 
337 5 25 61 189 261 328 
338 5 60 129 263 264 275 
339 9 29 45 79 159 195 206 234 272 335 
340 2 93 365 
341 2 26 138 
342 3 82 120 243 
343 6 137 203 213 300 315 359 
344 7 107 146 154 161 164 393 410 
345 5 48 211 220 281 319 
346 6 127 146 206 244 255 384 
347 4 53 102 288 301 
348 9 14 64 107 137 201 204 221 245 327 
349 9 5 55 92 234 267 282 360 394 406 
350 4 2 36 165 375 
351 3 86 147 231 
352 3 113 157 328 
353 4 31 70 89 390 
354 7 21 97 146 197 213 235 388 
355 6 50 98 133 248 297 401 
356 6 48 103 133 207 268 324 
357 3 6 120 183 
358 7 18 120 126 221 289 373 405 
359 4 27 74 217 343 
360 9 86 104 122 211 213 237 293 349 416 
361 1 146 
362 3 216 226 366 
363 6 3 41 56 73 140 230 
364 6 48 64 65 153 271 308 
365 8 24 32 184 278 302 303 316 340 
366 6 132 147 362 373 382 389 
367 6 97 110 176 234 243 392 
368 2 184 217 
369 4 27 53 148 265 
370 1 7 
371 7 20 47 128 150 160 202 391 
372 5 33 301 310 323 332 
373 6 6 184 295 300 358 366 
374 1 22 
375 6 76 103 258 295 306 350 
376 3 43 212 414 
377 4 142 214 329 416 
378 8 40 46 68 92 132 192 254 316 
379 2 277 329 
380 4 11 110 325 391 
381 3 254 323 399 
382 5 100 118 143 366 412 
383 9 92 155 174 183 230 247 257 277 313 
384 5 1 68 169 346 395 
385 7 18 41 113 123 148 278 415 
386 6 28 93 215 227 289 407 
387 3 11 256 399 
388 10 2 227 250 257 278 301 308 327 354 406 
389 5 29 102 289 296 366 
390 8 1 14 22 122 160 169 314 353 
391 4 276 325 371 380 
392 10 23 83 96 117 184 259 260 300 312 367 
393 7 15 75 92 142 179 232 344 
394 4 86 120 272 349 
395 5 4 96 186 384 399 
396 2 98 292 
397 7 18 36 87 105 241 251 264 
398 3 243 291 311 
399 7 45 158 309 312 381 387 395 
400 3 183 264 302 
401 4 90 143 243 355 
402 5 65 96 116 272 289 
403 6 27 108 170 178 283 309 
404 4 129 149 154 232 
405 7 29 117 138 274 284 307 358 
406 9 1 83 150 247 271 290 309 349 388 
407 7 9 23 62 109 115 280 386 
408 2 20 111 
409 1 236 
410 4 145 291 311 344 
411 4 0 25 27 133 
412 6 56 125 221 269 287 382 
413 5 38 41 97 136 287 
414 2 329 376 
415 4 55 144 212 385 
416 4 9 212 360 377 
417 7 3 75 115 202 249 278 419 
418 4 45 50 158 251 
419 7 36 101 111 151 201 316 417 
