420 8854
0 33 4 7 61 76 81 121 140 163 173 175 176 183 200 202 216 217 220 239 267 269 285 321 333 351 363 377 394 395 396 407 408 411 417 
1 47 6 27 29 40 50 67 73 74 77 82 89 96 97 103 122 133 178 188 197 207 219 263 265 272 274 279 283 288 289 304 306 309 311 314 322 326 334 343 349 350 352 354 384 390 402 406 416 
2 37 21 30 33 47 49 56 58 69 81 87 90 104 118 121 166 172 176 189 190 194 195 210 251 262 273 312 319 350 352 363 366 369 388 403 404 405 415 
3 47 25 33 68 79 110 122 128 136 138 141 146 166 173 175 181 196 198 202 206 210 211 220 226 229 258 261 272 287 294 297 315 320 328 332 336 346 361 363 369 370 371 376 380 382 405 416 417 
4 33 0 31 35 60 88 91 97 136 144 150 159 161 180 182 222 247 252 256 265 266 280 289 291 317 320 332 356 359 366 367 368 395 404 
5 38 23 27 36 49 64 69 78 90 92 94 113 117 125 128 129 162 163 168 171 184 186 195 212 225 277 290 311 314 328 331 349 355 356 358 359 363 369 389 
6 43 1 33 60 74 87 93 96 118 125 129 130 136 140 162 163 169 186 204 215 228 245 266 273 277 279 281 300 302 312 320 327 330 333 346 357 364 371 373 377 381 382 391 409 
7 41 0 20 23 37 43 53 55 63 65 69 79 81 84 128 150 159 167 172 178 193 209 211 222 225 251 263 264 273 277 294 296 307 320 328 335 340 369 370 373 395 402 
8 39 9 10 11 32 44 47 61 66 89 106 128 133 145 153 173 174 190 191 208 211 216 218 221 233 266 270 284 293 294 297 309 310 326 347 350 364 372 388 416 
9 34 8 23 24 78 80 86 110 121 126 147 154 156 157 165 197 199 209 213 253 268 269 284 292 293 314 347 373 379 396 404 407 413 416 419 
10 46 8 27 32 40 58 67 76 88 90 93 118 120 129 139 144 148 173 180 181 194 206 212 218 219 223 245 252 253 254 268 272 274 279 285 289 294 301 329 330 335 345 360 364 391 393 419 
11 34 8 23 34 38 62 91 102 103 142 176 192 205 225 241 301 305 308 312 317 332 350 352 366 368 370 377 379 380 385 387 392 394 407 416 
12 48 26 27 40 51 62 80 96 97 109 110 120 130 134 137 146 156 175 179 181 182 188 190 198 199 215 217 229 262 273 275 277 279 280 285 294 297 299 330 339 340 343 345 347 349 360 367 368 397 
13 35 26 28 43 65 82 100 109 116 118 121 132 135 142 166 193 198 216 224 244 252 257 265 276 278 283 312 327 335 339 353 367 389 411 416 418 
14 42 19 47 50 51 58 71 96 100 101 106 126 143 173 176 178 180 183 186 187 188 206 226 231 232 240 258 260 263 273 274 276 285 304 332 335 348 355 360 370 372 390 394 
15 44 20 37 46 61 67 79 96 105 113 117 118 119 121 132 151 155 168 183 190 192 194 195 202 211 212 227 239 269 272 277 291 299 306 308 316 323 343 378 393 395 400 405 407 414 
16 40 17 22 33 38 43 51 80 90 93 97 98 103 108 118 126 128 141 148 151 161 162 164 181 197 220 239 240 253 277 283 288 292 302 307 353 354 357 373 406 411 
17 43 16 29 43 60 68 80 83 93 96 99 103 115 117 119 121 122 123 126 136 140 144 150 153 159 174 200 208 228 236 245 247 258 266 273 305 310 312 320 348 356 359 369 405 
18 48 21 22 31 41 47 58 63 67 88 93 97 102 110 120 128 129 134 136 149 160 174 179 187 199 205 206 216 228 234 238 255 260 282 299 304 324 335 336 358 371 374 381 385 397 405 408 411 418 
19 37 14 23 26 63 64 73 75 79 80 110 153 158 165 207 209 215 219 221 222 229 239 249 252 256 272 274 299 323 335 346 356 360 367 368 381 388 400 
20 34 7 15 47 50 55 56 82 97 113 120 132 136 149 151 155 156 173 178 186 188 215 230 298 301 308 314 320 337 339 371 378 394 408 412 
21 54 2 18 22 28 40 41 47 57 62 71 79 83 97 136 165 172 180 181 195 204 217 219 243 251 253 260 271 292 304 313 316 320 321 323 326 330 331 335 342 344 346 347 352 354 360 363 366 369 382 384 385 393 403 414 
22 46 16 18 21 26 38 65 77 79 87 97 105 107 113 119 158 161 162 166 172 181 186 203 208 236 240 242 243 254 255 269 282 297 308 322 331 332 344 374 383 387 390 391 397 404 406 418 
23 46 5 7 9 11 19 31 43 48 51 64 87 99 100 114 115 125 135 162 178 185 203 204 226 231 236 237 240 251 277 278 287 290 314 315 329 336 339 346 357 363 376 381 392 397 407 414 
24 34 9 34 54 60 67 71 100 108 129 148 154 155 156 165 179 214 218 219 232 239 258 260 272 293 309 317 364 365 366 375 378 393 396 418 
25 38 3 39 41 44 59 71 83 94 103 107 108 122 125 165 173 191 193 201 219 237 271 282 291 295 303 305 326 329 335 337 343 352 358 376 377 405 411 417 
26 50 12 13 19 22 40 48 50 54 63 80 89 96 123 126 133 149 156 169 170 172 179 180 188 203 213 218 221 222 224 226 228 230 240 241 242 249 254 257 261 264 276 282 285 287 304 309 316 325 341 393 
27 38 1 5 10 12 40 99 101 110 115 156 157 171 173 180 191 201 203 204 217 228 236 253 259 282 291 295 298 324 325 332 353 354 359 369 380 389 403 411 
28 39 13 21 30 40 41 43 55 62 70 78 96 106 109 112 118 126 146 156 162 181 188 192 210 235 269 291 298 299 319 322 333 342 352 355 356 363 365 386 416 
29 42 1 17 49 55 64 92 95 99 102 103 110 112 136 137 139 142 147 162 180 181 190 194 196 210 215 227 238 257 261 270 283 297 318 328 329 339 349 351 365 389 405 414 
30 38 2 28 36 49 61 89 97 106 113 142 154 171 176 181 193 200 206 209 214 233 235 251 255 290 308 313 333 335 348 361 374 375 389 392 398 399 411 419 
31 48 4 18 23 37 47 50 58 59 85 104 112 113 116 118 130 149 153 177 179 180 184 189 197 203 224 228 232 241 243 249 253 256 259 279 285 293 311 327 329 336 353 356 357 369 383 388 404 407 
32 45 8 10 43 45 54 55 72 78 79 90 112 126 138 139 142 157 171 175 188 197 207 224 231 232 239 245 246 260 261 276 290 306 319 329 340 354 359 361 365 366 374 382 390 391 403 
33 44 2 3 6 16 37 42 44 49 53 58 85 86 90 102 114 136 142 147 176 181 189 194 195 196 233 235 246 247 255 267 274 276 277 280 321 324 331 335 343 353 372 375 411 416 
34 39 11 24 48 50 56 60 65 93 120 121 124 128 133 174 183 203 223 241 243 252 261 263 265 271 278 282 284 288 291 304 308 318 330 333 354 375 390 414 416 
35 33 4 66 67 100 105 117 122 124 131 139 148 154 163 207 208 232 243 246 264 273 286 304 312 315 327 350 357 358 385 394 398 411 417 
36 43 5 30 41 45 59 66 79 95 96 105 110 125 139 140 157 178 183 195 207 217 218 242 244 263 265 278 291 309 326 332 350 356 368 384 385 387 389 394 397 399 407 409 419 
37 36 7 15 31 33 38 47 53 61 69 83 98 120 131 133 141 151 155 161 164 201 220 231 236 245 254 268 274 283 285 289 336 337 350 370 374 386 
38 42 11 16 22 37 43 44 45 60 63 68 77 80 81 94 104 131 136 141 143 164 166 168 181 193 203 205 208 215 217 219 233 241 250 300 304 313 345 353 362 370 380 413 
39 27 25 40 62 64 68 103 121 127 156 195 197 212 216 231 250 253 269 285 295 307 314 334 351 357 372 385 386 
40 44 1 10 12 21 26 27 28 39 50 80 90 98 99 111 116 144 145 156 160 161 167 178 190 203 209 222 224 233 246 266 267 322 341 349 356 360 378 392 395 400 406 411 416 417 
41 52 18 21 25 28 36 57 60 96 101 111 112 121 128 129 135 136 143 144 156 162 163 193 210 214 215 219 230 251 255 259 264 266 270 285 290 293 297 298 303 313 316 322 324 325 328 345 363 374 385 393 413 416 
42 43 33 44 46 47 51 71 74 77 78 111 118 123 130 139 141 144 148 158 188 192 202 205 210 215 221 231 232 238 240 241 244 246 255 273 314 323 344 349 357 360 371 376 385 
43 49 7 13 16 17 23 28 32 38 55 65 69 88 100 101 105 124 131 146 185 205 213 214 215 219 235 247 248 253 263 266 272 279 289 292 304 307 317 326 352 357 371 376 381 383 384 390 403 405 416 
44 55 8 25 33 38 42 58 61 63 86 89 98 103 120 122 124 126 130 151 168 191 204 210 219 222 232 238 248 252 262 277 278 287 302 305 306 328 333 335 342 343 348 350 360 365 367 384 385 386 390 393 394 397 409 413 415 
45 51 32 36 38 47 50 54 61 64 72 74 75 84 86 91 106 110 112 125 131 137 144 196 204 213 216 218 221 230 231 241 244 270 272 275 281 284 294 295 307 316 333 335 337 339 346 360 374 389 390 399 418 
46 41 15 42 48 52 59 65 72 81 84 94 97 106 107 116 133 135 138 145 162 178 197 215 221 241 249 253 267 268 277 288 292 296 325 328 333 353 378 389 397 408 417 
47 44 2 8 14 18 20 21 31 37 42 45 65 68 74 77 83 91 95 101 110 115 125 139 154 161 172 177 187 188 207 227 234 264 279 292 305 336 344 368 371 381 383 386 406 409 
48 46 23 26 34 46 50 53 58 59 61 68 70 82 106 107 116 120 130 146 180 191 198 210 213 218 219 222 254 256 286 289 290 309 313 329 330 335 345 346 348 356 357 362 364 388 396 398 
49 46 2 5 29 30 33 59 62 67 80 83 87 88 89 110 122 156 157 158 168 171 173 178 196 203 204 211 213 223 226 233 234 239 276 282 298 311 328 329 335 341 380 381 386 391 407 410 
50 45 1 14 20 26 31 34 40 45 48 53 62 76 80 88 96 97 107 130 131 132 134 135 138 156 167 173 183 186 190 197 268 270 280 286 299 311 322 325 337 343 345 355 416 418 419 
51 48 12 14 16 23 42 67 76 79 97 107 111 140 147 148 151 164 168 176 179 182 185 190 202 222 227 236 258 261 262 263 278 295 318 328 329 334 338 343 344 355 361 362 364 365 380 391 398 401 
52 33 46 66 71 101 110 114 119 125 132 142 143 144 146 152 161 170 187 191 192 198 217 235 237 258 274 277 340 341 343 369 380 391 416 
53 47 7 33 37 48 50 61 75 80 98 100 105 106 108 109 111 119 123 132 133 134 138 143 146 148 180 194 196 205 210 217 219 254 263 303 311 317 324 335 347 353 363 364 369 387 399 401 403 
54 35 24 26 32 45 57 66 70 81 85 88 89 90 101 120 136 138 142 143 159 167 178 184 188 202 217 252 262 265 302 342 349 355 360 394 401 
55 39 7 20 28 29 32 43 68 79 85 86 111 129 133 136 159 189 194 199 212 221 240 262 266 268 276 277 278 287 290 292 316 344 349 357 367 402 404 409 415 
56 56 2 20 34 65 75 80 81 94 99 118 126 133 136 139 145 146 152 154 156 157 163 164 174 178 184 186 187 192 193 207 208 211 214 224 232 239 242 253 264 272 287 289 290 296 308 320 346 350 360 363 381 390 393 407 412 418 
57 31 21 41 54 71 76 86 100 111 130 141 161 181 187 193 197 209 213 214 216 259 261 262 266 300 302 307 317 319 346 386 410 
58 41 2 10 14 18 31 33 44 48 67 74 84 94 134 148 156 175 186 200 211 221 236 249 251 255 259 260 263 267 272 313 331 335 342 348 360 362 380 400 408 414 419 
59 56 25 31 36 46 48 49 71 73 75 87 90 94 100 121 122 132 139 158 163 173 175 179 183 187 188 193 209 212 216 226 228 231 238 247 264 266 268 269 277 286 288 297 307 311 312 315 325 328 337 363 364 367 374 401 407 416 
60 46 4 6 17 24 34 38 41 66 69 84 90 91 92 94 95 128 133 140 151 152 165 173 175 206 207 229 235 242 249 264 270 274 275 297 306 325 326 333 338 342 343 349 361 380 391 413 
61 40 0 8 15 30 37 44 45 48 53 69 91 93 97 103 131 149 153 185 195 215 224 226 228 253 262 272 277 285 291 297 314 337 346 364 399 401 403 404 406 416 
62 44 11 12 21 28 39 49 50 71 74 90 96 103 105 106 117 128 133 139 151 154 156 157 177 187 188 193 198 213 237 269 280 292 297 305 312 321 327 338 339 357 364 386 402 407 
63 33 7 18 19 26 38 44 79 102 140 152 157 191 207 223 224 230 262 266 289 296 302 309 321 326 328 330 332 344 359 377 382 383 418 
64 38 5 19 23 29 39 45 81 87 108 115 128 140 153 177 180 186 205 221 225 230 248 257 268 272 274 290 297 310 316 345 348 350 359 364 371 381 398 416 
65 51 7 13 22 34 43 46 47 56 70 74 100 109 117 120 121 130 134 149 151 155 161 168 193 200 207 225 243 250 255 257 259 270 288 302 304 308 328 334 345 350 362 364 365 369 376 385 390 394 395 399 402 
66 43 8 35 36 52 54 60 67 70 71 73 78 83 91 93 108 113 129 140 144 158 166 182 183 189 190 196 242 245 247 265 268 290 304 308 310 336 347 357 367 381 387 409 419 
67 55 1 10 15 18 24 35 49 51 58 66 68 71 76 84 94 96 99 100 137 148 162 164 172 175 178 187 192 193 209 218 241 243 254 261 278 280 282 285 289 290 294 299 304 305 307 309 318 332 337 349 388 390 402 412 418 
68 51 3 17 38 39 47 48 55 67 74 88 108 110 119 123 158 159 163 164 169 173 184 193 212 217 220 225 230 236 244 248 252 260 264 277 278 281 286 287 301 302 335 339 358 368 369 378 380 383 384 391 410 
69 44 2 5 7 37 43 60 61 70 88 89 93 94 111 113 125 131 138 150 158 165 166 170 171 205 225 231 232 251 254 291 292 296 304 306 321 323 327 331 338 381 388 402 404 413 
70 51 28 48 54 65 66 69 80 97 99 120 129 132 138 139 147 152 155 175 178 183 186 195 213 214 215 217 219 224 228 229 230 232 247 255 259 265 270 289 292 308 316 321 325 330 353 354 356 374 385 404 411 
71 50 14 21 24 25 42 52 57 59 62 66 67 73 76 79 102 105 107 110 116 128 140 141 146 158 163 166 169 172 189 215 226 237 239 252 257 264 265 269 276 277 291 294 313 324 356 357 381 400 416 419 
72 32 32 45 46 115 120 142 147 155 159 179 188 194 204 211 221 243 266 280 303 305 314 315 316 332 348 353 361 366 373 388 404 408 
73 37 1 19 59 66 71 76 84 91 92 105 120 133 148 156 169 180 190 194 195 202 223 230 252 253 259 262 284 313 318 319 320 321 328 353 363 366 374 
74 30 1 6 42 45 47 58 62 65 68 89 117 128 148 232 240 249 250 277 280 283 287 307 322 334 350 359 364 376 396 414 
75 40 19 45 53 56 59 76 103 109 116 129 149 153 165 173 174 179 185 192 199 201 214 222 230 236 247 287 290 292 323 328 339 343 363 371 385 388 393 399 413 417 
76 46 0 10 50 51 57 67 71 73 75 78 107 111 112 126 142 145 161 167 189 192 214 216 222 227 236 243 244 253 267 277 281 286 287 288 307 313 321 322 325 330 332 346 362 375 390 402 
77 36 1 22 38 42 47 87 92 98 141 151 166 170 171 182 184 188 199 202 209 225 227 229 230 245 267 268 277 286 288 308 359 360 372 382 392 408 
78 48 5 9 28 32 42 66 76 79 82 85 94 103 112 117 134 137 138 152 164 170 180 192 193 223 228 232 241 245 246 256 273 276 283 301 312 315 322 328 329 356 358 359 361 362 381 391 405 414 
79 40 3 7 15 19 21 22 32 36 51 55 63 71 78 87 88 116 122 139 140 149 150 152 156 176 210 225 231 240 246 280 287 290 306 310 324 335 339 349 383 392 
80 41 9 12 16 17 19 26 38 40 49 50 53 56 70 104 115 119 131 138 143 146 153 154 158 163 192 196 219 220 235 247 277 290 294 340 343 349 353 355 359 385 409 
81 49 0 2 7 38 46 54 56 64 83 88 89 100 103 112 116 119 133 140 161 162 175 180 193 195 202 208 211 223 226 227 235 244 251 262 268 269 270 296 298 312 315 319 321 322 324 333 367 373 406 
82 48 1 13 20 48 78 85 86 91 97 100 102 107 113 125 128 132 142 164 175 192 200 207 218 219 224 256 262 263 272 286 291 295 299 301 305 318 333 334 335 341 342 349 351 357 369 390 401 417 
83 42 17 21 25 37 47 49 66 81 89 100 103 120 129 133 135 153 156 164 176 186 212 222 228 240 256 259 262 283 288 292 303 316 323 334 347 371 380 392 398 406 409 410 
84 30 7 45 46 58 60 67 73 106 116 159 164 172 184 191 208 217 229 234 255 258 262 265 268 278 287 301 331 341 383 418 
85 43 31 33 54 55 78 82 88 104 105 106 113 117 129 138 163 173 181 191 203 207 212 221 222 237 263 271 275 277 282 283 284 292 301 317 333 336 344 345 372 378 382 400 406 
86 44 9 33 44 45 55 57 82 93 100 106 108 114 120 137 145 148 151 152 158 185 187 219 240 272 281 284 288 321 323 331 341 347 349 350 351 360 367 378 387 392 394 396 401 417 
87 50 2 6 22 23 49 59 64 77 79 100 101 108 120 127 133 139 164 165 167 171 172 173 180 199 207 219 240 243 245 246 249 251 252 258 273 284 298 304 326 336 338 349 355 373 379 389 397 403 413 416 
88 45 4 10 18 43 49 50 54 68 69 79 81 85 95 113 119 129 145 146 152 172 181 183 213 215 222 223 228 247 256 266 295 299 318 319 322 328 339 340 348 352 354 367 375 376 381 
89 47 1 8 26 30 44 49 54 69 74 81 83 95 105 108 115 128 132 142 152 155 168 178 183 198 213 214 219 245 283 303 306 312 314 317 323 324 329 340 343 351 353 357 369 380 403 406 407 
90 40 2 5 10 16 32 33 40 54 59 60 62 108 121 125 128 139 166 176 179 183 209 217 223 233 236 259 260 272 280 283 311 313 315 317 352 360 364 382 401 402 
91 27 4 11 45 47 60 61 66 73 82 119 161 178 179 185 217 232 263 265 279 288 290 291 297 364 392 413 416 
92 44 5 29 60 73 77 95 122 129 148 149 166 173 182 190 206 213 217 218 249 267 269 274 277 289 294 301 303 304 316 325 336 346 349 366 372 375 378 383 389 390 393 401 405 413 
93 41 6 10 16 17 18 34 61 66 69 86 108 109 140 147 151 164 166 178 184 187 198 209 230 265 286 287 299 305 310 312 319 340 341 343 353 359 360 361 373 382 386 
94 37 5 25 38 46 56 58 59 60 67 69 78 95 96 117 121 130 134 140 152 197 202 206 207 215 242 245 253 271 308 317 328 336 341 342 392 399 413 
95 41 29 36 47 60 88 89 92 94 101 102 104 114 116 144 146 148 160 172 178 180 186 187 202 212 221 229 231 238 250 252 259 273 289 320 328 356 363 374 377 397 414 
96 71 1 6 12 14 15 17 26 28 36 41 50 62 67 94 101 109 117 123 131 133 135 136 140 141 155 172 175 176 183 184 185 191 195 201 203 205 206 222 223 224 226 233 247 250 255 267 285 299 304 308 313 319 320 322 323 334 340 347 356 357 360 362 366 372 377 392 395 399 402 405 419 
97 46 1 4 12 16 18 20 21 22 30 46 50 51 61 70 82 108 109 110 111 130 135 164 169 200 203 219 257 264 268 275 281 287 288 296 301 303 308 322 325 333 354 367 380 386 392 413 
98 35 16 37 40 44 53 77 143 154 160 167 172 176 190 193 222 227 242 252 265 267 278 286 295 309 328 352 353 355 358 377 379 384 396 409 411 
99 41 17 23 27 29 40 56 67 70 115 121 122 139 144 151 152 167 193 209 214 221 242 245 266 268 289 293 299 301 318 330 333 334 362 365 386 392 396 398 407 412 418 
100 48 13 14 23 24 35 43 53 57 59 65 67 81 82 83 86 87 116 119 125 127 133 165 171 187 195 197 202 207 208 232 243 261 272 278 298 311 338 351 358 359 360 362 371 382 386 407 412 418 
101 40 14 27 41 43 47 52 54 87 95 96 113 121 125 145 150 153 168 189 197 231 236 244 252 266 267 273 278 281 288 302 326 328 340 349 374 382 411 417 418 419 
102 39 11 18 29 33 63 71 82 95 115 129 146 148 163 166 176 177 189 198 208 215 219 227 258 261 266 284 296 308 310 315 320 323 343 347 384 389 390 402 417 
103 41 1 11 16 17 25 29 39 44 61 62 75 78 81 83 110 127 143 152 161 168 178 190 201 204 208 226 229 245 246 283 289 318 325 330 331 344 356 375 376 387 399 
104 37 2 31 38 80 85 95 109 117 122 127 140 151 155 160 163 195 208 209 224 226 237 238 246 247 285 332 335 338 343 351 358 360 371 393 395 414 416 
105 38 15 22 35 36 43 53 62 71 73 85 89 119 162 170 180 182 192 204 208 231 242 251 262 273 278 279 304 330 350 367 368 371 390 391 392 397 405 416 
106 37 8 14 28 30 45 46 48 53 62 84 85 86 108 143 167 172 173 187 200 207 218 223 228 240 267 268 277 307 309 310 312 356 363 375 386 407 414 
107 50 22 25 46 48 50 51 71 76 82 122 127 128 129 131 136 145 154 160 167 173 178 190 202 207 210 219 240 251 259 267 273 295 298 307 311 322 330 344 348 350 351 352 353 370 376 379 388 390 391 395 
108 39 16 24 25 53 64 66 68 86 87 89 90 93 97 106 150 174 175 192 198 206 212 220 236 251 260 261 280 282 303 348 360 372 378 397 401 403 406 408 416 
109 45 12 13 28 53 65 75 93 96 97 104 114 120 151 155 170 177 179 182 203 215 216 223 231 234 242 257 264 279 288 299 305 306 308 321 325 335 358 363 364 366 369 379 399 407 414 
110 45 3 9 12 18 19 27 29 36 45 47 49 52 68 71 97 103 113 117 129 138 145 157 162 173 175 179 187 212 214 262 278 290 293 295 298 306 313 354 356 367 369 380 394 401 417 
111 43 40 41 42 51 53 55 57 69 76 97 115 129 133 143 146 150 157 176 193 200 214 216 217 218 220 221 234 245 256 264 278 310 319 331 334 336 340 354 365 390 393 408 419 
112 35 28 29 31 32 41 45 76 78 81 119 152 160 179 186 206 242 261 266 276 282 295 311 312 318 348 361 369 371 384 389 392 395 403 404 412 
113 43 5 15 20 22 30 31 66 69 82 85 88 101 110 117 121 127 129 149 169 178 183 188 206 218 221 222 229 231 236 238 245 258 327 346 351 352 364 366 367 370 385 398 408 
114 37 23 33 52 86 95 109 118 121 129 140 141 142 147 155 157 165 167 169 173 176 184 187 188 192 206 211 251 256 296 308 315 337 338 353 362 374 408 
115 39 17 23 27 47 64 72 80 89 99 102 111 136 144 145 167 179 183 209 219 225 228 241 252 254 274 286 288 323 329 332 347 350 358 359 404 407 411 413 417 
116 45 13 31 40 46 48 71 75 79 81 84 95 100 119 130 139 142 178 193 199 222 224 241 245 249 252 255 256 257 273 276 281 295 308 309 316 342 352 357 362 380 402 404 412 413 414 
117 49 5 15 17 35 62 65 74 78 85 94 96 104 110 113 122 126 134 151 173 175 184 195 231 232 239 240 246 293 295 300 319 330 331 332 339 351 362 368 369 370 379 391 392 396 405 407 414 417 418 
118 49 2 6 10 13 15 16 28 31 42 56 114 131 144 145 147 163 169 172 175 181 187 197 199 205 209 213 220 229 231 233 254 265 267 282 285 294 297 304 336 343 353 359 361 382 388 400 401 410 412 
119 35 15 17 22 52 53 68 80 81 88 91 100 105 112 116 125 127 131 190 206 208 216 217 251 256 277 305 318 320 323 375 382 388 390 397 400 
120 47 10 12 18 20 34 37 44 48 54 65 70 72 73 83 86 87 109 130 132 136 147 154 156 177 211 213 219 225 232 247 256 271 281 307 309 327 336 342 351 357 358 367 394 399 403 405 416 
121 39 0 2 9 13 15 17 34 39 41 59 65 90 94 99 101 113 114 125 143 151 166 189 195 200 205 207 221 225 229 245 270 286 293 314 337 344 361 407 417 
122 50 1 3 17 25 35 44 49 59 79 92 99 104 107 117 124 125 131 140 145 165 170 204 209 211 218 237 241 247 253 255 267 272 277 281 288 304 314 328 329 339 340 341 348 351 353 358 359 360 365 390 
123 35 17 26 42 53 68 96 128 132 137 138 153 167 169 170 188 190 210 215 216 230 240 261 269 297 312 313 321 343 354 364 385 388 389 403 407 
124 38 34 35 43 44 122 127 132 133 140 141 155 186 206 212 216 221 226 230 231 252 254 265 287 293 305 306 307 320 326 335 341 348 352 364 368 370 386 391 
125 48 5 6 23 25 36 45 47 52 69 82 90 100 101 119 121 122 126 128 129 131 132 153 156 159 174 187 213 224 226 230 232 276 279 298 300 303 308 316 336 349 350 353 355 357 371 373 385 412 
126 38 9 14 16 17 26 28 32 44 56 76 117 125 129 131 141 154 163 174 178 188 207 229 247 252 262 274 275 276 287 302 320 341 349 358 365 378 381 398 
127 32 39 87 100 103 104 107 113 119 124 136 156 158 162 171 209 236 271 281 294 299 301 304 308 310 327 342 346 350 366 386 392 395 
128 47 3 5 7 8 16 18 34 41 60 62 64 71 74 82 89 90 107 123 125 135 139 191 192 206 210 212 221 225 228 240 271 272 277 288 311 321 322 327 340 345 346 365 371 390 406 416 418 
129 50 5 6 10 18 24 41 55 66 70 75 83 85 88 92 102 107 110 111 113 114 125 126 130 131 142 156 159 168 176 178 184 198 222 235 236 238 252 256 276 282 287 311 318 331 338 342 384 389 404 410 
130 38 6 12 31 42 44 48 50 57 65 94 97 116 120 129 162 181 192 194 201 216 222 229 232 255 269 277 281 287 288 311 323 351 368 383 385 402 408 416 
131 49 35 37 38 43 45 50 61 69 80 96 107 118 119 122 125 126 129 145 157 161 163 170 176 191 206 219 235 238 254 281 287 292 310 311 322 327 334 344 349 353 366 367 371 386 395 412 413 415 417 
132 45 13 15 20 50 52 53 59 70 82 89 120 123 124 125 136 141 151 158 159 166 167 179 203 207 215 219 230 238 248 254 280 284 290 301 306 319 326 328 334 337 366 373 378 392 407 
133 47 1 8 26 34 37 46 53 55 56 60 62 73 81 83 87 96 100 111 124 137 139 169 183 195 197 199 206 229 233 237 240 241 245 251 258 266 284 311 315 338 341 351 355 356 399 409 411 
134 34 12 18 50 53 58 65 78 94 117 150 152 155 169 177 197 207 214 221 228 273 275 278 288 306 319 337 339 343 356 371 374 393 405 419 
135 35 13 23 41 46 50 83 96 97 128 142 172 180 195 202 208 210 215 217 233 241 247 258 269 281 285 286 306 308 314 317 351 387 392 410 419 
136 54 3 4 6 17 18 20 21 29 33 38 41 54 55 56 96 107 115 120 127 132 145 150 167 172 176 181 184 194 195 198 205 209 216 221 236 256 257 270 276 281 312 318 322 336 337 339 340 356 384 386 394 404 411 413 
137 31 12 29 45 67 78 86 123 133 139 150 151 154 168 170 174 219 238 240 241 243 248 250 258 274 337 343 347 348 356 357 412 
138 40 3 32 46 50 53 54 69 70 78 80 85 110 123 144 164 174 187 188 233 241 246 270 287 305 310 312 317 331 339 340 341 343 345 346 382 387 399 405 411 412 
139 50 10 29 32 35 36 42 47 56 59 62 70 79 87 90 99 116 128 133 137 142 147 150 152 156 164 172 173 225 232 235 244 254 258 264 270 273 283 284 293 298 321 329 336 342 359 371 387 395 396 401 
140 46 0 6 17 36 51 60 63 64 66 71 79 81 93 94 96 104 114 122 124 161 163 176 181 192 194 200 205 243 254 255 282 287 289 300 305 306 310 313 333 347 349 357 358 363 384 407 
141 45 3 16 37 38 42 57 71 77 96 114 124 126 132 144 153 169 177 185 188 198 206 220 224 230 233 245 246 257 271 287 297 323 336 339 341 359 372 375 387 391 397 400 403 407 411 
142 49 11 13 29 30 32 33 52 54 72 76 82 89 114 116 129 135 139 160 173 175 189 202 215 219 220 223 224 249 257 285 299 302 307 310 339 342 367 369 370 371 372 376 377 379 386 393 394 403 411 
143 35 14 38 41 52 53 54 80 98 103 106 111 121 146 154 161 166 221 224 225 234 254 261 291 293 300 306 307 315 331 345 373 378 382 401 405 
144 40 4 10 17 40 41 42 45 52 66 95 99 115 118 138 141 171 172 175 178 180 214 232 233 242 248 249 271 334 336 359 374 380 382 385 391 392 397 400 412 415 
145 45 8 40 46 56 76 86 88 101 107 110 115 118 122 131 136 169 172 184 188 201 204 209 227 253 255 262 265 269 270 275 281 286 307 316 324 344 346 347 349 357 373 410 411 413 414 
146 49 3 12 28 43 48 52 53 56 71 80 88 95 102 111 143 151 169 172 174 178 181 198 209 213 218 239 253 254 260 273 278 279 286 296 324 327 340 341 344 346 348 352 354 361 374 388 404 405 416 
147 39 9 29 33 51 70 72 93 114 118 120 139 152 153 164 165 193 196 203 210 232 252 287 299 301 324 333 335 336 349 351 366 372 374 379 382 392 400 403 408 
148 38 10 16 24 35 42 51 53 58 67 73 74 86 92 95 102 156 166 182 185 186 196 224 225 248 264 290 318 323 343 354 359 360 362 369 375 385 387 408 
149 32 18 20 26 31 61 65 75 79 92 113 164 171 174 181 191 207 228 233 241 250 262 286 288 290 303 318 345 353 373 383 396 404 
150 36 4 7 17 69 79 101 108 111 134 136 137 139 154 158 162 173 175 186 189 200 221 244 249 253 274 310 315 320 322 329 340 371 390 391 406 413 
151 53 15 16 20 37 44 51 60 62 65 77 86 93 99 104 109 117 121 132 137 146 163 198 202 219 220 221 232 238 244 251 252 273 274 291 295 297 307 310 313 331 332 333 336 359 364 368 369 382 398 405 406 408 419 
152 42 52 56 60 63 70 78 79 86 88 89 94 99 103 112 134 139 147 204 220 228 229 238 255 256 258 269 283 287 295 301 308 316 320 342 353 360 374 379 382 398 403 410 
153 43 8 17 19 31 61 64 75 80 83 101 123 125 141 147 160 161 188 195 203 206 229 230 235 236 239 244 286 290 297 298 302 306 340 352 363 364 366 371 376 384 398 400 413 
154 46 9 24 30 35 47 56 62 80 98 107 120 126 137 143 150 157 164 170 185 189 200 203 234 274 277 281 284 306 307 315 322 328 329 333 344 348 360 363 365 367 388 392 404 406 410 417 
155 30 15 20 24 37 65 70 72 89 96 104 109 114 124 134 175 186 203 208 220 235 237 260 272 309 315 360 383 400 406 408 
156 44 9 12 20 24 26 27 28 39 40 41 49 50 56 58 62 73 79 83 120 125 127 129 139 148 185 193 205 219 240 248 251 262 272 287 328 339 343 348 370 375 391 409 417 419 
157 29 9 27 32 36 49 56 62 63 110 111 114 131 154 164 168 203 204 243 246 268 270 278 284 324 349 352 355 360 384 
158 36 19 22 42 49 59 66 68 69 71 80 86 127 132 150 170 173 200 210 213 220 238 252 256 329 330 346 348 353 383 391 397 399 403 409 415 418 
159 37 4 7 17 54 55 68 72 84 125 129 132 169 181 198 211 224 230 232 245 248 263 282 290 306 315 316 317 330 339 381 382 395 397 404 405 411 414 
160 45 18 40 95 98 104 107 112 142 153 165 167 169 173 177 194 196 201 209 227 240 243 250 256 265 268 277 284 296 299 305 308 310 312 321 324 334 338 359 363 371 390 402 407 411 413 
161 38 4 16 22 37 40 47 52 57 65 76 81 91 103 131 140 143 153 195 202 205 218 235 248 252 259 273 283 296 301 304 323 337 339 343 344 352 366 411 
162 38 5 6 16 22 23 28 29 41 46 67 81 105 110 127 130 150 166 169 174 190 193 199 223 224 232 238 296 300 309 312 336 337 366 379 383 393 394 419 
163 48 0 5 6 35 41 56 59 68 71 80 85 102 104 118 126 131 140 151 170 175 186 191 193 207 214 223 239 240 261 265 286 294 298 301 323 330 331 334 341 355 360 367 370 392 400 401 409 417 
164 42 16 37 38 51 56 67 68 78 82 83 84 87 93 97 138 139 147 149 154 157 166 175 182 194 217 230 240 252 260 265 283 299 335 344 349 355 359 374 384 394 396 397 
165 47 9 19 21 24 25 60 69 75 87 100 114 122 147 160 168 169 180 185 210 219 226 233 236 238 241 253 255 257 293 305 318 327 338 347 350 356 360 362 364 368 373 375 383 390 394 403 407 
166 47 2 3 13 22 38 66 69 71 77 90 92 93 102 121 132 143 148 162 164 177 180 184 213 214 216 230 239 243 254 274 279 295 299 303 306 319 325 328 335 345 378 384 387 393 413 416 419 
167 40 7 40 50 54 76 87 98 99 106 107 114 115 123 132 136 160 173 181 188 196 230 237 247 253 255 260 262 265 271 281 283 289 319 347 350 357 380 391 404 415 
168 41 5 15 38 44 49 51 65 89 101 103 129 137 157 165 179 180 182 186 189 203 205 211 233 239 259 260 278 281 282 289 322 327 333 334 335 349 372 373 375 387 419 
169 39 6 26 68 71 73 97 113 114 118 123 133 134 141 145 146 159 160 162 165 201 202 212 213 215 216 235 257 277 279 288 310 312 330 352 384 390 398 409 410 
170 41 26 52 69 77 78 105 109 122 123 131 137 154 158 163 174 209 216 224 225 227 232 235 240 258 290 295 299 309 311 314 321 327 343 369 374 376 389 392 394 403 416 
171 38 5 27 30 32 49 69 77 87 100 127 144 149 175 188 199 201 208 209 222 223 228 247 249 257 270 289 291 293 297 304 308 335 349 383 388 391 392 397 
172 44 2 7 21 22 26 47 67 71 84 87 88 95 96 98 106 118 135 136 139 144 145 146 174 176 190 217 257 258 269 281 290 297 305 314 322 324 357 359 370 389 391 405 410 416 
173 52 0 3 8 10 14 20 25 27 49 50 59 60 68 75 85 87 92 106 107 110 114 117 139 142 150 158 160 167 177 186 192 202 205 206 213 217 220 240 279 297 300 330 336 337 342 344 348 388 394 408 410 416 
174 35 8 17 18 34 56 75 108 125 126 137 138 146 149 162 170 172 215 232 249 262 266 301 308 319 324 325 326 337 345 364 368 377 383 387 390 
175 48 0 3 12 32 58 59 60 67 70 81 82 96 108 110 117 118 142 144 150 155 163 164 171 176 177 187 191 196 197 213 221 233 242 244 246 262 295 300 305 313 316 326 343 353 373 378 390 400 
176 47 0 2 11 14 30 33 51 79 83 90 96 98 102 111 114 129 131 136 140 172 175 186 206 227 231 238 239 240 261 263 268 273 285 286 297 298 325 328 332 340 355 360 367 369 374 393 411 
177 28 31 47 62 64 102 109 120 134 141 160 166 173 175 193 230 245 247 248 260 278 279 326 333 341 361 398 402 411 
178 50 1 7 14 20 23 36 40 46 49 54 56 67 70 89 91 93 95 103 107 113 116 126 129 144 146 183 188 203 208 217 227 232 251 262 271 274 280 289 322 341 345 353 369 372 390 396 403 409 410 414 
179 43 12 18 24 26 31 51 59 72 75 90 91 109 110 112 115 132 168 202 205 218 240 250 254 257 263 270 284 289 291 318 319 322 338 356 365 384 385 389 390 393 396 402 413 
180 46 4 10 14 21 26 27 29 31 48 53 64 73 78 81 87 95 105 135 144 165 166 168 182 185 189 201 207 211 231 246 247 249 274 291 300 302 309 324 330 332 359 370 392 413 415 417 
181 47 3 10 12 16 21 22 28 29 30 33 38 57 85 88 118 130 136 140 146 149 159 167 224 229 230 232 233 234 235 244 260 268 269 292 300 301 304 311 316 334 337 345 346 359 369 398 408 
182 34 4 12 51 66 77 92 105 109 148 164 168 180 206 211 218 222 235 248 250 251 253 268 270 275 284 314 338 351 358 362 367 373 379 397 
183 42 0 14 15 34 36 50 59 66 70 88 89 90 96 113 115 133 178 185 205 206 215 217 219 234 237 243 245 251 263 270 276 280 282 297 298 304 315 327 357 383 391 400 
184 46 5 31 54 56 68 77 84 93 96 114 117 129 136 145 166 194 218 223 224 233 236 240 244 255 275 277 280 283 286 287 300 303 310 317 329 361 365 367 368 373 384 390 392 394 414 418 
185 31 23 43 51 61 75 86 91 96 141 148 154 156 165 180 183 201 204 226 233 239 258 265 283 290 313 316 321 332 336 405 411 
186 44 5 6 14 20 22 50 56 58 64 70 83 95 112 124 148 150 155 163 168 173 176 193 212 214 216 229 237 239 248 259 266 270 309 329 340 346 353 365 368 372 391 395 400 418 
187 40 14 18 47 52 56 57 59 62 67 86 93 95 100 106 110 114 118 125 138 175 188 193 196 197 199 226 250 255 264 265 283 286 303 307 332 346 362 363 370 410 
188 48 1 12 14 20 26 28 32 42 47 54 59 62 72 77 113 114 123 126 138 141 145 153 167 171 178 187 197 218 219 231 240 243 255 256 264 268 276 279 302 307 318 323 344 360 381 388 397 412 
189 43 2 31 33 55 66 71 76 101 102 121 142 150 154 168 180 191 212 214 223 246 250 255 258 265 266 270 285 292 293 294 297 301 306 327 337 346 348 357 358 361 365 384 390 
190 40 2 8 12 15 29 40 50 51 66 73 92 98 103 107 119 123 162 172 196 199 223 249 256 269 274 275 276 296 314 326 334 339 379 386 394 395 406 414 417 418 
191 46 8 25 27 44 48 52 63 84 85 96 128 131 149 163 175 189 198 203 205 206 222 224 239 241 247 251 262 264 271 272 276 289 292 295 297 300 303 314 319 337 342 359 376 400 405 408 
192 44 11 15 28 42 52 56 67 75 76 78 80 82 105 108 114 128 130 140 173 194 199 209 234 241 252 257 258 263 275 276 283 290 292 302 310 332 334 348 364 365 378 384 405 417 
193 58 7 13 25 30 38 41 56 57 59 62 65 67 68 78 81 98 99 111 116 147 156 162 163 177 186 187 195 199 218 225 228 240 248 251 255 256 270 277 285 297 298 301 308 310 320 328 352 353 356 359 366 373 379 385 390 403 414 419 
194 33 2 10 15 29 33 53 55 72 73 130 136 140 160 164 184 192 195 197 224 225 230 249 264 307 326 329 340 344 364 365 377 391 402 
195 52 2 5 15 21 33 36 39 61 70 73 81 96 100 104 117 121 133 135 136 153 161 193 194 201 215 238 254 260 263 264 278 281 287 288 305 314 315 318 325 336 337 339 351 362 363 367 368 370 381 387 399 417 
196 35 3 29 33 45 49 53 66 80 147 148 160 167 175 187 190 217 235 259 260 265 277 281 305 317 320 331 332 334 341 359 380 391 393 399 414 
197 44 1 9 16 31 32 39 46 50 57 94 100 101 118 133 134 175 187 188 194 211 212 228 229 237 238 267 281 287 297 302 303 304 306 317 325 328 332 354 365 369 373 382 385 393 
198 44 3 12 13 48 52 62 89 93 102 108 129 136 141 146 151 159 191 209 212 220 242 250 263 270 278 281 282 287 299 310 313 314 315 318 323 334 343 346 351 360 362 378 388 389 
199 35 9 12 18 55 75 77 87 116 118 133 162 171 187 190 192 193 205 224 232 233 234 244 257 276 282 319 324 330 331 337 339 372 393 415 416 
200 35 0 17 30 58 65 82 97 106 111 121 140 150 154 158 220 240 243 247 259 263 276 277 295 296 316 317 334 335 347 352 353 358 367 374 406 
201 35 25 27 37 75 96 103 130 145 160 169 171 180 185 195 214 223 236 252 258 264 277 287 296 312 321 333 343 345 348 365 375 382 405 416 419 
202 33 0 3 15 42 51 54 73 77 81 94 95 100 107 135 142 151 161 169 173 179 230 233 272 300 317 319 321 337 350 357 371 409 417 
203 49 22 23 26 27 31 34 38 40 49 85 96 97 109 132 147 153 154 155 157 168 178 191 204 226 235 238 249 258 262 266 267 269 282 287 288 291 304 315 327 328 338 343 350 363 367 368 369 380 398 
204 40 6 21 23 27 44 45 49 72 103 105 122 145 152 157 185 203 205 207 216 220 224 225 228 235 238 239 260 261 265 285 336 340 344 346 348 361 373 383 403 411 
205 43 11 18 38 42 43 53 64 69 96 118 121 136 140 156 161 168 173 179 183 191 199 204 208 221 232 236 240 245 258 260 267 271 279 307 315 327 342 380 390 392 402 409 413 
206 41 3 10 14 18 30 60 92 94 96 108 112 113 114 119 124 128 131 133 141 153 173 176 182 183 191 215 230 236 239 248 305 328 336 339 345 346 366 367 378 395 413 
207 45 1 19 32 35 36 47 56 60 63 65 82 85 87 94 100 106 107 121 126 132 134 149 163 180 204 218 254 258 260 286 306 332 343 349 350 354 356 367 372 373 378 389 396 399 419 
208 39 8 17 22 35 38 56 81 84 100 102 103 104 105 119 135 155 171 178 205 209 215 219 225 227 255 263 291 292 303 309 314 318 327 335 338 345 347 387 409 
209 42 7 9 19 30 40 57 59 67 77 90 93 99 104 115 118 122 127 136 145 146 160 170 171 192 198 208 217 238 257 283 285 287 296 298 306 319 330 340 350 355 369 377 
210 31 2 3 28 29 41 42 44 48 53 79 107 123 128 135 147 158 165 226 254 296 303 304 314 322 338 341 359 386 388 410 414 
211 39 3 7 8 15 49 56 58 72 81 114 120 122 159 168 180 182 197 224 242 249 254 259 273 278 289 291 302 326 329 332 334 335 342 345 360 363 365 369 410 
212 45 5 10 15 39 55 59 68 83 85 95 108 110 124 128 169 186 189 197 198 215 220 226 233 237 239 252 271 272 279 295 299 304 318 320 329 342 370 374 376 383 390 398 413 415 416 
213 45 9 26 43 45 48 49 57 62 70 88 89 92 118 120 125 146 158 166 169 173 175 223 236 253 256 265 268 291 308 324 329 343 350 354 360 361 370 371 379 383 402 409 411 413 416 
214 35 24 30 41 43 56 57 70 75 76 89 99 110 111 134 144 163 166 186 189 201 229 231 237 249 255 273 281 314 319 344 351 377 397 407 415 
215 47 6 12 19 20 29 38 41 42 43 46 61 70 71 88 94 102 109 123 132 135 142 169 174 183 195 206 208 212 219 220 237 244 254 255 256 265 266 276 285 291 316 339 352 364 386 389 400 
216 41 0 8 13 18 39 45 57 59 76 109 111 119 123 124 130 136 166 169 170 186 204 222 226 232 249 253 269 277 290 293 295 308 313 348 357 360 362 368 386 390 417 
217 57 0 12 21 27 36 38 52 53 54 68 70 84 90 91 92 111 119 135 164 172 173 178 183 196 209 221 222 231 233 239 244 248 259 266 276 280 290 292 297 304 312 327 331 359 362 365 368 370 382 386 392 395 408 411 413 415 418 
218 39 8 10 24 26 36 45 48 67 82 92 106 111 113 122 146 161 179 182 184 188 193 207 237 239 247 256 258 263 281 294 313 320 331 338 356 360 389 394 401 
219 54 1 10 19 21 24 25 38 41 43 44 48 53 70 80 82 86 87 89 97 102 107 115 120 131 132 137 142 151 156 165 183 188 208 215 231 232 238 246 248 252 258 265 276 283 286 293 295 301 303 331 373 376 383 391 
220 37 0 3 16 37 68 80 108 111 118 141 142 151 152 155 158 173 198 200 204 212 215 222 253 283 294 320 326 336 338 345 360 370 372 382 384 387 413 
221 49 8 19 26 42 45 46 55 58 64 72 85 95 99 111 113 121 124 128 134 136 143 150 151 175 205 217 232 233 236 237 239 260 261 319 332 337 340 344 348 358 373 378 379 391 397 406 409 412 418 
222 45 4 7 19 26 40 44 48 51 75 76 83 85 88 96 98 113 116 129 130 171 182 191 216 217 220 226 236 238 250 251 255 261 268 273 276 282 300 308 331 357 358 395 411 415 416 
223 47 10 34 49 63 73 78 81 88 90 96 106 109 142 162 163 171 184 189 190 201 213 228 234 235 249 255 257 258 269 271 283 287 290 312 313 316 317 318 360 369 371 375 377 400 401 406 410 
224 47 13 26 31 32 40 56 61 63 70 82 96 104 116 125 141 142 143 148 159 162 170 181 184 191 194 199 204 211 227 228 235 265 274 281 297 313 328 347 353 361 366 377 381 384 408 415 419 
225 39 5 7 11 64 65 68 69 77 79 115 120 121 128 139 143 148 170 193 194 204 208 229 235 238 251 268 278 305 307 314 325 342 343 363 367 369 400 408 409 
226 43 3 14 23 26 49 59 61 71 81 96 103 104 124 125 165 185 187 203 210 212 216 222 228 231 257 261 276 296 301 302 311 315 321 330 333 340 362 375 384 388 401 410 416 
227 37 15 29 47 51 76 77 81 98 102 145 160 170 176 178 208 224 229 234 236 239 249 250 254 256 268 288 296 308 311 322 323 366 367 376 379 386 388 
228 43 6 17 18 26 27 31 59 61 70 78 83 88 106 115 128 134 149 152 171 193 197 204 223 224 226 235 248 259 266 270 277 290 303 328 331 333 334 354 357 358 364 366 376 
229 35 3 12 19 60 70 77 84 95 103 113 118 121 126 130 133 152 153 181 186 197 214 225 227 232 241 289 329 332 336 342 343 367 371 403 411 
230 46 20 26 41 45 63 64 68 70 73 75 77 93 123 124 125 132 141 153 159 164 166 167 177 181 194 202 206 232 239 292 296 298 305 309 317 321 328 330 347 354 362 363 365 383 391 401 
231 46 14 23 32 37 39 42 45 59 69 79 95 101 105 109 113 117 118 124 176 180 188 214 217 219 226 234 239 274 280 281 282 284 304 309 312 315 316 318 320 331 351 355 363 371 376 379 
232 59 14 24 31 32 35 42 44 56 69 70 74 78 91 100 117 120 125 130 139 144 147 151 159 162 170 174 178 181 199 205 216 219 221 229 230 234 235 264 266 267 278 303 304 317 319 320 328 330 341 364 372 376 385 389 390 393 395 404 407 
233 46 8 30 33 38 40 49 90 96 118 133 135 138 141 144 149 165 168 175 181 184 185 199 202 212 217 221 236 255 257 260 272 274 279 289 291 293 314 322 329 331 332 347 362 365 377 403 
234 36 18 47 49 84 109 111 143 154 181 183 192 199 223 227 231 232 251 274 287 303 322 328 329 339 349 362 364 365 367 370 375 378 389 399 400 416 
235 45 28 30 33 43 52 60 80 81 129 131 139 153 155 161 169 170 181 182 196 203 204 223 224 225 228 232 240 248 262 267 281 284 304 324 327 330 345 352 354 355 360 388 390 402 406 
236 48 17 22 23 27 37 51 58 68 75 76 90 101 108 113 127 129 136 153 165 184 201 205 206 213 221 222 227 233 256 260 266 268 270 279 289 290 292 303 312 316 318 328 338 355 365 374 409 410 
237 39 23 25 52 62 71 85 104 122 133 155 167 183 186 197 212 214 215 218 221 244 252 263 286 293 298 322 325 332 338 347 353 354 360 363 372 373 380 387 412 
238 41 18 29 42 44 59 95 104 113 129 131 132 137 151 152 158 162 165 176 195 197 203 204 209 219 222 225 276 277 291 310 318 323 332 360 370 372 377 380 387 404 408 
239 53 0 15 16 19 24 32 49 56 71 117 146 153 163 166 168 176 185 186 191 204 206 212 217 218 221 227 230 231 241 259 277 278 290 295 300 303 307 309 311 315 316 319 337 342 343 346 349 354 355 364 368 392 409 
240 50 14 16 22 23 26 42 55 74 79 83 86 87 106 107 117 123 128 133 137 156 160 163 164 170 173 176 179 184 188 193 200 205 235 245 255 265 271 277 279 282 289 296 307 347 353 356 375 386 394 412 
241 44 11 26 31 34 38 42 45 46 67 78 115 116 122 133 135 137 138 149 165 191 192 229 239 246 253 254 256 258 280 283 292 298 299 311 327 362 367 379 387 394 395 397 409 410 
242 34 22 26 36 56 60 66 94 98 99 105 109 112 144 175 198 211 256 297 301 314 315 328 334 347 368 374 377 382 386 387 395 408 411 418 
243 39 21 22 31 34 35 65 67 72 76 87 100 137 140 157 160 166 183 188 200 250 275 278 291 319 321 331 335 342 347 367 384 388 392 394 398 401 406 407 414 
244 40 13 36 42 45 68 76 81 101 139 150 151 153 175 181 184 199 215 217 237 253 262 268 275 282 286 290 293 297 302 307 312 318 320 332 345 346 381 390 400 415 
245 41 6 10 17 32 37 66 77 78 87 89 94 99 103 111 113 116 121 133 141 159 177 183 205 240 250 259 271 286 314 318 319 328 348 368 376 379 396 397 411 416 419 
246 35 32 33 35 40 42 78 79 87 103 104 117 138 141 157 175 180 189 219 241 251 256 278 280 281 304 325 326 347 355 374 378 383 408 413 415 
247 36 4 17 33 43 59 66 70 75 80 88 96 104 120 122 126 135 167 171 177 180 191 200 218 258 263 283 325 336 347 357 370 383 399 406 409 415 
248 41 43 44 64 68 132 137 144 148 156 159 161 177 182 186 193 206 217 219 228 235 253 258 275 288 291 308 310 313 314 319 322 335 336 342 355 360 361 367 390 410 413 
249 44 19 26 31 46 58 60 74 87 92 116 142 144 150 171 174 180 190 194 203 211 214 216 223 227 250 270 277 292 307 317 334 347 358 362 366 375 380 383 387 391 399 402 410 417 
250 31 38 39 65 74 95 96 137 149 160 179 182 187 189 198 222 227 243 245 249 282 298 313 317 336 337 338 341 365 371 376 388 
251 49 2 7 21 23 30 41 58 69 81 87 105 107 108 114 119 133 151 156 178 182 183 191 193 222 225 234 246 252 262 263 264 266 278 286 289 290 312 340 341 347 359 364 365 368 391 392 397 417 418 
252 50 4 10 13 19 34 44 54 68 71 73 87 95 98 101 115 116 124 126 129 147 151 158 161 164 192 201 212 219 237 251 268 271 275 276 287 296 299 310 316 321 339 342 364 379 396 406 408 411 414 419 
253 43 9 10 16 21 27 31 39 43 46 56 61 73 76 94 122 145 146 150 165 167 182 213 216 220 241 244 248 259 280 296 304 323 329 348 361 379 380 395 399 400 405 415 416 
254 46 10 22 26 37 48 53 67 69 115 118 124 131 132 139 140 143 146 166 179 195 207 210 211 215 227 241 257 269 285 286 290 299 316 327 330 362 367 370 378 381 386 404 409 410 415 416 
255 46 18 22 30 33 41 42 58 65 70 84 96 116 122 130 140 145 152 165 167 184 187 188 189 193 208 214 215 222 223 233 240 256 274 283 303 310 334 337 342 346 350 368 392 412 413 419 
256 42 4 19 31 48 78 82 83 88 111 114 116 119 120 129 136 152 158 160 188 190 193 213 215 218 227 236 241 242 246 255 258 271 282 286 320 338 339 348 353 383 387 407 
257 41 13 26 29 64 65 71 97 109 116 136 141 142 165 169 171 172 179 192 199 209 223 226 233 254 269 286 295 307 314 321 325 341 353 359 363 371 382 383 388 403 410 
258 50 3 14 17 24 51 52 84 87 102 113 133 135 137 139 152 170 172 185 189 192 201 203 205 207 218 219 223 241 247 248 256 266 271 288 291 300 303 309 313 317 319 326 331 335 359 375 398 406 411 412 
259 37 27 31 41 57 58 65 70 73 83 90 95 107 161 168 186 196 200 211 217 228 239 245 253 261 265 267 285 302 331 357 371 377 378 381 389 392 416 
260 40 14 18 21 24 32 58 68 90 108 146 155 164 167 168 177 181 195 196 204 205 207 221 233 236 268 272 280 287 300 301 302 312 327 342 346 351 385 392 414 415 
261 30 3 26 29 32 34 51 57 67 100 102 108 112 123 143 163 176 204 221 222 226 259 268 282 288 300 337 347 382 390 409 
262 44 2 12 44 51 54 55 57 61 63 73 81 82 83 84 105 110 126 145 149 156 167 174 175 178 191 203 235 244 251 272 286 287 290 291 298 301 308 319 326 358 374 376 379 410 
263 42 1 7 14 34 36 43 51 53 58 82 85 91 159 176 179 183 192 195 198 200 208 218 237 247 251 278 294 312 318 327 332 335 338 347 376 382 384 386 389 399 413 414 
264 41 7 26 35 41 47 56 59 60 68 71 97 109 111 139 148 187 188 191 194 195 201 232 251 272 275 285 290 295 299 304 315 328 338 354 365 373 383 397 400 413 417 
265 41 1 4 13 34 36 54 66 70 71 84 91 93 98 118 124 145 160 163 164 167 185 187 189 196 204 213 215 219 224 240 259 268 284 292 315 327 357 369 386 392 407 
266 49 4 6 8 17 40 41 43 55 57 59 63 72 88 99 101 102 112 133 174 186 189 203 215 217 228 232 236 251 258 268 270 281 297 302 306 307 311 320 325 328 333 348 375 377 382 386 398 401 410 
267 36 0 33 40 46 58 76 77 92 96 98 101 106 107 118 122 197 203 205 232 235 259 296 300 304 319 338 344 346 349 359 362 371 383 391 415 416 
268 50 9 10 37 46 50 55 59 64 66 77 81 84 97 99 106 157 160 176 181 182 188 213 222 225 227 236 244 252 260 261 265 266 277 278 290 296 304 308 322 324 328 347 351 352 356 359 364 383 396 408 
269 32 0 9 15 22 28 39 59 62 71 81 92 123 130 135 145 152 172 181 190 203 216 223 254 257 300 304 323 348 353 395 412 418 
270 38 8 29 41 45 50 60 65 70 81 121 136 138 139 145 157 171 179 182 183 186 189 193 198 228 236 249 266 272 277 317 327 331 333 345 375 407 408 413 
271 38 21 25 34 85 94 120 127 128 141 144 167 178 191 205 212 223 240 245 252 256 258 273 274 301 310 316 318 323 327 343 345 364 367 370 390 406 414 418 
272 41 1 3 10 15 19 24 43 45 56 58 61 64 82 86 90 100 122 128 155 156 191 202 212 233 260 262 264 270 279 284 290 294 300 314 328 339 382 394 401 402 410 
273 43 2 6 7 12 14 17 35 42 78 87 95 101 105 107 116 134 139 146 151 161 176 211 214 222 271 276 279 287 291 293 300 302 315 337 338 348 357 363 365 374 377 397 419 
274 44 1 10 14 19 33 37 52 60 64 92 115 126 137 150 151 154 166 178 180 190 224 231 233 234 255 271 301 303 312 321 324 335 339 344 374 384 385 389 394 396 398 400 405 406 
275 34 12 45 60 85 97 126 134 145 182 184 190 192 243 244 248 252 264 283 317 322 324 328 338 347 351 353 354 372 378 382 398 400 406 417 
276 41 13 14 26 32 33 49 55 71 78 112 116 125 126 129 136 183 188 190 191 192 199 200 215 217 219 222 226 238 252 273 279 299 313 316 332 342 343 371 382 391 393 
277 64 5 6 7 12 15 16 23 33 44 46 52 55 59 61 68 71 74 76 77 80 85 92 106 119 122 128 130 154 160 169 184 193 196 200 201 216 228 238 239 240 249 268 270 285 296 305 310 319 323 329 336 357 360 367 369 374 378 379 382 383 404 411 413 414 
278 51 13 23 34 36 44 51 55 67 68 84 98 100 101 105 110 111 134 146 157 168 177 195 198 211 225 232 239 243 246 251 263 268 281 309 339 340 349 350 355 365 367 368 383 385 388 390 407 412 416 417 419 
279 31 1 6 10 12 31 43 47 91 105 109 125 146 166 169 173 177 188 205 212 233 236 240 272 273 276 325 328 344 362 376 385 
280 40 4 12 33 50 62 67 72 74 79 90 108 132 178 183 184 217 231 241 246 253 260 295 300 304 312 315 344 358 359 365 387 388 395 396 398 400 405 406 407 412 
281 52 6 45 68 76 86 97 101 116 120 122 127 130 131 135 136 145 154 167 168 172 195 196 197 198 214 218 224 231 235 246 266 278 285 295 300 302 307 308 317 329 332 334 336 337 339 345 379 389 397 407 410 412 
282 46 18 22 25 26 27 34 49 67 85 108 112 118 129 140 159 168 183 198 199 203 222 231 240 244 250 256 261 308 317 329 331 349 352 357 362 366 371 373 376 377 380 383 391 392 414 418 
283 46 1 13 16 29 37 74 78 83 85 89 90 103 139 152 161 164 167 184 185 187 192 209 219 220 223 241 247 255 275 287 290 291 300 308 326 338 350 351 361 371 373 388 400 403 406 410 
284 30 8 9 34 45 73 85 86 87 102 132 133 139 154 157 160 179 182 231 235 265 272 298 320 327 329 340 347 402 405 415 
285 36 0 10 12 14 26 31 37 39 41 61 67 96 104 118 135 142 176 189 193 204 209 215 254 259 264 277 281 286 288 317 320 339 357 372 382 418 
286 42 35 48 50 59 68 76 77 82 93 98 115 121 135 145 146 149 153 163 176 184 187 207 219 237 244 245 251 254 256 257 262 285 313 320 381 388 390 395 409 412 414 416 
287 55 3 23 26 44 55 56 68 74 75 76 79 84 93 97 124 126 129 130 131 138 140 141 147 152 156 184 195 197 198 201 203 209 223 234 252 260 262 273 283 291 296 307 311 313 335 346 348 369 375 376 385 412 413 415 416 
288 46 1 16 34 46 59 65 76 77 83 86 91 97 101 109 115 122 128 130 134 149 169 195 203 227 248 258 261 285 292 293 306 314 334 346 347 349 353 368 376 383 390 391 394 402 403 419 
289 37 1 4 10 37 43 48 56 63 67 70 92 95 99 103 140 167 168 171 178 179 191 211 229 233 236 240 251 301 331 335 343 358 386 389 396 402 416 
290 49 5 23 30 32 41 48 55 56 64 66 67 75 79 80 91 110 132 148 149 153 159 170 172 185 192 216 217 223 228 236 239 244 251 254 262 264 268 272 283 310 323 330 331 342 351 355 363 394 406 
291 43 4 15 25 27 28 34 36 61 69 71 82 91 143 151 171 179 180 203 208 211 213 215 233 238 243 248 258 262 273 283 287 305 318 320 346 367 373 377 393 394 398 400 410 
292 32 9 16 21 43 46 47 55 62 69 70 75 83 85 131 181 189 191 192 208 217 230 236 241 249 265 288 305 362 381 383 396 410 
293 35 8 9 24 31 41 99 110 117 121 124 139 143 165 171 189 216 219 233 237 244 273 288 298 305 309 311 325 327 343 347 360 363 395 415 416 
294 26 3 7 8 10 12 45 67 71 80 92 118 127 163 189 218 220 263 272 295 330 331 337 350 353 354 381 
295 48 25 27 39 45 51 82 88 98 107 110 112 116 117 151 152 166 170 175 191 200 212 216 219 239 257 264 280 281 294 297 305 321 323 324 337 342 343 351 362 373 375 381 387 391 402 407 409 419 
296 37 7 46 56 63 69 81 97 102 114 146 160 161 162 190 200 201 209 210 226 227 230 240 252 253 267 268 277 287 321 344 360 367 375 389 392 414 415 
297 47 3 8 12 22 29 41 59 60 61 62 64 91 118 123 141 151 153 171 172 173 176 183 189 191 193 197 217 224 242 244 266 295 299 308 315 335 349 353 355 372 374 380 382 384 401 407 411 
298 38 20 27 28 41 49 81 87 100 107 110 125 139 153 163 176 183 193 209 230 237 241 250 262 284 293 310 312 329 331 348 357 360 363 366 375 376 406 418 
299 41 12 15 18 19 28 50 67 82 88 93 96 99 109 127 142 147 160 164 166 170 198 212 241 252 254 264 276 297 300 306 307 325 333 352 358 368 369 393 398 413 419 
300 42 6 38 57 117 125 140 143 162 173 175 180 181 184 191 202 222 239 258 260 261 267 269 272 273 280 281 283 299 316 321 327 330 340 343 363 365 373 384 389 392 396 405 
301 37 10 11 20 68 78 82 84 85 92 97 99 127 132 147 152 161 163 174 181 189 193 219 226 242 260 262 271 274 289 313 327 347 352 372 376 378 388 
302 36 6 16 44 54 57 63 65 68 101 126 142 153 180 188 192 197 211 226 244 259 260 266 273 281 320 333 337 365 372 379 381 386 400 405 407 410 
303 37 25 41 53 72 83 89 92 97 108 125 149 166 184 187 191 197 208 210 219 228 232 234 236 239 255 258 274 313 339 344 345 365 374 379 409 416 417 
304 49 1 14 18 21 26 34 35 38 43 65 66 67 69 87 92 96 105 118 122 127 161 171 181 183 197 203 210 212 217 231 232 235 246 253 264 267 268 269 280 322 335 351 354 360 378 387 399 401 412 
305 32 11 17 25 44 47 62 67 72 82 93 109 119 124 138 140 160 165 172 175 195 196 206 225 230 277 291 292 293 295 345 353 367 
306 34 1 15 32 44 60 69 79 89 109 110 124 132 134 135 140 143 153 154 159 166 189 197 207 209 266 288 299 336 351 356 360 375 403 406 
307 46 7 16 39 43 45 57 59 67 74 76 106 107 120 124 142 143 145 151 154 187 188 194 205 225 239 240 244 249 257 266 281 287 299 326 330 337 343 352 354 365 375 381 388 404 405 415 
308 51 11 15 20 22 30 34 56 65 66 70 77 94 96 97 102 109 114 116 125 127 135 152 160 171 174 193 213 216 222 227 248 262 268 281 282 283 297 311 322 330 356 357 364 372 388 394 396 404 405 413 416 
309 32 1 8 24 26 36 48 63 67 98 106 116 120 155 162 170 180 186 208 230 231 239 258 278 293 349 353 382 392 398 399 403 406 
310 43 8 17 64 66 79 93 102 106 111 127 131 138 140 142 150 151 160 169 184 192 193 198 238 248 252 255 271 277 290 298 312 315 329 330 334 336 340 347 372 378 394 400 401 
311 38 1 5 31 49 50 53 59 90 100 107 112 128 129 130 131 133 170 181 226 227 239 241 266 287 293 308 326 327 333 344 357 370 397 398 400 401 410 418 
312 46 2 6 11 13 17 35 59 62 78 81 89 93 106 112 123 136 138 160 162 169 201 217 223 231 236 244 251 260 263 274 280 298 310 315 336 343 344 348 356 360 366 371 392 399 402 409 
313 41 21 30 38 41 48 58 71 73 76 90 96 110 123 140 151 175 185 198 216 218 223 224 248 250 258 276 286 287 301 303 315 319 322 339 357 366 373 381 383 392 415 
314 44 1 5 9 20 23 39 42 61 72 89 121 122 135 170 172 182 190 191 195 198 208 210 214 225 233 242 245 248 257 272 288 315 323 328 346 347 353 359 367 372 377 390 396 411 
315 41 3 23 35 59 72 78 81 90 102 114 133 143 150 154 155 159 183 195 198 203 205 226 231 239 242 264 265 273 280 297 310 312 313 314 317 332 336 343 396 404 410 
316 39 15 21 26 41 45 55 64 70 72 83 92 116 125 145 152 159 175 181 185 200 215 223 231 236 239 252 254 271 276 300 332 351 365 370 375 378 391 402 419 
317 43 4 11 24 43 53 57 85 89 90 94 135 138 159 184 196 197 200 202 223 230 232 249 250 258 270 275 281 282 285 315 328 330 335 342 355 359 361 365 367 383 393 408 413 
318 39 29 34 51 67 73 82 88 99 103 112 119 129 136 148 149 165 179 188 195 198 208 212 223 231 236 238 244 245 263 271 291 343 349 350 354 355 372 384 407 
319 48 2 28 32 57 73 81 88 93 96 111 117 132 134 166 167 174 179 191 199 202 209 214 221 232 239 243 245 248 258 262 267 277 313 326 331 335 345 347 350 358 379 391 395 396 397 404 409 411 
320 43 3 4 6 7 17 20 21 56 73 95 96 102 119 124 126 150 152 193 196 212 218 220 231 232 244 256 266 284 285 286 291 302 322 340 354 359 364 368 369 380 390 392 408 
321 38 0 21 33 62 63 69 70 73 76 81 86 109 123 128 139 160 170 185 201 202 226 230 243 252 257 274 295 296 300 327 332 335 343 373 386 403 409 414 
322 42 1 22 28 40 41 50 74 76 78 81 88 96 97 107 128 131 136 150 154 168 172 178 179 210 227 233 234 237 248 268 275 304 308 313 320 329 335 337 380 386 399 406 
323 40 15 19 21 42 69 75 83 86 89 96 102 115 119 130 141 148 161 163 188 198 227 238 253 269 271 277 290 295 314 330 338 355 362 371 372 381 401 408 409 412 
324 32 18 27 33 41 53 71 79 81 89 145 146 147 157 160 172 174 180 199 213 235 268 274 275 295 336 356 363 373 392 400 402 403 
325 40 26 27 41 46 50 59 60 70 76 92 97 103 109 166 174 176 195 197 225 237 246 247 257 266 279 293 299 334 345 357 358 378 380 384 386 391 395 408 411 413 
326 33 1 8 21 25 36 43 60 63 87 101 124 132 174 175 177 190 194 211 220 246 258 262 283 307 311 319 344 359 373 381 383 395 415 
327 42 6 13 31 35 62 69 113 120 127 128 131 146 165 168 170 183 189 203 205 208 217 235 241 254 260 263 265 270 271 284 293 300 301 311 321 329 348 349 373 388 392 408 
328 55 3 5 7 29 41 44 46 49 51 59 63 65 73 75 78 88 94 95 98 101 122 132 154 156 166 176 193 197 203 206 224 228 230 232 234 236 242 245 264 266 268 272 275 279 314 317 337 352 362 363 378 386 394 396 400 
329 42 10 23 25 29 31 32 48 49 51 78 89 115 122 139 150 154 158 184 186 194 211 212 213 229 233 234 253 277 281 282 284 298 310 322 327 331 345 357 377 379 396 414 
330 42 6 10 12 21 34 48 63 70 76 99 103 105 107 117 158 159 163 169 173 180 199 209 226 230 232 235 254 290 294 300 307 308 310 317 323 334 359 361 367 369 389 418 
331 46 5 21 22 33 58 69 84 86 103 111 117 129 138 143 151 163 196 199 217 218 219 222 228 231 233 243 258 259 270 282 289 290 294 298 319 329 332 347 351 352 373 377 378 384 399 416 
332 46 3 4 11 14 22 27 36 63 67 72 76 104 115 117 151 176 180 185 187 192 196 197 207 211 221 229 233 237 238 244 263 276 281 315 316 321 331 355 357 360 367 372 396 401 406 410 
333 40 0 6 28 30 34 44 45 46 60 81 82 85 97 99 140 147 151 154 168 177 201 226 228 266 270 299 302 311 340 346 347 367 380 387 391 395 397 399 401 413 
334 40 1 39 51 65 74 82 83 96 99 111 131 132 144 160 163 168 181 190 192 196 198 200 211 228 242 249 255 281 288 310 325 330 337 339 356 375 380 383 400 406 
335 52 7 10 13 14 18 19 21 25 30 33 44 45 48 49 53 58 68 79 82 104 109 124 147 164 166 168 171 200 208 211 243 248 258 263 274 287 289 297 304 317 319 321 322 339 341 346 349 367 381 406 408 409 
336 46 3 18 23 31 37 47 66 85 87 92 94 111 118 120 125 136 139 141 144 147 151 162 173 185 195 204 206 220 229 247 248 250 277 281 306 310 312 315 324 341 354 359 366 376 400 405 
337 48 20 25 37 45 50 59 61 67 114 121 132 134 136 137 161 162 173 174 181 189 191 195 199 202 221 239 250 255 261 273 281 294 295 302 307 322 328 334 344 346 372 375 383 389 392 398 403 417 
338 37 51 60 62 69 87 100 104 114 129 133 160 165 179 182 203 208 210 218 220 236 237 250 256 263 264 267 273 275 283 323 340 361 367 375 389 411 414 
339 43 12 13 20 23 29 45 62 68 75 79 88 117 122 134 136 138 141 142 156 159 161 190 195 199 206 215 234 252 256 272 274 278 281 285 303 313 334 335 341 372 391 402 404 
340 43 7 12 32 52 80 88 89 93 96 101 111 122 128 136 138 146 150 153 176 186 194 204 209 221 226 251 278 284 300 310 320 333 338 344 352 365 378 383 388 389 390 402 418 
341 36 26 40 49 52 82 84 86 93 94 122 124 126 133 138 141 146 163 177 178 196 210 232 250 251 257 335 336 339 342 368 373 375 376 397 399 403 
342 38 21 28 44 54 58 60 82 94 116 120 127 129 139 142 152 173 191 205 211 212 225 229 239 243 248 252 255 260 276 290 295 317 341 349 377 382 393 414 
343 52 1 12 15 25 33 44 50 51 52 60 75 80 89 93 102 104 118 123 134 137 138 148 156 161 170 175 198 201 203 207 213 225 229 239 271 276 289 293 295 300 307 312 315 318 321 359 364 366 367 384 407 411 
344 41 21 22 42 47 51 55 63 85 103 107 121 131 145 146 154 161 164 173 188 194 204 214 221 267 274 279 280 296 303 311 312 326 337 340 349 374 388 390 393 403 410 
345 38 10 12 38 41 48 50 64 65 85 128 138 143 149 166 174 178 181 201 206 208 211 220 235 244 270 271 281 303 305 319 325 329 352 361 362 404 410 417 
346 48 3 6 19 21 23 45 48 56 57 61 76 92 113 127 128 138 145 146 158 181 186 187 189 198 204 206 239 244 255 260 267 287 288 291 314 333 335 337 352 357 377 384 385 391 392 405 408 413 
347 48 8 9 12 21 53 66 83 86 96 102 115 137 140 145 165 167 200 208 224 230 233 237 240 242 243 246 247 249 251 261 263 268 275 284 288 293 301 310 314 319 331 333 363 389 396 400 404 419 
348 42 14 17 30 44 48 58 64 72 88 107 108 112 122 124 137 146 154 156 158 173 189 192 201 204 216 221 245 253 256 266 269 273 287 298 312 327 349 359 361 371 392 393 
349 50 1 5 12 29 40 42 54 55 60 67 79 80 82 86 87 92 101 125 126 131 140 145 147 157 164 168 171 207 234 239 267 278 282 288 297 309 318 327 335 342 344 348 358 360 381 393 394 406 408 418 
350 39 1 2 8 11 35 36 37 44 56 64 65 74 86 105 107 115 125 127 165 167 202 203 207 209 213 255 278 283 294 318 319 373 375 376 381 389 392 401 412 
351 37 0 29 39 82 86 89 100 104 107 113 117 120 122 130 133 135 147 182 195 198 214 231 260 268 275 283 290 295 304 306 316 331 367 368 401 404 409 
352 36 1 2 11 21 25 28 43 88 90 98 107 113 116 124 146 153 157 161 169 193 200 215 235 268 282 299 301 307 328 331 340 345 346 354 396 408 
353 50 13 16 27 31 33 38 46 53 70 72 73 80 89 93 98 107 114 118 122 125 131 149 152 158 175 178 186 193 200 224 237 240 256 257 269 275 288 294 297 305 309 314 366 370 385 390 400 404 408 418 
354 42 1 16 21 27 32 34 70 88 97 110 111 123 146 148 197 207 213 228 230 235 237 239 264 275 294 304 307 318 320 336 352 355 356 357 364 388 400 402 415 416 418 419 
355 36 5 14 28 50 51 54 80 87 98 125 133 157 163 164 176 209 231 235 236 239 246 248 278 290 297 317 318 323 332 354 370 371 383 393 395 401 
356 40 4 5 17 19 28 31 36 40 48 70 71 78 95 96 103 106 110 133 134 136 137 165 179 193 207 218 240 268 306 308 312 324 334 354 363 370 374 379 385 404 
357 54 6 16 23 31 35 39 42 43 48 55 62 66 71 82 89 96 116 120 125 137 140 145 167 172 183 189 202 216 222 228 247 259 265 273 277 282 285 298 308 311 313 325 329 332 346 354 358 362 371 375 380 390 398 403 
358 37 5 18 25 35 68 78 98 100 104 109 115 120 122 126 140 182 189 200 221 222 228 249 262 280 289 299 319 325 349 357 366 373 374 381 399 405 407 
359 52 4 5 17 27 32 63 64 74 77 78 80 93 100 115 118 122 139 141 144 148 151 160 164 172 180 181 191 193 196 210 217 251 257 258 267 268 280 314 317 320 326 330 336 343 348 368 369 391 402 407 408 412 
360 57 10 12 14 19 21 40 42 44 45 54 56 58 77 86 90 93 96 100 104 108 122 148 152 154 155 157 163 165 176 188 198 211 213 216 218 220 223 235 237 238 248 277 293 296 298 304 306 312 332 349 369 389 397 399 400 410 416 
361 30 3 30 32 51 60 72 78 93 112 118 121 146 177 184 189 204 213 224 248 253 283 317 330 338 345 348 362 375 396 408 
362 43 38 48 51 58 65 76 78 96 99 100 114 116 117 148 165 182 187 195 198 216 217 226 230 233 234 241 249 254 267 279 282 292 295 323 328 345 357 361 366 369 375 388 397 
363 45 0 2 3 5 21 23 28 41 53 56 59 73 75 95 106 109 140 153 154 160 187 195 203 211 225 230 231 237 257 273 290 293 298 300 324 328 347 356 367 368 377 396 399 403 409 
364 44 6 8 10 24 48 51 53 59 61 62 64 65 74 90 91 109 113 123 124 151 153 165 174 192 194 215 228 232 234 239 251 252 268 271 308 320 343 354 377 401 402 403 409 411 
365 45 24 28 29 32 44 51 65 99 111 122 126 128 154 179 184 186 189 192 194 197 201 211 217 230 233 234 236 250 251 264 273 278 280 300 302 303 307 316 317 340 368 370 380 398 404 
366 45 2 4 11 21 24 32 72 73 92 96 109 113 127 131 132 147 153 161 162 193 206 224 227 228 249 282 298 312 313 336 343 353 358 362 367 373 378 382 385 387 389 391 394 395 398 
367 56 4 12 13 19 44 55 59 66 81 86 88 97 105 110 113 120 131 142 154 163 176 182 184 195 200 203 206 207 225 227 229 234 241 243 248 254 271 277 278 291 296 305 314 317 330 332 333 335 338 343 351 363 366 392 402 410 
368 40 4 11 12 19 36 47 68 105 117 124 130 151 165 174 184 186 195 203 216 217 239 242 245 251 255 278 288 299 320 341 351 359 363 365 374 381 391 411 413 415 
369 44 2 3 5 7 17 21 27 31 52 53 65 68 82 89 109 110 112 117 142 148 151 170 176 178 181 197 203 209 211 223 225 265 277 287 299 320 330 359 360 362 374 384 401 403 
370 37 3 7 11 14 37 38 107 113 117 124 142 156 163 172 180 187 195 212 213 217 220 234 238 247 254 271 311 316 353 355 356 365 371 374 378 379 417 
371 47 3 6 18 20 42 43 47 64 75 83 100 104 105 112 125 128 131 134 139 142 150 153 160 202 213 223 229 231 250 257 259 267 276 282 283 312 323 348 355 357 370 372 373 391 396 402 417 
372 37 8 14 33 39 77 85 92 96 108 141 142 147 168 178 186 199 207 220 232 237 238 275 285 297 301 302 308 310 314 318 323 332 337 339 371 384 412 
373 44 6 7 9 16 72 81 87 93 125 132 143 145 149 165 168 175 182 184 193 197 204 207 219 221 237 264 282 283 291 295 300 313 321 324 326 327 331 341 350 358 366 371 388 401 
374 39 18 22 30 32 37 41 45 59 70 73 95 101 114 134 144 146 147 152 164 170 176 200 212 236 242 246 262 273 274 277 297 303 344 356 358 368 369 370 395 
375 41 24 30 33 34 76 88 92 103 106 119 141 148 156 165 168 201 223 226 234 240 249 258 266 270 287 295 296 298 306 307 316 334 337 338 341 350 357 361 362 405 407 
376 37 3 23 25 42 43 65 74 88 103 107 142 153 170 191 212 219 227 228 231 232 245 250 262 263 279 282 287 288 298 301 336 341 350 379 380 404 414 
377 33 0 6 11 25 63 95 96 98 142 174 194 209 214 223 224 233 238 242 259 266 273 282 291 314 329 331 342 346 363 364 388 416 419 
378 43 15 20 24 40 46 68 85 86 92 108 126 132 143 166 175 192 198 206 207 221 234 246 254 259 275 277 301 304 310 316 325 328 331 340 366 370 394 395 403 406 411 415 418 
379 36 9 11 87 98 107 109 117 142 147 152 162 182 190 193 213 221 227 231 241 245 252 253 262 277 281 302 303 319 329 356 370 376 391 407 409 418 
380 37 3 11 27 38 49 51 52 58 60 68 83 89 97 110 116 144 167 196 203 205 237 238 249 253 282 297 320 322 325 333 334 357 365 376 385 391 414 
381 39 6 18 19 23 43 47 49 56 64 66 69 71 78 88 126 159 188 195 224 244 254 259 286 292 294 295 302 307 313 323 326 335 349 350 358 368 387 391 399 
382 43 3 6 21 32 63 77 85 90 93 100 101 118 119 138 143 144 147 151 152 159 197 201 217 220 242 257 261 263 266 272 275 276 277 285 297 309 342 366 387 401 404 407 412 
383 47 22 31 43 47 63 68 79 84 92 130 149 155 158 162 165 171 174 183 204 212 213 219 230 246 247 249 256 257 264 267 268 277 278 282 288 292 313 317 326 334 337 340 355 391 403 408 419 
384 43 1 21 36 43 44 68 98 102 112 129 136 140 153 157 164 166 169 179 184 189 192 220 224 226 243 263 274 297 300 318 325 331 343 346 369 372 393 395 402 407 411 416 419 
385 37 11 18 21 35 36 39 41 42 44 65 70 75 80 113 123 125 130 144 148 179 193 197 232 260 274 278 279 287 346 353 356 366 380 386 402 413 415 
386 40 28 37 39 44 47 49 57 62 93 97 99 100 106 124 127 131 136 142 190 210 215 216 217 227 240 242 254 263 265 266 289 302 321 322 325 328 385 392 407 419 
387 38 11 22 36 53 66 86 103 135 138 139 141 148 166 168 174 195 208 220 237 238 241 242 249 256 280 295 304 333 366 381 382 388 398 399 407 409 412 414 
388 46 2 8 19 31 48 67 69 72 75 107 118 119 123 146 154 171 173 188 198 210 226 227 235 243 250 257 278 280 283 286 301 307 308 327 340 344 354 362 373 377 387 406 408 409 413 415 
389 39 5 13 27 29 30 36 45 46 87 92 102 112 123 129 170 172 179 198 207 215 218 232 234 259 263 274 281 289 296 300 330 337 338 340 347 350 360 366 396 
390 53 1 14 22 32 34 43 44 45 56 65 67 76 82 92 102 105 107 111 119 122 128 150 160 165 169 174 175 178 179 184 189 193 205 212 216 232 235 244 248 261 271 278 286 288 314 320 340 344 353 357 399 402 408 
391 53 6 10 22 32 49 51 52 60 68 78 105 107 117 124 141 144 150 156 158 167 171 172 183 186 194 196 219 221 230 249 251 267 276 282 288 295 316 319 325 333 339 346 359 366 368 371 379 380 381 383 395 400 409 
392 51 11 23 30 40 77 79 83 86 91 94 96 97 99 105 112 117 127 132 135 144 147 154 163 170 171 180 184 205 217 239 243 251 255 259 260 265 282 296 300 309 312 313 320 324 327 337 346 348 350 367 386 
393 34 10 15 21 24 26 41 44 56 75 92 104 111 134 142 162 166 176 179 196 197 199 232 276 291 299 317 342 344 348 349 355 384 399 410 
394 39 0 11 14 20 35 36 44 54 65 86 110 120 136 142 162 164 165 170 173 184 190 218 240 241 243 272 274 288 290 291 308 310 328 349 366 378 398 409 412 
395 40 0 4 7 15 40 65 96 104 107 112 127 131 139 159 186 190 206 217 222 232 241 242 253 269 280 286 293 319 325 326 333 355 366 374 378 384 391 399 403 408 
396 40 0 9 24 48 74 86 98 99 117 139 149 164 178 179 207 245 252 268 274 280 289 292 300 308 314 315 319 328 329 332 347 352 361 363 371 389 403 405 416 419 
397 35 12 18 22 23 36 44 46 87 95 105 108 119 141 144 158 159 164 171 182 188 214 221 241 245 251 264 273 281 311 319 333 341 360 362 412 
398 35 30 35 48 51 64 83 99 113 126 151 152 153 169 177 181 203 212 243 258 266 274 275 280 291 299 309 311 337 357 365 366 387 394 400 402 
399 39 30 36 45 53 61 65 75 94 96 103 109 120 133 138 158 195 196 207 234 247 249 253 263 304 309 312 322 331 333 341 358 360 363 381 387 390 393 395 407 
400 47 15 19 40 58 71 85 118 119 141 144 147 153 155 163 175 183 186 191 215 223 225 234 244 253 264 274 275 280 283 291 302 310 311 324 328 334 336 347 353 354 360 391 398 403 405 416 419 
401 37 51 53 54 59 61 82 86 90 92 108 110 118 139 143 163 218 223 226 230 243 266 272 297 304 310 311 323 332 333 350 351 355 364 369 373 382 403 
402 44 1 7 55 62 65 67 69 76 90 96 102 116 130 160 177 179 194 205 213 235 249 272 284 288 289 295 312 316 324 339 340 354 359 364 367 371 384 385 390 398 403 405 410 415 
403 47 2 21 27 32 43 53 61 87 89 108 112 120 123 141 142 147 152 158 165 170 178 193 204 229 233 257 283 288 306 309 321 324 337 341 344 357 363 364 369 378 383 395 396 400 401 402 410 
404 38 2 4 9 22 31 55 61 69 70 72 112 115 116 129 136 146 149 154 159 167 232 238 254 277 307 308 315 319 339 345 347 351 353 356 365 376 382 408 
405 40 2 3 15 17 18 25 29 43 78 92 96 105 117 120 134 138 143 146 151 159 172 185 191 192 201 253 274 280 284 300 302 307 308 336 346 358 375 396 400 402 
406 42 1 16 22 40 47 61 81 83 85 89 108 128 150 151 154 155 190 200 221 223 235 243 247 252 258 271 274 275 280 283 290 298 306 309 322 332 334 335 349 378 388 419 
407 49 0 9 11 15 23 31 36 49 56 59 62 89 99 100 106 109 115 117 121 123 132 140 141 160 165 214 232 243 256 265 270 278 280 281 295 297 302 318 343 358 359 375 379 382 384 386 387 399 416 
408 48 0 18 20 46 58 72 77 108 111 113 114 130 147 148 151 155 173 181 191 217 224 225 238 242 246 252 268 270 317 320 323 325 327 335 346 349 352 353 359 361 383 388 390 395 404 410 411 412 
409 45 6 36 44 47 55 66 80 83 98 133 156 158 163 169 178 202 205 208 213 221 225 236 239 241 247 254 261 286 295 303 312 319 321 323 335 351 363 364 379 387 388 391 394 417 419 
410 44 49 57 68 83 118 129 135 145 152 154 169 172 173 178 187 210 211 223 226 236 241 248 249 254 257 262 266 272 281 283 291 292 302 311 315 332 344 345 360 367 393 402 403 408 
411 48 0 13 16 18 25 27 30 33 35 40 70 98 101 115 133 136 138 141 142 145 159 160 161 176 177 185 204 213 217 222 229 242 245 252 258 277 297 314 319 325 338 343 364 368 378 384 408 413 
412 35 20 56 67 99 100 112 116 118 125 131 137 138 144 188 221 237 240 255 258 269 278 280 281 286 287 304 323 350 359 372 382 387 394 397 408 
413 48 9 38 41 44 60 69 75 87 91 92 94 97 115 116 131 136 145 150 153 160 166 179 180 205 206 212 213 217 220 246 248 255 263 264 270 277 287 299 308 317 325 333 346 368 385 388 411 414 
414 39 15 21 23 29 34 58 74 78 95 104 106 109 116 117 145 159 178 184 190 193 196 210 243 252 260 263 271 277 282 286 296 321 329 338 342 376 380 387 413 
415 35 2 44 55 131 144 158 167 180 199 212 214 217 222 224 244 246 247 253 254 260 267 284 287 293 296 307 313 326 354 368 378 385 388 402 416 
416 59 1 3 8 9 11 13 28 33 34 40 41 43 50 52 59 61 64 71 87 91 104 105 108 120 128 130 146 166 170 172 173 199 201 212 213 222 226 234 245 253 254 259 267 278 286 287 289 293 303 308 331 354 360 377 384 396 400 407 415 
417 37 0 3 25 35 40 46 75 82 86 101 102 110 115 117 121 131 154 156 163 180 190 192 195 202 216 249 251 264 275 278 303 337 345 370 371 409 419 
418 36 13 18 22 24 45 50 56 63 67 84 99 100 101 117 128 158 184 186 190 217 221 242 251 269 271 282 285 298 311 330 340 349 353 354 378 379 
419 42 9 10 30 36 50 58 66 71 96 101 111 134 135 151 156 162 166 168 193 201 207 224 245 252 255 273 278 288 295 299 316 347 354 377 383 384 386 396 400 406 409 417 
