420 4252
0 13 7 61 76 81 163 173 175 183 202 333 395 396 411 
1 20 27 50 74 82 96 97 188 207 219 263 265 283 289 304 309 352 354 384 390 406 
2 17 21 33 47 49 56 81 87 118 176 189 210 273 350 352 369 388 403 
3 26 25 79 110 122 128 136 166 173 181 198 202 206 210 211 220 226 261 287 320 328 336 363 376 380 405 417 
4 17 60 88 91 136 150 161 180 182 222 252 289 317 332 356 359 367 395 
5 19 23 36 64 78 92 113 117 125 163 168 171 184 277 290 328 349 356 358 389 
6 22 33 60 74 87 118 125 129 130 169 186 204 266 277 300 302 327 330 333 357 364 373 409 
7 25 0 37 43 65 69 81 128 159 167 172 193 209 211 225 263 264 273 294 296 320 328 335 369 370 373 
8 16 11 32 44 106 128 145 153 190 191 233 270 293 294 347 350 416 
9 16 80 86 121 147 154 156 197 209 253 268 284 292 373 379 407 416 
10 14 76 93 118 194 206 219 253 254 272 285 301 329 330 393 
11 17 8 23 34 38 62 142 176 225 308 332 350 368 370 379 380 387 392 
12 16 26 40 62 96 110 120 146 181 182 217 229 262 285 330 343 360 
13 21 26 65 82 100 109 116 132 135 142 193 216 252 265 276 283 312 335 339 389 411 418 
14 20 47 58 71 96 106 180 186 187 206 226 232 258 260 263 285 304 348 370 390 394 
15 21 46 67 79 96 117 118 121 132 190 192 194 195 202 227 272 277 306 308 316 393 400 
16 20 17 43 51 98 103 141 161 162 181 197 220 240 253 283 292 307 354 373 406 411 
17 17 16 60 68 96 115 117 122 123 136 150 228 245 266 273 310 320 359 
18 21 22 41 47 58 102 128 129 134 149 160 179 234 260 304 335 358 381 385 397 405 411 
19 17 26 63 79 80 110 153 165 209 215 221 229 274 323 346 356 368 381 
20 18 55 56 97 120 136 151 155 173 186 188 301 308 314 320 337 371 378 408 
21 32 2 22 28 40 41 47 57 62 71 79 97 165 172 204 251 253 271 313 316 320 326 330 331 335 346 354 363 369 382 384 393 403 
22 22 18 21 65 87 105 119 161 162 181 186 203 242 255 269 308 322 331 374 383 390 391 406 
23 28 5 11 31 43 87 99 114 125 162 185 204 231 236 237 240 251 277 278 290 315 329 336 339 363 381 392 397 407 
24 11 67 148 154 155 165 258 272 309 317 365 393 
25 20 3 44 83 94 107 108 122 165 173 201 295 303 305 329 335 337 352 405 411 417 
26 30 12 13 19 40 48 50 54 63 89 96 126 133 149 169 172 180 188 221 224 226 228 249 254 257 261 276 282 285 287 341 
27 23 1 99 110 115 156 171 180 201 203 217 236 253 259 282 291 298 324 359 369 380 389 403 411 
28 16 21 30 41 55 62 106 118 146 156 192 235 291 319 322 365 386 
29 20 49 55 64 102 112 142 162 190 194 196 210 215 227 238 270 283 339 389 405 414 
30 21 28 36 89 106 113 142 171 176 193 206 209 214 233 235 251 255 389 398 399 411 419 
31 12 23 85 104 113 149 189 197 228 232 327 353 407 
32 23 8 45 54 72 78 79 90 112 126 142 157 171 188 207 231 276 319 329 354 361 365 390 391 
33 24 2 6 37 42 44 49 58 85 114 147 176 195 196 233 246 247 255 276 331 335 343 353 372 375 
34 19 11 60 93 121 128 133 243 252 261 265 282 284 288 304 308 333 354 375 390 
35 13 105 124 131 207 208 232 246 273 286 304 358 411 417 
36 19 5 30 95 96 105 110 140 207 217 218 244 291 332 350 384 385 394 397 419 
37 16 7 33 47 61 69 98 120 131 141 151 161 231 283 285 289 374 
38 22 11 44 45 60 63 68 77 131 136 166 181 193 208 215 217 233 250 300 304 362 380 413 
39 13 40 62 127 156 197 216 231 250 253 269 285 334 357 
40 16 12 21 26 39 111 167 190 203 209 233 266 322 378 395 400 416 
41 22 18 21 28 101 111 135 143 193 215 219 251 255 264 270 297 313 363 374 385 393 413 416 
42 19 33 44 51 74 78 111 118 123 144 148 210 221 232 240 246 314 344 349 385 
43 22 7 16 23 55 65 69 88 105 146 185 215 219 235 247 292 357 371 376 381 390 405 416 
44 33 8 25 33 38 42 58 63 103 120 130 168 191 204 210 219 222 232 262 277 278 287 302 328 333 335 342 343 360 365 385 386 393 409 
45 29 32 38 64 74 106 110 125 144 204 213 218 221 230 231 241 272 281 284 295 307 335 337 339 346 360 374 390 399 418 
46 19 15 48 52 59 72 106 107 133 135 145 215 267 268 325 328 333 378 408 417 
47 20 2 14 18 21 37 68 77 91 101 115 125 139 161 177 188 227 264 344 371 409 
48 17 26 46 50 59 116 120 180 191 198 219 289 290 309 335 345 356 364 
49 23 2 29 33 62 87 88 110 122 171 173 204 213 223 226 233 234 239 276 298 329 380 386 410 
50 25 1 26 48 62 76 96 97 132 134 135 156 167 183 190 197 270 286 299 311 325 337 345 355 418 419 
51 28 16 42 76 107 111 147 148 151 164 176 179 185 190 222 236 258 261 263 295 318 328 334 343 344 355 361 362 365 
52 16 46 71 125 132 143 144 146 152 192 198 217 274 277 341 343 380 
53 21 80 100 105 108 111 123 133 134 138 146 210 217 219 254 263 303 317 335 347 364 369 
54 23 26 32 57 66 70 81 85 88 89 90 120 136 138 142 143 159 178 184 217 252 265 349 355 
55 23 20 28 29 43 68 85 136 159 189 199 212 221 262 268 276 277 278 290 316 349 367 404 415 
56 24 2 20 75 126 133 139 154 156 174 186 192 208 211 224 287 289 290 296 308 320 350 363 407 412 
57 16 21 54 76 111 141 161 187 193 197 209 213 259 300 302 307 346 
58 19 14 18 33 44 67 74 84 94 148 156 255 259 267 272 313 331 335 342 362 
59 32 46 48 73 75 87 100 122 132 158 175 179 183 187 216 226 228 231 238 264 266 268 269 288 297 311 315 325 337 367 401 407 416 
60 25 4 6 17 34 38 84 90 91 92 94 95 140 151 152 173 207 270 274 297 306 333 338 380 391 413 
61 17 0 37 91 97 131 215 224 226 228 253 262 272 277 285 337 346 401 
62 24 11 12 21 28 39 49 50 74 90 103 106 133 139 156 157 187 198 237 292 312 321 327 364 407 
63 14 19 26 38 44 102 152 157 191 230 262 266 296 359 382 
64 16 5 29 45 81 115 140 153 205 257 348 359 364 371 381 398 416 
65 24 7 13 22 43 74 121 134 151 207 225 259 270 288 304 308 345 350 362 364 369 385 394 395 402 
66 15 54 67 70 78 83 91 93 129 166 190 247 265 290 304 419 
67 21 15 24 58 66 68 84 94 96 162 178 187 192 209 241 254 261 290 294 309 349 388 
68 31 17 38 47 55 67 74 88 108 110 119 123 158 159 184 220 236 244 248 264 278 287 301 302 335 339 358 369 378 383 384 410 
69 13 7 37 43 125 158 166 231 251 306 323 327 331 388 
70 33 54 66 80 97 99 129 139 147 152 155 175 178 183 186 195 213 214 215 217 219 224 229 230 259 265 270 289 308 325 353 354 356 385 
71 27 14 21 52 79 105 107 110 128 140 141 146 166 169 172 189 239 252 257 264 276 277 291 313 324 356 381 419 
72 14 32 46 142 147 204 243 305 332 353 361 373 388 404 408 
73 18 59 84 91 120 156 169 202 223 230 253 259 262 284 319 320 321 363 366 
74 23 1 6 42 45 58 62 65 68 89 128 148 232 240 249 250 283 307 334 350 359 376 396 414 
75 18 56 59 103 129 174 179 185 192 201 222 247 292 323 339 363 388 393 417 
76 23 0 10 50 51 57 78 107 112 142 161 167 189 216 222 227 243 244 307 313 330 375 390 402 
77 15 38 47 141 170 171 209 225 227 229 245 268 288 308 359 392 
78 26 5 32 42 66 76 79 94 112 117 134 137 152 164 192 193 232 245 246 273 283 312 315 322 328 362 381 
79 20 3 15 19 21 32 71 78 87 88 116 122 149 176 225 240 280 310 324 335 339 
80 17 9 19 53 70 104 115 119 131 138 196 219 235 247 294 340 343 353 
81 25 0 2 7 54 64 89 103 116 161 162 175 193 195 208 223 227 251 262 268 269 296 298 319 321 406 
82 23 1 13 97 100 142 218 224 256 262 286 295 299 305 318 333 334 342 351 357 369 390 401 417 
83 18 25 66 89 103 129 133 164 176 186 256 283 288 303 347 392 406 409 410 
84 12 58 60 67 73 106 116 191 234 258 268 278 418 
85 22 31 33 54 55 88 106 113 129 138 173 181 222 263 275 282 283 301 333 336 344 378 406 
86 21 9 93 100 108 145 148 158 185 240 284 323 331 347 349 351 360 367 378 387 394 401 
87 27 2 6 22 23 49 59 79 100 108 127 139 165 171 172 219 245 246 251 252 258 336 338 349 379 397 403 416 
88 19 4 43 49 54 68 79 85 113 119 172 183 213 222 223 228 266 322 352 381 
89 22 26 30 54 74 81 83 108 115 128 142 168 178 214 312 317 323 324 329 340 351 353 403 
90 17 32 54 60 62 166 183 209 223 259 260 280 283 313 315 364 382 401 
91 13 4 47 60 61 66 73 119 161 179 185 232 263 392 
92 26 5 60 95 122 129 149 190 206 249 269 277 289 294 303 304 316 325 336 349 366 375 378 383 390 393 413 
93 16 10 34 66 86 147 151 166 187 198 209 265 299 305 340 341 386 
94 16 25 58 60 67 78 95 140 197 206 242 245 253 317 328 341 399 
95 13 36 60 92 94 102 146 148 178 187 202 259 273 363 
96 36 1 12 14 15 17 26 36 50 67 101 109 131 135 140 155 172 176 184 201 203 205 223 224 250 255 285 299 304 320 322 362 377 392 395 402 405 
97 26 1 20 21 50 61 70 82 109 110 164 169 200 203 257 264 275 288 296 301 308 325 333 354 367 386 413 
98 20 16 37 143 160 172 176 193 222 242 252 265 278 309 328 352 353 355 377 379 396 
99 20 23 27 70 115 121 122 144 152 209 214 242 245 289 318 330 333 334 392 412 418 
100 22 13 53 59 82 86 87 116 165 171 195 197 208 243 261 272 298 311 362 371 382 407 418 
101 16 41 47 96 113 145 150 153 168 189 231 267 273 328 411 417 419 
102 19 18 29 63 95 129 146 163 177 189 208 219 261 308 315 347 384 389 390 417 
103 17 16 44 62 75 81 83 143 178 201 208 229 246 330 356 375 376 387 
104 19 31 80 109 117 122 127 151 155 163 208 237 238 247 285 332 351 360 393 416 
105 17 22 35 36 43 53 71 180 182 192 204 231 251 304 350 397 405 416 
106 22 8 14 28 30 45 46 62 84 85 143 172 173 200 218 240 268 309 312 356 363 375 414 
107 26 25 46 51 71 76 122 128 131 136 145 154 167 173 178 202 207 210 295 307 322 330 344 348 350 352 395 
108 16 25 53 68 86 87 89 150 175 192 198 236 282 372 403 408 416 
109 21 13 96 97 104 155 170 177 179 203 215 231 234 264 279 305 306 321 335 363 369 407 
110 27 3 12 19 27 36 45 49 68 71 97 129 138 157 173 175 179 212 262 278 290 295 298 306 313 367 380 417 
111 21 40 41 42 51 53 57 115 143 176 200 214 218 220 221 310 334 336 354 365 408 419 
112 14 29 32 76 78 179 206 242 266 295 311 318 361 371 403 
113 21 5 30 31 85 88 101 121 127 149 183 188 221 222 229 245 346 352 366 367 370 385 
114 17 23 33 118 129 147 155 173 176 184 187 188 192 256 296 308 338 374 
115 25 17 27 47 64 80 89 99 111 136 144 179 183 209 219 225 228 254 274 286 329 347 404 407 411 417 
116 29 13 48 79 81 84 100 139 142 178 199 224 241 245 252 255 256 257 273 276 281 308 309 316 352 380 402 412 413 414 
117 22 5 15 17 78 104 134 151 231 232 240 246 295 300 319 331 339 362 369 379 392 405 417 
118 24 2 6 10 15 28 42 114 131 144 172 197 205 213 231 233 267 282 294 304 343 359 382 400 412 
119 18 22 68 80 88 91 127 131 206 208 216 217 251 256 318 323 375 388 390 
120 21 12 20 37 44 48 54 73 136 177 211 219 225 281 307 327 342 357 358 394 405 416 
121 18 9 15 34 65 99 113 189 195 205 221 225 229 270 286 293 314 337 417 
122 26 3 17 25 49 59 79 92 99 104 107 125 140 165 204 209 211 218 237 247 272 288 340 341 359 360 390 
123 16 17 42 53 68 128 132 138 169 170 269 297 312 343 364 385 389 
124 13 35 127 133 140 155 206 231 252 265 293 364 370 386 
125 28 5 6 23 45 47 52 69 122 126 129 131 132 153 156 174 187 213 224 226 232 276 279 298 300 303 316 371 412 
126 17 26 32 56 125 141 154 174 178 188 274 275 276 287 320 358 378 381 
127 16 39 87 104 113 119 124 136 156 171 209 236 308 342 346 350 395 
128 20 3 7 8 18 34 71 74 89 107 123 191 192 206 228 272 277 288 345 371 418 
129 24 6 18 66 70 75 83 85 92 102 110 114 125 130 168 176 178 198 235 238 256 331 338 342 404 
130 14 6 44 129 181 216 229 255 269 281 287 288 311 323 408 
131 24 35 37 38 61 80 96 107 118 119 125 157 170 206 219 235 281 310 327 344 349 353 395 413 417 
132 22 13 15 50 52 59 123 125 151 158 167 203 207 215 219 230 238 248 280 328 334 366 378 
133 22 26 34 46 53 56 62 83 124 139 197 237 240 251 284 338 341 351 355 356 399 409 411 
134 18 18 50 53 65 78 117 197 214 228 273 275 278 306 319 337 356 371 419 
135 21 13 41 46 50 96 142 180 195 202 210 215 233 247 258 269 286 306 308 387 410 419 
136 27 3 4 17 20 38 54 55 107 115 120 127 145 150 181 184 194 195 209 221 276 318 322 337 386 394 411 413 
137 11 78 150 154 241 243 248 250 274 343 348 412 
138 17 53 54 80 85 110 123 187 233 270 305 317 339 340 341 399 405 411 
139 25 47 56 62 70 87 116 133 147 150 152 156 172 173 225 232 235 254 270 273 293 321 336 342 371 395 
140 19 36 60 64 71 94 96 122 124 161 176 194 200 254 282 305 306 310 313 363 
141 19 16 37 57 71 77 126 153 185 188 230 233 257 271 287 297 341 375 397 400 
142 27 11 13 29 30 32 54 72 76 82 89 116 135 173 202 215 224 249 285 299 339 342 367 372 376 377 393 411 
143 20 41 52 54 98 103 106 111 161 225 261 291 293 306 307 315 345 373 382 401 405 
144 20 42 45 52 99 115 118 171 178 180 249 271 334 336 359 374 380 385 397 400 415 
145 18 8 46 86 101 107 136 169 172 227 262 275 286 316 324 357 410 411 413 
146 29 12 28 43 52 53 71 95 102 151 169 178 213 218 253 260 273 278 286 296 324 327 340 344 346 348 354 361 404 416 
147 21 9 33 51 70 72 93 114 139 152 165 232 252 299 335 336 349 351 366 372 400 408 
148 18 24 42 51 58 74 86 95 185 186 248 264 290 323 343 354 360 369 385 
149 16 18 26 31 79 92 113 164 174 181 228 250 262 288 303 383 404 
150 22 4 17 101 108 136 137 139 158 173 175 186 189 200 244 249 253 274 310 315 320 371 406 
151 24 20 37 51 60 65 93 104 117 132 146 163 198 220 238 251 252 274 295 313 331 336 364 398 419 
152 18 52 60 63 70 78 99 139 147 204 229 256 258 283 287 295 301 374 403 
153 22 8 19 64 101 125 141 160 161 188 203 206 229 239 297 298 340 352 363 364 366 376 413 
154 22 9 24 56 107 126 137 185 203 234 277 284 306 307 315 329 344 348 363 367 388 404 410 
155 16 20 24 70 96 104 109 114 124 203 208 220 272 315 383 400 408 
156 20 9 27 28 39 50 56 58 62 73 125 127 139 185 205 219 240 248 251 370 419 
157 12 32 62 63 110 131 204 243 246 270 284 349 352 
158 15 59 68 69 86 132 150 200 213 256 330 346 348 353 399 418 
159 19 7 54 55 68 181 198 224 245 248 290 306 315 316 330 339 381 382 395 414 
160 19 18 98 153 167 169 173 194 201 243 265 268 277 305 310 334 363 371 390 411 
161 26 4 16 22 37 47 57 76 81 91 140 143 153 195 202 205 218 235 252 259 273 296 301 323 337 344 411 
162 16 16 22 23 29 67 81 174 190 193 199 224 232 238 309 366 383 
163 20 0 5 102 104 151 193 214 239 261 265 286 294 298 323 330 334 341 360 370 409 
164 18 51 78 83 97 149 166 194 217 230 240 283 299 344 349 355 374 396 397 
165 24 19 21 24 25 87 100 122 147 169 185 226 236 238 253 255 257 293 327 350 360 362 368 373 375 
166 21 3 38 66 69 71 90 93 164 180 239 279 295 299 325 328 335 345 378 384 387 393 
167 17 7 40 50 76 107 132 160 247 253 260 265 271 289 319 347 380 415 
168 22 5 44 89 101 129 182 189 203 205 211 233 239 259 260 278 281 282 289 322 372 375 419 
169 19 6 26 71 73 97 123 145 146 160 165 202 215 216 235 279 310 384 390 398 
170 14 77 109 123 131 232 240 258 290 299 309 321 369 389 403 
171 26 5 27 30 32 49 77 87 100 127 144 175 188 201 208 209 223 249 291 293 297 304 308 349 383 388 397 
172 24 7 21 26 71 87 88 96 98 106 118 139 145 174 176 190 257 281 290 314 322 357 405 410 416 
173 25 0 3 20 25 49 60 85 106 107 110 114 139 142 150 160 205 206 213 279 342 344 348 394 410 416 
174 14 56 75 125 126 149 162 172 215 266 326 337 368 383 390 
175 21 0 59 70 81 108 110 150 171 176 177 233 244 246 262 300 305 313 326 343 353 378 
176 29 2 11 30 33 51 79 83 96 98 111 114 129 140 172 175 186 238 239 268 273 297 298 325 328 360 367 369 374 411 
177 12 47 102 109 120 175 230 260 278 279 333 341 361 
178 21 54 67 70 89 95 103 107 116 126 129 144 146 203 217 232 274 322 369 403 409 414 
179 22 18 51 59 75 91 109 110 112 115 250 254 270 284 289 291 318 319 338 356 365 393 396 
180 20 4 14 26 27 48 105 135 144 166 182 189 246 249 274 324 330 392 413 415 417 
181 24 3 12 16 22 38 85 130 136 149 159 224 232 233 234 244 260 304 311 334 345 346 359 369 408 
182 14 4 12 105 168 180 248 250 268 270 275 284 358 367 373 
183 20 0 50 59 70 88 90 113 115 185 206 215 219 234 270 282 315 327 357 383 400 
184 26 5 54 68 96 114 136 218 224 233 236 240 255 275 277 280 283 286 287 317 329 361 365 368 373 392 418 
185 20 23 43 51 75 86 91 141 148 154 156 165 183 201 233 239 258 265 316 321 336 
186 22 6 14 20 22 56 70 83 148 150 176 193 212 214 216 229 248 270 309 329 372 395 418 
187 24 14 57 59 62 67 93 95 114 125 138 193 196 226 255 265 283 286 303 307 332 346 362 363 410 
188 20 1 20 26 32 47 113 114 126 141 153 171 218 219 243 256 264 302 318 381 412 
189 26 2 31 55 71 76 101 102 121 150 168 180 191 246 250 255 265 266 292 293 294 297 301 337 348 357 361 
190 22 8 15 29 40 50 51 66 92 162 172 196 199 223 249 276 296 314 334 339 394 406 414 
191 19 8 44 48 63 84 128 189 203 222 224 241 247 264 297 300 314 376 400 408 
192 22 15 28 52 56 67 75 78 105 108 114 128 194 199 209 234 257 275 290 292 302 365 378 
193 27 7 13 30 38 41 57 78 81 98 162 163 186 187 199 251 255 256 270 277 297 298 308 320 328 352 373 379 
194 15 10 15 29 136 140 160 164 192 197 225 249 264 307 377 391 
195 22 15 33 70 81 100 121 135 136 161 260 263 281 287 315 318 325 337 339 362 367 370 381 
196 9 29 33 80 187 190 260 265 334 399 
197 25 9 16 31 39 50 57 94 100 118 133 134 194 211 228 229 237 281 303 304 306 325 332 354 369 373 
198 22 3 48 52 62 93 108 129 151 159 220 250 278 281 287 310 315 318 334 351 360 378 389 
199 13 55 116 162 190 192 193 233 257 282 319 324 337 415 
200 13 97 106 111 140 150 158 220 263 276 295 347 352 406 
201 18 25 27 75 96 103 160 171 185 214 223 258 296 321 343 348 365 405 419 
202 14 0 3 15 73 95 107 135 142 161 169 300 321 371 417 
203 27 22 27 40 96 97 109 132 153 154 155 168 178 191 226 235 238 266 267 269 291 304 328 343 350 363 368 369 
204 27 6 21 23 44 45 49 72 105 122 152 157 205 207 220 224 228 235 239 260 261 336 340 344 348 373 403 411 
205 19 64 96 118 121 156 161 168 173 204 232 236 245 271 327 342 380 390 402 413 
206 22 3 10 14 30 92 94 112 119 124 128 131 153 173 183 236 239 248 305 339 345 346 367 
207 15 1 32 35 36 60 65 107 132 204 286 332 350 356 373 419 
208 18 35 38 56 81 100 102 103 104 119 155 171 209 225 263 291 303 309 314 
209 22 7 9 19 30 40 57 67 77 90 93 99 115 122 127 136 171 192 208 287 298 319 340 
210 14 2 3 29 42 44 53 107 135 226 296 303 314 322 410 
211 21 3 7 56 120 122 168 197 242 259 273 278 289 291 329 332 335 342 345 360 363 369 
212 19 55 110 186 215 233 237 239 271 272 295 318 320 329 342 374 376 398 415 416 
213 22 45 49 57 70 88 118 125 146 158 173 256 265 268 291 343 354 360 361 379 402 409 413 
214 17 30 70 89 99 111 134 163 186 201 229 231 237 255 281 314 377 415 
215 22 19 29 38 41 43 46 61 70 109 132 135 142 169 174 183 212 237 244 266 291 386 400 
216 20 13 39 59 76 119 130 169 186 226 232 269 293 295 308 313 348 357 360 362 417 
217 26 12 27 36 38 52 53 54 70 119 164 178 231 239 248 266 276 280 312 359 368 370 386 392 395 411 413 
218 15 36 45 82 106 111 122 146 161 184 188 237 239 258 320 360 
219 24 1 10 41 43 44 48 53 70 80 87 102 115 120 131 132 156 183 188 231 232 252 286 301 383 
220 14 3 16 68 111 151 155 198 200 204 320 326 336 345 360 
221 26 19 26 42 45 55 111 113 121 136 232 233 260 261 319 332 340 344 348 358 373 378 379 391 397 406 412 
222 17 4 44 51 75 76 85 88 98 113 191 236 250 276 282 300 357 416 
223 20 49 73 81 88 90 96 171 190 201 228 249 258 269 283 287 313 369 371 406 410 
224 28 26 56 61 70 82 96 116 125 142 159 162 181 184 191 204 227 228 265 274 281 297 313 347 353 377 381 408 415 
225 24 7 11 65 77 79 115 120 121 139 143 194 208 229 235 238 251 268 278 305 314 325 342 367 400 
226 22 3 14 26 49 59 61 125 165 187 203 210 216 231 261 276 302 315 330 362 384 388 410 
227 20 15 29 47 76 77 81 145 224 234 236 254 268 296 322 323 366 376 379 386 388 
228 21 17 26 31 59 61 88 115 128 134 149 197 204 223 224 266 270 303 333 357 358 376 
229 16 12 19 70 77 103 113 121 130 152 153 186 197 214 225 289 411 
230 18 45 63 70 73 132 141 164 177 232 239 292 296 298 309 321 330 363 383 
231 28 23 32 37 39 45 59 69 101 105 109 117 118 124 214 217 219 226 234 239 274 281 282 284 304 320 331 351 355 
232 33 14 31 35 42 44 74 78 91 117 125 139 147 162 170 178 181 205 216 219 221 230 264 266 303 320 330 341 372 376 390 393 404 407 
233 29 8 30 33 38 40 49 118 135 138 141 168 175 181 184 185 199 212 221 236 257 272 289 293 322 332 347 362 365 377 
234 21 18 49 84 109 154 181 183 192 227 231 251 274 287 339 349 362 365 367 370 378 389 
235 23 28 30 43 80 129 131 139 161 169 203 204 225 240 248 262 281 284 304 324 327 330 354 390 
236 28 23 27 51 68 108 127 165 184 205 206 222 227 233 256 260 266 268 270 279 290 292 303 312 316 318 355 409 410 
237 17 23 62 104 122 133 197 212 214 215 218 252 293 353 354 360 372 412 
238 16 29 59 104 129 132 151 162 165 176 203 225 276 277 332 360 380 
239 25 49 71 153 163 166 168 176 185 204 206 212 217 218 230 231 241 290 295 303 307 309 315 337 368 409 
240 22 16 23 42 74 79 86 106 117 133 156 164 170 184 235 245 265 282 296 353 356 386 394 
241 13 45 67 116 137 191 239 258 280 311 367 395 397 409 
242 14 22 94 98 99 112 211 297 314 315 328 334 386 395 411 
243 18 34 72 76 100 137 157 160 188 250 321 335 342 367 388 392 398 401 407 
244 22 36 68 76 150 175 181 215 275 282 286 290 297 302 307 312 320 332 345 346 381 400 415 
245 22 17 77 78 87 94 99 113 116 159 205 240 271 318 319 328 348 368 376 379 397 416 419 
246 14 33 35 42 78 87 103 117 157 175 180 189 304 408 413 
247 18 33 43 66 75 80 104 122 135 167 191 263 283 325 336 370 383 406 409 
248 22 68 132 137 148 156 159 182 186 206 217 235 258 275 310 313 319 335 336 355 360 367 390 
249 17 26 74 92 142 144 150 171 180 190 194 223 270 277 366 380 383 417 
250 14 38 39 74 96 137 149 179 182 189 198 222 243 365 388 
251 27 21 23 30 41 69 81 87 105 119 133 151 156 193 225 234 252 264 278 286 289 290 347 359 368 391 397 418 
252 26 4 13 34 54 71 87 98 116 124 147 151 161 219 237 251 268 275 276 287 296 310 316 321 342 396 408 
253 18 9 10 16 21 27 39 61 73 94 146 150 165 167 280 323 380 399 405 
254 15 10 26 53 67 115 139 140 179 227 269 285 299 316 378 381 
255 22 22 30 33 41 58 96 116 130 165 184 187 189 193 214 256 303 310 334 342 346 368 419 
256 17 82 83 114 116 119 129 152 158 188 193 213 236 255 258 282 338 387 
257 20 26 64 71 97 116 141 165 172 192 199 233 269 286 295 321 325 341 383 388 410 
258 26 14 24 51 84 87 135 152 170 185 201 218 223 241 248 256 271 300 303 309 319 326 335 359 375 398 406 
259 19 27 57 58 65 70 73 90 95 161 168 211 261 265 285 377 378 381 392 416 
260 20 14 18 90 146 167 168 177 181 195 196 204 221 236 268 287 312 327 346 392 414 
261 16 3 26 34 51 67 100 102 143 163 204 221 226 259 268 282 337 
262 22 12 44 55 61 63 73 81 82 110 145 149 175 235 272 287 290 291 298 308 319 358 410 
263 16 1 7 14 51 53 85 91 195 200 208 247 294 332 335 338 399 
264 27 7 41 47 59 68 71 97 109 148 188 191 194 232 251 272 275 290 295 299 304 315 328 338 373 397 400 413 
265 25 1 13 34 54 66 70 93 98 124 160 163 167 185 187 189 196 213 224 240 259 284 292 327 369 407 
266 22 6 17 40 59 63 88 112 174 189 203 215 217 228 232 236 307 311 325 333 375 382 410 
267 13 46 58 101 118 203 296 300 304 349 359 362 371 415 
268 24 9 46 55 59 77 81 84 106 160 176 182 213 225 227 236 252 260 261 296 322 356 364 396 408 
269 18 22 39 59 81 92 123 130 135 203 216 223 254 257 304 323 348 412 418 
270 24 8 29 41 50 60 65 70 121 138 139 157 179 182 183 186 193 228 236 249 272 331 375 407 413 
271 18 21 141 144 167 205 212 245 258 273 310 318 323 327 364 367 370 406 418 
272 23 10 15 24 45 58 61 100 122 128 155 212 233 262 264 270 279 284 300 314 339 394 401 402 
273 22 2 7 17 35 78 95 101 116 134 139 146 161 176 211 271 276 279 357 363 374 377 397 
274 24 19 52 60 115 126 137 150 151 178 180 224 231 234 303 335 339 374 384 385 389 394 396 398 405 
275 20 85 97 126 134 145 182 184 192 244 248 252 264 317 328 338 347 353 378 400 417 
276 24 13 26 32 33 49 55 71 116 125 126 136 190 200 217 222 226 238 252 273 279 313 316 371 391 
277 28 5 6 15 23 44 52 55 61 71 92 128 154 160 184 193 238 249 285 319 329 336 369 379 383 404 411 413 414 
278 24 23 44 55 68 84 98 110 134 146 168 177 198 211 225 251 281 339 349 350 365 368 385 388 417 
279 12 109 125 166 169 173 177 236 272 273 276 325 328 
280 15 79 90 132 184 217 241 253 300 315 365 387 388 400 406 407 
281 24 45 116 120 130 131 168 172 195 197 198 214 224 231 235 278 300 308 317 329 332 337 345 397 407 
282 24 26 27 34 85 108 118 140 168 183 199 222 231 240 244 256 261 308 317 349 357 362 377 380 414 
283 24 1 13 16 29 37 74 78 83 85 90 152 164 184 187 223 247 290 291 308 326 351 361 400 403 
284 19 9 34 45 73 86 133 154 157 179 182 231 235 265 272 320 329 340 347 405 
285 16 10 12 14 26 37 39 61 96 104 142 254 259 277 339 357 382 
286 18 35 50 82 115 121 135 145 146 163 184 187 207 219 244 251 257 409 416 
287 24 3 26 44 56 68 126 130 141 152 184 195 198 209 223 234 252 260 262 313 346 376 412 413 415 
288 17 34 59 65 77 83 97 122 128 130 149 292 293 347 353 383 394 403 
289 24 1 4 37 48 56 70 92 99 167 168 179 211 229 233 251 301 331 335 343 358 386 389 402 416 
290 25 5 23 48 55 56 66 67 110 148 159 170 172 192 236 239 244 251 262 264 283 310 330 342 363 406 
291 21 27 28 36 71 143 171 179 203 208 211 213 215 262 283 305 320 367 394 398 400 410 
292 13 9 16 43 62 75 189 192 230 236 265 288 305 396 
293 20 8 121 124 139 143 165 171 189 216 233 237 288 309 325 343 347 360 363 395 416 
294 11 7 8 67 80 92 118 163 189 263 337 381 
295 28 25 45 51 82 107 110 112 117 151 152 166 200 212 216 239 257 264 297 324 337 342 351 362 373 375 402 409 419 
296 21 7 56 63 81 97 114 146 161 190 201 210 227 230 240 252 267 268 321 389 392 414 
297 22 41 59 60 123 141 153 171 176 189 191 193 224 242 244 295 299 335 355 372 380 382 384 
298 22 27 49 81 100 110 125 153 163 176 193 209 230 262 310 312 329 331 348 357 360 366 376 
299 16 50 82 93 96 142 147 164 166 170 254 264 297 300 307 333 419 
300 22 6 38 57 117 125 175 191 202 222 258 267 272 280 281 299 321 343 363 373 384 392 396 
301 16 10 20 68 85 97 152 161 189 219 289 313 327 347 352 372 388 
302 16 6 44 57 68 188 192 226 244 320 333 365 379 381 400 405 407 
303 23 25 53 83 92 125 149 187 197 208 210 228 232 236 239 255 258 274 344 345 365 374 416 417 
304 27 1 14 18 34 35 38 65 66 92 96 105 118 171 181 197 203 231 235 246 264 267 269 335 354 360 378 412 
305 13 25 72 82 93 109 138 140 160 175 206 225 291 292 
306 16 15 60 69 109 110 134 135 140 143 154 159 197 351 356 360 375 
307 24 16 45 57 74 76 107 120 143 154 187 194 239 244 266 299 330 337 343 352 354 375 381 405 415 
308 31 11 15 20 22 34 56 65 70 77 97 102 114 116 127 135 171 193 216 262 281 282 283 311 322 330 357 364 388 396 404 416 
309 22 1 24 48 67 98 106 116 162 170 186 208 230 239 258 293 349 353 392 398 399 403 406 
310 20 17 79 111 131 140 150 160 169 198 248 252 255 271 290 298 312 315 329 330 372 
311 15 50 59 100 112 130 181 241 266 308 333 344 370 398 400 410 
312 17 13 62 78 89 106 123 217 236 244 260 298 310 336 371 392 399 402 
313 25 21 41 58 71 76 90 110 140 151 175 216 223 224 248 276 287 301 319 322 357 373 381 383 392 415 
314 17 20 42 121 172 190 191 208 210 214 225 242 272 367 372 377 390 396 
315 23 23 59 78 90 102 143 150 154 155 159 183 195 198 226 239 242 264 280 310 336 343 404 410 
316 18 15 21 55 92 116 125 145 159 185 236 252 254 276 351 365 378 391 419 
317 14 4 24 53 89 94 138 184 275 281 282 328 335 359 393 
318 16 51 82 99 112 119 136 179 188 195 198 212 236 245 271 343 372 
319 22 28 32 73 81 117 134 167 179 199 209 221 245 248 258 262 277 313 326 345 391 395 411 
320 23 3 7 17 20 21 56 73 96 126 150 193 212 218 220 231 232 244 284 291 302 340 368 408 
321 20 62 73 81 109 139 170 185 201 202 230 243 252 257 296 300 327 332 343 403 409 
322 19 22 28 40 78 88 96 107 136 168 172 178 210 227 233 268 308 313 335 386 
323 20 19 69 75 86 89 119 130 148 161 163 227 253 269 271 330 355 372 381 409 412 
324 15 27 71 79 89 145 146 180 199 235 295 336 356 400 402 403 
325 25 46 50 59 70 92 97 166 176 195 197 225 247 257 266 279 293 345 357 358 378 380 384 386 391 395 
326 10 21 174 175 220 258 283 319 344 373 381 
327 20 6 31 62 69 120 131 146 165 183 205 235 260 265 271 301 321 348 388 392 408 
328 26 3 5 7 44 46 51 78 94 98 101 132 166 176 193 203 242 245 264 275 279 317 337 352 386 394 396 
329 23 10 23 25 32 49 89 115 154 184 186 211 212 277 281 284 298 310 331 357 377 379 396 414 
330 24 6 10 12 21 76 99 103 107 158 159 163 180 226 230 232 235 290 307 308 310 323 359 361 369 
331 19 21 22 33 58 69 86 117 129 151 231 270 289 298 329 332 351 373 377 378 
332 21 4 11 36 72 104 187 197 207 211 221 233 238 244 263 281 321 331 357 372 396 401 
333 21 0 6 34 44 46 60 82 85 97 99 177 228 266 299 302 311 346 367 391 399 401 
334 21 39 51 74 82 99 111 132 144 160 163 181 190 196 198 242 255 337 356 380 383 400 
335 29 7 13 18 21 25 33 44 45 48 53 58 68 79 109 147 166 211 243 248 258 263 274 289 297 304 317 322 339 341 
336 22 3 23 85 87 92 111 139 144 147 151 185 204 220 247 248 277 312 315 324 341 359 376 
337 25 20 25 45 50 59 61 121 134 136 161 174 189 195 199 239 261 281 294 295 307 328 334 344 392 403 
338 13 60 87 114 129 133 179 256 263 264 275 361 367 375 
339 20 13 23 29 45 68 75 79 117 138 142 159 190 195 206 234 272 274 278 285 335 
340 15 80 89 93 122 138 146 153 204 209 221 284 320 365 378 383 
341 16 26 52 93 94 122 133 138 141 163 177 232 257 335 336 399 403 
342 18 44 58 82 120 127 129 139 142 173 205 211 212 225 243 252 255 290 295 
343 26 12 33 44 51 52 80 118 123 137 148 175 201 203 213 289 293 300 307 315 318 321 359 366 367 384 407 
344 19 42 47 51 85 107 131 146 154 161 164 173 204 221 303 311 326 337 393 410 
345 16 48 50 65 128 143 166 181 206 211 220 244 281 303 319 325 352 
346 22 19 21 45 57 61 113 127 146 158 181 187 206 244 255 260 287 333 377 384 392 405 408 
347 18 8 53 83 86 102 115 167 200 224 233 251 275 284 288 293 301 400 419 
348 18 14 64 107 137 146 154 158 173 189 201 204 216 221 245 269 298 327 371 
349 24 5 42 54 55 67 86 87 92 131 147 157 164 171 234 267 278 282 309 358 360 381 393 394 406 
350 20 2 8 11 36 56 65 74 105 107 127 165 203 207 278 373 375 376 381 392 412 
351 15 82 86 89 104 133 147 198 231 283 295 306 316 331 367 404 
352 18 1 2 25 88 98 107 113 116 153 157 193 200 301 307 328 345 354 408 
353 20 31 33 70 72 80 89 98 131 158 175 224 237 240 275 288 309 385 390 400 404 
354 20 1 16 21 32 34 70 97 111 146 148 197 213 235 237 304 307 352 355 388 400 
355 14 50 51 54 98 133 164 231 236 248 297 323 354 383 401 
356 20 4 5 19 48 70 71 103 106 133 134 179 207 240 268 306 324 334 363 374 379 
357 24 6 39 43 82 120 145 172 183 189 216 222 228 273 282 285 298 308 313 325 329 332 371 380 390 
358 18 5 18 35 68 120 126 182 221 228 262 289 325 349 373 374 399 405 407 
359 22 4 17 27 63 64 74 77 118 122 144 181 217 251 258 267 317 330 336 343 369 408 412 
360 26 12 44 45 86 104 122 148 163 165 176 198 211 213 216 218 220 237 238 248 293 298 304 306 349 397 416 
361 15 32 51 72 112 146 177 184 189 213 283 330 338 375 396 408 
362 20 38 51 58 65 78 96 100 117 165 187 195 216 226 233 234 267 282 295 366 375 
363 26 3 21 23 41 56 73 75 95 106 109 140 153 154 160 187 203 211 230 273 290 293 300 356 368 403 409 
364 17 6 48 53 62 64 65 90 123 124 151 153 268 271 308 377 401 409 
365 20 24 28 32 44 51 111 179 184 192 201 233 234 250 278 280 302 303 316 340 380 
366 18 73 92 113 132 147 153 162 227 249 298 343 362 367 373 382 385 387 389 
367 28 4 55 59 86 97 110 113 142 154 176 182 195 206 225 234 241 243 248 271 291 314 333 338 343 351 366 392 402 
368 16 11 19 165 174 184 203 217 239 245 251 255 278 320 363 391 411 
369 25 2 7 21 27 53 65 68 82 109 117 148 170 176 178 181 197 203 211 223 265 277 330 359 401 403 
370 14 7 11 14 113 124 156 163 195 217 234 247 271 311 379 
371 23 20 43 47 64 100 112 125 128 134 139 150 160 202 223 267 276 312 348 357 372 391 402 417 
372 17 33 108 142 147 168 186 232 237 297 301 310 314 318 323 332 371 384 
373 24 6 7 9 16 72 143 165 182 184 193 197 204 207 221 264 295 300 313 326 331 350 358 366 401 
374 15 22 37 41 45 114 144 152 164 176 212 273 274 303 356 358 
375 21 33 34 76 92 103 106 119 141 165 168 258 266 270 295 306 307 338 350 361 362 405 
376 18 3 43 74 103 142 153 191 212 227 228 232 245 287 298 336 350 404 414 
377 16 96 98 142 194 214 224 233 259 273 282 314 329 331 346 364 416 
378 27 20 40 46 68 85 86 92 126 132 166 175 192 198 221 234 254 259 275 304 316 325 331 340 394 395 415 418 
379 17 9 11 87 98 117 193 213 221 227 245 277 302 329 356 370 407 418 
380 22 3 11 27 38 49 52 60 110 116 144 167 205 238 249 253 282 297 325 334 357 365 391 
381 27 18 19 23 43 64 71 78 88 126 159 188 195 224 244 254 259 294 302 307 313 323 326 349 350 387 391 399 
382 12 21 63 90 100 118 143 159 266 285 297 366 412 
383 22 22 68 92 149 155 162 171 174 183 219 230 247 249 257 277 288 313 334 340 355 391 408 
384 19 1 21 36 68 102 166 169 226 274 297 300 325 343 346 372 393 395 407 411 
385 16 18 36 41 42 44 65 70 113 123 144 148 274 278 353 366 415 
386 18 28 44 49 93 97 124 136 215 217 227 240 242 289 322 325 328 407 419 
387 12 11 86 103 135 166 256 280 366 381 399 407 414 
388 21 2 67 69 72 75 119 154 171 226 227 243 250 257 278 280 301 308 327 354 406 408 
389 15 5 13 27 29 30 102 123 170 198 234 274 289 296 366 396 
390 25 1 14 22 32 34 43 45 76 82 92 102 119 122 160 169 174 205 232 235 248 314 353 357 399 402 
391 16 22 32 60 194 221 251 276 316 319 325 333 368 371 380 381 383 
392 24 11 23 77 83 91 96 99 117 180 184 217 243 259 260 296 300 309 312 313 327 337 346 350 367 
393 17 10 15 21 24 41 44 75 92 104 142 166 179 232 317 344 349 384 
394 16 14 36 65 86 120 136 173 190 240 272 274 288 291 328 349 378 
395 20 0 4 40 65 96 107 127 131 139 159 186 217 241 242 293 319 325 378 384 399 
396 18 0 74 98 164 179 252 268 274 292 300 308 314 328 329 332 361 389 416 
397 17 18 23 36 87 105 141 144 164 171 221 241 245 251 264 273 281 360 
398 12 30 64 151 169 212 243 258 274 291 309 311 402 
399 19 30 45 94 133 138 158 196 253 263 309 312 333 341 358 381 387 390 395 407 
400 27 15 40 118 141 144 147 155 183 191 215 225 244 264 275 280 283 291 302 311 324 334 347 353 354 403 405 416 
401 14 59 61 82 86 90 143 243 272 332 333 355 364 369 373 
402 17 65 76 96 116 205 213 272 289 295 312 324 367 371 390 398 410 415 
403 21 2 21 27 87 89 108 112 152 170 178 204 283 288 309 321 324 337 341 363 369 400 
404 15 55 72 115 129 146 149 154 232 277 308 315 351 353 376 408 
405 22 3 18 25 29 43 96 105 117 120 138 143 172 201 253 274 284 302 307 346 358 375 400 
406 19 1 16 22 81 83 85 150 190 200 221 223 247 258 271 280 290 309 349 388 
407 24 9 23 31 56 59 62 100 109 115 232 243 265 270 280 281 302 343 358 379 384 386 387 399 416 
408 23 20 46 72 108 111 130 147 155 181 191 224 246 252 268 320 327 346 352 359 361 383 388 404 
409 18 6 44 47 83 133 163 178 213 236 239 241 247 286 295 321 323 363 364 
410 21 49 68 83 135 145 154 172 173 187 210 223 226 236 257 262 266 291 311 315 344 402 
411 27 0 13 16 18 25 27 30 35 101 115 133 136 138 142 145 160 161 176 204 217 229 242 277 319 368 384 413 
412 16 56 99 116 118 125 137 188 221 237 269 287 304 323 350 359 382 
413 20 38 41 60 92 97 116 131 136 145 153 180 205 213 217 246 264 270 277 287 411 
414 14 29 74 106 116 159 178 190 260 277 282 296 329 376 387 
415 16 55 144 167 180 199 212 214 224 244 267 287 307 313 378 385 402 
416 29 8 9 40 41 43 59 64 87 104 105 108 120 146 172 173 212 222 245 259 286 289 293 303 308 360 377 396 400 407 
417 22 3 25 35 46 75 82 101 102 110 115 117 121 131 180 202 216 249 275 278 303 371 419 
418 15 13 45 50 84 99 100 128 158 184 186 251 269 271 378 379 
419 22 30 36 50 66 71 101 111 134 135 151 156 168 201 207 245 255 295 299 316 347 386 417 
