420 85
0 1 349 
1 1 186 
2 0 
3 0 
4 0 
5 0 
6 0 
7 0 
8 1 164 
9 0 
10 1 122 
11 0 
12 0 
13 0 
14 0 
15 0 
16 2 165 268 
17 1 309 
18 0 
19 0 
20 0 
21 0 
22 1 78 
23 1 356 
24 0 
25 1 228 
26 0 
27 1 304 
28 1 238 
29 0 
30 1 320 
31 0 
32 0 
33 0 
34 1 153 
35 1 347 
36 1 355 
37 0 
38 0 
39 2 224 418 
40 1 166 
41 1 75 
42 0 
43 1 116 
44 0 
45 0 
46 0 
47 1 362 
48 0 
49 1 374 
50 0 
51 0 
52 0 
53 0 
54 0 
55 0 
56 2 147 172 
57 0 
58 0 
59 1 283 
60 0 
61 0 
62 1 238 
63 0 
64 0 
65 2 152 178 
66 0 
67 3 230 282 284 
68 0 
69 0 
70 0 
71 0 
72 0 
73 1 182 
74 2 330 383 
75 1 41 
76 0 
77 0 
78 2 22 240 
79 1 244 
80 0 
81 1 189 
82 2 400 409 
83 1 403 
84 0 
85 0 
86 0 
87 1 329 
88 1 274 
89 0 
90 0 
91 0 
92 1 336 
93 2 158 227 
94 1 178 
95 0 
96 0 
97 1 253 
98 0 
99 0 
100 0 
101 0 
102 0 
103 1 133 
104 0 
105 0 
106 0 
107 1 280 
108 0 
109 0 
110 0 
111 0 
112 0 
113 0 
114 1 220 
115 0 
116 2 43 284 
117 0 
118 1 207 
119 0 
120 0 
121 0 
122 2 10 384 
123 0 
124 0 
125 1 232 
126 0 
127 0 
128 1 182 
129 0 
130 0 
131 0 
132 1 306 
133 2 103 263 
134 0 
135 0 
136 0 
137 0 
138 0 
139 0 
140 0 
141 1 192 
142 0 
143 0 
144 1 268 
145 0 
146 0 
147 1 56 
148 0 
149 0 
150 1 216 
151 0 
152 2 65 199 
153 1 34 
154 0 
155 0 
156 0 
157 0 
158 1 93 
159 0 
160 0 
161 0 
162 0 
163 0 
164 1 8 
165 2 16 272 
166 1 40 
167 0 
168 0 
169 1 251 
170 1 256 
171 1 318 
172 1 56 
173 0 
174 0 
175 0 
176 0 
177 0 
178 2 65 94 
179 1 208 
180 0 
181 0 
182 2 73 128 
183 0 
184 0 
185 0 
186 1 1 
187 0 
188 0 
189 2 81 343 
190 0 
191 0 
192 1 141 
193 0 
194 0 
195 0 
196 1 413 
197 0 
198 0 
199 1 152 
200 0 
201 0 
202 0 
203 1 413 
204 0 
205 0 
206 0 
207 1 118 
208 1 179 
209 0 
210 0 
211 0 
212 0 
213 0 
214 0 
215 0 
216 1 150 
217 0 
218 0 
219 0 
220 2 114 400 
221 0 
222 0 
223 0 
224 1 39 
225 0 
226 0 
227 1 93 
228 2 25 363 
229 0 
230 1 67 
231 0 
232 2 125 353 
233 0 
234 0 
235 0 
236 0 
237 0 
238 3 28 62 299 
239 0 
240 1 78 
241 0 
242 1 248 
243 0 
244 1 79 
245 0 
246 0 
247 0 
248 2 242 328 
249 0 
250 0 
251 1 169 
252 0 
253 1 97 
254 0 
255 0 
256 1 170 
257 0 
258 0 
259 0 
260 0 
261 0 
262 0 
263 1 133 
264 0 
265 0 
266 0 
267 0 
268 2 16 144 
269 0 
270 0 
271 0 
272 1 165 
273 0 
274 1 88 
275 0 
276 1 284 
277 0 
278 0 
279 0 
280 2 107 348 
281 0 
282 1 67 
283 1 59 
284 3 67 116 276 
285 0 
286 1 374 
287 0 
288 0 
289 0 
290 1 333 
291 1 371 
292 0 
293 0 
294 0 
295 0 
296 0 
297 0 
298 0 
299 1 238 
300 0 
301 0 
302 0 
303 0 
304 1 27 
305 0 
306 1 132 
307 0 
308 1 416 
309 1 17 
310 0 
311 0 
312 0 
313 0 
314 0 
315 0 
316 0 
317 0 
318 2 171 358 
319 0 
320 2 30 392 
321 0 
322 0 
323 1 361 
324 0 
325 0 
326 0 
327 0 
328 1 248 
329 1 87 
330 1 74 
331 0 
332 0 
333 1 290 
334 0 
335 0 
336 1 92 
337 0 
338 0 
339 0 
340 0 
341 0 
342 0 
343 1 189 
344 0 
345 0 
346 0 
347 1 35 
348 1 280 
349 1 0 
350 0 
351 0 
352 0 
353 1 232 
354 0 
355 1 36 
356 1 23 
357 0 
358 1 318 
359 0 
360 0 
361 1 323 
362 1 47 
363 1 228 
364 0 
365 0 
366 0 
367 0 
368 0 
369 0 
370 0 
371 1 291 
372 0 
373 0 
374 2 49 286 
375 0 
376 0 
377 0 
378 0 
379 0 
380 0 
381 0 
382 0 
383 1 74 
384 1 122 
385 0 
386 0 
387 0 
388 0 
389 0 
390 0 
391 0 
392 1 320 
393 0 
394 0 
395 0 
396 0 
397 0 
398 0 
399 0 
400 2 82 220 
401 0 
402 0 
403 1 83 
404 0 
405 0 
406 0 
407 0 
408 0 
409 1 82 
410 0 
411 0 
412 0 
413 2 196 203 
414 0 
415 0 
416 1 308 
417 0 
418 1 39 
419 0 
