440 1006
0 4 81 173 175 333 
1 5 263 269 284 364 386 
2 2 170 310 
3 6 142 150 276 303 357 415 
4 2 81 315 
5 5 13 71 249 400 431 
6 9 9 180 207 210 237 253 357 361 373 
7 4 19 53 188 230 
8 4 330 336 397 404 
9 2 6 112 
10 3 85 246 384 
11 4 160 167 333 404 
12 3 22 308 431 
13 7 5 16 192 251 325 403 430 
14 7 110 170 241 242 245 314 316 
15 3 16 93 201 
16 3 13 15 197 
17 2 221 419 
18 3 37 249 314 
19 6 7 75 139 170 390 427 
20 7 39 60 69 170 318 324 352 
21 6 158 219 232 308 367 404 
22 6 12 55 118 246 348 363 
23 4 83 193 207 412 
24 5 209 251 325 357 403 
25 6 65 119 147 150 154 234 
26 9 28 154 231 241 275 325 369 409 419 
27 5 43 170 237 290 403 
28 8 26 45 100 169 219 235 361 390 
29 3 386 425 429 
30 5 115 141 253 317 363 
31 5 132 190 211 400 408 
32 4 118 191 396 415 
33 2 58 316 
34 2 182 437 
35 4 80 102 216 354 
36 3 106 224 258 
37 5 18 54 61 252 274 
38 2 189 377 
39 4 20 241 362 432 
40 4 73 201 419 436 
41 4 168 225 309 438 
42 5 173 189 349 395 410 
43 8 27 93 120 228 288 307 321 334 
44 2 245 427 
45 4 28 72 266 332 
46 7 168 179 303 315 397 426 432 
47 4 266 267 302 367 
48 7 134 197 295 332 337 408 410 
49 6 85 91 270 276 316 401 
50 2 209 404 
51 5 60 82 168 198 214 
52 1 191 
53 8 7 84 206 218 243 256 322 395 
54 2 37 59 
55 2 22 134 
56 7 85 142 146 150 227 251 416 
57 5 80 92 113 210 278 
58 4 33 254 377 431 
59 6 54 81 186 206 215 301 
60 5 20 51 101 137 379 
61 3 37 196 336 
62 6 133 189 227 271 344 425 
63 2 238 346 
64 1 408 
65 5 25 134 264 272 433 
66 6 211 234 237 257 312 435 
67 5 163 199 227 230 349 
68 2 238 366 
69 5 20 166 179 294 373 
70 4 236 269 293 345 
71 7 5 91 141 147 285 355 379 
72 3 45 80 245 
73 3 40 182 419 
74 4 83 136 205 379 
75 4 19 205 320 336 
76 2 89 283 
77 1 379 
78 4 89 136 259 413 
79 3 176 296 373 
80 6 35 57 72 209 362 381 
81 6 0 4 59 163 406 415 
82 5 51 92 169 195 427 
83 4 23 74 124 228 
84 5 53 148 297 309 333 
85 7 10 49 56 121 164 215 356 
86 1 193 
87 8 174 182 209 230 254 283 288 298 
88 2 266 402 
89 4 76 78 108 327 
90 5 284 308 329 356 438 
91 7 49 71 197 200 207 384 435 
92 7 57 82 134 147 244 294 410 
93 8 15 43 110 151 197 227 284 317 
94 2 214 244 
95 3 168 212 254 
96 5 99 258 312 344 386 
97 8 114 217 327 346 395 403 408 413 
98 1 230 
99 4 96 123 170 316 
100 5 28 205 341 350 372 
101 5 60 211 215 328 414 
102 3 35 244 321 
103 8 136 222 262 299 386 419 422 430 
104 3 156 315 433 
105 2 171 182 
106 5 36 264 288 395 428 
107 4 203 272 312 324 
108 4 89 217 396 406 
109 10 203 214 218 219 235 270 271 278 364 398 
110 5 14 93 327 340 367 
111 3 141 290 416 
112 5 9 204 316 357 399 
113 5 57 196 211 212 248 
114 7 97 120 141 249 264 371 412 
115 6 30 160 190 224 265 393 
116 3 158 201 223 
117 5 253 272 319 338 343 
118 6 22 32 131 186 288 370 
119 3 25 140 330 
120 7 43 114 162 228 244 327 414 
121 4 85 166 184 259 
122 1 169 
123 5 99 182 310 326 378 
124 5 83 210 222 269 327 
125 4 171 227 329 420 
126 3 282 287 330 
127 4 188 319 361 365 
128 4 145 288 357 362 
129 2 326 390 
130 3 210 229 429 
131 7 118 232 237 290 393 435 438 
132 4 31 169 185 390 
133 4 62 246 262 436 
134 6 48 55 65 92 222 241 
135 2 147 226 
136 11 74 78 103 192 233 315 341 351 401 409 416 
137 6 60 324 360 361 376 391 
138 5 180 285 318 380 439 
139 7 19 193 215 253 369 407 420 
140 6 119 179 306 341 366 423 
141 10 30 71 111 114 143 241 324 376 428 430 
142 4 3 56 170 438 
143 4 141 209 416 417 
144 2 287 299 
145 3 128 168 296 
146 3 56 260 369 
147 6 25 71 92 135 385 404 
148 3 84 294 408 
149 5 167 295 314 384 434 
150 7 3 25 56 237 343 374 388 
151 3 93 379 404 
152 5 165 252 280 369 430 
153 1 404 
154 6 25 26 261 317 321 350 
155 1 261 
156 6 104 169 218 239 240 423 
157 2 310 316 
158 4 21 116 203 297 
159 2 170 299 
160 3 11 115 289 
161 1 426 
162 4 120 243 310 439 
163 4 67 81 215 216 
164 3 85 204 222 
165 3 152 314 421 
166 2 69 121 
167 6 11 149 315 316 327 387 
168 7 41 46 51 95 145 299 319 
169 7 28 82 122 132 156 330 372 
170 18 2 14 19 20 27 99 142 159 217 236 264 267 268 346 349 354 373 416 
171 4 105 125 186 396 
172 2 308 341 
173 3 0 42 353 
174 3 87 341 368 
175 3 0 316 354 
176 3 79 302 431 
177 2 179 348 
178 2 186 263 
179 5 46 69 140 177 405 
180 4 6 138 204 422 
181 3 280 281 406 
182 7 34 73 87 105 123 266 326 
183 0 
184 4 121 207 239 376 
185 4 132 204 256 327 
186 7 59 118 171 178 243 289 354 
187 2 290 399 
188 2 7 127 
189 4 38 42 62 316 
190 4 31 115 272 296 
191 2 32 52 
192 4 13 136 389 397 
193 3 23 86 139 
194 5 214 328 375 414 415 
195 5 82 229 304 315 395 
196 3 61 113 300 
197 7 16 48 91 93 271 320 396 
198 5 51 325 361 408 417 
199 3 67 249 268 
200 1 91 
201 6 15 40 116 258 277 363 
202 6 212 225 241 251 305 340 
203 5 107 109 158 299 337 
204 5 112 164 180 185 307 
205 4 74 75 100 295 
206 6 53 59 292 356 390 418 
207 7 6 23 91 184 213 276 278 
208 0 
209 9 24 50 80 87 143 291 362 382 426 
210 5 6 57 124 130 239 
211 5 31 66 101 113 321 
212 5 95 113 202 400 410 
213 5 207 267 281 323 373 
214 8 51 94 109 194 256 267 280 386 
215 5 59 85 101 139 163 
216 4 35 163 380 382 
217 4 97 108 170 295 
218 4 53 109 156 384 
219 3 21 28 109 
220 4 236 243 268 302 
221 3 17 303 380 
222 5 103 124 134 164 292 
223 4 116 327 350 434 
224 4 36 115 255 340 
225 4 41 202 273 413 
226 4 135 244 269 398 
227 8 56 62 67 93 125 256 381 424 
228 5 43 83 120 371 433 
229 4 130 195 343 355 
230 6 7 67 87 98 245 350 
231 3 26 300 305 
232 5 21 131 246 316 423 
233 3 136 376 410 
234 4 25 66 274 413 
235 3 28 109 384 
236 7 70 170 220 288 313 336 398 
237 7 6 27 66 131 150 242 410 
238 3 63 68 403 
239 4 156 184 210 361 
240 3 156 279 368 
241 8 14 26 39 134 141 202 373 419 
242 9 14 237 284 319 344 399 407 427 430 
243 4 53 162 186 220 
244 7 92 94 102 120 226 310 387 
245 6 14 44 72 230 314 389 
246 7 10 22 133 232 283 326 330 
247 3 281 284 313 
248 3 113 391 439 
249 8 5 18 114 199 261 277 386 418 
250 2 306 419 
251 6 13 24 56 202 292 368 
252 2 37 152 
253 5 6 30 117 139 402 
254 5 58 87 95 282 423 
255 4 224 267 270 416 
256 7 53 185 214 227 275 353 365 
257 2 66 386 
258 4 36 96 201 391 
259 5 78 121 287 289 426 
260 3 146 279 335 
261 3 154 155 249 
262 6 103 133 306 328 358 377 
263 6 1 178 274 299 315 409 
264 6 65 106 114 170 269 350 
265 1 115 
266 5 45 47 88 182 355 
267 8 47 170 213 214 255 325 395 419 
268 6 170 199 220 369 373 394 
269 9 1 70 124 226 264 281 350 415 427 
270 5 49 109 255 291 347 
271 6 62 109 197 276 388 438 
272 6 65 107 117 190 278 403 
273 2 225 291 
274 4 37 234 263 336 
275 2 26 256 
276 4 3 49 207 271 
277 6 201 249 283 292 342 362 
278 5 57 109 207 272 319 
279 5 240 260 312 352 407 
280 6 152 181 214 363 365 400 
281 4 181 213 247 269 
282 3 126 254 307 
283 5 76 87 246 277 373 
284 5 1 90 93 242 247 
285 2 71 138 
286 1 342 
287 4 126 144 259 415 
288 7 43 87 106 118 128 236 373 
289 4 160 186 259 361 
290 6 27 111 131 187 401 435 
291 4 209 270 273 337 
292 5 206 222 251 277 406 
293 3 70 323 400 
294 4 69 92 148 413 
295 5 48 149 205 217 301 
296 4 79 145 190 353 
297 2 84 158 
298 4 87 304 311 366 
299 6 103 144 159 168 203 263 
300 2 196 231 
301 4 59 295 394 438 
302 4 47 176 220 396 
303 6 3 46 221 306 356 410 
304 3 195 298 378 
305 2 202 231 
306 5 140 250 262 303 331 
307 3 43 204 282 
308 6 12 21 90 172 363 433 
309 3 41 84 431 
310 6 2 123 157 162 244 325 
311 3 298 375 435 
312 7 66 96 107 279 330 361 405 
313 4 236 247 353 427 
314 6 14 18 149 165 245 340 
315 8 4 46 104 136 167 195 263 434 
316 11 14 33 49 99 112 157 167 175 189 232 365 
317 4 30 93 154 434 
318 2 20 138 
319 8 117 127 168 242 278 331 403 406 
320 2 75 197 
321 5 43 102 154 211 405 
322 2 53 367 
323 2 213 293 
324 7 20 107 137 141 373 410 419 
325 6 13 24 26 198 267 310 
326 7 123 129 182 246 328 388 395 
327 8 89 97 110 120 124 167 185 223 
328 5 101 194 262 326 422 
329 2 90 125 
330 7 8 119 126 169 246 312 373 
331 3 306 319 438 
332 3 45 48 387 
333 4 0 11 84 433 
334 4 43 362 373 437 
335 3 260 348 380 
336 7 8 61 75 236 274 338 422 
337 3 48 203 291 
338 4 117 336 339 437 
339 2 338 410 
340 7 110 202 224 314 373 391 430 
341 5 100 136 140 172 174 
342 2 277 286 
343 3 117 150 229 
344 4 62 96 242 373 
345 5 70 363 383 411 412 
346 5 63 97 170 357 395 
347 2 270 373 
348 4 22 177 335 361 
349 3 42 67 170 
350 6 100 154 223 230 264 269 
351 2 136 435 
352 2 20 279 
353 4 173 256 296 313 
354 5 35 170 175 186 360 
355 6 71 229 266 358 372 421 
356 4 85 90 206 303 
357 7 3 6 24 112 128 346 364 
358 2 262 355 
359 2 400 439 
360 4 137 354 379 417 
361 10 6 28 127 137 198 239 289 312 348 426 
362 7 39 80 128 209 277 334 398 
363 6 22 30 201 280 308 345 
364 5 1 109 357 385 406 
365 5 127 256 280 316 403 
366 4 68 140 298 401 
367 4 21 47 110 322 
368 3 174 240 251 
369 6 26 139 146 152 268 418 
370 4 118 374 385 398 
371 3 114 228 383 
372 4 100 169 355 377 
373 15 6 69 79 170 213 241 268 283 288 324 330 334 340 344 347 
374 3 150 370 430 
375 3 194 311 419 
376 4 137 141 184 233 
377 5 38 58 262 372 400 
378 4 123 304 386 407 
379 6 60 71 74 77 151 360 
380 5 138 216 221 335 425 
381 3 80 227 393 
382 3 209 216 419 
383 3 345 371 392 
384 5 10 91 149 218 235 
385 5 147 364 370 421 431 
386 10 1 29 96 103 214 249 257 378 393 425 
387 4 167 244 332 439 
388 4 150 271 326 392 
389 3 192 245 398 
390 5 19 28 129 132 206 
391 4 137 248 258 340 
392 2 383 388 
393 6 115 131 381 386 396 414 
394 2 268 301 
395 9 42 53 97 106 195 267 326 346 403 
396 6 32 108 171 197 302 393 
397 5 8 46 192 404 409 
398 6 109 226 236 362 370 389 
399 4 112 187 242 434 
400 7 5 31 212 280 293 359 377 
401 4 49 136 290 366 
402 2 88 253 
403 9 13 24 27 97 238 272 319 365 395 
404 9 8 11 21 50 147 151 153 397 420 
405 3 179 312 321 
406 7 81 108 181 292 319 364 408 
407 4 139 242 279 378 
408 8 31 48 64 97 148 198 406 417 
409 4 26 136 263 397 
410 9 42 48 92 212 233 237 303 324 339 
411 2 345 424 
412 3 23 114 345 
413 5 78 97 225 234 294 
414 4 101 120 194 393 
415 6 3 32 81 194 269 287 
416 6 56 111 136 143 170 255 
417 4 143 198 360 408 
418 4 206 249 369 419 
419 12 17 26 40 73 103 241 250 267 324 375 382 418 
420 3 125 139 404 
421 3 165 355 385 
422 4 103 180 328 336 
423 4 140 156 232 254 
424 2 227 411 
425 5 29 62 380 386 427 
426 5 46 161 209 259 361 
427 7 19 44 82 242 269 313 425 
428 2 106 141 
429 2 29 130 
430 7 13 103 141 152 242 340 374 
431 6 5 12 58 176 309 385 
432 2 39 46 
433 5 65 104 228 308 333 
434 5 149 223 315 317 399 
435 6 66 91 131 290 311 351 
436 3 40 133 439 
437 3 34 334 338 
438 7 41 90 131 142 271 301 331 
439 6 138 162 248 359 387 436 
