440 1211
0 5 81 173 175 333 411 
1 8 243 263 269 284 289 364 370 386 
2 4 170 310 348 401 
3 6 142 150 276 303 357 415 
4 3 81 315 412 
5 6 13 71 84 249 400 431 
6 10 9 180 182 207 210 237 253 357 361 373 
7 4 19 53 188 230 
8 4 330 336 397 404 
9 5 6 104 112 227 236 
10 3 85 246 384 
11 4 160 167 333 404 
12 4 22 308 382 431 
13 8 5 16 23 192 251 325 403 430 
14 9 68 110 170 220 241 242 245 314 316 
15 5 16 93 201 265 300 
16 3 13 15 197 
17 2 221 419 
18 4 25 37 249 314 
19 9 7 75 116 139 155 170 320 390 427 
20 7 39 60 69 170 318 324 352 
21 8 139 158 219 232 308 351 367 404 
22 6 12 55 118 246 348 363 
23 7 13 83 193 207 244 300 412 
24 5 209 251 325 357 403 
25 8 18 65 117 119 147 150 154 234 
26 11 28 154 231 241 275 283 293 325 369 409 419 
27 6 43 142 170 237 290 403 
28 8 26 45 100 169 219 235 361 390 
29 3 386 425 429 
30 5 115 141 253 317 363 
31 5 132 190 211 400 408 
32 4 118 191 396 415 
33 2 58 316 
34 2 182 437 
35 6 80 102 134 163 216 354 
36 4 87 106 224 258 
37 6 18 54 61 218 252 274 
38 2 189 377 
39 6 20 241 340 362 390 432 
40 5 66 73 201 419 436 
41 4 168 225 309 438 
42 7 173 189 239 349 395 410 429 
43 13 27 93 120 161 170 173 184 196 228 288 307 321 334 
44 2 245 427 
45 5 28 72 216 266 332 
46 9 168 179 187 303 315 366 397 426 432 
47 5 266 267 302 305 367 
48 7 134 197 295 332 337 408 410 
49 6 85 91 270 276 316 401 
50 3 209 224 404 
51 5 60 82 168 198 214 
52 2 191 404 
53 9 7 84 206 218 243 256 322 328 395 
54 2 37 59 
55 2 22 134 
56 8 85 121 142 146 150 227 251 416 
57 6 80 91 92 113 210 278 
58 4 33 254 377 431 
59 7 54 81 186 206 215 301 352 
60 7 20 51 101 137 307 366 379 
61 4 37 196 212 336 
62 6 133 189 227 271 344 425 
63 3 238 346 395 
64 1 408 
65 6 25 134 140 264 272 433 
66 10 40 211 221 229 234 237 257 312 347 435 
67 6 163 199 227 230 315 349 
68 3 14 238 366 
69 7 20 94 166 179 263 294 373 
70 4 236 269 293 345 
71 8 5 91 141 147 163 285 355 379 
72 5 45 80 182 245 313 
73 4 40 84 182 419 
74 6 83 136 205 218 379 406 
75 4 19 205 320 336 
76 2 89 283 
77 3 80 252 379 
78 5 89 136 259 413 418 
79 4 162 176 296 373 
80 8 35 57 72 77 209 218 362 381 
81 7 0 4 59 163 339 406 415 
82 5 51 92 169 195 427 
83 4 23 74 124 228 
84 8 5 53 73 148 158 297 309 333 
85 7 10 49 56 121 164 215 356 
86 2 162 193 
87 12 36 154 174 182 209 221 230 241 254 283 288 298 
88 3 220 266 402 
89 4 76 78 108 327 
90 5 284 308 329 356 438 
91 8 49 57 71 197 200 207 384 435 
92 9 57 82 134 147 193 244 294 366 410 
93 8 15 43 110 151 197 227 284 317 
94 5 69 214 244 347 431 
95 3 168 212 254 
96 5 99 258 312 344 386 
97 8 114 217 327 346 395 403 408 413 
98 3 153 230 305 
99 5 96 123 170 316 405 
100 5 28 205 341 350 372 
101 5 60 211 215 328 414 
102 3 35 244 321 
103 9 136 222 262 299 336 386 419 422 430 
104 5 9 156 169 315 433 
105 4 171 182 276 388 
106 5 36 264 288 395 428 
107 5 200 203 272 312 324 
108 5 89 198 217 396 406 
109 10 203 214 218 219 235 270 271 278 364 398 
110 5 14 93 327 340 367 
111 4 141 212 290 416 
112 5 9 204 316 357 399 
113 6 57 161 196 211 212 248 
114 7 97 120 141 249 264 371 412 
115 6 30 160 190 224 265 393 
116 6 19 158 201 208 223 333 
117 6 25 253 272 319 338 343 
118 7 22 32 131 153 186 288 370 
119 3 25 140 330 
120 7 43 114 162 228 244 327 414 
121 7 56 85 166 184 259 266 332 
122 3 169 211 358 
123 5 99 182 310 326 378 
124 5 83 210 222 269 327 
125 5 171 172 227 329 420 
126 4 214 282 287 330 
127 4 188 319 361 365 
128 4 145 288 357 362 
129 3 218 326 390 
130 4 191 210 229 429 
131 7 118 232 237 290 393 435 438 
132 4 31 169 185 390 
133 4 62 246 262 436 
134 7 35 48 55 65 92 222 241 
135 3 147 226 347 
136 12 74 78 103 192 233 315 341 351 399 401 409 416 
137 6 60 324 360 361 376 391 
138 6 180 285 318 364 380 439 
139 8 19 21 193 215 253 369 407 420 
140 7 65 119 179 306 341 366 423 
141 10 30 71 111 114 143 241 324 376 428 430 
142 6 3 27 56 170 176 438 
143 5 141 209 416 417 425 
144 4 159 219 287 299 
145 4 128 168 288 296 
146 3 56 260 369 
147 7 25 71 92 135 186 385 404 
148 3 84 294 408 
149 6 167 295 314 377 384 434 
150 7 3 25 56 237 343 374 388 
151 3 93 379 404 
152 6 165 252 280 369 385 430 
153 4 98 118 223 404 
154 7 25 26 87 261 317 321 350 
155 3 19 261 279 
156 6 104 169 218 239 240 423 
157 3 310 316 433 
158 6 21 84 116 203 297 435 
159 4 144 170 285 299 
160 3 11 115 289 
161 3 43 113 426 
162 6 79 86 120 243 310 439 
163 7 35 67 71 81 215 216 344 
164 5 85 204 222 388 417 
165 3 152 314 421 
166 3 69 121 271 
167 6 11 149 315 316 327 387 
168 7 41 46 51 95 145 299 319 
169 10 28 82 104 122 132 156 330 372 398 415 
170 20 2 14 19 20 27 43 99 142 159 217 236 258 264 267 268 346 349 354 373 416 
171 7 105 125 180 186 373 396 428 
172 4 125 308 341 400 
173 4 0 42 43 353 
174 4 87 341 368 412 
175 3 0 316 354 
176 5 79 142 302 426 431 
177 3 179 272 348 
178 2 186 263 
179 5 46 69 140 177 405 
180 5 6 138 171 204 422 
181 4 263 280 281 406 
182 9 6 34 72 73 87 105 123 266 326 
183 0 
184 5 43 121 207 239 376 
185 4 132 204 256 327 
186 9 59 118 147 171 178 243 289 354 431 
187 3 46 290 399 
188 2 7 127 
189 5 38 42 62 316 323 
190 5 31 115 226 272 296 
191 3 32 52 130 
192 4 13 136 389 397 
193 6 23 86 92 139 382 397 
194 5 214 328 375 414 415 
195 6 82 229 304 315 321 395 
196 5 43 61 113 204 300 
197 7 16 48 91 93 271 320 396 
198 7 51 108 209 325 361 408 417 
199 3 67 249 268 
200 2 91 107 
201 7 15 40 116 258 277 363 390 
202 6 212 225 241 251 305 340 
203 5 107 109 158 299 337 
204 6 112 164 180 185 196 307 
205 4 74 75 100 295 
206 6 53 59 292 356 390 418 
207 7 6 23 91 184 213 276 278 
208 1 116 
209 10 24 50 80 87 143 198 291 362 382 426 
210 8 6 57 124 130 239 240 309 409 
211 7 31 66 101 113 122 310 321 
212 8 61 95 111 113 202 400 410 428 
213 6 207 267 281 323 343 373 
214 10 51 94 109 126 194 245 256 267 280 386 
215 6 59 85 101 139 163 295 
216 5 35 45 163 380 382 
217 4 97 108 170 295 
218 8 37 53 74 80 109 129 156 384 
219 4 21 28 109 144 
220 9 14 88 236 243 268 299 302 351 422 
221 5 17 66 87 303 380 
222 5 103 124 134 164 292 
223 5 116 153 327 350 434 
224 5 36 50 115 255 340 
225 4 41 202 273 413 
226 7 135 190 232 244 269 377 398 
227 9 9 56 62 67 93 125 256 381 424 
228 6 43 83 120 371 433 436 
229 5 66 130 195 343 355 
230 6 7 67 87 98 245 350 
231 5 26 242 300 305 349 
232 6 21 131 226 246 316 423 
233 3 136 376 410 
234 4 25 66 274 413 
235 3 28 109 384 
236 9 9 70 170 220 288 313 336 395 398 
237 8 6 27 66 131 150 242 319 410 
238 3 63 68 403 
239 6 42 156 184 210 327 361 
240 4 156 210 279 368 
241 9 14 26 39 87 134 141 202 373 419 
242 11 14 231 237 264 284 319 344 399 407 427 430 
243 5 1 53 162 186 220 
244 8 23 92 94 102 120 226 310 387 
245 7 14 44 72 214 230 314 389 
246 7 10 22 133 232 283 326 330 
247 4 261 281 284 313 
248 3 113 391 439 
249 8 5 18 114 199 261 277 386 418 
250 2 306 419 
251 6 13 24 56 202 292 368 
252 3 37 77 152 
253 7 6 30 117 139 401 402 412 
254 6 58 87 95 282 366 423 
255 5 224 267 270 283 416 
256 7 53 185 214 227 275 353 365 
257 3 66 296 386 
258 5 36 96 170 201 391 
259 5 78 121 287 289 426 
260 3 146 279 335 
261 4 154 155 247 249 
262 6 103 133 306 328 358 377 
263 8 1 69 178 181 274 299 315 409 
264 7 65 106 114 170 242 269 350 
265 2 15 115 
266 6 45 47 88 121 182 355 
267 8 47 170 213 214 255 325 395 419 
268 7 170 199 220 369 373 376 394 
269 9 1 70 124 226 264 281 350 415 427 
270 6 49 109 255 291 347 354 
271 7 62 109 166 197 276 388 438 
272 8 65 107 117 177 190 278 403 416 
273 2 225 291 
274 5 37 234 263 336 355 
275 2 26 256 
276 5 3 49 105 207 271 
277 6 201 249 283 292 342 362 
278 6 57 109 207 272 319 330 
279 7 155 240 260 312 352 392 407 
280 6 152 181 214 363 365 400 
281 5 181 213 247 269 337 
282 3 126 254 307 
283 7 26 76 87 246 255 277 373 
284 5 1 90 93 242 247 
285 3 71 138 159 
286 1 342 
287 4 126 144 259 415 
288 9 43 87 106 118 128 145 236 373 390 
289 5 1 160 186 259 361 
290 6 27 111 131 187 401 435 
291 5 209 270 273 299 337 
292 5 206 222 251 277 406 
293 4 26 70 323 400 
294 4 69 92 148 413 
295 7 48 149 205 215 217 301 431 
296 5 79 145 190 257 353 
297 3 84 158 436 
298 4 87 304 311 366 
299 9 103 144 159 168 203 220 263 291 423 
300 4 15 23 196 231 
301 4 59 295 394 438 
302 4 47 176 220 396 
303 6 3 46 221 306 356 410 
304 6 195 298 329 354 378 416 
305 4 47 98 202 231 
306 5 140 250 262 303 331 
307 4 43 60 204 282 
308 6 12 21 90 172 363 433 
309 4 41 84 210 431 
310 7 2 123 157 162 211 244 325 
311 4 298 375 419 435 
312 9 66 96 107 279 330 334 361 405 431 
313 5 72 236 247 353 427 
314 6 14 18 149 165 245 340 
315 9 4 46 67 104 136 167 195 263 434 
316 11 14 33 49 99 112 157 167 175 189 232 365 
317 4 30 93 154 434 
318 3 20 138 399 
319 9 117 127 168 237 242 278 331 403 406 
320 3 19 75 197 
321 6 43 102 154 195 211 405 
322 2 53 367 
323 4 189 213 293 439 
324 7 20 107 137 141 373 410 419 
325 6 13 24 26 198 267 310 
326 7 123 129 182 246 328 388 395 
327 9 89 97 110 120 124 167 185 223 239 
328 6 53 101 194 262 326 422 
329 3 90 125 304 
330 8 8 119 126 169 246 278 312 373 
331 3 306 319 438 
332 7 45 48 121 359 360 387 390 
333 5 0 11 84 116 433 
334 5 43 312 362 373 437 
335 3 260 348 380 
336 8 8 61 75 103 236 274 338 422 
337 4 48 203 281 291 
338 4 117 336 339 437 
339 3 81 338 410 
340 8 39 110 202 224 314 373 391 430 
341 5 100 136 140 172 174 
342 3 277 286 410 
343 4 117 150 213 229 
344 5 62 96 163 242 373 
345 6 70 363 383 411 412 414 
346 5 63 97 170 357 395 
347 6 66 94 135 270 373 419 
348 6 2 22 177 335 361 379 
349 4 42 67 170 231 
350 6 100 154 223 230 264 269 
351 4 21 136 220 435 
352 3 20 59 279 
353 4 173 256 296 313 
354 7 35 170 175 186 270 304 360 
355 7 71 229 266 274 358 372 421 
356 4 85 90 206 303 
357 7 3 6 24 112 128 346 364 
358 3 122 262 355 
359 3 332 400 439 
360 5 137 332 354 379 417 
361 11 6 28 127 137 198 239 289 312 348 406 426 
362 7 39 80 128 209 277 334 398 
363 6 22 30 201 280 308 345 
364 6 1 109 138 357 385 406 
365 5 127 256 280 316 403 
366 8 46 60 68 92 140 254 298 401 
367 4 21 47 110 322 
368 3 174 240 251 
369 6 26 139 146 152 268 418 
370 6 1 118 374 385 398 421 
371 3 114 228 383 
372 4 100 169 355 377 
373 16 6 69 79 170 171 213 241 268 283 288 324 330 334 340 344 347 
374 3 150 370 430 
375 3 194 311 419 
376 5 137 141 184 233 268 
377 8 38 58 149 226 262 372 400 430 
378 4 123 304 386 407 
379 7 60 71 74 77 151 348 360 
380 5 138 216 221 335 425 
381 3 80 227 393 
382 5 12 193 209 216 419 
383 3 345 371 392 
384 5 10 91 149 218 235 
385 6 147 152 364 370 421 431 
386 10 1 29 96 103 214 249 257 378 393 425 
387 4 167 244 332 439 
388 6 105 150 164 271 326 392 
389 3 192 245 398 
390 9 19 28 39 129 132 201 206 288 332 
391 4 137 248 258 340 
392 3 279 383 388 
393 6 115 131 381 386 396 414 
394 2 268 301 
395 11 42 53 63 97 106 195 236 267 326 346 403 
396 6 32 108 171 197 302 393 
397 6 8 46 192 193 404 409 
398 7 109 169 226 236 362 370 389 
399 6 112 136 187 242 318 434 
400 8 5 31 172 212 280 293 359 377 
401 6 2 49 136 253 290 366 
402 2 88 253 
403 9 13 24 27 97 238 272 319 365 395 
404 10 8 11 21 50 52 147 151 153 397 420 
405 4 99 179 312 321 
406 9 74 81 108 181 292 319 361 364 408 
407 4 139 242 279 378 
408 8 31 48 64 97 148 198 406 417 
409 5 26 136 210 263 397 
410 10 42 48 92 212 233 237 303 324 339 342 
411 3 0 345 424 
412 6 4 23 114 174 253 345 
413 5 78 97 225 234 294 
414 5 101 120 194 345 393 
415 7 3 32 81 169 194 269 287 
416 8 56 111 136 143 170 255 272 304 
417 5 143 164 198 360 408 
418 5 78 206 249 369 419 
419 14 17 26 40 73 103 241 250 267 311 324 347 375 382 418 
420 3 125 139 404 
421 4 165 355 370 385 
422 5 103 180 220 328 336 
423 5 140 156 232 254 299 
424 2 227 411 
425 6 29 62 143 380 386 427 
426 6 46 161 176 209 259 361 
427 7 19 44 82 242 269 313 425 
428 4 106 141 171 212 
429 3 29 42 130 
430 8 13 103 141 152 242 340 374 377 
431 10 5 12 58 94 176 186 295 309 312 385 
432 2 39 46 
433 6 65 104 157 228 308 333 
434 5 149 223 315 317 399 
435 7 66 91 131 158 290 311 351 
436 5 40 133 228 297 439 
437 3 34 334 338 
438 7 41 90 131 142 271 301 331 
439 7 138 162 248 323 359 387 436 
