440 4626
0 18 4 32 44 98 109 113 158 210 260 264 273 289 327 359 368 380 392 431 
1 16 3 11 77 102 127 266 285 297 329 330 334 343 352 378 402 416 
2 26 21 40 59 92 121 139 145 148 154 170 172 185 202 216 238 241 244 255 289 296 315 339 347 393 394 398 
3 22 1 17 23 39 55 123 126 152 179 180 184 212 215 224 234 256 269 289 330 352 354 395 
4 22 0 25 28 54 57 66 70 95 106 122 144 218 246 274 279 289 298 321 353 376 402 432 
5 24 26 30 83 91 93 133 134 137 139 190 215 237 240 241 257 270 284 299 311 355 363 373 391 431 
6 20 15 18 43 123 138 139 152 170 172 206 229 241 268 297 350 356 372 381 407 422 
7 23 15 28 36 48 61 70 78 93 161 163 166 217 222 231 234 257 267 301 320 338 349 378 422 
8 22 27 29 30 49 56 72 73 164 177 205 208 211 268 277 282 326 328 330 356 383 413 415 
9 29 20 21 31 41 48 51 70 98 141 151 157 185 192 193 219 235 237 248 281 298 304 323 354 360 370 396 405 416 436 
10 25 23 30 38 81 90 92 109 117 126 133 137 149 172 173 208 218 231 254 266 272 281 306 362 396 411 
11 27 1 52 65 76 94 95 101 116 129 130 132 153 194 219 227 257 267 291 320 329 352 395 402 404 406 407 435 
12 11 131 134 164 170 189 242 295 377 412 437 438 
13 17 18 22 56 70 86 98 101 116 125 187 231 279 285 362 367 371 395 
14 23 77 80 99 116 129 136 159 171 186 195 207 234 237 265 273 286 296 334 347 370 376 407 433 
15 28 6 7 17 29 51 58 75 81 86 88 93 102 110 157 226 236 247 257 268 281 290 320 326 327 356 398 415 422 
16 21 75 79 136 137 163 185 205 218 262 284 287 303 316 327 344 347 363 409 416 427 433 
17 26 3 15 21 120 121 123 125 137 147 162 172 185 217 227 231 246 257 280 314 328 341 376 378 400 408 424 
18 28 6 13 23 28 32 37 71 75 120 140 158 159 200 230 239 247 283 300 307 315 330 342 347 349 401 405 415 439 
19 11 79 112 179 221 231 277 310 316 361 406 414 
20 21 9 72 94 132 134 157 170 187 196 246 253 259 285 306 314 331 379 381 397 400 416 
21 23 2 9 17 47 94 129 134 144 148 150 240 247 253 255 265 276 287 305 335 350 376 400 431 
22 20 13 26 32 34 99 111 114 119 138 141 149 156 231 284 291 319 321 357 360 430 
23 34 3 10 18 50 56 61 71 120 125 128 141 148 169 180 193 202 217 228 252 266 271 274 334 338 347 348 385 386 392 397 411 416 424 436 
24 22 53 135 148 197 214 215 219 235 240 246 257 259 286 294 300 309 313 329 343 357 426 428 
25 20 4 50 53 56 76 132 167 173 197 257 266 323 326 346 353 370 385 395 420 433 
26 27 5 22 35 38 71 119 142 158 207 209 212 213 216 234 241 242 249 288 290 291 315 323 384 402 404 413 419 
27 20 8 51 66 67 103 109 115 168 189 196 233 268 271 281 313 336 338 375 403 411 
28 19 4 7 18 36 90 98 152 161 207 213 227 257 283 291 310 313 315 408 437 
29 23 8 15 52 79 108 117 146 222 223 242 265 270 289 292 293 299 359 361 382 388 406 423 439 
30 19 5 8 10 59 142 160 186 195 248 274 353 360 365 369 371 408 410 411 432 
31 22 9 61 72 73 137 143 144 164 171 173 205 206 281 288 317 349 355 357 400 416 429 435 
32 26 0 18 22 45 53 61 78 81 82 87 90 114 120 128 154 174 189 258 277 287 291 323 331 373 390 417 
33 21 46 68 81 89 110 111 119 152 159 185 192 205 273 289 332 362 400 405 412 413 427 
34 27 22 88 95 112 119 140 146 153 165 169 175 181 189 193 199 306 308 316 326 328 364 380 402 428 430 433 439 
35 15 26 57 61 105 171 175 206 212 225 238 294 303 367 413 428 
36 17 7 28 67 93 122 128 131 195 247 248 252 268 296 299 301 351 385 
37 16 18 50 82 121 123 156 166 175 246 261 262 269 323 398 422 429 
38 19 10 26 62 83 144 146 165 178 200 254 289 334 335 351 357 404 411 414 423 
39 18 3 41 50 67 164 171 219 223 253 264 285 290 356 358 368 379 397 398 
40 29 2 44 81 105 108 110 112 113 114 115 120 125 139 141 144 149 172 194 197 242 249 253 272 326 327 359 360 361 376 
41 22 9 39 49 50 84 87 100 106 111 116 139 142 147 163 180 206 223 226 276 300 425 427 
42 22 77 84 86 177 184 190 196 198 205 208 231 254 261 276 284 291 309 310 347 354 359 385 
43 14 6 62 153 172 245 269 277 309 310 312 347 349 380 438 
44 19 0 40 93 145 156 179 200 310 337 353 359 361 379 384 391 403 413 422 432 
45 23 32 56 84 104 105 123 125 128 140 145 173 176 211 251 278 320 321 334 337 354 360 386 397 
46 18 33 134 216 220 224 231 248 287 291 298 313 319 322 327 378 384 386 396 
47 14 21 72 127 141 171 218 245 334 339 340 354 382 407 409 
48 21 7 9 70 103 122 130 189 212 214 219 240 255 258 273 328 347 356 374 392 404 425 
49 21 8 41 118 142 168 188 194 222 267 287 309 333 359 363 364 376 382 383 393 405 407 
50 19 23 25 37 39 41 134 154 162 167 282 298 304 309 333 365 373 404 411 427 
51 19 9 15 27 80 86 91 109 160 179 221 263 283 293 306 317 326 374 393 413 
52 26 11 29 81 83 95 101 126 131 136 160 188 226 250 251 256 264 283 286 303 305 329 370 384 406 427 429 
53 26 24 25 32 68 107 114 116 118 174 178 202 211 226 264 272 300 306 322 323 325 356 365 366 374 392 399 
54 18 4 69 101 231 244 265 298 314 329 332 334 384 387 404 418 426 431 439 
55 19 3 101 151 158 210 215 226 231 305 328 332 336 348 350 375 378 404 410 435 
56 29 8 13 23 25 45 57 59 60 67 70 75 77 80 133 149 166 170 174 207 231 251 252 331 354 364 369 375 390 435 
57 26 4 35 56 80 84 87 99 102 118 147 149 159 208 215 225 232 236 267 271 273 278 290 296 310 318 357 
58 17 15 79 115 130 150 156 167 233 246 248 286 295 382 414 416 422 424 
59 24 2 30 56 83 94 101 115 132 135 138 152 160 198 205 234 240 256 358 365 393 394 421 424 429 
60 22 56 89 101 130 159 196 199 204 215 247 271 272 289 304 308 317 378 407 413 421 428 432 
61 17 7 23 31 32 35 64 73 80 81 98 169 172 295 389 406 413 437 
62 20 38 43 87 90 92 97 99 140 168 206 213 214 215 278 326 363 395 419 424 431 
63 15 122 143 190 191 212 227 231 328 337 370 376 399 407 413 415 
64 16 61 90 96 99 121 135 137 155 183 229 262 363 373 392 397 427 
65 21 11 67 68 78 79 91 137 156 166 188 226 251 252 279 282 291 360 368 370 380 389 
66 13 4 27 116 134 149 174 193 201 267 295 297 321 367 
67 24 27 36 39 56 65 92 117 128 145 150 160 162 165 170 171 205 218 236 250 279 286 311 336 391 
68 21 33 53 65 96 106 128 132 142 149 153 214 216 261 265 271 305 309 312 377 420 429 
69 22 54 94 130 134 198 204 210 216 253 261 266 277 280 309 326 344 365 380 381 386 435 438 
70 21 4 7 9 13 48 56 83 99 110 148 201 212 279 283 293 303 344 359 362 382 407 
71 23 18 23 26 94 99 103 109 117 153 161 173 176 180 210 225 229 258 289 348 359 366 411 436 
72 21 8 20 31 47 82 119 125 139 183 187 192 206 223 229 234 239 305 307 322 329 405 
73 27 8 31 61 87 89 91 95 117 120 146 148 165 182 185 189 204 216 244 245 282 312 325 350 351 382 422 438 
74 27 107 118 134 141 146 160 161 169 172 192 209 210 230 250 255 259 262 270 275 277 292 316 348 371 380 394 407 
75 19 15 16 18 56 105 131 198 217 239 262 301 305 309 319 365 380 382 403 438 
76 15 11 25 86 200 243 265 270 273 278 285 316 355 361 363 370 
77 21 1 14 42 56 107 151 154 171 180 192 220 226 236 242 250 275 277 332 384 396 403 
78 20 7 32 65 79 99 136 174 194 204 222 225 272 289 294 348 372 374 385 392 403 
79 20 16 19 29 58 65 78 102 113 169 198 199 200 202 261 362 364 370 415 421 434 
80 23 14 51 56 57 61 83 105 120 123 126 178 189 201 208 275 277 304 310 347 378 415 432 435 
81 25 10 15 32 33 40 52 61 92 101 103 115 118 121 123 184 192 210 214 226 275 282 286 320 364 369 
82 22 32 37 72 127 138 182 219 238 259 264 278 286 315 335 341 343 345 354 374 396 408 422 
83 24 5 38 52 59 70 80 87 115 116 118 124 132 164 184 205 218 227 228 237 317 318 401 411 428 
84 21 41 42 45 57 119 140 151 158 159 214 222 229 236 246 311 323 381 388 389 406 439 
85 17 104 147 191 217 251 281 282 290 315 331 353 375 391 392 407 418 425 
86 21 13 15 42 51 76 126 128 193 197 200 208 258 269 278 296 298 308 321 374 426 427 
87 23 32 41 57 62 73 83 104 110 114 126 132 135 156 194 195 241 248 256 276 341 372 380 431 
88 16 15 34 134 142 182 188 204 231 306 310 311 313 339 381 383 431 
89 20 33 60 73 113 134 196 205 219 250 252 290 295 356 364 366 383 384 387 394 416 
90 21 10 28 32 62 64 120 134 144 156 215 243 254 284 289 299 337 346 384 399 413 419 
91 20 5 51 65 73 103 117 179 202 205 229 273 309 311 319 326 351 396 419 425 430 
92 18 2 10 62 67 81 94 109 164 207 209 214 243 300 308 379 410 411 421 
93 19 5 7 15 36 44 94 151 169 216 263 275 284 286 312 328 330 383 402 421 
94 23 11 20 21 59 69 71 92 93 114 157 164 193 220 224 235 254 265 280 295 296 376 385 388 
95 25 4 11 34 52 73 106 162 176 192 243 245 254 285 287 340 346 351 352 368 370 382 385 386 396 434 
96 16 64 68 98 118 136 204 208 229 235 278 292 332 348 386 411 431 
97 22 62 107 108 125 144 163 180 184 189 190 206 301 308 340 377 382 387 394 396 406 407 414 
98 17 0 9 13 28 61 96 101 148 150 178 224 353 362 367 372 378 439 
99 21 14 22 57 62 64 70 71 78 133 145 158 170 174 233 259 262 268 286 303 345 438 
100 25 41 101 107 156 184 187 189 191 241 245 265 280 294 319 347 352 368 369 375 378 382 396 397 399 429 
101 20 11 13 52 54 55 59 60 81 98 100 141 175 225 232 260 265 283 338 346 359 
102 17 1 15 57 79 105 197 214 249 266 309 314 413 434 435 436 438 439 
103 19 27 48 71 81 91 119 143 157 177 204 214 237 292 293 322 339 389 403 438 
104 20 45 85 87 145 167 189 232 254 256 263 274 277 292 334 343 344 356 378 385 414 
105 26 35 40 45 75 80 102 106 108 131 159 192 197 206 213 256 280 281 303 304 338 348 357 368 390 403 433 
106 19 4 41 68 95 105 143 152 157 158 188 198 275 288 289 309 342 357 382 399 
107 18 53 74 77 97 100 112 155 195 267 292 309 313 336 352 379 409 412 416 
108 21 29 40 97 105 112 123 128 169 191 203 214 249 255 321 329 330 342 373 395 424 439 
109 19 0 10 27 51 71 92 120 193 202 210 211 219 272 275 319 351 378 416 424 
110 18 15 33 40 70 87 146 147 169 182 194 241 253 275 311 317 339 399 412 
111 13 22 33 41 136 137 169 181 183 236 256 352 382 419 
112 17 19 34 40 107 108 116 172 203 212 261 265 284 301 307 348 420 432 
113 19 0 40 79 89 140 150 172 179 222 229 272 284 333 340 348 359 378 427 428 
114 20 22 32 40 53 87 94 116 150 174 205 224 251 271 315 321 360 375 400 428 435 
115 22 27 40 58 59 81 83 122 155 174 203 305 316 342 343 363 371 387 391 392 401 405 407 
116 29 11 13 14 41 53 66 83 112 114 169 170 179 199 228 233 242 245 261 264 298 314 322 324 340 341 374 397 406 409 
117 20 10 29 67 71 73 91 138 142 194 222 225 235 241 344 346 359 366 398 404 413 
118 21 49 53 57 74 81 83 96 157 167 260 270 278 323 352 389 396 419 424 427 428 436 
119 20 22 26 33 34 72 84 103 123 174 176 195 222 263 278 280 304 312 355 382 422 
120 17 17 18 23 32 40 73 80 90 109 183 230 233 251 262 277 291 327 
121 24 2 17 37 64 81 155 202 204 225 236 239 241 264 265 267 270 319 320 326 374 382 384 416 430 
122 27 4 36 48 63 115 137 146 148 150 156 157 162 164 170 177 224 225 271 272 296 297 383 406 414 419 430 439 
123 24 3 6 17 37 45 80 81 108 119 125 126 160 165 184 212 220 238 239 287 327 378 379 380 385 
124 18 83 139 178 189 194 196 211 216 233 273 300 311 321 322 327 330 348 397 
125 21 13 17 23 40 45 72 97 123 146 155 162 213 282 314 346 351 364 369 401 414 436 
126 20 3 10 52 80 86 87 123 143 181 195 205 284 295 299 309 318 322 344 366 399 
127 17 1 47 82 151 152 172 203 246 262 283 306 326 343 345 357 363 433 
128 20 23 32 36 45 67 68 86 108 159 165 177 185 202 208 213 255 342 391 415 437 
129 14 11 14 21 173 209 224 233 265 268 277 300 353 409 428 
130 17 11 48 58 60 69 137 165 176 191 208 255 277 300 304 342 377 425 
131 19 12 36 52 75 105 158 172 209 219 225 261 293 296 302 307 345 395 406 429 
132 19 11 20 25 59 68 83 87 133 173 224 225 235 265 270 280 306 315 386 394 
133 19 5 10 56 99 132 134 159 167 168 271 277 285 307 311 326 351 353 403 417 
134 29 5 12 20 21 46 50 66 69 74 88 89 90 133 135 144 201 222 237 283 297 318 344 360 373 380 386 408 410 427 
135 20 24 59 64 87 134 174 175 185 194 234 241 285 290 354 355 371 380 398 406 429 
136 18 14 16 52 78 96 111 166 209 230 247 270 277 285 287 295 312 334 362 
137 17 5 10 16 17 31 64 65 111 122 130 157 295 329 338 375 379 438 
138 18 6 22 59 82 117 204 274 289 293 306 366 372 388 389 395 409 423 426 
139 21 2 5 6 40 41 72 124 146 175 176 180 197 296 302 307 314 318 361 364 372 430 
140 27 18 34 45 62 84 113 179 180 189 202 207 210 255 277 288 304 320 321 340 345 346 374 379 381 389 393 400 
141 22 9 22 23 40 47 74 101 145 153 166 173 177 185 205 234 235 286 298 348 387 424 433 
142 26 26 30 41 49 68 88 117 144 160 167 182 184 190 242 249 251 257 277 332 343 346 365 392 409 421 428 
143 21 31 63 103 106 126 158 168 243 247 289 312 350 363 366 371 384 386 409 424 426 438 
144 27 4 21 31 38 40 90 97 134 142 166 171 172 185 193 198 225 307 316 340 344 365 383 390 392 398 421 439 
145 21 2 44 45 67 99 104 141 217 257 261 288 309 312 351 359 365 376 400 410 438 439 
146 22 29 34 38 73 74 110 122 125 139 159 178 198 210 251 278 282 292 333 340 419 423 433 
147 21 17 41 57 85 110 152 156 161 167 171 198 208 250 255 270 298 313 330 339 343 436 
148 21 2 21 23 24 70 73 98 122 232 250 255 261 268 313 316 339 347 348 395 402 437 
149 23 10 22 40 56 57 66 68 153 168 188 208 220 230 258 267 284 297 303 304 307 356 394 409 
150 14 21 58 67 98 113 114 122 238 293 324 371 377 402 431 
151 17 9 55 77 84 93 127 229 354 355 361 363 365 386 392 428 429 438 
152 22 3 6 28 33 59 106 127 147 174 177 189 205 208 217 226 246 262 367 369 385 406 419 
153 16 11 34 43 68 71 141 149 162 171 199 202 244 296 332 364 428 
154 11 2 32 50 77 165 185 208 284 319 419 425 
155 13 64 107 115 121 125 158 225 256 269 320 324 346 361 
156 24 22 37 44 58 65 87 90 100 122 147 174 175 182 183 193 205 229 243 247 283 296 325 381 398 
157 32 9 15 20 94 103 106 118 122 137 158 188 202 215 228 236 263 272 281 286 297 309 312 320 339 343 345 365 388 406 413 416 419 
158 23 0 18 26 55 84 99 106 131 143 155 157 166 203 226 248 249 256 261 314 398 430 433 435 
159 28 14 18 33 57 60 84 105 128 133 146 186 271 274 280 286 295 301 304 319 324 337 355 380 383 389 402 410 412 
160 23 30 51 52 59 67 74 123 142 176 190 202 238 261 293 314 326 338 354 385 390 406 413 416 
161 15 7 28 71 74 147 217 232 347 354 356 375 378 379 419 423 
162 22 17 50 67 95 122 125 153 167 169 176 232 243 249 265 299 316 336 358 360 401 404 416 
163 15 7 16 41 97 171 210 228 272 359 375 390 394 406 410 420 
164 20 8 12 31 39 83 92 94 122 215 259 270 279 290 314 340 367 397 412 419 439 
165 21 34 38 67 73 123 128 130 154 172 177 197 240 278 296 322 332 342 351 356 386 393 
166 23 7 37 56 65 136 141 144 158 207 214 243 260 271 281 287 299 302 350 366 408 411 421 432 
167 20 25 50 58 104 118 133 142 147 162 196 230 240 260 267 289 334 374 387 388 413 
168 12 27 49 62 133 143 149 206 214 218 342 376 380 
169 20 23 34 61 74 79 93 108 110 111 116 162 170 207 242 287 292 297 301 313 348 
170 28 2 6 12 20 56 67 99 116 122 169 178 239 240 247 252 267 270 318 324 332 341 347 365 389 392 401 422 435 
171 21 14 31 35 39 47 67 77 144 147 153 163 194 196 199 276 280 332 345 346 399 404 
172 22 2 6 10 17 40 43 61 74 112 113 127 131 144 165 228 251 265 273 281 312 324 402 
173 19 10 25 31 45 71 129 132 141 191 241 254 266 267 301 353 360 369 403 439 
174 21 32 53 56 66 78 99 114 115 119 135 152 156 225 227 234 236 272 308 344 381 436 
175 23 34 35 37 101 135 139 156 181 203 213 229 237 272 284 302 346 362 364 365 368 383 384 415 
176 25 45 71 95 119 130 139 160 162 193 197 207 209 242 253 257 271 277 301 332 335 353 373 401 404 407 
177 21 8 42 103 122 128 141 152 165 277 282 315 321 330 340 344 351 353 359 411 424 427 
178 22 38 53 80 98 124 146 170 212 213 214 228 231 295 302 306 323 346 351 356 373 392 399 
179 22 3 19 44 51 91 113 116 140 180 210 213 216 295 297 303 311 336 366 375 395 421 432 
180 25 3 23 41 71 77 97 139 140 179 216 217 224 235 247 288 308 309 340 345 377 378 392 395 433 435 
181 17 34 111 126 175 188 202 211 217 231 248 264 320 330 369 374 382 439 
182 19 73 82 88 110 142 156 195 215 253 299 311 336 366 394 397 404 425 431 435 
183 13 64 72 111 120 156 196 202 210 212 227 237 331 355 
184 18 3 42 81 83 97 100 123 142 196 234 269 328 347 348 365 387 397 419 
185 24 2 9 16 17 33 73 128 135 141 144 154 193 226 250 260 292 309 320 329 354 357 360 381 429 
186 8 14 30 159 250 258 305 365 381 
187 20 13 20 72 100 195 202 231 269 300 311 315 321 332 339 342 361 391 395 410 437 
188 15 49 52 65 88 106 149 157 181 228 248 252 263 272 339 426 
189 23 12 27 32 34 48 73 80 97 100 104 124 140 152 218 235 277 309 313 376 405 408 410 437 
190 13 5 42 63 97 142 160 231 237 241 293 312 314 402 
191 21 63 85 100 108 130 173 197 226 227 228 255 275 286 291 316 365 371 392 406 408 411 
192 20 9 33 72 74 77 81 95 105 199 202 211 237 238 240 246 293 294 363 369 399 
193 16 9 23 34 66 86 94 109 144 156 176 185 237 284 303 408 411 
194 15 11 40 49 78 87 110 117 124 135 171 206 279 306 349 405 
195 20 14 30 36 87 107 119 126 182 187 212 248 258 260 261 270 304 312 318 322 353 
196 31 20 27 42 60 89 124 167 171 183 184 199 211 220 222 239 250 255 283 284 288 295 296 307 319 326 340 352 356 382 383 428 
197 22 24 25 40 86 102 105 139 165 176 191 209 225 283 292 300 331 334 345 379 381 407 431 
198 22 42 59 69 75 79 106 144 146 147 209 229 280 287 303 309 337 358 365 400 433 436 439 
199 21 34 60 79 116 153 171 192 196 204 222 225 232 289 338 350 353 372 374 400 401 411 
200 18 18 38 44 76 79 86 210 251 261 271 296 305 314 343 346 347 350 414 
201 16 66 70 80 134 228 254 276 278 291 300 317 323 342 351 361 401 
202 25 2 23 53 79 91 109 121 128 140 153 157 160 181 183 187 192 227 283 285 316 328 332 350 354 396 
203 25 108 112 115 127 158 175 205 218 228 234 252 254 257 279 291 292 326 328 337 346 363 380 427 435 436 
204 19 60 69 73 78 88 96 103 121 138 199 213 258 271 316 333 357 374 375 382 
205 24 8 16 31 33 42 59 67 83 89 91 114 126 141 152 156 203 277 301 314 331 357 400 401 431 
206 32 6 31 35 41 62 72 97 105 168 194 215 234 237 238 251 261 273 274 285 291 295 300 305 323 326 331 335 378 382 383 434 438 
207 24 14 26 28 56 92 140 166 169 176 211 227 231 248 315 319 349 359 364 375 406 412 414 431 434 
208 27 8 10 42 57 80 86 96 128 130 147 149 152 154 220 227 256 272 286 296 304 329 340 342 349 367 385 417 
209 26 26 74 92 129 131 136 176 197 198 212 217 220 221 237 260 285 293 301 302 333 365 384 401 413 421 431 
210 25 0 55 69 71 74 81 109 140 146 163 179 183 200 241 243 251 258 290 299 360 401 405 414 416 430 
211 24 8 45 53 109 124 181 192 196 207 215 245 252 255 257 261 262 303 313 365 388 389 396 399 420 
212 23 3 26 35 48 63 70 112 123 178 183 195 209 214 244 245 281 313 314 328 332 357 371 391 
213 18 26 28 62 105 125 128 175 178 179 204 219 258 274 304 310 360 407 424 
214 28 24 48 62 68 81 84 92 102 103 108 166 168 178 212 248 253 274 280 287 294 302 321 322 325 346 371 373 435 
215 25 3 5 24 55 57 60 62 90 157 164 182 206 211 217 219 249 254 315 328 333 387 405 418 431 437 
216 18 2 26 46 68 69 73 93 124 179 180 221 227 235 250 291 353 399 421 
217 19 7 17 23 75 85 145 152 161 180 181 209 215 219 228 278 294 308 372 433 
218 20 4 10 16 47 67 83 168 189 203 233 251 257 281 333 349 400 405 414 431 439 
219 21 9 11 24 39 48 82 89 109 131 213 215 217 229 264 286 305 315 327 337 347 415 
220 21 46 77 94 123 149 196 208 209 236 239 256 261 265 283 290 327 360 372 396 410 431 
221 8 19 51 209 216 243 251 362 378 
222 20 7 29 49 78 84 113 117 119 134 196 199 227 229 236 257 277 289 295 340 424 
223 17 29 39 41 72 243 276 286 313 327 348 356 357 392 397 403 426 438 
224 20 3 46 94 98 114 122 129 132 180 250 274 278 281 296 323 338 363 366 387 393 
225 25 35 57 71 78 101 117 121 122 131 132 144 155 174 197 199 227 259 288 332 357 371 383 392 405 416 
226 17 15 41 52 53 55 65 77 81 152 158 185 191 240 296 329 414 416 
227 24 11 17 28 63 83 174 183 191 202 207 208 216 222 225 262 268 274 304 345 359 374 376 381 412 
228 25 23 83 116 157 163 172 178 188 191 201 203 217 229 263 271 302 343 350 362 372 382 393 404 408 425 
229 21 6 64 71 72 84 91 96 113 151 156 175 198 219 222 228 257 309 313 344 414 424 
230 20 18 74 120 136 149 167 235 245 247 254 269 281 307 326 352 359 364 371 409 410 
231 23 7 10 13 17 19 22 42 46 54 55 56 63 88 178 181 187 190 207 334 349 354 357 409 
232 15 57 101 104 148 161 162 199 288 303 309 316 335 384 392 416 
233 20 27 58 99 116 120 124 129 218 234 252 256 258 289 319 328 345 378 401 404 415 
234 26 3 7 14 26 59 72 135 141 174 184 203 206 233 261 275 280 284 302 304 306 307 330 383 389 417 420 
235 24 9 24 94 96 117 132 141 180 189 216 230 269 288 290 301 313 318 328 345 387 400 402 415 424 
236 22 15 57 67 77 84 111 121 157 174 220 222 248 259 284 308 328 334 342 358 360 384 411 
237 23 5 9 14 83 103 134 175 183 190 192 193 206 209 244 253 278 290 316 325 346 395 418 430 
238 11 2 35 82 123 150 160 192 206 304 327 428 
239 20 18 72 75 121 123 170 196 220 243 263 277 315 326 330 347 349 372 380 382 399 
240 19 5 21 24 48 59 165 167 170 192 226 243 244 250 272 293 310 373 381 412 
241 20 2 5 6 26 87 100 110 117 121 135 173 190 210 277 288 297 331 355 406 421 
242 16 12 26 29 40 77 116 142 169 176 289 299 314 350 381 400 409 
243 26 76 90 92 95 143 156 162 166 210 221 223 239 240 251 272 273 302 314 319 321 327 352 354 381 388 390 
244 17 2 54 73 153 212 237 240 246 274 277 325 353 358 380 395 407 423 
245 18 43 47 73 95 100 116 211 212 230 254 322 323 346 367 393 407 411 429 
246 20 4 17 20 24 37 58 84 127 152 192 244 250 277 363 364 373 388 418 432 439 
247 27 15 18 21 36 60 136 143 156 170 180 230 276 291 300 317 344 359 361 364 369 379 392 396 398 399 419 435 
248 20 9 30 36 46 58 87 158 181 188 195 207 214 236 253 317 323 342 350 422 424 
249 17 26 40 102 108 142 158 162 215 257 266 277 278 283 383 395 399 430 
250 23 52 67 74 77 89 147 148 185 186 196 216 224 240 246 254 268 291 295 305 323 375 391 423 
251 26 45 52 56 65 85 114 120 142 146 172 200 206 210 218 221 243 271 286 287 346 354 356 393 410 422 433 
252 17 23 36 56 65 89 170 188 203 211 233 270 296 304 312 338 347 420 
253 19 20 21 39 40 69 110 176 182 214 237 248 293 294 334 340 378 391 395 434 
254 22 10 38 42 90 94 95 104 173 201 203 215 230 245 250 255 277 284 305 330 341 357 406 
255 23 2 21 48 74 108 128 130 140 147 148 191 196 211 254 272 285 294 308 354 355 379 392 396 
256 21 3 52 59 87 104 105 111 155 158 208 220 233 268 272 299 315 317 335 371 419 424 
257 25 5 7 11 15 17 24 25 28 142 145 176 203 211 218 222 229 249 266 287 301 316 337 351 364 409 
258 20 32 48 71 86 149 186 195 204 210 213 233 260 278 282 287 317 351 396 417 437 
259 19 20 24 74 82 99 164 225 236 284 292 301 381 385 387 399 403 406 410 439 
260 20 0 101 118 166 167 185 195 209 258 302 305 319 327 357 358 367 385 394 421 428 
261 27 37 42 68 69 79 112 116 131 145 148 158 160 195 200 206 211 220 234 319 344 350 368 376 379 380 413 428 
262 19 16 37 64 74 75 99 120 127 152 211 227 285 297 321 332 343 351 366 405 
263 20 51 93 104 119 157 188 228 239 274 289 291 365 383 388 390 392 399 407 417 433 
264 14 0 39 52 53 82 116 121 181 219 276 278 315 337 393 
265 27 14 21 29 54 68 76 94 100 101 112 121 129 132 162 172 220 284 289 291 311 314 359 363 372 376 389 432 
266 18 1 10 23 25 69 102 173 249 257 273 280 314 319 324 350 366 395 416 
267 19 7 11 49 57 66 107 121 149 167 170 173 289 297 306 316 340 349 395 426 
268 19 6 8 15 27 36 99 129 148 227 250 256 276 282 306 310 313 355 397 423 
269 14 3 37 43 86 155 184 187 230 235 274 331 407 430 433 
270 24 5 29 74 76 118 121 132 136 147 164 170 195 252 271 302 315 332 353 365 373 393 398 408 429 
271 22 23 27 57 60 68 114 122 133 159 166 176 200 204 228 251 270 286 289 320 347 403 429 
272 24 10 40 53 60 78 109 113 122 157 163 174 175 188 208 240 243 255 256 289 313 358 422 433 436 
273 19 0 14 33 48 57 76 91 124 172 206 243 266 330 353 378 398 403 419 423 
274 17 4 23 30 104 138 159 206 213 214 224 227 244 263 269 329 336 354 
275 19 74 77 80 81 93 106 109 110 191 234 281 294 327 331 357 361 382 387 434 
276 18 21 41 42 87 171 201 223 247 264 268 283 306 346 361 409 417 418 427 
277 35 8 19 32 43 69 74 77 80 104 120 129 130 133 136 140 142 176 177 189 205 222 239 241 244 246 249 254 325 326 358 414 417 418 425 428 
278 26 45 57 62 76 82 86 96 118 119 146 165 201 217 224 237 249 258 264 305 307 317 332 346 349 353 368 
279 15 4 13 65 67 70 164 194 203 300 308 332 370 375 389 427 
280 22 17 69 94 100 105 119 132 159 171 198 214 234 266 294 303 310 350 359 378 381 434 436 
281 26 9 10 15 27 31 85 105 157 166 172 212 218 224 230 275 285 294 308 342 359 370 373 381 421 430 434 
282 16 8 50 65 73 81 85 125 146 177 258 268 293 304 346 399 415 
283 22 18 28 51 52 70 101 127 134 156 196 197 202 220 249 276 295 303 317 332 384 389 421 
284 30 5 16 22 42 90 93 112 113 126 149 154 175 193 196 234 236 254 259 265 328 334 342 346 364 385 396 407 409 421 432 
285 23 1 13 20 39 76 95 133 135 136 202 206 209 255 262 281 299 353 355 376 404 408 422 432 
286 24 14 24 52 58 67 81 82 93 99 141 157 159 191 208 219 223 251 271 296 317 366 382 416 439 
287 24 16 21 32 46 49 95 123 136 166 169 198 214 251 257 258 298 302 332 337 352 367 381 382 416 
288 18 26 31 106 140 145 180 196 225 232 235 241 324 326 366 376 385 420 433 
289 31 0 2 3 4 29 33 38 60 71 78 90 106 138 143 167 199 222 233 242 263 265 267 271 272 304 305 325 349 359 414 415 
290 22 15 26 39 57 85 89 135 164 210 220 235 237 306 333 335 338 344 345 368 371 402 420 
291 22 11 22 26 28 32 42 46 65 120 191 201 203 206 216 247 250 263 265 301 331 408 420 
292 18 29 74 96 103 104 107 146 169 185 197 203 259 304 312 314 335 390 412 
293 19 29 51 70 103 131 138 150 160 190 192 209 240 253 282 306 325 360 386 410 
294 22 24 35 78 100 192 214 217 253 255 275 280 281 309 311 325 329 354 380 385 386 399 404 
295 25 12 58 61 66 89 94 126 136 137 159 178 179 196 206 222 250 283 303 323 344 361 366 375 384 422 
296 23 2 14 36 57 86 94 122 131 139 153 156 165 196 200 208 224 226 252 286 298 309 329 394 
297 22 1 6 66 122 134 149 157 169 179 241 262 267 305 308 335 342 368 380 415 423 425 430 
298 21 4 9 46 50 54 86 116 141 147 287 296 350 373 399 401 403 404 413 429 431 434 
299 19 5 29 36 90 126 162 166 182 210 242 256 285 319 321 383 400 421 431 432 
300 20 18 24 41 53 92 124 129 130 187 197 201 206 247 279 306 309 313 331 365 429 
301 24 7 36 75 97 112 159 169 173 176 205 209 235 257 259 291 328 329 348 356 394 400 403 408 417 
302 22 131 139 166 175 178 209 214 228 234 243 260 270 287 305 332 333 336 344 347 352 369 393 
303 24 16 35 52 70 99 105 149 179 193 198 211 232 280 283 295 310 340 348 369 383 389 398 432 434 
304 32 9 50 60 80 105 119 130 140 149 159 195 208 213 227 234 238 252 282 289 292 332 348 353 360 369 370 377 387 395 404 411 415 
305 25 21 52 55 68 72 75 115 186 200 206 219 250 254 260 278 289 297 302 313 346 347 378 388 396 427 
306 23 10 20 34 51 53 88 127 132 138 178 194 234 267 268 276 290 293 300 314 344 363 395 422 
307 15 18 72 112 131 133 139 144 149 196 230 234 278 368 408 410 
308 17 34 60 86 92 97 174 180 217 236 255 279 281 297 313 318 327 427 
309 26 24 42 43 49 50 68 69 75 91 102 106 107 126 145 157 180 185 189 198 229 232 294 296 300 368 390 
310 16 19 28 42 43 44 57 80 88 213 240 268 280 303 349 417 424 
311 16 5 67 84 88 91 110 124 133 179 182 187 265 294 319 368 428 
312 20 43 68 73 93 119 136 143 145 157 172 190 195 252 292 320 334 346 370 409 435 
313 27 24 27 28 46 88 107 147 148 169 189 211 212 223 229 235 268 272 300 305 308 348 356 372 397 400 403 407 
314 30 17 20 54 102 116 125 139 158 160 164 190 200 205 212 242 243 265 266 292 306 337 344 345 352 381 399 410 415 427 430 
315 21 2 18 26 28 82 85 114 132 177 187 207 215 219 239 256 264 270 316 326 390 398 
316 22 16 19 34 74 76 115 144 148 162 191 202 204 232 237 257 267 315 325 359 399 422 435 
317 18 31 51 60 83 110 201 247 248 256 258 278 283 286 351 363 366 400 431 
318 15 57 83 126 134 139 170 195 235 308 334 354 376 383 424 430 
319 21 22 46 75 91 100 109 121 154 159 196 207 233 243 260 261 266 299 311 340 421 435 
320 18 7 11 15 45 81 121 140 155 157 181 185 271 312 353 385 401 405 415 
321 22 4 22 45 66 86 108 114 124 140 177 187 214 243 262 299 326 351 364 367 372 392 405 
322 14 46 53 72 103 116 124 126 165 195 214 245 340 347 369 
323 20 9 25 26 32 37 53 84 118 178 201 206 224 245 248 250 295 347 365 370 403 
324 15 116 150 155 159 170 172 266 288 332 334 376 387 405 425 432 
325 21 53 73 156 214 237 244 277 289 293 294 316 345 347 355 363 364 377 398 413 414 422 
326 28 8 15 25 34 40 51 62 69 91 121 127 133 160 196 203 206 230 239 277 288 315 321 330 334 339 366 385 412 
327 19 0 15 16 40 46 120 123 124 219 220 223 238 243 260 275 308 352 378 379 
328 22 8 17 34 48 55 63 93 184 202 203 212 215 233 235 236 284 301 340 374 385 393 425 
329 18 1 11 24 52 54 72 108 137 185 208 226 274 294 296 301 372 382 383 
330 22 1 3 8 18 93 108 124 147 177 181 234 239 254 273 326 335 339 363 371 384 401 435 
331 17 20 32 56 85 183 197 205 206 241 269 275 291 300 338 360 400 409 
332 26 33 54 55 77 96 142 153 165 170 171 176 187 202 212 225 262 270 278 279 283 287 302 304 324 377 424 
333 15 49 50 113 146 204 209 215 218 290 302 343 349 379 402 423 
334 28 1 14 23 38 45 47 54 104 136 167 197 231 236 253 284 312 318 324 326 335 347 357 368 376 378 400 419 437 
335 18 21 38 82 176 206 232 256 290 292 297 330 334 341 352 357 373 386 426 
336 15 27 55 67 107 162 179 182 274 302 337 343 356 365 406 420 
337 18 44 45 63 90 159 198 203 219 257 264 287 314 336 393 409 412 421 428 
338 15 7 23 27 101 105 137 160 199 224 252 290 331 386 387 429 
339 18 2 47 88 103 110 147 148 157 187 188 326 330 346 352 364 375 406 430 
340 23 47 95 97 113 116 140 144 146 164 177 180 196 208 222 253 267 303 319 322 328 375 377 410 
341 12 17 82 87 116 170 254 335 355 392 403 408 439 
342 23 18 106 108 115 128 130 165 168 187 201 208 236 248 281 284 297 344 346 348 357 364 417 426 
343 18 1 24 82 104 115 127 142 147 157 200 228 262 333 336 359 406 411 428 
344 21 16 69 70 104 117 126 134 144 174 177 229 247 261 290 295 302 306 314 342 374 390 
345 22 82 99 127 131 140 157 171 180 197 227 233 235 290 314 325 357 379 397 403 406 409 436 
346 34 25 90 95 101 117 125 140 142 155 171 175 178 200 203 214 237 245 251 276 278 282 284 305 312 339 342 366 371 374 378 385 415 429 439 
347 31 2 14 16 18 23 42 43 48 80 100 148 161 170 184 200 219 239 252 271 302 305 322 323 325 334 352 369 381 395 425 427 
348 25 23 55 71 74 78 96 105 112 113 124 141 148 169 184 223 301 303 304 313 342 350 358 368 375 414 
349 19 7 18 31 43 194 207 208 218 231 239 267 278 289 310 333 358 366 416 417 
350 23 6 21 55 73 143 166 199 200 202 228 242 248 261 266 280 298 348 359 378 399 404 411 438 
351 21 36 38 73 91 95 109 125 133 145 165 177 178 201 257 258 262 317 321 352 374 408 
352 24 1 3 11 95 100 107 111 118 196 230 243 287 302 314 327 335 339 347 351 358 383 404 415 417 
353 23 4 25 30 44 85 98 129 133 173 176 177 195 199 216 244 270 273 278 285 304 320 369 406 
354 23 3 9 42 45 47 56 82 135 151 160 161 185 202 231 243 251 255 274 294 318 375 399 428 
355 17 5 31 76 119 135 151 159 183 241 255 268 285 325 341 358 387 392 
356 22 6 8 15 39 48 53 89 104 149 161 165 178 196 223 251 301 313 336 359 363 429 433 
357 27 22 24 31 38 57 105 106 127 185 204 205 212 223 225 231 254 260 275 334 335 342 345 359 372 398 400 402 
358 16 39 59 162 198 236 244 260 272 277 348 349 352 355 364 403 406 
359 31 0 29 40 42 44 49 70 71 101 113 117 145 163 177 207 227 230 247 265 280 281 289 316 343 350 356 357 372 398 430 434 
360 23 9 22 30 40 45 65 114 134 162 173 185 210 213 220 236 293 304 331 369 389 395 413 422 
361 18 19 29 40 44 76 139 151 155 187 201 247 275 276 295 377 387 388 407 
362 13 10 13 33 70 79 98 136 175 221 228 400 428 438 
363 26 5 16 49 62 64 76 115 127 143 151 192 203 224 246 265 306 317 325 330 356 379 386 395 409 424 439 
364 28 34 49 56 79 81 89 125 139 153 175 207 230 246 247 257 284 321 325 339 342 358 399 400 404 407 412 417 423 
365 29 30 50 53 59 69 75 142 144 145 151 157 170 175 184 186 191 198 209 211 263 270 300 323 336 380 385 400 421 434 
366 21 53 71 89 117 126 138 143 166 179 182 224 262 266 286 288 295 317 326 346 349 369 
367 14 13 35 66 98 152 164 208 245 260 287 321 384 393 437 
368 21 0 39 65 95 100 105 175 261 278 290 297 307 309 311 334 348 379 392 420 423 430 
369 22 30 56 81 100 125 152 173 181 192 247 302 303 304 322 347 353 360 366 374 409 414 433 
370 19 9 14 25 52 63 65 76 79 95 279 281 304 312 323 378 394 404 405 432 
371 24 13 30 74 115 135 143 150 191 212 214 225 230 256 290 330 346 383 391 394 400 406 412 420 429 
372 20 6 78 87 98 138 139 199 217 220 228 239 265 313 321 329 357 359 391 405 411 
373 19 5 32 50 64 108 134 176 178 214 240 246 270 281 298 335 374 382 388 427 
374 23 48 51 53 78 82 86 116 121 140 167 181 199 204 227 328 344 346 351 369 373 421 430 439 
375 21 27 55 56 85 100 114 137 161 163 179 204 207 250 279 295 339 340 348 354 406 420 
376 22 4 14 17 21 40 49 63 94 145 168 189 227 261 265 285 288 318 324 334 392 418 434 
377 16 12 68 97 130 150 180 304 325 332 340 361 378 412 414 433 434 
378 30 1 7 17 46 55 60 80 98 100 104 109 113 123 161 180 206 221 233 253 273 280 305 327 334 346 350 370 377 410 419 
379 21 20 39 44 92 107 123 137 140 161 197 247 255 261 327 333 345 363 368 391 410 427 
380 23 0 34 43 65 69 74 75 87 123 134 135 159 168 203 239 244 261 294 297 365 393 397 403 
381 25 6 20 69 84 88 140 156 174 185 186 197 227 240 242 243 259 280 281 287 314 347 395 421 425 427 
382 28 29 47 49 58 70 73 75 95 97 100 106 111 119 121 181 196 204 206 228 239 275 286 287 329 373 383 390 422 
383 25 8 49 88 89 93 122 144 159 175 196 206 225 234 249 263 299 303 318 329 352 371 382 392 402 434 
384 20 26 44 46 52 54 77 89 90 121 143 175 209 232 236 283 295 330 367 431 434 
385 23 23 25 36 42 78 94 95 104 123 152 160 208 259 260 284 288 294 320 326 328 346 365 425 
386 20 23 45 46 69 95 96 132 134 143 151 165 293 294 335 338 363 394 406 428 431 
387 22 54 89 97 115 141 167 184 215 224 235 259 275 304 324 338 355 361 396 404 405 431 436 
388 17 29 84 94 138 157 167 211 243 246 263 305 361 373 389 393 401 414 
389 20 61 65 84 103 118 138 140 159 170 211 234 265 279 283 303 360 388 402 422 432 
390 15 32 56 105 144 160 163 243 263 292 309 315 344 382 412 434 
391 13 5 44 67 85 115 128 187 212 250 253 371 372 379 
392 29 0 23 48 53 64 78 85 115 142 144 151 170 178 180 191 223 225 232 247 255 263 321 341 355 368 376 383 405 417 
393 20 2 49 51 59 140 165 224 228 245 251 264 270 302 328 337 367 380 388 424 426 
394 16 2 59 74 89 97 132 149 163 182 260 296 301 370 371 386 418 
395 27 3 11 13 25 62 108 131 138 148 179 180 187 237 244 249 253 266 267 304 306 347 360 363 381 398 405 426 
396 22 9 10 46 77 82 91 95 97 100 118 202 211 220 247 255 258 284 305 387 417 423 435 
397 19 20 23 39 45 64 100 116 124 164 182 184 223 268 313 345 380 404 410 412 
398 22 2 15 37 39 117 135 144 156 158 247 270 273 303 315 325 357 359 395 400 413 422 436 
399 29 53 63 90 100 106 110 126 171 178 192 211 216 239 247 249 259 263 282 294 298 314 316 350 354 364 417 432 437 438 
400 27 17 20 21 31 33 114 140 145 198 199 205 218 235 242 299 301 313 317 331 334 357 362 364 365 371 398 430 
401 20 18 83 115 125 162 170 176 199 201 205 209 210 233 298 320 330 388 413 414 435 
402 17 1 4 11 26 34 93 148 150 159 172 190 235 290 333 357 383 389 
403 23 27 44 75 77 78 103 105 133 173 223 259 271 273 298 301 313 323 341 345 358 380 416 432 
404 26 11 26 38 48 50 54 55 117 162 171 176 182 228 233 285 294 298 304 350 352 364 370 387 397 438 439 
405 23 9 18 33 49 72 115 189 194 210 215 218 225 262 320 321 324 370 372 387 392 395 409 423 
406 30 11 19 29 52 61 84 97 116 122 131 135 152 157 160 163 191 207 241 254 259 336 339 343 345 353 358 371 375 386 411 
407 23 6 11 14 47 49 60 63 70 74 85 97 115 176 197 213 244 245 263 269 284 313 361 364 
408 17 17 28 30 82 134 166 189 191 193 228 270 285 291 301 307 341 351 
409 24 16 47 107 116 129 138 142 143 149 230 231 242 257 276 284 312 331 337 345 363 369 405 420 431 
410 21 30 55 92 134 145 159 163 187 189 220 230 251 259 293 307 314 340 378 379 397 439 
411 22 10 23 27 30 38 50 71 83 92 96 166 177 191 193 199 236 245 304 343 350 372 406 
412 17 12 33 107 110 159 164 207 227 240 292 326 337 364 371 377 390 397 
413 25 8 26 33 35 44 51 60 61 63 90 102 117 157 160 167 209 261 298 325 360 398 401 421 423 431 
414 21 19 38 58 97 104 122 125 200 207 210 218 226 229 277 289 325 348 369 377 388 401 
415 20 8 15 18 63 79 80 128 175 219 233 235 282 289 297 304 314 320 346 352 430 
416 25 1 9 16 20 23 31 58 89 107 109 121 157 160 162 210 225 226 232 266 286 287 349 403 419 431 
417 18 32 133 208 234 258 263 276 277 301 310 342 349 352 364 392 396 399 429 
418 10 54 85 215 237 246 276 277 376 394 420 
419 20 26 62 90 91 111 118 122 146 152 154 157 161 164 184 247 256 273 334 378 416 
420 16 25 68 112 163 211 234 252 288 290 291 336 368 371 375 409 418 
421 24 59 60 79 92 93 142 144 166 179 209 216 241 260 281 283 284 299 319 337 365 374 381 413 434 
422 22 6 7 15 37 44 58 73 82 119 170 248 251 272 285 295 306 316 325 360 382 389 398 
423 18 29 38 138 146 161 244 250 268 273 297 333 364 368 396 405 413 433 439 
424 22 17 23 58 59 62 108 109 118 141 143 177 213 222 229 235 248 256 310 318 332 363 393 
425 15 41 48 85 91 130 154 182 228 277 297 324 328 347 381 385 
426 13 24 54 86 138 143 188 223 267 335 342 393 395 436 
427 21 16 33 41 50 52 64 86 113 118 134 177 203 276 279 305 308 314 347 373 379 381 
428 23 24 34 35 60 83 113 114 118 129 142 151 153 196 238 260 261 277 311 337 343 354 362 386 
429 20 31 37 52 59 68 100 131 135 151 185 245 270 271 298 300 338 346 356 371 417 
430 21 22 34 91 121 122 139 158 210 237 249 269 281 297 314 318 339 359 368 374 400 415 
431 26 0 5 21 54 62 87 88 96 150 182 197 205 207 209 215 218 220 298 299 317 384 386 387 409 413 416 
432 19 4 30 44 60 80 112 166 179 246 265 284 285 299 303 324 370 389 399 403 
433 21 14 16 25 34 105 127 141 146 158 180 198 217 251 263 269 272 288 356 369 377 423 
434 19 79 95 102 206 207 253 275 280 281 298 303 359 365 376 377 383 384 390 421 
435 21 11 31 55 56 69 80 102 114 158 170 180 182 203 214 247 312 316 319 330 396 401 
436 17 9 23 71 102 118 125 147 174 198 203 272 280 345 387 398 426 438 
437 13 12 28 61 128 148 187 189 215 258 334 367 399 438 
438 20 12 43 69 73 75 99 102 103 137 143 145 151 206 223 350 362 399 404 436 437 
439 26 18 29 34 54 84 98 102 108 122 144 145 164 173 181 198 218 246 259 286 341 346 363 374 404 410 423 
