440 1325
0 4 32 158 210 327 
1 5 266 285 297 330 334 
2 8 21 40 148 202 255 315 339 347 
3 7 17 55 126 234 330 352 395 
4 5 57 70 95 274 432 
5 8 83 91 133 137 139 257 299 311 
6 5 18 123 241 297 407 
7 6 15 70 166 222 301 320 
8 6 27 49 72 73 177 330 
9 4 20 151 219 360 
10 12 23 38 92 126 133 172 208 231 272 281 306 411 
11 5 129 130 257 352 402 
12 4 131 189 242 377 
13 8 70 98 101 116 231 285 362 371 
14 7 99 116 129 171 237 273 433 
15 10 7 17 58 81 86 93 247 257 327 398 
16 9 75 136 185 205 218 316 327 344 347 
17 5 3 15 185 246 408 
18 6 6 28 32 140 239 307 
19 3 179 231 361 
20 5 9 170 331 381 416 
21 7 2 47 129 148 247 276 431 
22 4 111 149 321 430 
23 6 10 50 128 202 217 392 
24 9 53 148 214 219 235 246 259 286 329 
25 4 53 167 257 326 
26 8 119 207 234 242 288 290 315 419 
27 6 8 67 109 115 233 403 
28 7 18 207 213 257 315 408 437 
29 4 222 292 382 388 
30 7 59 160 248 274 360 408 432 
31 6 61 73 173 205 288 349 
32 5 0 18 90 291 390 
33 6 46 111 119 205 412 413 
34 6 119 140 146 181 328 430 
35 9 57 105 171 206 212 225 238 303 428 
36 6 122 128 195 268 301 385 
37 2 156 269 
38 5 10 289 334 335 411 
39 2 171 397 
40 12 2 44 81 105 110 112 120 141 194 253 326 376 
41 3 111 147 427 
42 7 77 84 184 205 231 284 310 
43 5 172 277 309 349 438 
44 2 40 391 
45 6 84 128 145 251 334 360 
46 10 33 231 248 287 291 298 327 378 384 386 
47 1 21 
48 6 70 189 214 219 258 392 
49 5 8 142 309 359 363 
50 9 23 162 167 298 309 333 365 411 427 
51 4 80 179 293 393 
52 4 136 226 250 406 
53 7 24 25 116 118 174 306 392 
54 2 69 329 
55 9 3 101 158 210 231 332 350 378 410 
56 5 60 77 149 251 369 
57 14 4 35 84 87 99 102 147 149 159 225 271 278 310 357 
58 5 15 233 295 422 424 
59 3 30 205 393 
60 8 56 101 215 272 308 378 413 421 
61 4 31 64 73 81 
62 4 99 215 363 395 
63 5 122 227 328 370 413 
64 6 61 121 135 229 363 427 
65 3 67 78 251 
66 1 116 
67 7 27 65 128 145 150 218 279 
68 3 128 153 377 
69 11 54 216 266 277 280 309 344 365 380 386 438 
70 5 4 7 13 48 110 
71 6 99 109 161 225 289 359 
72 3 8 183 206 
73 9 8 31 61 89 148 185 282 422 438 
74 7 169 209 210 250 262 270 275 
75 6 16 105 131 301 309 365 
76 3 243 285 316 
77 5 42 56 154 180 275 
78 6 65 79 194 289 348 372 
79 8 78 102 261 362 364 370 421 434 
80 7 51 83 123 189 347 415 432 
81 11 15 40 61 103 118 214 226 275 282 320 364 
82 7 182 238 259 343 354 408 422 
83 5 5 80 115 116 228 
84 7 42 45 57 119 151 159 323 
85 6 217 290 353 391 392 425 
86 4 15 193 200 374 
87 5 57 110 126 156 380 
88 2 134 204 
89 8 73 196 219 250 364 383 384 394 
90 5 32 243 284 299 346 
91 7 5 103 229 311 351 419 430 
92 4 10 94 243 421 
93 4 15 275 312 330 
94 3 92 254 280 
95 7 4 243 285 340 368 385 434 
96 6 118 136 235 278 411 431 
97 9 144 184 190 206 301 377 387 394 406 
98 4 13 101 178 378 
99 5 14 57 62 71 145 
100 7 156 191 265 294 347 352 396 
101 10 13 55 60 98 141 175 265 283 338 359 
102 7 57 79 197 309 434 436 438 
103 8 81 91 177 214 237 322 389 403 
104 3 232 292 414 
105 8 35 40 75 159 197 303 304 390 
106 2 289 357 
107 3 155 267 309 
108 5 112 128 169 373 439 
109 6 27 71 120 210 351 378 
110 5 40 70 87 169 241 
111 5 22 33 41 169 382 
112 6 40 108 116 203 348 420 
113 1 333 
114 6 150 174 205 224 360 400 
115 5 27 83 371 401 407 
116 10 13 14 53 66 83 112 199 233 322 324 
117 5 138 222 366 398 413 
118 5 53 81 96 157 167 
119 6 26 33 34 84 280 304 
120 6 40 109 183 230 251 262 
121 6 64 202 239 264 374 382 
122 8 36 63 137 164 224 272 406 430 
123 6 6 80 160 165 220 379 
124 4 139 311 322 397 
125 4 162 282 364 436 
126 7 3 10 87 205 309 344 399 
127 5 151 203 262 345 357 
128 8 23 36 45 67 68 108 177 391 
129 7 11 14 21 209 265 268 300 
130 2 11 208 
131 5 12 75 172 209 225 
132 3 133 280 306 
133 7 5 10 132 134 285 326 403 
134 8 88 133 144 201 373 380 386 427 
135 5 64 285 290 406 429 
136 6 16 52 96 166 209 312 
137 5 5 122 295 375 379 
138 7 117 204 274 289 395 409 423 
139 6 5 124 176 318 364 372 
140 9 18 34 207 255 288 320 346 389 393 
141 5 40 101 145 235 348 
142 7 49 144 251 257 346 409 428 
143 3 168 243 350 
144 8 97 134 142 193 307 365 392 421 
145 7 45 67 99 141 261 376 410 
146 4 34 210 333 433 
147 7 41 57 152 161 250 270 436 
148 6 2 21 24 73 313 437 
149 7 22 56 57 188 220 307 409 
150 2 67 114 
151 6 9 84 127 363 365 428 
152 7 147 189 217 226 369 385 419 
153 8 68 171 199 202 244 332 364 428 
154 3 77 185 284 
155 5 107 225 256 269 361 
156 8 37 87 100 175 229 243 283 398 
157 9 118 188 202 215 263 281 343 388 406 
158 8 0 55 166 203 226 248 314 430 
159 7 57 84 105 186 280 286 304 
160 7 30 123 176 354 390 406 413 
161 5 71 147 347 375 378 
162 5 50 125 176 232 358 
163 2 171 359 
164 5 122 259 340 367 419 
165 7 123 240 322 342 351 356 393 
166 8 7 136 158 260 299 350 408 411 
167 7 25 50 118 267 289 334 388 
168 3 143 376 380 
169 5 74 108 110 111 292 
170 3 20 347 392 
171 7 14 35 39 153 163 194 196 
172 6 10 43 131 228 324 402 
173 3 31 267 360 
174 5 53 114 234 272 436 
175 5 101 156 346 362 383 
176 9 139 160 162 242 253 257 332 335 373 
177 10 8 103 128 277 282 321 340 353 359 424 
178 4 98 213 306 351 
179 6 19 51 295 297 366 395 
180 7 77 224 247 288 309 433 435 
181 3 34 248 369 
182 6 82 195 336 366 394 431 
183 5 72 120 210 227 237 
184 6 42 97 234 269 397 419 
185 9 16 17 73 154 193 250 320 354 357 
186 3 159 250 365 
187 6 202 269 300 321 332 339 
188 3 149 157 248 
189 8 12 48 80 152 235 405 408 410 
190 4 97 237 241 314 
191 6 100 226 228 365 392 408 
192 1 399 
193 3 86 144 185 
194 4 40 78 171 349 
195 7 36 182 212 258 260 270 318 
196 4 89 171 295 340 
197 4 102 105 209 381 
198 2 229 400 
199 9 116 153 225 232 338 353 400 401 411 
200 3 86 210 350 
201 5 134 276 300 351 361 
202 8 2 23 121 153 157 187 316 332 
203 8 112 127 158 205 252 363 380 436 
204 5 88 138 258 271 316 
205 9 16 31 33 42 59 114 126 203 431 
206 13 35 72 97 215 261 285 291 295 305 323 326 331 383 
207 5 26 28 140 364 406 
208 7 10 130 220 256 272 304 367 
209 11 74 129 131 136 197 220 221 237 301 333 365 
210 11 0 55 74 109 146 183 200 290 405 416 430 
211 5 257 365 388 389 396 
212 7 35 195 244 245 332 371 391 
213 6 28 178 258 274 304 310 
214 10 24 48 81 103 248 253 287 294 371 373 
215 10 60 62 157 206 249 254 328 405 418 431 
216 5 69 221 291 353 399 
217 5 23 85 152 372 433 
218 6 16 67 281 349 405 431 
219 6 9 24 48 89 229 305 
220 7 123 149 208 209 256 265 396 
221 3 209 216 251 
222 6 7 29 117 227 236 295 
223 5 286 327 348 392 438 
224 5 114 122 180 278 296 
225 9 35 57 71 131 155 199 227 288 416 
226 5 52 81 152 158 191 
227 6 63 183 222 225 268 345 
228 9 83 172 191 302 362 372 382 393 425 
229 9 64 91 156 198 219 257 344 414 424 
230 4 120 254 371 410 
231 7 10 13 19 42 46 55 409 
232 3 104 162 199 
233 7 27 58 116 258 345 378 415 
234 10 3 26 174 184 280 284 330 389 417 420 
235 7 24 96 141 189 288 345 400 
236 5 222 284 308 334 384 
237 7 14 103 183 190 209 253 430 
238 3 35 82 428 
239 5 18 121 315 347 399 
240 5 165 293 310 373 412 
241 5 6 110 190 277 421 
242 3 12 26 176 
243 11 76 90 92 95 143 156 273 314 352 388 390 
244 4 153 212 274 358 
245 3 212 254 323 
246 7 17 24 250 364 388 418 432 
247 5 15 21 180 276 317 
248 8 30 46 158 181 188 214 317 350 
249 5 215 266 283 383 395 
250 8 52 74 89 147 185 186 246 295 
251 10 45 56 65 120 142 221 354 393 422 433 
252 4 203 304 312 338 
253 4 40 176 214 237 
254 8 94 215 230 245 255 284 330 357 
255 6 2 140 254 272 285 379 
256 5 155 208 220 299 335 
257 13 5 11 15 25 28 142 176 211 229 316 337 351 364 
258 9 48 195 204 213 233 278 317 351 437 
259 5 24 82 164 284 385 
260 6 166 195 319 367 421 428 
261 5 79 145 206 379 380 
262 6 74 120 127 321 351 366 
263 5 157 390 399 407 433 
264 4 121 276 278 315 
265 4 100 101 129 220 
266 5 1 69 249 395 416 
267 4 107 167 173 395 
268 5 36 129 227 276 306 
269 4 37 155 184 187 
270 5 74 147 195 271 315 
271 6 57 204 270 320 347 403 
272 8 10 60 122 174 208 255 422 433 
273 4 14 243 378 398 
274 7 4 30 138 213 244 336 354 
275 7 74 77 81 93 281 327 387 
276 7 21 201 247 264 268 417 418 
277 5 43 69 177 241 358 
278 9 57 96 224 258 264 307 317 346 349 
279 3 67 300 332 
280 9 69 94 119 132 159 234 303 359 378 
281 8 10 157 218 275 285 342 430 434 
282 5 73 81 125 177 293 
283 6 101 156 249 317 332 384 
284 11 42 90 154 234 236 254 259 328 334 364 409 
285 9 1 13 76 95 133 135 206 255 281 
286 5 24 159 223 366 416 
287 7 46 214 298 332 381 382 416 
288 7 26 31 140 180 225 235 324 
289 9 38 71 78 106 138 167 305 359 414 
290 8 26 85 135 210 344 345 368 371 
291 6 32 46 206 216 331 408 
292 5 29 104 169 304 312 
293 6 51 240 282 306 325 386 
294 6 100 214 311 329 354 404 
295 9 58 137 179 196 206 222 250 344 366 
296 2 224 309 
297 4 1 6 179 423 
298 6 46 50 287 373 399 403 
299 8 5 90 166 256 319 321 383 432 
300 5 129 187 201 279 365 
301 9 7 36 75 97 209 394 403 408 417 
302 3 228 333 352 
303 6 35 105 280 340 383 434 
304 9 105 119 159 208 213 252 292 348 411 
305 7 206 219 289 346 378 388 427 
306 7 10 53 132 178 268 293 314 
307 5 18 144 149 278 408 
308 2 60 236 
309 10 43 49 50 69 75 102 107 126 180 296 
310 4 42 57 213 240 
311 4 5 91 124 294 
312 6 93 136 252 292 334 370 
313 3 148 400 407 
314 7 158 190 243 306 345 399 427 
315 6 2 26 28 239 264 270 
316 5 16 76 202 204 257 
317 7 247 248 258 278 283 366 400 
318 3 139 195 376 
319 5 260 299 340 421 435 
320 6 7 81 140 185 271 405 
321 6 22 177 187 262 299 372 
322 5 103 116 124 165 369 
323 5 84 206 245 365 370 
324 6 116 172 288 332 376 387 
325 4 293 363 377 413 
326 5 25 40 133 206 366 
327 6 0 15 16 46 223 275 
328 4 34 63 215 284 
329 3 24 54 294 
330 8 1 3 8 93 234 254 384 435 
331 4 20 206 291 400 
332 10 55 153 176 187 202 212 279 283 287 324 
333 7 50 113 146 209 302 343 349 
334 12 1 38 45 167 236 284 312 335 347 376 378 437 
335 6 38 176 256 334 352 386 
336 4 182 274 343 406 
337 3 257 412 428 
338 3 101 199 252 
339 4 2 187 352 375 
340 7 95 164 177 196 303 319 377 
341 2 355 392 
342 5 165 281 344 364 417 
343 5 82 157 333 336 411 
344 8 16 69 126 229 290 295 342 390 
345 8 127 227 233 235 290 314 379 436 
346 12 90 140 142 175 278 305 366 371 374 385 415 429 
347 10 2 16 80 100 161 170 239 271 334 427 
348 7 78 112 141 223 304 358 368 
349 6 31 43 194 218 278 333 
350 6 55 143 166 200 248 399 
351 9 91 109 165 178 201 257 258 262 352 
352 8 3 11 100 243 302 335 339 351 
353 5 85 177 199 216 369 
354 7 82 160 185 251 274 294 428 
355 2 341 392 
356 3 165 359 429 
357 6 57 106 127 185 254 372 
358 5 162 244 277 348 406 
359 10 49 71 101 163 177 280 289 356 372 430 
360 8 9 30 45 114 173 395 413 422 
361 4 19 155 201 387 
362 5 13 79 175 228 400 
363 7 49 62 64 151 203 325 379 
364 12 79 81 89 125 139 153 207 246 257 284 342 412 
365 13 50 69 75 144 151 186 191 209 211 300 323 400 434 
366 10 117 179 182 262 286 295 317 326 346 369 
367 3 164 208 260 
368 4 95 290 348 420 
369 8 56 152 181 322 353 366 409 414 
370 5 63 79 312 323 405 
371 10 13 115 212 214 230 290 346 383 394 406 
372 7 78 139 217 228 321 357 359 
373 7 108 134 176 214 240 298 388 
374 3 86 121 346 
375 3 137 161 339 
376 7 40 145 168 318 324 334 392 
377 7 12 68 97 325 340 378 414 
378 13 46 55 60 98 109 161 233 273 280 305 334 377 419 
379 6 123 137 255 261 345 363 
380 6 69 87 134 168 203 261 
381 4 20 197 287 425 
382 6 29 111 121 228 287 422 
383 8 89 175 206 249 299 303 371 402 
384 5 46 89 236 283 330 
385 5 36 95 152 259 346 
386 6 46 69 134 293 335 431 
387 4 97 275 324 361 
388 9 29 157 167 211 243 246 305 373 393 
389 5 103 140 211 234 422 
390 7 32 105 160 243 263 344 412 
391 4 44 85 128 212 
392 13 23 48 53 85 144 170 191 223 341 355 376 405 417 
393 9 51 59 140 165 228 251 388 424 426 
394 5 89 97 182 301 371 
395 8 3 62 138 179 249 266 267 360 
396 5 100 211 220 417 435 
397 4 39 124 184 404 
398 5 15 117 156 273 422 
399 8 126 192 216 239 263 298 314 350 
400 10 114 198 199 235 313 317 331 362 365 430 
401 3 115 199 413 
402 3 11 172 383 
403 6 27 103 133 271 298 301 
404 2 294 397 
405 9 189 210 215 218 320 370 392 409 423 
406 11 52 97 122 135 157 160 207 336 358 371 411 
407 4 6 115 263 313 
408 10 17 28 30 82 166 189 191 291 301 307 
409 8 138 142 149 231 284 369 405 420 
410 4 55 145 189 230 
411 9 10 38 50 96 166 199 304 343 406 
412 5 33 240 337 364 390 
413 9 33 60 63 117 160 325 360 401 423 
414 5 104 229 289 369 377 
415 3 80 233 346 
416 7 20 210 225 266 286 287 419 
417 7 234 276 301 342 392 396 429 
418 3 215 246 276 
419 7 26 91 152 164 184 378 416 
420 4 112 234 368 409 
421 7 60 79 92 144 241 260 319 
422 9 58 73 82 251 272 360 382 389 398 
423 5 138 297 405 413 433 
424 4 58 177 229 393 
425 3 85 228 381 
426 1 393 
427 7 41 50 64 134 305 314 347 
428 8 35 142 151 153 238 260 337 354 
429 4 135 346 356 417 
430 10 22 34 91 122 158 210 237 281 359 400 
431 7 21 96 182 205 215 218 386 
432 5 4 30 80 246 299 
433 8 14 146 180 217 251 263 272 423 
434 6 79 95 102 281 303 365 
435 4 180 319 330 396 
436 6 102 125 147 174 203 345 
437 5 28 148 258 334 438 
438 6 43 69 73 102 223 437 
439 1 108 
