440 9693
0 34 4 7 61 76 81 121 140 163 173 175 176 183 200 202 216 217 220 239 267 269 285 321 333 351 363 377 394 395 396 407 408 411 417 424 
1 49 7 9 20 30 47 53 54 57 62 69 76 77 83 102 113 158 168 177 187 199 243 245 252 254 259 263 268 269 284 286 289 291 294 302 306 314 323 329 330 332 334 364 370 382 386 396 418 427 430 
2 36 7 9 16 18 29 41 47 50 64 78 81 126 132 136 149 150 154 155 170 211 222 233 272 279 310 312 323 326 329 348 363 364 365 375 401 409 
3 48 8 19 50 62 68 76 78 81 86 106 113 115 121 136 138 142 146 150 151 160 166 169 198 201 212 227 234 237 255 260 268 272 276 286 301 303 309 310 311 316 320 322 345 356 357 386 390 415 
4 40 0 8 11 17 56 64 70 79 81 100 102 142 167 172 176 185 186 200 209 211 237 240 252 276 279 286 287 288 315 324 357 361 370 383 398 403 412 424 426 428 
5 36 13 17 25 28 29 62 63 68 71 84 86 95 112 125 177 190 211 214 228 231 249 255 256 258 259 263 269 289 346 373 387 400 406 409 431 438 
6 47 9 10 16 20 42 43 49 66 84 95 108 125 146 153 157 159 161 180 182 192 200 207 210 213 226 237 244 251 253 257 261 262 271 289 312 315 329 335 345 347 355 357 361 371 373 376 420 
7 44 0 1 2 10 19 27 32 38 53 69 71 82 85 111 123 124 133 137 154 156 167 180 188 195 200 229 230 233 255 262 280 281 282 303 315 318 332 337 360 377 399 404 416 424 
8 40 3 4 13 14 30 31 48 51 56 58 61 73 106 110 124 133 134 137 149 150 166 187 190 204 212 228 256 273 274 328 330 336 360 371 376 397 404 406 407 415 
9 43 1 2 6 17 19 29 33 73 88 89 104 112 113 134 167 193 199 216 224 227 233 236 239 256 261 269 287 296 305 317 319 322 347 349 358 368 373 377 402 409 410 423 435 
10 39 6 7 12 18 19 23 45 52 53 54 68 72 74 79 85 89 94 101 129 130 135 145 160 164 191 193 219 231 242 246 270 299 310 311 350 384 400 413 433 
11 49 4 21 81 85 88 92 97 112 130 132 146 148 150 157 159 160 165 167 172 174 187 196 213 214 227 238 249 267 283 284 296 297 307 317 321 324 333 343 362 366 368 369 375 377 385 386 402 404 416 
12 44 10 22 33 35 37 39 40 45 54 57 59 90 99 100 103 105 107 109 120 127 128 157 192 194 209 231 248 266 275 282 284 287 298 301 308 332 359 364 382 390 410 418 423 431 
13 47 5 8 16 18 23 52 67 75 79 93 107 129 151 156 158 164 192 195 196 203 216 241 245 246 251 271 288 318 321 323 325 328 331 332 333 351 371 376 377 385 403 405 408 418 419 421 430 
14 45 8 24 52 55 68 75 80 90 92 110 114 144 161 170 185 191 203 220 229 237 241 242 243 245 256 275 279 292 307 314 316 318 319 326 335 336 351 363 393 396 401 415 423 430 432 
15 44 16 23 43 78 93 95 100 105 107 114 120 125 136 141 146 154 183 193 196 200 201 206 211 221 229 231 244 251 254 264 265 267 284 300 323 342 343 356 380 386 391 395 405 410 
16 49 2 6 13 15 33 34 37 53 86 91 111 125 142 150 162 165 175 178 181 185 197 199 201 203 204 205 208 218 222 226 232 235 241 256 282 290 310 318 327 329 340 348 355 387 392 394 402 430 438 
17 47 4 5 9 19 29 65 82 83 92 102 108 119 124 128 149 154 158 163 171 181 189 190 195 197 210 221 235 240 248 260 266 267 277 289 295 299 316 321 343 360 365 385 396 397 419 432 435 
18 45 2 10 13 21 25 37 45 48 51 58 63 66 103 104 113 115 119 120 150 193 198 205 247 249 255 259 261 262 269 279 289 292 296 312 314 339 363 375 386 396 400 407 408 421 428 
19 39 3 7 9 10 17 20 66 69 74 75 101 116 132 139 151 155 168 170 174 175 192 197 205 207 234 249 317 320 327 333 339 356 358 390 397 413 427 431 439 
20 56 1 6 19 26 38 39 45 55 60 69 77 81 95 134 163 170 178 179 193 202 215 217 241 249 251 258 269 290 302 311 314 318 319 321 324 328 329 333 340 342 344 345 350 352 358 361 364 367 380 382 383 391 401 412 421 433 
21 48 11 18 42 54 56 64 74 82 84 90 96 135 138 139 143 149 158 163 180 185 213 217 219 220 231 232 246 259 274 285 299 308 309 321 351 360 364 367 368 374 381 383 395 404 416 421 424 437 
22 42 12 43 55 56 70 71 81 91 118 134 141 159 160 182 187 192 193 196 207 233 234 243 246 270 271 285 292 295 302 313 319 332 337 348 353 363 370 385 405 411 418 422 
23 41 10 13 15 35 43 64 83 89 90 91 100 114 149 153 154 167 174 193 195 207 228 244 252 299 300 301 310 313 328 331 353 368 370 373 388 400 412 423 432 436 437 
24 38 14 36 39 79 87 105 107 115 133 151 185 196 205 209 217 219 240 243 249 251 257 266 272 290 291 319 325 331 347 355 357 361 370 387 396 403 430 433 
25 43 5 18 26 42 49 62 63 65 72 73 81 96 106 111 114 115 117 119 121 123 133 134 135 142 147 150 154 157 169 175 178 180 197 202 209 218 234 286 325 384 386 395 400 
26 48 20 25 28 29 43 45 52 63 73 75 76 89 100 108 125 131 154 163 167 170 196 197 204 225 226 231 241 252 261 275 283 293 303 304 306 318 325 333 341 359 369 372 375 381 389 409 419 425 
27 42 7 32 39 43 61 86 120 142 149 150 170 173 184 193 203 206 207 214 216 237 267 290 296 305 333 336 340 343 344 351 353 377 378 380 383 388 403 421 422 431 435 437 
28 38 5 26 40 45 57 68 87 91 100 113 127 148 158 159 169 179 181 195 219 235 244 255 268 280 308 316 325 332 361 373 390 395 400 412 419 425 428 433 
29 49 2 5 9 17 26 42 44 60 64 99 117 122 142 144 157 170 183 184 198 201 207 208 220 228 234 244 247 255 256 282 301 309 310 313 315 327 346 350 374 376 377 381 386 394 400 421 425 429 438 
30 49 1 8 31 37 41 44 47 67 73 81 99 115 117 124 141 144 145 157 171 176 192 195 218 220 229 230 247 253 254 265 287 301 313 314 317 332 346 350 363 372 382 399 406 407 414 420 421 435 436 
31 48 8 30 43 57 73 86 96 107 121 126 128 132 133 141 149 157 158 170 190 195 197 202 206 211 238 239 243 255 267 289 295 300 329 334 342 347 348 349 386 388 399 400 408 420 427 429 430 433 
32 41 7 27 67 70 77 81 89 99 118 121 157 162 179 181 187 191 196 224 251 252 255 259 264 305 314 334 354 372 374 383 392 394 396 402 409 413 415 419 422 435 439 
33 35 9 12 16 43 55 58 79 100 115 139 141 175 176 209 214 226 231 233 240 248 257 263 272 316 317 341 352 355 373 382 395 413 421 424 436 
34 38 16 54 61 62 89 98 102 115 121 128 132 146 153 166 182 183 192 197 212 226 227 244 265 270 282 294 304 305 329 331 350 352 365 378 396 413 419 437 
35 45 12 23 39 51 67 68 70 72 77 80 82 90 92 102 103 112 118 126 134 148 163 185 196 198 206 216 220 226 229 266 285 296 301 310 319 333 339 348 350 354 401 402 415 435 439 
36 39 24 48 86 87 88 103 106 111 120 123 124 137 147 174 179 184 186 207 209 211 224 236 246 248 251 258 260 262 276 284 293 343 347 356 388 396 405 413 423 
37 31 12 16 18 30 54 61 83 85 89 124 142 148 177 216 218 233 237 252 271 274 290 306 316 328 335 355 372 378 393 406 407 
38 40 7 20 49 79 89 97 98 110 115 143 144 155 159 160 166 177 189 202 208 221 223 232 245 265 266 321 340 348 355 359 377 391 394 399 405 410 415 416 434 437 
39 58 12 20 24 27 35 73 78 88 89 98 105 106 112 113 120 121 133 139 140 170 187 191 192 196 207 228 232 236 241 243 247 262 267 270 274 275 280 290 293 299 301 302 305 322 340 351 362 370 390 393 398 400 401 405 425 428 431 432 
40 43 12 28 66 73 78 85 94 96 99 103 113 143 147 157 160 165 170 176 186 187 193 195 196 199 201 210 228 269 278 299 304 312 315 326 331 340 386 396 400 419 431 432 436 
41 48 2 30 57 64 79 118 138 146 147 148 152 168 180 181 186 196 199 205 212 222 225 237 240 250 259 285 290 304 309 314 316 317 323 336 338 349 366 369 371 394 397 406 411 428 430 432 434 438 
42 60 6 21 25 29 62 79 102 115 121 130 133 143 149 159 163 173 188 189 198 213 216 217 239 244 246 253 254 259 261 271 276 278 295 296 297 301 304 305 308 320 324 326 332 335 339 346 349 357 359 360 369 371 376 391 395 397 410 416 422 429 
43 55 6 15 22 23 26 27 31 33 85 93 102 105 107 110 119 120 130 133 159 161 164 170 173 183 184 196 205 222 224 226 228 235 249 263 278 279 288 307 310 314 321 327 334 343 346 356 359 368 369 378 395 397 400 407 424 
44 42 29 30 45 64 82 88 108 116 120 134 135 144 155 159 163 192 195 200 220 245 256 264 275 284 304 307 313 316 322 330 334 340 349 354 364 378 393 400 411 416 426 427 
45 45 10 12 18 20 26 28 44 52 72 79 109 124 137 150 181 189 213 216 226 228 231 251 254 266 269 274 275 277 284 286 298 322 323 332 336 346 362 396 407 414 426 429 434 435 438 
46 47 77 79 109 112 113 132 136 152 153 158 168 169 171 179 180 185 187 211 219 221 252 255 260 273 276 280 281 282 303 315 349 350 351 361 364 366 371 389 396 397 404 406 416 419 426 427 432 
47 39 1 2 30 77 83 99 112 129 130 136 142 181 182 187 192 208 211 223 232 246 250 258 266 267 277 300 301 302 304 305 308 326 337 343 353 356 360 367 438 
48 43 8 18 36 49 59 65 78 90 101 104 116 122 124 134 195 197 198 214 223 226 244 254 258 287 294 295 298 311 315 323 326 329 332 337 349 369 374 383 405 408 409 410 425 
49 46 6 25 38 48 52 75 85 86 91 95 100 101 112 118 119 121 122 137 148 155 158 190 195 225 234 238 243 249 256 266 267 268 270 276 285 294 311 315 316 322 341 359 361 382 398 401 
50 42 2 3 75 76 78 104 115 126 151 162 176 181 199 201 206 207 209 210 212 220 224 233 234 235 239 244 247 249 281 295 297 306 311 318 320 355 364 404 412 418 425 436 
51 41 8 18 35 60 66 76 77 82 100 112 114 116 135 144 148 159 163 166 167 168 179 198 214 216 220 221 237 245 256 262 266 280 295 330 340 343 380 420 427 433 438 
52 37 10 13 14 26 45 49 85 92 123 134 140 141 166 184 188 191 214 244 249 254 267 276 295 317 321 323 331 332 333 342 345 347 371 399 404 412 422 
53 59 1 7 10 16 71 73 78 84 97 107 112 113 126 131 150 158 165 168 171 177 178 184 186 188 189 195 196 206 210 216 218 219 224 225 239 240 243 246 256 264 271 274 285 296 304 319 321 322 328 340 352 378 382 392 395 413 422 425 439 
54 37 1 10 12 21 34 37 59 65 80 85 95 109 120 139 150 170 190 196 202 206 218 222 223 225 268 270 271 275 309 311 316 326 328 355 395 419 437 
55 41 14 20 22 33 60 70 80 120 134 142 161 172 186 197 207 222 235 237 241 245 246 249 253 258 299 317 321 328 334 346 348 366 386 394 400 405 417 419 421 433 436 
56 57 4 8 21 22 57 63 84 85 95 102 121 126 136 138 142 146 150 151 156 172 175 179 189 191 194 201 210 227 229 231 232 240 249 251 260 270 274 275 278 288 291 300 326 327 330 337 364 370 379 388 391 406 412 413 414 416 417 
57 43 1 12 28 31 41 56 68 73 80 91 92 105 113 115 146 147 169 175 182 189 204 210 214 215 237 246 265 266 273 278 282 283 289 301 320 331 353 367 389 391 395 401 429 
58 43 8 18 33 66 70 102 112 132 141 143 145 170 179 189 194 202 208 214 231 254 263 281 316 318 320 321 323 333 345 348 364 370 377 379 380 391 402 407 413 425 428 430 431 
59 30 12 48 54 71 81 82 87 92 107 131 163 174 186 191 199 206 215 221 232 233 251 258 280 296 301 329 352 390 402 407 
60 37 20 29 51 55 62 78 94 95 101 133 137 160 167 173 180 192 197 199 201 203 215 230 248 253 254 289 307 313 334 341 354 366 379 403 406 412 431 
61 44 0 8 27 34 37 69 73 78 96 105 116 120 122 138 145 158 164 193 196 198 207 212 219 229 246 264 272 276 302 311 319 322 323 332 336 351 353 357 363 370 395 402 409 427 
62 55 1 3 5 25 34 42 60 68 75 80 82 84 95 113 127 129 133 153 159 170 175 187 189 190 194 201 210 215 219 220 224 227 245 248 249 251 256 261 269 271 286 291 307 318 322 336 344 360 361 367 368 374 420 423 425 
63 47 5 18 25 26 56 67 70 92 106 110 112 138 149 159 169 183 189 211 221 222 225 230 238 248 250 253 254 291 302 316 318 326 329 332 341 346 347 363 372 395 397 408 415 432 434 436 439 
64 56 2 4 21 23 29 41 44 68 69 73 78 83 84 86 88 97 111 116 128 167 169 181 191 197 204 218 238 240 249 253 288 289 293 294 299 303 314 323 342 347 350 355 360 366 374 378 382 390 394 407 408 411 416 417 431 432 
65 46 17 25 48 54 91 95 114 124 125 134 136 139 140 147 166 176 194 195 199 200 217 219 231 237 244 256 264 271 272 276 277 311 331 337 338 357 360 397 398 402 410 412 427 429 433 437 
66 53 6 18 19 40 51 58 71 114 121 135 137 146 162 179 181 202 211 214 220 221 229 234 237 257 260 265 268 277 295 296 297 299 301 306 310 311 312 314 329 337 341 347 352 371 374 390 398 403 407 412 435 436 438 
67 45 13 30 32 35 63 84 95 114 121 131 134 137 160 163 165 168 174 186 198 199 204 216 221 224 227 230 247 273 284 295 297 310 315 322 323 327 334 335 349 352 371 382 414 415 439 
68 40 3 5 10 14 28 35 57 62 64 87 103 106 149 154 176 181 189 193 213 222 228 238 245 255 277 300 314 337 339 348 349 350 366 382 387 395 400 407 422 438 
69 39 1 7 19 20 61 64 72 86 94 101 102 115 130 143 158 166 179 190 200 204 205 212 233 240 262 263 269 272 294 323 328 329 330 331 338 363 373 376 384 
70 31 4 22 32 35 55 58 63 75 103 114 134 218 226 235 236 263 266 269 273 293 308 320 336 345 350 362 382 400 406 433 439 
71 43 5 7 22 53 59 66 78 91 111 115 127 135 136 141 147 154 161 163 176 184 192 198 209 249 252 254 285 290 301 305 325 333 347 350 355 361 375 379 383 412 416 417 431 
72 42 10 25 35 45 69 80 83 99 105 127 130 152 154 160 165 174 181 182 191 205 215 219 224 225 226 245 251 259 260 263 268 270 284 300 313 328 340 367 372 378 421 431 
73 52 8 9 25 26 30 31 39 40 53 57 61 64 80 84 85 96 98 102 113 116 123 139 141 143 144 159 181 182 191 200 202 222 273 274 286 296 306 322 334 337 340 349 358 367 372 389 392 393 407 419 425 435 
74 41 10 19 21 82 83 113 118 122 131 135 136 146 163 166 173 191 202 205 212 218 219 246 248 249 251 252 271 281 295 304 317 318 346 352 369 370 379 380 382 386 406 
75 39 13 14 19 26 49 50 62 70 76 91 97 106 112 146 153 156 172 176 190 201 205 215 249 258 309 320 324 336 343 348 351 358 359 363 368 397 401 424 425 
76 45 0 1 3 26 50 51 75 77 89 119 132 136 182 185 191 195 197 201 227 251 263 268 269 280 283 292 296 299 313 320 341 342 355 360 373 375 382 388 391 403 406 407 415 424 431 
77 48 1 20 32 35 46 47 51 76 80 86 87 88 114 116 130 133 137 139 140 142 151 185 191 224 240 241 246 252 255 257 262 268 280 283 287 297 319 330 347 355 362 373 374 379 411 417 418 427 
78 54 2 3 15 39 40 48 50 53 60 61 64 71 80 85 89 93 95 99 112 127 128 129 135 136 143 145 151 163 184 195 211 219 230 233 250 259 263 265 283 286 294 306 316 342 352 358 370 386 389 392 413 418 422 433 
79 41 4 10 13 24 33 38 41 42 45 46 86 93 104 117 141 150 162 168 176 179 180 211 221 264 269 277 289 296 313 322 334 339 360 363 367 370 373 383 392 406 436 
80 45 14 35 54 55 57 62 72 73 77 78 87 129 164 168 184 185 186 193 197 209 218 243 253 261 271 283 287 292 301 302 317 343 351 355 357 362 363 364 372 381 397 413 416 424 425 
81 47 0 2 3 4 11 20 22 25 30 32 59 94 100 104 122 128 148 155 161 163 169 175 192 200 203 206 207 213 240 242 274 295 327 336 339 343 376 378 386 396 402 404 405 406 415 422 433 
82 54 7 17 21 35 44 51 59 62 74 85 90 92 94 99 115 130 131 138 150 157 163 169 194 195 197 201 202 203 210 229 237 249 270 273 275 276 279 281 282 288 303 314 328 334 356 366 368 379 385 403 409 419 427 433 
83 44 1 17 23 37 47 64 72 74 87 90 100 118 124 134 150 151 157 177 186 188 218 220 227 228 233 252 261 271 300 304 323 324 327 333 344 345 353 357 359 372 380 381 386 430 
84 48 5 6 21 53 56 62 64 67 73 85 88 95 108 112 122 132 135 148 158 163 178 193 194 199 225 263 283 286 292 294 297 303 304 309 320 323 331 333 337 349 360 383 386 387 417 430 434 437 
85 40 7 10 11 37 40 43 49 52 54 56 73 78 82 84 94 121 131 134 138 164 172 178 188 191 214 215 227 235 238 266 268 270 272 307 315 319 337 356 357 402 
86 36 3 5 16 27 31 36 49 64 69 77 79 91 108 109 115 147 162 193 195 209 218 220 221 227 294 322 343 346 352 379 386 405 406 423 430 439 
87 50 24 28 36 59 68 77 80 83 95 111 118 122 123 154 172 174 179 182 194 199 206 208 209 221 230 241 251 254 271 277 280 283 288 294 295 298 306 310 318 339 340 371 378 382 395 397 409 415 418 429 
88 41 9 11 36 39 44 64 77 84 89 110 145 166 167 179 185 190 192 199 220 221 223 233 239 240 241 253 262 266 300 301 322 326 335 339 345 357 402 407 411 412 420 
89 48 9 10 23 26 32 34 37 38 39 76 78 88 97 100 108 126 163 172 183 191 196 197 247 254 268 280 281 283 293 295 323 325 327 339 351 357 359 365 366 381 391 400 408 410 417 429 431 438 
90 51 12 14 21 23 35 48 82 83 103 119 150 158 186 193 204 207 227 244 254 262 270 276 284 286 288 289 293 294 308 325 328 329 336 337 338 344 348 354 356 358 359 375 376 377 379 386 400 403 408 420 438 
91 56 16 22 23 28 49 57 65 71 75 86 104 109 113 118 124 125 127 128 139 145 152 161 162 165 167 171 177 182 197 200 204 207 210 224 235 236 237 238 257 262 291 296 327 330 346 384 391 395 402 408 414 415 423 428 430 435 
92 37 11 14 17 35 52 57 59 63 82 102 105 113 134 147 160 166 172 193 244 255 261 268 273 277 291 294 323 328 343 353 366 368 379 387 396 410 429 
93 40 13 15 43 78 79 107 108 110 113 132 134 139 151 164 166 190 196 197 214 219 226 227 242 268 284 289 296 317 320 341 343 364 368 374 376 393 405 408 409 437 
94 44 10 40 60 69 81 82 85 95 116 122 126 128 137 142 148 165 168 174 176 182 214 220 236 244 246 251 256 257 281 292 310 321 327 347 360 387 400 407 408 409 411 420 431 435 
95 45 5 6 15 20 49 54 56 60 62 65 67 78 84 87 94 112 117 123 136 144 148 168 173 176 191 212 220 254 259 267 275 289 290 296 301 304 311 325 349 351 363 372 397 405 434 
96 41 21 25 31 40 61 73 97 98 99 112 126 143 145 160 163 173 174 186 195 205 212 216 224 255 258 263 281 293 305 307 312 317 320 340 344 381 386 387 399 414 423 
97 39 11 38 53 64 75 89 96 98 114 123 132 139 149 161 172 175 179 197 200 216 217 254 260 289 296 301 302 315 327 346 347 358 370 395 403 408 413 426 437 
98 35 34 38 39 73 96 97 100 105 108 140 153 154 169 171 182 183 191 192 230 277 280 283 288 296 303 305 316 338 340 359 361 378 421 429 439 
99 41 12 29 30 32 40 47 72 78 82 96 101 111 123 127 150 161 170 181 192 197 198 223 249 269 286 287 290 309 310 311 316 324 335 340 375 399 404 405 419 432 439 
100 47 4 12 15 23 26 28 33 49 51 81 83 89 98 111 116 121 133 160 161 170 200 202 203 205 249 256 268 279 300 307 327 332 333 334 336 341 350 359 365 372 378 383 395 407 412 415 424 
101 43 10 19 48 49 60 69 99 107 118 126 134 140 162 165 174 178 189 197 211 215 217 218 219 220 237 243 246 255 257 258 262 328 352 353 370 376 384 390 398 414 429 438 439 
102 44 1 4 17 34 35 42 43 56 58 69 73 92 121 123 144 189 201 213 219 238 242 244 247 249 257 265 271 302 306 321 328 330 333 354 366 367 374 382 385 393 408 415 430 439 
103 45 12 18 35 36 40 68 70 90 114 120 121 123 136 140 150 173 178 179 181 184 194 214 222 229 237 241 253 262 269 281 286 297 299 303 311 336 338 386 402 414 417 419 422 430 437 
104 42 9 18 48 50 79 81 91 143 145 156 158 169 183 190 206 212 226 230 240 243 247 254 273 290 297 311 313 314 315 317 318 331 342 353 361 375 407 416 428 431 433 437 
105 34 12 15 24 39 43 57 61 72 92 98 117 128 153 156 171 182 189 222 230 249 256 276 312 331 336 346 352 365 381 382 388 418 431 439 
106 44 3 8 25 36 39 63 68 75 108 121 126 129 132 140 141 149 160 164 170 172 192 212 221 226 231 249 261 264 265 272 274 279 281 288 301 370 389 394 395 407 409 410 413 428 
107 43 12 13 15 24 31 43 53 59 93 101 109 119 134 137 145 156 157 158 163 171 173 181 183 185 189 192 200 203 204 208 222 227 267 272 312 324 331 353 354 369 378 390 424 
108 42 6 17 26 44 84 86 89 93 98 106 125 133 134 156 168 172 198 208 214 217 230 241 243 263 275 277 312 318 321 336 339 347 348 393 396 400 402 406 411 422 431 434 
109 42 12 45 46 54 86 91 107 140 155 161 184 186 203 207 211 214 217 218 219 235 238 243 257 270 271 278 304 314 319 324 342 364 366 374 375 376 386 390 398 415 437 439 
110 48 8 14 38 43 63 88 93 119 130 166 167 174 175 181 228 230 235 254 265 266 267 274 286 297 303 304 305 314 326 327 331 340 342 349 352 353 367 380 381 383 399 405 408 411 417 423 433 435 
111 43 7 16 25 36 64 71 87 99 100 113 117 121 128 137 139 141 162 173 175 190 193 202 205 212 244 251 261 267 269 290 296 308 309 318 320 333 335 339 398 414 416 424 425 
112 44 5 9 11 35 39 46 47 49 51 53 58 63 75 78 84 95 96 132 137 158 186 199 201 204 256 263 269 271 278 281 310 312 316 327 334 336 357 391 393 399 405 412 427 436 
113 48 1 3 9 18 28 39 40 46 53 57 62 73 74 91 92 93 111 125 135 161 163 181 190 196 205 211 212 221 248 253 257 259 270 277 295 303 318 341 347 352 357 359 373 377 381 397 422 438 
114 42 14 15 23 25 51 65 66 67 70 77 97 103 120 141 164 171 188 234 244 248 249 255 264 269 289 294 328 333 335 342 361 365 371 377 379 391 396 401 405 412 428 438 
115 50 3 18 24 25 30 33 34 38 42 50 57 69 71 82 86 128 129 139 140 141 148 151 153 158 159 160 165 190 224 228 233 234 249 263 265 266 284 286 306 311 312 326 336 357 365 393 408 409 417 439 
116 48 19 44 48 51 61 64 73 77 94 100 127 137 158 161 162 176 180 195 200 201 208 209 223 254 274 280 284 289 294 298 299 320 322 333 355 361 373 374 375 388 394 403 409 416 420 432 436 438 
117 40 25 29 30 79 95 105 111 132 137 166 168 169 171 172 193 196 199 214 227 253 264 266 270 272 316 319 338 340 343 348 356 376 389 390 393 395 397 411 413 425 
118 37 22 32 35 41 49 74 83 87 91 101 131 141 143 153 166 175 186 190 200 219 241 259 264 274 286 287 288 299 314 332 353 361 370 377 390 393 410 
119 34 17 18 25 43 49 76 90 107 110 120 140 142 146 155 193 220 255 265 278 283 285 288 292 294 311 326 330 334 350 370 376 379 410 414 
120 49 12 15 18 27 36 39 43 44 54 55 61 103 114 119 147 148 162 166 168 177 181 184 196 227 228 233 244 267 277 278 283 296 301 302 321 327 346 362 372 374 376 377 388 402 405 414 422 424 430 
121 44 0 3 25 31 32 34 39 42 49 56 66 67 85 100 102 103 106 111 126 150 163 164 166 180 184 204 210 215 239 246 259 266 270 312 317 332 338 379 398 409 411 418 433 439 
122 37 29 48 49 61 74 81 84 87 94 129 132 155 169 177 181 187 188 211 223 251 268 283 285 302 308 316 333 345 349 351 358 364 379 394 407 423 426 
123 49 7 25 36 52 73 87 95 97 99 102 103 126 153 159 164 182 183 194 199 206 216 221 225 238 239 243 258 267 284 285 287 289 295 300 310 317 318 325 326 338 362 366 374 378 389 397 407 413 439 
124 43 7 8 17 30 36 37 45 48 65 83 91 128 134 145 150 163 170 172 178 181 210 217 222 236 251 267 269 299 313 325 327 329 336 359 363 367 370 371 375 381 388 396 414 
125 36 5 6 15 16 26 65 91 108 113 127 131 154 157 167 171 172 215 225 227 251 253 256 270 278 298 308 315 322 329 374 376 379 389 407 420 438 
126 43 2 31 35 50 53 56 89 94 96 101 106 121 123 127 131 144 159 162 181 193 207 214 244 252 267 274 280 282 287 289 305 313 319 330 341 353 357 358 378 380 386 389 423 
127 46 12 28 62 71 72 78 91 99 116 125 126 147 152 170 179 188 193 210 215 219 224 227 237 238 241 248 252 259 264 279 299 300 313 319 324 355 361 365 379 380 382 383 399 427 429 437 
128 40 12 17 31 34 64 78 81 91 94 105 111 115 124 136 143 145 153 164 165 168 182 184 188 233 252 254 255 257 262 264 272 288 351 357 361 362 370 371 426 439 
129 43 10 13 47 62 78 80 106 115 122 149 159 172 173 218 226 231 255 272 290 295 297 302 316 324 325 326 328 330 331 367 372 384 390 396 397 407 412 415 417 421 429 437 438 
130 40 10 11 42 43 47 69 72 77 82 110 181 188 191 200 210 214 220 226 229 239 240 249 254 277 285 292 298 315 327 343 351 352 357 396 398 411 416 427 429 435 
131 42 26 53 59 67 74 82 85 118 125 126 132 170 181 182 209 214 216 227 232 233 237 240 260 274 276 284 285 290 311 334 349 358 374 382 390 393 403 411 425 429 435 438 
132 48 2 11 19 31 34 46 58 76 84 93 97 106 112 117 122 131 143 144 155 169 185 195 221 234 237 239 257 270 273 285 289 295 298 301 305 309 335 348 350 364 377 390 394 395 398 399 424 432 
133 45 7 8 24 25 31 39 42 43 60 62 77 100 108 154 168 171 176 179 208 211 236 238 239 240 241 245 246 248 255 262 263 272 280 291 299 306 311 366 369 370 379 399 406 436 438 
134 44 8 9 20 22 25 35 44 48 52 55 65 67 70 83 85 92 93 101 107 108 124 140 146 147 155 171 185 213 218 222 241 245 286 287 290 293 295 329 347 348 357 363 364 386 
135 48 10 21 25 44 51 66 71 74 78 84 113 145 147 170 185 191 193 196 202 203 208 211 223 226 254 257 269 273 286 289 294 312 338 340 347 350 354 355 360 366 371 392 401 409 429 431 432 434 
136 50 2 3 15 46 47 56 65 71 74 76 78 95 103 128 139 155 192 193 195 196 206 224 227 229 233 236 253 264 268 273 294 308 309 315 328 333 334 341 351 379 382 395 396 399 401 403 407 409 416 429 
137 47 7 8 36 45 49 60 66 67 77 94 107 111 112 116 117 141 157 158 169 177 178 189 190 218 221 228 235 257 277 312 324 326 349 358 360 361 374 376 391 397 399 404 407 417 425 428 433 
138 34 3 21 41 56 61 63 82 85 151 161 177 180 181 191 219 220 243 259 285 313 318 338 349 354 355 357 364 370 380 382 403 429 436 439 
139 41 19 21 33 39 54 65 73 77 91 93 97 111 115 136 146 156 172 193 198 206 215 227 251 253 255 268 283 310 318 338 348 361 369 388 392 396 407 409 420 423 434 
140 36 0 39 52 65 77 98 101 103 106 109 115 119 134 156 179 184 188 209 245 250 255 257 264 275 306 325 326 341 348 366 401 405 422 423 424 435 
141 50 15 22 30 31 33 52 58 71 73 79 106 111 114 115 118 137 143 149 156 157 178 179 196 200 202 212 215 218 236 237 238 241 264 269 273 274 287 303 310 311 313 324 376 392 400 401 410 427 428 430 
142 46 3 4 16 25 27 29 37 47 55 56 77 94 119 144 158 162 170 176 183 191 195 217 228 235 249 254 257 273 278 285 301 302 329 336 344 347 370 371 376 377 380 385 427 431 438 439 
143 45 21 38 40 42 58 69 73 78 96 104 118 128 132 141 147 151 185 197 208 209 211 216 221 229 243 245 258 267 274 280 295 299 310 313 344 384 387 391 394 416 417 425 432 438 439 
144 37 14 29 30 38 44 51 73 95 102 126 132 142 148 159 163 175 178 180 182 203 207 219 221 225 232 254 265 282 287 299 314 316 339 351 388 394 439 
145 34 10 30 58 61 78 88 91 96 104 107 124 128 135 168 185 191 193 233 241 253 267 288 296 299 310 320 335 376 387 391 396 418 423 439 
146 33 3 6 11 15 34 41 56 57 66 74 75 119 134 139 164 172 174 181 185 220 221 260 263 285 287 295 301 341 366 369 372 377 401 
147 38 25 36 40 41 57 65 71 86 92 120 127 134 135 143 156 159 186 196 199 206 224 238 242 315 316 332 334 339 369 377 383 385 389 395 401 404 415 427 
148 47 11 28 35 37 41 49 51 81 84 94 95 115 120 144 153 166 179 185 187 200 203 218 237 245 261 270 271 272 285 294 336 337 350 352 359 360 366 369 379 381 383 387 391 408 410 415 423 
149 48 2 8 17 21 23 27 31 42 63 68 97 106 129 141 151 164 167 174 180 189 192 201 208 220 223 229 232 234 236 245 248 258 262 283 287 295 314 326 331 335 337 377 384 387 400 417 430 434 
150 44 2 3 8 11 16 18 25 27 45 53 54 56 79 82 83 90 99 103 121 124 152 166 176 189 194 197 216 230 232 236 237 245 259 304 316 319 324 340 343 349 373 374 382 388 
151 42 3 13 19 24 50 56 77 78 83 93 115 138 143 149 158 162 171 174 198 199 228 241 245 255 256 281 288 293 304 309 311 325 332 341 357 358 379 383 404 412 416 419 
152 35 41 46 72 91 127 150 154 161 162 165 172 186 191 198 201 223 231 232 240 248 252 261 268 280 303 316 326 338 346 351 369 385 421 430 435 
153 49 6 23 34 46 62 75 98 105 115 118 123 128 148 155 159 174 184 194 196 197 222 223 234 239 264 273 280 287 290 292 295 307 309 311 347 359 372 381 392 401 404 410 414 416 418 422 427 429 437 
154 46 2 7 15 17 23 25 26 68 71 72 87 98 125 133 152 159 163 172 176 199 202 206 235 236 238 252 261 265 276 296 301 317 321 325 328 341 347 350 357 367 400 406 409 415 435 438 
155 43 2 19 38 44 49 81 109 119 122 132 134 136 153 157 163 171 178 186 220 227 237 243 245 250 252 255 261 271 273 279 309 337 340 347 370 381 394 405 420 421 423 427 430 
156 40 7 13 56 75 104 105 107 108 139 140 141 147 161 163 169 191 197 217 218 236 239 240 247 280 285 291 292 293 307 330 331 333 345 377 409 410 420 421 423 424 
157 40 6 11 12 25 29 30 31 32 40 82 83 107 125 137 141 155 161 183 203 205 214 236 238 256 278 310 316 324 335 336 349 384 391 399 400 402 407 410 415 433 
158 55 1 13 17 21 28 31 46 49 53 61 69 84 90 104 107 112 115 116 137 142 151 184 189 193 203 205 208 215 221 237 263 268 270 283 286 288 297 310 317 330 341 343 350 351 364 365 370 389 391 399 412 431 433 435 439 
159 43 6 11 22 28 38 42 43 44 51 62 63 73 115 123 126 129 144 147 153 154 166 170 197 211 245 250 253 254 259 283 285 299 326 366 367 378 390 399 406 414 423 431 433 
160 41 3 10 11 22 38 40 60 67 72 92 96 100 106 115 187 189 200 219 221 235 240 246 253 262 268 278 281 282 289 293 296 316 355 373 376 406 412 413 418 420 424 
161 41 6 14 43 55 71 81 91 97 99 100 109 113 116 138 152 156 157 186 192 206 208 214 258 275 292 305 309 344 351 362 367 368 369 380 388 407 411 420 426 430 433 
162 41 16 32 50 66 79 86 91 101 111 116 120 126 142 151 152 186 187 197 201 206 207 223 231 243 252 254 256 272 305 310 315 323 326 336 353 363 383 388 400 410 439 
163 53 0 17 20 21 26 35 42 44 51 59 67 71 74 78 81 82 84 89 96 107 113 121 124 144 154 155 156 183 204 208 215 216 217 238 240 245 250 262 263 274 275 302 305 309 317 332 337 344 346 351 370 388 412 
164 36 10 13 43 61 80 85 93 106 114 121 123 128 146 149 174 189 191 192 204 222 223 270 277 285 305 342 346 355 368 373 388 393 402 412 417 436 
165 39 11 16 40 53 67 72 91 94 101 115 128 152 173 182 185 191 200 233 252 256 264 280 283 301 307 314 320 321 325 353 356 369 391 401 405 408 414 421 435 
166 51 3 8 34 38 51 52 65 69 74 88 92 93 110 117 118 120 121 148 150 159 167 169 196 197 200 216 234 243 262 263 267 268 271 274 280 291 299 302 306 318 324 328 348 363 364 366 391 408 417 419 426 
167 45 4 7 9 11 23 26 51 60 64 88 91 110 125 149 166 169 175 177 204 215 237 258 260 262 307 312 313 315 316 317 318 327 343 351 352 375 383 384 387 394 399 417 420 428 429 
168 42 1 19 41 46 51 53 67 79 80 94 95 108 117 120 128 133 145 171 181 210 220 255 260 267 271 284 297 299 300 302 317 319 324 333 363 387 400 407 411 416 422 428 
169 44 3 25 28 46 57 63 64 81 82 98 104 117 122 132 137 156 166 167 176 200 220 221 230 232 234 249 252 258 260 266 278 285 291 295 297 312 313 319 330 342 372 398 406 415 
170 56 2 14 19 20 26 27 29 31 39 40 43 54 58 62 99 100 106 124 127 131 135 142 159 175 199 204 205 214 217 221 225 236 256 258 261 264 267 268 281 284 291 298 310 342 346 348 349 354 365 371 373 375 395 399 416 419 
171 39 17 30 46 53 91 98 105 107 114 117 125 133 134 151 155 168 173 180 186 205 212 230 237 260 263 268 279 283 352 358 373 392 394 396 409 417 419 428 439 
172 46 4 11 55 56 75 85 87 89 92 97 106 108 117 124 125 129 139 146 152 154 179 183 222 242 253 259 266 278 281 285 304 308 313 331 333 338 341 342 344 371 395 400 409 410 428 431 
173 38 0 27 42 43 60 74 95 96 103 107 111 129 165 171 182 186 211 225 241 242 249 289 307 328 329 341 350 353 365 366 374 378 386 389 412 417 428 433 
174 48 11 19 23 36 59 67 72 87 94 96 101 110 146 149 151 153 164 189 205 226 233 242 257 266 287 289 298 321 325 330 333 340 341 345 360 367 368 369 372 376 381 402 412 421 423 432 433 436 
175 37 0 16 19 25 33 56 57 62 81 97 110 111 118 144 167 170 176 195 201 236 239 263 289 296 309 314 315 316 336 354 366 374 379 419 426 434 435 
176 56 0 4 30 33 40 50 65 68 71 75 79 94 95 116 133 142 150 154 169 175 183 191 194 195 203 208 210 211 227 229 244 246 252 256 267 269 276 277 281 294 297 300 302 305 308 319 324 342 347 364 381 405 410 413 426 431 
177 41 1 5 37 38 53 83 91 120 122 137 138 167 179 204 211 222 227 228 233 245 246 253 260 262 272 280 302 304 318 334 335 348 354 375 387 391 395 414 421 424 436 
178 46 16 20 25 53 84 85 101 103 124 137 141 144 155 183 186 190 191 205 212 220 232 233 236 243 245 255 263 287 288 291 294 301 308 314 320 325 338 349 354 355 357 384 385 390 409 424 
179 46 20 28 32 36 46 51 56 58 66 69 79 87 88 97 103 127 133 140 141 148 172 177 207 226 229 240 244 264 265 277 291 302 325 339 362 378 384 387 388 402 405 411 412 429 438 439 
180 43 6 7 21 25 41 46 60 79 116 121 138 144 149 171 183 190 201 202 204 216 227 228 232 233 235 246 252 264 282 305 323 347 348 353 365 369 393 405 408 419 420 422 429 
181 57 16 17 28 32 41 45 47 50 64 66 68 72 73 99 103 107 110 113 120 122 124 126 130 131 138 146 168 189 210 221 223 229 244 263 264 280 281 289 290 319 333 339 349 354 355 356 358 369 377 380 384 406 417 421 425 434 437 
182 47 6 22 34 47 57 72 73 76 87 91 94 98 105 123 128 131 144 165 173 188 225 228 236 258 266 279 286 294 297 298 303 315 326 329 330 331 334 339 350 359 362 367 376 378 394 404 405 
183 39 0 15 29 34 43 63 89 98 104 107 123 142 157 163 172 176 178 180 185 204 212 213 214 224 237 256 262 299 304 310 311 317 319 352 373 395 396 419 439 
184 43 27 29 36 43 52 53 71 78 80 103 109 120 121 128 140 153 158 187 191 203 207 220 221 239 240 260 261 278 279 291 296 297 302 311 318 350 376 385 398 414 420 426 439 
185 39 4 14 16 21 24 35 46 76 77 80 88 107 132 134 135 143 145 146 148 165 183 195 204 220 229 241 251 253 256 273 283 290 313 324 327 355 358 397 425 
186 53 4 36 40 41 53 55 59 67 80 83 90 96 109 112 118 147 152 155 161 162 171 173 178 189 191 193 209 222 229 243 281 289 292 314 323 326 337 346 350 354 355 357 370 375 376 379 392 403 415 416 426 431 438 
187 43 1 8 11 22 32 39 40 46 47 62 122 148 160 162 184 199 203 204 205 216 234 256 258 267 271 275 276 279 286 289 290 311 312 316 336 387 391 395 397 399 412 424 434 
188 36 7 42 52 53 83 85 114 122 127 128 130 140 182 203 211 222 235 246 250 254 259 272 274 281 285 293 321 329 341 356 394 404 406 416 423 427 
189 41 17 38 42 45 53 56 57 58 62 63 68 101 102 105 107 137 149 150 158 160 164 174 181 186 192 207 213 216 225 282 305 313 316 322 323 343 344 355 372 390 407 
190 45 5 8 17 31 49 54 62 69 75 88 93 104 111 113 115 118 137 178 180 194 198 200 226 246 272 283 289 290 294 296 307 312 313 318 329 336 339 359 360 366 370 376 378 406 414 
191 53 10 14 32 39 52 56 59 64 72 73 74 76 77 85 89 95 98 130 135 138 142 145 152 156 164 165 176 178 184 186 194 195 206 212 217 221 230 238 241 248 250 290 312 330 351 370 396 398 400 409 411 419 432 
192 39 6 12 13 19 22 30 34 39 44 47 60 71 81 88 98 99 106 107 136 149 161 164 189 196 206 216 221 235 243 301 329 371 378 379 389 397 413 416 434 
193 52 9 10 15 18 20 22 23 27 40 61 68 80 84 86 90 92 111 117 119 126 127 135 136 139 145 158 186 215 217 239 243 261 279 286 291 296 310 315 326 328 339 363 366 369 371 372 379 382 397 400 402 406 
194 43 12 56 58 62 65 82 84 87 103 123 150 153 176 190 191 202 214 219 225 232 236 238 251 270 271 278 294 298 303 317 319 328 341 369 373 375 382 389 397 412 414 415 428 
195 55 7 13 17 23 28 30 31 40 44 48 49 53 65 76 78 82 86 96 116 132 136 142 175 176 185 191 197 214 217 226 229 252 269 285 290 304 311 315 321 322 331 332 340 344 363 370 372 374 377 395 397 403 415 421 439 
196 48 11 13 15 22 24 26 32 35 39 40 41 43 53 54 61 89 93 113 117 120 135 136 141 147 153 166 192 204 237 242 267 274 300 320 330 338 346 347 364 371 381 382 383 392 393 403 412 418 
197 48 16 17 19 25 26 31 34 48 55 60 64 76 80 82 89 91 93 97 99 101 143 150 153 156 159 162 166 195 201 224 237 249 271 274 285 310 314 320 337 341 357 365 378 381 383 396 401 436 
198 48 3 18 29 35 42 48 51 61 67 71 99 108 139 151 152 190 204 207 209 215 233 237 264 270 271 280 282 288 293 297 308 315 325 329 339 341 346 353 361 376 380 408 411 414 417 419 431 435 
199 45 1 9 16 40 41 50 59 60 65 67 84 87 88 112 117 123 147 151 154 170 187 201 204 217 220 222 224 227 247 249 257 266 268 273 291 304 323 330 341 348 366 370 399 404 411 
200 46 0 4 6 7 15 44 65 69 73 81 91 97 100 107 116 118 130 141 148 160 165 166 169 190 202 203 209 217 219 223 229 236 247 254 257 264 266 272 274 302 344 347 354 362 392 423 
201 43 3 15 16 29 40 50 56 60 62 75 76 82 102 112 116 149 152 162 175 180 197 199 215 226 252 258 268 270 277 292 302 304 314 316 319 345 362 363 366 367 369 390 391 
202 49 0 20 25 31 38 54 58 66 73 74 82 100 111 135 141 154 180 194 200 212 225 230 233 237 241 251 266 271 272 284 290 299 302 305 311 316 326 328 340 341 345 351 358 363 366 372 390 398 421 
203 48 13 14 16 27 60 81 82 100 107 109 135 144 148 157 158 176 184 187 188 200 211 212 249 265 269 270 278 284 285 299 305 307 308 319 321 333 337 340 362 363 366 367 368 410 419 421 425 427 
204 49 8 16 26 57 64 67 69 90 91 107 112 121 163 164 167 170 177 180 183 185 187 196 198 199 215 216 221 225 237 238 245 275 284 291 307 323 338 357 363 371 376 387 391 394 418 425 429 433 439 
205 42 16 18 19 24 41 43 69 72 74 75 96 100 111 113 157 158 170 171 174 178 187 208 221 238 248 275 277 284 295 312 313 333 337 339 370 378 379 391 394 420 424 439 
206 49 15 27 31 35 50 53 54 59 81 87 104 123 136 139 147 154 161 162 191 192 226 231 232 241 245 251 260 263 270 292 305 314 318 331 340 346 351 356 358 361 371 372 376 378 390 410 418 430 433 
207 45 6 19 22 23 27 29 36 39 50 55 61 81 90 91 109 126 144 162 179 184 189 198 212 213 256 257 266 269 276 278 316 329 340 347 351 358 371 384 409 412 414 415 435 438 439 
208 31 16 29 38 47 58 87 107 108 116 133 135 143 149 158 161 163 176 205 214 216 226 272 281 329 369 372 376 382 383 407 411 
209 41 4 12 24 25 33 36 50 71 80 86 87 116 131 140 143 186 198 200 213 221 231 238 291 295 297 304 308 316 320 327 329 346 353 361 362 364 382 390 400 421 426 
210 42 6 17 40 50 53 56 57 62 82 91 121 124 127 130 168 176 181 232 238 239 240 242 262 267 270 273 274 276 278 289 309 313 321 329 334 337 379 380 409 411 412 423 
211 58 2 4 5 15 31 36 46 47 63 66 78 79 101 109 113 122 133 135 143 159 173 176 177 188 203 220 221 234 236 237 245 247 258 281 289 293 302 306 307 310 312 321 324 339 358 360 363 375 377 382 392 394 396 417 425 432 434 435 
212 43 3 8 34 41 50 61 69 74 95 96 104 106 111 113 141 171 178 183 191 202 203 207 223 238 241 253 279 312 335 348 364 383 389 390 400 410 423 425 426 428 431 436 439 
213 36 6 11 21 42 45 68 81 102 134 183 189 207 209 224 234 235 251 259 267 281 286 300 303 323 343 346 349 364 371 373 374 379 407 409 421 425 
214 50 5 11 27 33 48 51 52 57 58 66 85 93 94 103 108 109 117 126 130 131 157 161 170 183 194 195 208 233 237 243 245 247 256 266 267 269 280 289 293 295 305 315 332 342 351 386 387 403 411 422 
215 44 20 57 59 60 62 72 75 85 101 121 125 127 139 141 158 163 167 193 198 201 204 221 228 233 257 260 267 273 282 288 289 295 298 307 308 315 322 347 392 393 407 426 434 439 
216 56 0 9 13 27 35 37 42 45 51 53 67 96 97 123 131 143 150 163 166 180 187 189 192 204 208 225 253 263 265 270 273 280 297 301 314 332 350 351 363 368 373 376 380 382 384 388 389 392 410 415 416 419 422 427 428 437 
217 39 0 20 21 24 42 65 97 101 108 109 124 142 156 163 170 191 193 195 199 200 219 243 260 275 285 295 301 307 309 312 319 326 337 377 383 386 405 416 424 
218 43 16 25 30 37 53 54 64 70 74 80 83 86 101 109 129 134 137 141 148 156 221 233 240 241 243 245 267 270 279 285 286 298 314 349 354 366 374 381 382 384 396 397 420 
219 46 10 21 24 28 46 53 61 62 65 72 74 78 93 101 102 109 118 127 138 144 160 194 200 217 241 245 258 259 272 278 291 312 318 321 326 330 331 339 352 355 362 370 395 398 411 439 
220 62 0 14 21 29 30 35 44 50 51 62 66 83 86 88 94 95 101 119 130 138 146 149 155 168 169 178 184 185 199 211 222 232 236 243 248 268 285 289 293 295 299 302 307 308 315 329 338 344 351 358 362 366 369 373 378 383 388 394 396 408 421 422 
221 53 15 17 38 46 51 59 63 66 67 79 86 87 88 106 113 123 132 137 143 144 146 158 160 169 170 181 184 191 192 204 205 209 211 215 218 239 248 258 273 282 291 303 318 346 350 351 360 380 400 408 411 428 429 
222 43 2 16 41 43 54 55 63 68 73 103 105 107 124 134 153 164 172 177 186 188 199 220 226 231 234 239 244 266 268 269 292 313 314 335 343 362 366 371 396 401 403 418 423 
223 39 38 47 48 54 88 99 116 122 135 149 152 153 162 164 181 200 212 227 269 280 291 301 314 327 343 350 353 359 368 373 390 403 406 423 425 428 429 434 437 
224 41 9 32 36 43 50 53 62 67 72 77 91 96 115 127 136 147 183 197 199 213 235 236 242 255 260 261 267 290 310 313 320 340 347 362 377 387 404 417 428 432 436 
225 40 26 41 49 53 54 63 72 84 123 125 144 170 173 182 189 194 202 204 216 231 236 239 243 247 255 258 266 273 307 323 338 342 361 362 363 366 390 396 401 413 
226 52 6 16 26 33 34 35 43 45 48 70 72 93 104 106 129 130 135 174 179 190 195 201 206 208 222 232 242 243 244 246 258 266 269 270 292 320 321 327 339 344 345 348 371 372 377 397 398 415 418 422 423 434 
227 48 3 9 11 34 56 62 67 76 83 85 86 90 93 107 117 120 125 127 131 136 139 155 176 177 180 199 223 231 234 245 251 256 274 277 299 314 331 341 343 346 349 354 360 381 397 405 424 430 
228 44 5 8 23 29 39 40 43 45 68 83 110 115 120 137 142 151 177 180 182 215 238 251 269 270 285 289 290 295 305 306 312 324 340 341 345 354 371 382 385 417 422 425 433 436 
229 43 7 14 15 30 35 56 61 66 82 103 130 136 143 149 176 179 181 185 186 195 200 231 249 254 255 260 261 265 283 292 312 319 343 346 351 355 359 377 401 421 422 428 430 
230 33 7 30 60 63 67 78 87 98 104 105 108 110 150 169 171 191 202 234 245 249 283 301 302 311 316 346 350 370 394 411 420 432 439 
231 47 5 10 12 15 21 26 33 45 56 58 65 106 129 152 162 206 209 222 225 227 229 238 242 258 270 276 280 288 299 300 305 320 327 344 349 366 369 378 381 387 391 395 397 404 409 413 437 
232 38 16 21 38 39 47 56 59 131 144 149 150 152 169 178 180 194 206 210 220 226 246 269 277 282 283 292 296 298 316 333 362 388 402 408 409 412 420 423 
233 48 2 7 9 22 33 37 50 59 69 78 83 88 115 120 128 131 136 145 165 174 177 178 180 198 202 214 215 218 241 252 256 264 271 284 285 286 296 311 326 330 335 369 376 398 399 410 424 430 
234 37 3 19 22 25 29 49 50 66 114 115 132 149 153 166 169 187 211 213 222 227 230 237 274 284 319 327 346 366 380 381 384 385 392 395 402 413 420 
235 39 16 17 28 43 50 55 70 85 91 109 110 137 142 154 160 180 188 192 213 224 248 264 266 269 300 324 340 358 364 373 378 381 384 393 422 428 430 432 435 
236 48 9 36 39 70 91 94 124 133 136 141 149 150 154 156 157 170 175 178 182 194 200 211 220 224 225 242 256 257 270 273 283 288 293 297 302 313 326 336 352 363 371 381 395 398 411 415 420 436 
237 55 3 4 6 14 27 37 41 51 55 57 65 66 82 91 101 103 127 131 132 141 148 150 155 158 167 171 183 196 197 198 202 204 211 214 234 242 265 277 307 319 336 342 357 371 373 384 400 405 409 410 414 423 428 431 436 
238 47 11 31 49 63 64 68 85 91 102 109 123 127 133 141 147 154 157 163 191 194 204 205 209 210 212 228 231 250 277 279 284 288 300 303 312 350 354 358 373 392 398 400 403 413 416 425 437 
239 42 0 9 31 42 50 53 88 121 123 130 132 133 153 156 175 184 193 210 221 222 225 245 269 270 282 283 295 301 309 313 327 329 333 352 356 357 361 364 369 388 401 413 
240 38 4 17 24 33 41 53 56 64 69 77 81 88 104 130 131 133 152 156 160 163 179 184 210 218 256 260 279 304 309 351 368 374 377 382 422 432 436 438 
241 46 13 14 16 20 26 39 55 77 87 88 103 108 118 127 133 134 141 145 151 173 185 191 202 206 212 218 219 233 252 282 314 315 320 328 329 356 365 371 373 378 382 398 400 419 422 425 
242 36 10 14 81 93 102 147 172 173 174 196 210 224 226 231 236 237 248 264 272 276 284 289 295 299 305 319 333 344 387 399 406 407 415 427 430 438 
243 51 1 14 22 24 31 39 49 53 80 101 104 108 109 123 138 143 155 162 166 178 186 192 193 214 217 218 220 225 226 246 248 255 257 270 292 293 303 312 318 320 329 332 352 374 401 403 412 421 424 435 439 
244 48 6 15 23 28 29 34 42 48 50 52 65 90 92 94 102 111 114 120 126 176 179 181 222 226 249 279 289 290 294 299 301 303 305 310 311 332 366 371 373 377 387 396 400 402 403 421 427 431 
245 49 1 13 14 38 44 51 55 62 68 72 133 134 140 143 148 149 150 151 155 159 163 177 178 204 206 211 214 218 219 227 230 239 253 255 261 272 277 297 311 314 330 340 341 369 380 389 391 425 436 
246 51 10 13 21 22 36 42 47 53 55 57 61 74 77 94 101 121 133 160 176 177 180 188 190 226 232 243 252 257 266 270 276 283 304 307 314 316 321 325 326 329 330 351 358 360 361 369 397 427 428 437 438 
247 34 18 29 30 39 50 67 89 102 104 156 199 200 211 214 225 251 261 263 264 279 281 284 286 303 308 312 313 315 361 364 380 398 412 421 
248 47 12 17 33 36 60 62 63 74 113 114 127 133 149 152 191 205 220 221 235 242 243 279 284 288 296 299 328 342 343 349 371 372 379 380 382 384 389 390 391 396 407 417 422 424 429 430 439 
249 57 5 11 18 19 20 24 43 49 50 52 55 56 62 64 71 74 75 82 99 100 102 105 106 114 115 130 142 169 173 197 199 203 229 230 244 261 264 266 268 269 271 277 311 321 329 339 342 344 377 386 398 400 418 421 426 431 435 
250 38 41 47 63 78 140 155 159 163 188 191 238 251 253 256 257 260 263 271 272 294 298 303 306 307 316 324 342 354 366 367 377 387 389 404 416 419 422 426 
251 44 6 13 15 20 24 32 36 45 56 59 62 72 74 76 87 94 111 122 124 125 139 185 194 202 206 213 227 228 247 250 261 283 290 292 303 310 365 368 378 383 385 414 417 436 
252 37 1 4 23 26 32 37 46 71 74 77 83 126 127 128 152 154 155 162 165 169 176 180 195 201 233 241 246 267 282 292 328 356 363 424 431 433 438 
253 49 6 30 42 55 60 63 64 80 88 103 113 117 125 136 139 145 159 160 172 177 185 212 216 245 250 266 269 271 273 280 285 296 300 302 324 335 337 358 364 365 374 401 402 404 405 412 413 426 434 
254 48 1 15 30 42 45 48 52 58 60 63 71 87 89 90 95 97 104 110 116 128 130 135 142 144 159 162 188 200 229 269 281 282 284 288 303 311 318 325 326 329 337 338 354 366 396 400 408 423 
255 45 3 5 7 18 28 29 31 32 46 68 77 92 96 101 114 119 128 129 133 139 140 151 155 168 178 224 225 229 243 245 267 270 277 283 297 320 333 340 341 352 361 365 373 404 416 
256 46 5 8 9 14 16 29 44 49 51 53 62 65 94 100 105 112 125 151 157 162 165 170 176 183 185 187 207 214 227 233 236 240 250 260 273 275 301 322 328 332 348 349 353 355 365 387 
257 42 6 24 33 66 77 91 94 101 102 109 113 128 132 135 137 140 142 174 199 200 207 215 236 243 246 250 262 281 283 296 310 324 331 335 337 351 353 369 373 386 389 421 
258 44 5 20 36 47 48 55 59 75 96 101 123 143 149 161 167 169 170 182 187 201 211 219 221 225 226 231 260 261 265 300 301 307 320 323 324 351 391 399 415 417 418 431 436 437 
259 39 1 5 18 21 32 41 42 72 78 95 113 118 121 127 138 150 159 172 188 213 219 265 276 287 289 295 301 305 316 321 323 333 358 381 397 404 412 426 429 
260 46 3 17 36 46 56 66 72 97 131 146 167 168 169 171 177 184 206 215 217 224 229 240 250 256 258 272 273 279 288 295 315 329 333 335 352 354 360 362 364 381 387 391 411 413 430 432 
261 44 6 9 18 26 42 62 80 83 92 106 111 148 152 154 155 170 184 193 224 229 245 247 249 251 258 271 280 283 286 289 298 299 329 341 343 349 350 368 376 395 401 411 412 436 
262 43 6 7 18 36 39 51 69 77 88 90 91 101 103 128 133 149 160 163 166 167 177 183 210 257 264 279 285 301 306 312 315 325 328 348 350 358 369 374 377 381 390 416 430 
263 42 1 5 33 43 58 69 70 72 76 78 84 96 108 112 115 133 146 158 163 166 171 175 178 181 206 216 247 250 274 279 299 303 305 315 364 377 381 409 416 423 425 430 
264 46 15 32 44 53 61 65 79 106 114 117 118 127 128 136 140 141 153 165 170 179 180 181 198 200 233 235 242 247 249 262 269 274 276 279 298 324 329 330 350 359 364 394 401 402 422 435 
265 32 15 30 34 38 57 66 78 102 106 110 115 119 144 154 179 203 216 229 237 258 259 277 280 286 304 313 325 327 338 385 393 407 
266 44 12 17 24 35 38 45 47 49 51 57 70 85 88 110 115 117 121 169 172 174 182 199 200 202 207 214 222 225 226 235 246 249 253 316 331 336 340 355 383 386 418 422 429 435 
267 55 0 11 15 17 27 31 39 47 49 52 95 107 110 111 120 123 124 126 143 145 166 168 170 176 187 196 210 213 214 215 218 224 252 255 272 274 285 295 301 308 324 325 335 342 353 361 387 388 395 403 419 425 427 435 436 
268 46 1 3 28 49 54 66 72 76 77 85 89 92 93 100 122 136 139 152 158 160 166 170 171 199 201 220 222 249 273 276 319 323 352 362 368 369 373 376 391 394 408 409 413 415 419 426 
269 55 0 1 5 9 18 20 40 45 62 69 70 76 79 99 103 111 112 114 124 135 141 176 195 203 207 214 222 223 226 228 232 235 239 249 253 254 264 281 287 303 309 310 343 344 350 361 374 387 414 415 417 418 427 435 439 
270 55 10 22 34 39 49 54 56 72 82 85 90 109 113 117 121 125 132 148 158 164 194 198 201 203 206 210 216 218 226 228 231 236 239 243 246 255 291 298 299 303 311 315 321 326 347 354 357 364 376 380 383 400 418 427 434 
271 50 6 13 22 37 42 53 54 62 65 74 80 83 87 102 109 112 148 155 166 168 187 194 197 198 202 233 249 250 253 261 274 276 285 308 313 321 326 344 345 351 357 365 370 375 388 394 409 419 434 438 
272 39 2 3 24 33 61 65 69 85 106 107 117 128 129 133 148 162 177 188 190 200 202 208 219 242 245 250 260 267 278 331 339 345 370 389 403 408 413 416 429 
273 48 8 46 57 67 70 73 82 92 104 132 135 136 141 142 153 155 185 199 210 215 216 221 225 236 253 256 260 268 274 291 302 304 309 316 329 333 335 339 341 357 367 382 387 418 424 425 429 430 
274 50 8 21 37 39 45 53 56 73 81 106 110 116 118 126 131 141 143 163 166 188 196 197 200 210 227 234 263 264 267 271 273 282 294 317 336 341 345 355 357 360 368 389 401 405 406 407 414 419 421 431 
275 35 12 14 26 39 44 45 54 56 82 95 108 140 161 163 187 204 205 217 256 285 299 304 309 313 314 325 335 337 353 370 375 378 386 416 429 
276 39 3 4 36 42 46 49 52 61 65 82 90 105 131 154 176 187 207 210 231 242 246 259 264 268 271 283 289 294 306 312 314 357 363 376 383 403 411 428 435 
277 44 17 45 47 65 66 68 79 87 92 98 108 113 120 130 137 164 176 179 201 205 227 232 237 238 245 249 255 265 282 283 292 312 319 320 323 342 362 369 379 398 406 408 409 434 
278 40 40 42 43 56 57 109 112 119 120 125 142 157 160 169 172 184 194 203 207 210 219 272 284 296 297 317 319 323 325 330 334 347 350 352 376 391 405 413 415 427 
279 39 2 4 14 18 43 82 100 106 127 155 171 182 184 187 193 212 218 238 240 244 247 248 260 262 263 264 287 293 312 313 337 352 356 372 392 407 417 418 433 
280 44 7 28 39 46 51 59 76 77 87 89 98 116 126 133 143 152 153 156 165 166 177 181 198 214 216 223 231 253 261 265 282 290 292 296 317 331 343 363 365 382 400 409 434 436 
281 41 7 46 50 58 74 82 89 94 96 103 106 112 151 160 170 172 176 181 186 188 208 211 213 247 254 257 269 284 286 306 335 337 352 356 357 378 382 383 389 404 421 
282 45 7 12 16 29 34 46 57 82 126 144 160 180 189 198 215 221 232 239 241 252 254 274 277 280 290 292 295 302 307 331 336 341 345 361 367 368 388 401 408 412 416 418 420 422 434 
283 48 11 26 57 76 77 78 80 84 87 89 98 119 120 122 139 149 158 159 165 171 185 190 229 230 232 236 239 246 251 255 257 261 276 277 287 289 306 325 330 333 350 356 373 375 380 383 401 415 
284 47 1 11 12 15 36 44 45 67 72 90 93 115 116 123 131 168 170 202 203 204 205 233 234 238 242 247 248 254 278 281 285 287 288 303 316 321 328 338 362 367 388 390 416 419 427 433 436 
285 50 0 21 22 35 41 49 53 71 119 122 123 130 131 132 138 142 146 148 156 159 164 169 172 188 195 197 203 217 218 220 228 233 253 262 267 271 275 284 288 293 307 311 332 338 346 360 382 385 392 423 
286 46 1 3 4 25 45 62 73 78 84 90 99 103 110 115 118 134 135 158 182 187 193 213 218 233 247 261 265 281 289 300 302 321 329 342 355 360 365 366 367 379 395 397 423 428 430 431 
287 36 4 9 12 30 48 77 80 99 118 123 126 134 141 144 146 149 153 174 178 259 269 279 283 284 300 302 306 329 357 362 373 394 415 420 422 423 
288 40 4 13 43 56 64 82 87 90 98 106 118 119 128 145 151 158 178 198 215 231 236 238 248 254 260 284 285 289 312 316 329 354 368 370 373 383 390 406 415 416 
289 57 1 5 6 17 18 31 57 60 64 79 90 93 95 97 114 116 123 126 132 135 160 173 174 175 181 186 187 190 210 211 214 215 220 228 242 244 259 261 276 283 286 288 308 314 321 329 334 354 361 362 368 369 382 385 390 412 438 
290 44 16 20 24 27 37 39 41 71 95 99 104 111 129 131 134 153 181 185 187 190 191 195 202 224 228 244 251 280 282 296 300 304 319 320 330 332 342 363 364 399 401 422 434 435 
291 40 1 24 56 62 63 91 92 133 156 166 169 170 178 179 184 193 199 204 209 219 221 223 270 273 299 301 311 335 337 338 343 351 354 363 374 397 398 431 434 439 
292 39 14 18 22 76 80 84 94 119 130 153 156 161 186 201 206 222 226 229 232 243 251 252 277 280 282 304 346 358 382 386 401 406 416 420 424 434 436 437 438 
293 38 26 36 39 64 70 89 90 96 134 151 156 160 188 198 211 214 220 236 243 279 285 299 323 335 337 350 351 353 354 369 370 382 392 394 400 425 432 436 
294 43 1 34 48 49 64 69 78 84 86 87 90 92 114 116 119 135 136 148 176 178 182 190 194 244 250 274 276 296 302 321 337 341 350 354 359 369 377 382 406 413 414 421 439 
295 54 17 22 31 42 48 50 51 52 66 67 74 81 87 89 113 123 129 132 134 143 146 149 153 169 205 209 214 215 217 220 228 239 242 259 260 267 282 301 303 324 325 347 358 363 364 368 384 404 412 414 415 425 431 435 
296 47 9 11 18 27 35 42 53 59 66 73 76 79 91 93 95 97 98 111 120 145 154 160 175 184 190 193 232 233 248 253 257 278 280 290 294 305 326 338 353 356 362 375 384 410 411 420 439 
297 40 11 42 50 66 67 77 84 103 104 110 129 158 168 169 176 182 184 198 209 216 236 245 255 278 300 304 310 333 357 358 359 365 367 378 380 390 408 414 430 436 
298 36 12 45 48 87 116 125 130 132 170 174 182 194 215 218 232 250 261 264 270 300 304 307 309 311 313 316 317 320 366 376 384 399 406 416 436 438 
299 52 10 17 21 23 39 40 55 64 66 76 103 116 118 124 127 133 143 144 145 159 166 168 183 202 203 220 227 231 242 244 248 261 263 270 275 291 293 300 309 319 336 338 355 358 362 363 401 404 405 423 428 434 
300 33 15 23 31 47 56 68 72 83 88 100 123 127 168 176 196 213 231 235 238 253 258 286 287 290 297 298 299 310 324 352 374 387 426 
301 47 3 12 23 29 30 35 39 42 47 57 59 66 71 80 88 95 97 106 120 132 142 146 154 165 178 192 216 217 223 230 239 244 256 258 259 262 267 291 295 342 344 359 360 384 394 410 438 
302 51 1 20 22 39 47 61 63 80 97 102 120 122 129 142 163 166 168 176 177 179 184 200 201 202 211 220 230 236 253 273 282 286 287 294 304 320 321 329 332 337 341 344 357 373 375 384 390 396 419 430 434 
303 47 3 7 26 46 64 82 84 98 103 110 113 141 152 182 194 213 221 238 243 244 247 250 251 254 263 269 270 284 295 306 331 345 348 351 356 371 383 388 399 408 410 417 422 426 431 434 435 
304 52 26 34 40 41 42 44 47 53 74 83 84 95 109 110 150 151 172 177 183 195 199 201 209 240 246 265 273 275 290 292 297 298 302 316 327 329 339 354 366 367 377 378 386 388 391 393 416 418 419 423 425 436 
305 40 9 27 32 34 39 42 47 71 96 98 110 126 132 161 162 163 164 176 180 189 202 203 206 214 228 231 242 244 259 263 296 334 337 343 358 363 372 415 426 439 
306 35 1 26 37 50 66 73 78 87 102 115 133 140 166 211 228 250 262 276 281 283 287 303 317 320 331 335 340 358 360 371 374 389 398 400 425 
307 45 11 14 43 44 60 62 85 96 100 153 156 165 167 173 190 203 204 211 215 217 220 225 237 246 250 258 282 285 298 308 310 321 324 326 343 345 350 355 366 379 417 426 431 432 433 
308 40 12 21 28 42 47 70 90 111 122 125 136 172 176 178 198 203 209 215 220 247 267 271 289 307 317 319 330 344 355 363 365 375 382 404 409 416 420 430 433 435 
309 35 3 21 29 41 54 75 84 99 111 132 136 151 153 155 161 163 175 210 217 239 240 269 273 275 298 299 313 326 337 350 396 419 423 431 432 
310 45 2 3 10 16 23 29 35 43 66 67 87 94 99 112 123 139 141 143 145 157 158 162 170 183 193 197 211 224 244 251 257 269 297 300 307 312 325 336 339 358 376 386 407 419 421 
311 45 3 10 20 48 49 50 54 61 65 66 95 99 103 104 115 119 131 133 141 151 153 183 184 187 195 202 230 233 244 245 249 254 270 285 291 298 316 329 375 396 415 416 419 424 435 
312 56 2 6 18 40 66 96 105 107 108 112 115 121 135 137 167 169 187 190 191 205 211 212 217 219 228 229 238 243 247 262 276 277 279 288 310 321 327 329 330 334 335 345 350 352 361 370 375 383 389 392 405 416 427 431 432 437 
313 47 22 23 29 30 44 60 72 76 79 104 124 126 127 138 141 143 167 169 172 185 189 190 205 210 222 224 236 239 247 265 271 275 279 298 309 317 325 346 353 357 378 391 392 408 423 427 436 
314 45 1 14 18 20 30 32 41 43 64 66 68 82 104 109 110 118 144 149 165 175 178 186 197 201 206 216 218 222 223 227 241 245 246 275 276 289 322 327 340 355 368 369 387 423 439 
315 44 4 6 7 29 40 46 48 49 67 85 97 104 125 130 136 147 162 167 175 182 193 195 198 214 215 220 241 247 260 262 263 270 316 336 337 342 362 363 371 381 410 423 427 434 
316 54 3 14 17 28 33 37 41 44 49 54 58 63 78 98 99 112 117 122 129 144 147 150 152 157 160 167 175 187 189 201 202 207 209 230 232 246 250 259 266 273 284 288 298 304 311 315 331 333 345 362 365 410 421 429 
317 39 9 11 19 30 33 41 52 55 74 80 93 96 104 121 123 154 158 163 167 168 183 194 274 278 280 298 306 308 313 349 363 364 393 400 418 429 434 435 436 
318 40 7 13 14 16 20 26 50 58 62 63 74 87 104 108 111 113 123 138 139 166 167 177 184 190 206 219 221 243 254 323 330 334 347 376 399 403 422 424 430 437 
319 44 9 14 20 22 24 35 53 61 77 85 109 117 126 127 150 168 169 176 181 183 194 201 203 217 229 234 237 242 268 277 278 290 299 308 331 377 394 401 403 406 413 422 423 430 
320 44 3 19 42 50 57 58 70 75 76 84 93 96 111 116 145 165 178 196 197 209 224 226 231 241 243 255 258 277 290 298 302 306 339 346 353 354 364 378 382 385 394 414 416 426 
321 45 0 11 13 17 20 21 38 43 52 53 55 58 94 102 108 120 154 165 174 188 195 203 210 211 219 226 246 249 259 270 271 284 286 289 294 302 307 312 344 346 365 376 388 403 405 
322 38 3 9 39 44 45 49 53 61 62 67 73 79 86 88 116 125 189 195 215 256 314 331 337 349 352 355 356 358 362 367 372 386 389 394 400 403 414 417 
323 43 1 2 13 15 41 45 48 52 58 61 64 67 69 83 84 89 92 162 180 186 189 199 204 213 225 258 259 268 277 278 293 318 324 332 336 347 366 370 376 393 398 436 439 
324 42 4 11 20 42 75 83 99 107 109 127 129 137 141 150 157 166 168 176 185 211 228 235 250 253 257 258 264 267 295 300 307 323 325 333 337 342 373 410 413 419 424 431 
325 46 13 24 25 26 28 71 89 90 95 123 124 129 140 151 154 165 174 178 179 198 246 254 262 265 267 275 278 283 295 310 313 324 326 335 340 356 359 365 367 371 375 406 410 421 422 439 
326 50 2 14 40 42 47 48 54 56 63 88 110 115 119 123 129 137 140 149 152 159 162 182 186 193 202 217 219 233 236 246 254 270 271 296 307 309 325 328 330 333 352 362 363 382 388 395 406 427 433 434 
327 38 16 19 29 43 56 67 81 83 89 91 94 97 100 110 112 120 124 130 167 185 209 223 226 231 234 239 265 304 312 314 359 393 398 400 408 411 421 427 
328 43 8 13 20 23 37 53 54 55 69 72 82 90 92 101 102 114 129 136 154 166 173 193 194 202 241 248 252 256 262 284 326 338 347 353 369 373 381 398 406 410 422 434 435 
329 55 1 2 6 16 20 31 34 48 59 63 66 69 90 124 125 134 142 173 182 188 190 192 198 207 208 209 210 220 239 241 243 246 249 254 260 261 264 273 286 287 288 289 302 304 311 312 338 344 355 360 404 422 424 438 439 
330 45 1 8 44 51 56 69 77 91 102 119 126 129 156 158 169 174 182 191 196 199 219 233 245 246 264 278 283 290 308 312 318 326 335 349 353 372 373 378 389 394 401 408 430 433 435 
331 42 13 23 24 34 40 52 57 65 69 84 104 105 107 110 129 149 156 172 182 195 206 219 227 257 266 272 280 282 303 306 316 319 322 337 349 367 398 405 421 429 438 439 
332 43 1 7 12 13 22 28 30 42 45 48 52 61 63 100 118 121 147 151 163 195 214 216 243 244 256 285 290 302 323 336 348 351 359 360 363 366 380 387 390 392 402 407 429 
333 52 0 11 13 19 20 26 27 35 52 58 71 83 84 100 102 111 114 116 122 136 156 168 172 174 181 203 205 232 239 242 255 259 260 273 283 297 316 324 326 348 355 363 369 379 384 385 397 400 411 427 430 433 
334 37 1 31 32 43 44 55 60 67 73 79 82 100 112 119 131 136 147 177 182 210 278 289 305 312 318 349 356 362 363 364 373 381 393 418 419 421 437 
335 37 6 14 37 42 67 88 99 111 114 132 145 149 157 177 212 222 233 253 257 260 267 273 275 281 291 293 306 312 325 330 348 359 360 380 405 418 432 
336 46 8 14 27 41 45 61 62 70 75 81 90 100 103 105 108 112 115 124 142 148 157 162 175 187 190 236 237 266 274 282 299 310 315 323 332 338 358 359 375 382 391 404 422 423 431 433 
337 49 7 22 47 48 56 65 66 68 73 84 85 90 148 149 155 163 186 197 203 205 210 217 253 254 257 275 279 281 291 293 294 302 305 309 315 322 324 331 359 361 363 374 380 400 404 420 421 433 434 
338 35 41 65 69 90 98 103 117 121 123 135 138 139 152 172 178 196 204 220 225 254 265 284 285 291 296 299 328 329 336 339 362 387 403 413 437 
339 41 18 19 35 42 68 79 81 87 88 89 108 111 144 147 179 181 182 190 193 198 205 211 219 226 249 272 273 304 310 320 338 343 349 376 390 394 405 410 419 430 439 
340 49 16 20 27 38 39 40 44 51 53 72 73 87 96 98 99 110 117 135 150 155 174 195 202 203 206 207 224 228 235 245 255 266 306 314 325 353 356 371 373 375 382 383 391 395 405 415 418 430 431 
341 43 26 33 49 60 63 66 76 93 100 113 126 136 140 146 151 154 158 172 173 174 188 194 197 198 199 202 227 228 245 255 261 273 274 282 294 302 342 353 377 378 391 401 403 
342 35 15 20 31 52 64 76 78 104 109 110 114 164 169 170 172 176 214 225 237 248 249 250 267 277 286 290 301 315 324 341 355 368 410 429 437 
343 39 11 15 17 27 36 43 47 51 75 80 81 86 92 93 117 130 150 158 167 189 213 222 223 227 229 248 261 269 280 291 305 307 339 353 363 403 410 426 436 
344 33 20 27 62 83 90 96 142 143 161 163 172 189 195 200 220 226 231 242 249 269 271 301 302 308 321 329 351 353 366 373 405 435 439 
345 35 3 6 20 52 58 70 83 88 122 156 174 201 202 226 228 271 272 274 282 303 307 312 316 356 357 363 367 372 383 400 405 411 412 414 426 
346 41 5 29 30 42 43 45 55 63 74 86 91 97 105 120 152 163 164 170 186 196 198 206 209 213 221 227 229 230 234 285 292 313 320 321 357 369 374 395 396 414 431 
347 47 6 9 24 31 36 52 63 64 66 71 77 94 97 108 113 134 135 142 153 154 155 176 180 196 200 207 215 224 270 278 295 318 323 328 358 360 372 373 382 387 393 400 402 407 415 419 423 
348 43 2 16 22 31 35 38 55 58 68 75 90 108 117 132 134 139 140 166 170 177 180 199 212 226 256 262 303 332 333 335 354 361 367 371 379 382 385 391 406 408 422 434 438 
349 41 9 31 41 42 44 46 48 67 68 73 84 95 110 122 131 137 138 150 157 170 178 181 213 218 227 231 248 256 261 317 322 330 331 334 339 378 388 397 404 411 417 
350 44 10 20 29 30 34 35 46 64 68 70 71 100 119 132 135 148 154 158 173 182 184 186 216 221 223 230 238 261 262 264 269 278 283 293 294 307 309 312 362 364 404 409 425 430 
351 47 0 13 14 21 27 39 46 61 75 80 89 95 122 128 130 136 144 152 158 161 163 167 191 202 206 207 214 216 220 221 229 240 246 257 258 271 291 293 303 332 344 396 408 417 429 432 435 
352 43 20 33 34 53 59 66 67 74 78 86 101 105 110 113 130 148 167 171 183 219 236 239 243 255 260 268 278 279 281 300 312 322 326 357 364 365 366 371 378 383 401 418 425 
353 40 22 23 27 47 57 61 83 92 101 104 107 110 118 126 162 165 173 180 198 209 223 256 257 267 275 293 296 313 320 328 330 340 341 343 344 367 395 398 408 424 
354 39 32 35 44 60 90 102 107 135 138 170 175 177 178 181 186 200 218 227 228 238 250 254 260 270 288 289 291 293 294 304 320 348 357 359 360 401 411 417 428 
355 50 6 16 24 33 37 38 50 54 64 71 76 77 80 116 127 135 138 160 164 178 181 185 186 189 219 229 256 266 274 286 299 307 308 314 322 329 333 342 358 364 368 371 372 380 398 412 418 420 421 436 
356 36 3 15 19 36 43 47 82 85 90 117 165 181 188 206 239 241 252 279 281 283 296 303 322 325 334 340 345 373 377 381 383 386 398 413 423 437 
357 49 3 4 6 24 42 61 65 80 83 85 88 89 112 113 115 126 128 130 134 138 151 154 178 186 197 204 237 239 270 271 273 274 276 281 287 297 302 313 345 346 352 354 364 394 401 427 431 435 437 
358 42 9 19 20 73 75 78 90 97 122 126 131 137 151 171 181 185 202 206 207 211 220 235 238 246 253 259 262 292 295 297 299 305 306 310 322 336 347 355 370 371 389 418 
359 41 12 26 38 42 43 49 75 83 89 90 98 100 113 124 148 153 182 190 223 229 264 294 297 301 325 327 332 335 336 337 354 360 363 365 384 397 400 405 420 435 439 
360 41 7 8 17 21 42 47 62 64 65 76 79 84 94 135 137 148 174 190 211 221 227 246 260 274 285 286 301 306 329 332 335 347 354 359 372 379 383 386 417 435 437 
361 43 4 6 20 24 28 46 49 62 71 98 104 114 116 118 127 128 137 139 198 206 209 225 239 246 247 255 267 269 282 289 312 337 348 373 380 381 387 388 405 406 408 422 426 
362 42 11 39 45 70 77 80 120 123 128 161 179 182 200 201 203 209 219 220 222 224 225 232 260 268 277 284 287 289 296 299 315 316 322 326 334 338 350 368 398 422 438 439 
363 53 0 2 14 18 22 30 61 63 69 75 79 80 95 124 134 162 166 168 193 195 201 202 203 204 211 216 225 236 252 276 280 290 291 295 299 305 308 315 317 326 332 333 334 337 343 345 359 366 367 395 402 429 438 
364 46 1 2 12 20 21 44 46 50 56 58 80 93 109 122 132 134 138 158 166 176 196 209 212 213 235 239 247 253 260 263 264 270 290 295 317 320 334 350 352 355 357 385 401 406 408 424 
365 37 2 17 34 89 100 105 114 115 127 158 170 173 180 197 241 251 253 255 256 271 280 286 297 308 316 321 325 352 359 380 382 393 401 403 416 433 435 
366 47 11 41 46 55 60 64 68 82 89 92 102 109 123 133 135 140 146 148 159 166 173 175 190 193 199 201 202 203 218 220 222 225 231 234 244 250 254 286 298 304 307 323 332 344 352 363 401 
367 46 20 21 47 57 62 72 73 79 102 110 124 129 154 159 161 174 182 201 203 250 273 282 284 286 297 304 322 325 331 345 348 353 363 375 377 380 381 387 397 403 409 410 414 419 433 439 
368 32 9 11 21 23 43 62 75 82 92 93 161 164 174 203 216 223 240 251 261 268 274 282 288 289 295 314 342 355 362 390 409 432 
369 48 11 26 41 42 43 48 74 107 133 139 146 147 148 152 161 165 174 180 181 193 194 201 208 220 231 233 239 245 246 257 262 268 277 289 293 294 314 328 333 346 372 377 378 402 409 418 428 429 
370 53 1 4 22 23 24 39 56 58 61 74 78 79 97 101 106 118 119 124 128 133 138 142 155 158 163 186 190 191 195 199 205 219 230 271 272 275 288 293 312 323 358 374 378 380 385 395 398 410 412 418 421 429 435 
371 46 6 8 13 41 42 46 52 66 67 87 114 124 128 135 142 170 172 192 193 196 204 206 207 213 222 226 228 236 237 241 244 248 303 306 315 325 340 348 352 355 358 376 383 386 390 413 
372 40 26 30 32 37 63 72 73 80 83 95 100 120 129 146 153 169 174 189 193 195 202 206 208 226 248 279 305 322 330 345 347 355 360 369 377 385 386 395 400 403 
373 48 5 6 9 23 28 33 69 76 77 79 113 116 150 160 164 170 171 183 194 213 216 220 223 235 237 238 241 244 255 257 268 283 287 288 302 324 328 330 334 340 344 347 356 361 378 379 384 400 
374 41 21 29 32 48 62 64 66 77 93 102 109 116 120 123 125 131 137 150 173 175 195 213 218 240 243 253 262 269 291 300 306 337 346 370 385 398 409 413 416 430 439 
375 40 2 11 18 26 71 76 90 99 104 109 116 124 167 170 177 186 194 211 271 275 283 296 302 308 311 312 325 336 340 367 379 389 391 398 402 415 419 421 422 426 
376 44 6 8 13 29 42 69 81 90 93 101 109 117 119 120 125 137 141 142 145 160 174 182 184 186 190 198 204 206 208 216 233 261 268 270 276 278 298 310 318 321 323 339 371 386 
377 47 0 7 9 11 13 27 29 38 58 90 113 114 118 120 132 142 146 147 149 156 181 195 211 217 224 226 229 240 244 249 250 262 263 294 304 319 341 356 367 369 372 379 400 413 427 430 432 
378 48 27 34 37 43 44 53 64 72 81 87 98 100 107 123 126 159 173 179 182 190 192 197 205 206 220 231 235 241 251 275 281 297 304 313 320 330 341 349 352 369 370 373 385 386 396 404 407 428 
379 47 56 58 60 71 74 77 82 86 90 92 114 119 121 122 125 127 133 136 148 151 175 186 192 193 205 210 213 248 277 286 307 333 348 360 373 375 377 394 403 408 415 419 421 427 430 435 439 
380 39 15 20 27 51 58 74 83 110 126 127 138 142 161 181 198 210 216 221 234 245 247 248 270 283 297 332 335 337 355 361 365 367 370 400 406 414 417 421 425 
381 38 21 26 29 80 83 89 96 105 110 113 124 148 153 155 174 176 196 197 218 227 231 234 235 236 259 260 262 263 315 328 334 356 361 367 388 393 414 422 
382 54 1 12 20 30 33 49 53 64 67 68 70 74 76 87 102 105 127 131 136 138 150 193 194 196 208 209 211 216 218 228 240 241 248 273 280 281 285 289 292 293 294 308 320 326 336 340 347 348 365 384 388 399 411 419 
383 49 4 20 21 27 32 48 71 79 84 100 110 127 147 148 151 162 167 196 197 208 212 217 220 251 266 270 276 281 283 288 303 312 340 345 352 356 360 371 387 389 390 392 398 400 415 416 426 427 429 
384 37 10 25 69 91 101 129 143 149 157 167 178 179 181 207 216 218 234 235 237 248 295 296 298 301 302 333 359 373 382 385 390 397 399 402 415 416 433 
385 33 11 13 17 22 82 102 142 147 152 178 184 228 234 251 265 285 289 320 333 348 364 370 372 374 378 384 405 406 412 414 421 431 439 
386 51 1 3 11 15 18 25 29 31 40 55 74 78 81 83 84 86 90 96 103 109 126 134 173 214 217 249 257 266 275 292 304 310 322 356 360 371 372 376 378 390 393 403 409 414 422 425 426 427 432 433 435 
387 45 5 16 24 68 84 92 94 96 143 145 148 149 167 168 177 179 187 204 214 224 231 242 244 250 256 260 267 269 273 300 314 332 338 347 361 367 383 392 417 419 420 423 426 428 439 
388 38 23 27 31 36 56 76 105 116 120 124 139 144 150 161 162 163 164 179 216 220 232 239 267 271 282 284 303 304 321 326 349 361 381 382 389 392 416 419 
389 38 26 46 57 73 78 106 117 123 125 126 147 158 173 192 194 212 216 245 248 250 257 272 274 281 306 312 322 330 358 375 383 388 398 399 408 429 430 433 
390 42 3 12 19 28 39 59 64 66 101 107 109 117 118 129 131 132 159 178 189 201 202 206 209 212 223 225 248 262 284 288 289 297 302 332 339 368 371 383 384 386 407 438 
391 42 15 20 38 42 56 57 58 76 89 91 112 114 137 143 145 148 157 158 165 166 177 187 201 204 205 231 245 248 258 260 268 278 304 313 336 340 341 348 375 393 411 416 
392 33 16 32 53 73 78 79 135 139 141 153 171 186 196 200 211 215 216 234 238 279 285 293 312 313 332 383 387 388 398 403 411 426 432 
393 37 14 37 39 44 73 93 102 108 112 115 117 118 131 164 180 196 215 235 265 304 317 323 327 334 347 365 381 386 391 394 396 405 407 414 415 416 417 
394 42 0 16 29 32 38 41 55 64 106 116 122 132 143 144 155 167 171 182 188 204 205 211 220 230 264 268 271 287 293 301 319 320 322 330 339 357 379 393 403 408 418 432 
395 46 0 15 21 25 28 33 42 43 53 54 57 61 63 68 87 91 97 100 106 117 132 136 147 170 172 177 183 187 195 219 231 234 236 261 267 286 326 340 346 353 363 370 372 401 403 418 
396 44 0 1 14 17 18 24 32 34 36 40 45 46 81 92 108 114 124 129 130 136 139 145 171 183 191 197 211 218 220 222 225 244 248 254 302 309 311 346 351 378 393 425 434 436 
397 43 8 17 19 41 42 43 46 63 65 75 80 87 95 113 117 123 129 137 185 187 192 193 194 195 218 226 227 231 246 259 286 291 333 349 359 367 384 404 408 409 412 423 432 
398 42 4 39 49 65 66 101 109 111 121 130 132 169 184 191 202 219 226 233 236 238 241 247 249 277 291 306 323 327 328 331 353 355 356 362 370 374 375 383 389 392 405 427 
399 36 7 30 31 38 52 96 99 110 112 127 132 133 136 137 157 158 159 167 170 187 199 233 242 258 290 298 303 318 382 384 389 407 408 409 422 434 
400 61 5 10 18 23 25 28 29 31 39 40 43 44 55 68 70 89 90 94 108 141 149 154 157 162 168 172 191 193 209 212 221 237 238 241 244 249 254 270 280 293 306 317 322 327 333 337 345 347 359 372 373 377 380 383 403 413 423 426 427 429 439 
401 48 2 14 20 35 39 49 57 75 114 135 136 140 141 146 147 153 165 197 222 225 229 239 243 253 261 264 274 282 283 290 292 299 319 330 341 352 354 357 364 365 366 395 408 411 415 420 424 437 
402 35 9 11 16 32 35 58 59 61 65 81 85 88 91 103 108 120 157 164 174 179 193 232 234 244 253 264 332 347 363 369 375 384 421 430 434 
403 42 4 13 24 27 60 66 76 82 90 97 116 131 136 138 186 195 196 214 222 223 238 243 244 267 272 276 318 319 321 322 338 341 343 365 367 372 379 386 392 394 395 400 
404 37 7 8 11 21 46 50 52 81 99 137 147 151 153 182 188 199 224 231 250 253 255 259 281 295 299 308 329 336 337 349 350 378 397 415 420 426 431 
405 50 13 15 22 36 38 39 48 55 81 86 93 95 99 110 112 114 120 140 155 165 176 179 180 182 217 227 237 253 274 278 299 312 321 331 335 339 340 344 345 359 361 385 393 398 406 407 413 425 428 435 
406 45 5 8 30 37 41 46 56 60 70 74 76 79 81 86 108 133 154 159 160 169 181 188 190 193 223 242 274 277 288 292 294 298 319 325 326 328 348 361 364 380 385 405 408 411 421 
407 50 0 8 18 30 37 43 45 58 59 64 66 68 73 76 88 94 100 104 106 122 123 125 129 136 137 139 157 161 168 189 208 213 215 242 248 265 274 279 310 332 347 378 390 393 399 405 410 432 437 439 
408 48 0 13 18 31 48 63 64 89 90 91 93 94 97 102 110 115 148 165 166 180 198 220 221 232 254 268 272 277 282 297 303 313 327 330 348 351 353 361 364 379 389 394 397 399 401 406 417 422 
409 46 2 5 9 26 32 48 61 82 87 93 94 106 115 116 121 135 136 139 154 156 171 172 178 191 207 210 213 231 232 237 263 268 271 277 280 308 350 367 368 369 374 386 397 399 416 433 
410 43 9 12 15 38 42 48 65 89 92 106 118 119 141 148 153 156 157 162 172 176 203 206 212 216 233 237 296 301 303 315 316 324 325 328 339 342 343 367 370 407 426 432 435 
411 45 0 22 41 44 64 77 88 94 108 110 117 121 130 131 161 168 179 191 198 199 208 210 214 219 221 230 236 260 261 276 296 327 333 345 349 354 382 391 392 401 406 416 424 432 435 
412 44 4 20 23 28 50 52 56 60 65 66 71 88 100 112 114 129 151 158 160 163 164 173 174 179 187 194 196 207 210 232 243 247 253 259 261 282 289 295 345 355 370 385 397 435 
413 40 10 19 32 33 34 36 53 56 58 78 80 97 106 117 123 160 176 192 225 231 234 238 239 253 260 268 272 278 294 319 324 338 356 371 374 377 400 405 427 433 
414 39 30 45 56 67 91 96 101 103 111 119 120 124 153 159 165 177 184 190 194 198 207 237 251 269 274 294 295 297 320 322 345 346 367 380 381 385 386 393 434 
415 53 3 8 14 32 35 38 63 67 76 81 87 91 100 102 109 129 147 148 154 157 169 186 194 195 207 216 226 236 242 258 268 269 278 283 287 288 295 305 311 340 347 375 379 383 384 393 401 404 421 427 431 436 438 
416 55 7 11 21 38 42 44 46 56 64 71 80 104 111 116 130 136 143 151 153 168 170 186 188 192 216 217 238 250 255 262 263 272 275 282 284 288 292 298 304 308 311 312 320 365 374 383 384 388 391 393 409 411 424 427 437 
417 43 0 55 56 64 71 77 84 89 103 110 115 129 137 143 149 164 166 167 171 173 181 198 211 224 228 248 251 258 269 279 303 307 322 349 351 354 360 380 387 393 408 425 433 
418 43 1 12 13 22 50 77 78 87 105 121 145 153 160 196 204 206 222 226 249 258 266 269 270 273 279 282 304 317 334 335 340 352 355 358 369 370 394 395 419 420 421 430 431 
419 49 13 17 26 28 32 34 40 46 54 55 73 82 99 103 151 166 170 171 175 180 183 191 198 203 216 241 250 267 268 271 274 284 302 304 309 310 311 324 334 339 347 367 375 379 382 387 388 418 433 
420 36 6 30 31 51 62 88 90 94 116 125 139 155 156 160 161 167 180 184 205 218 230 232 234 236 282 287 292 296 308 337 355 359 387 401 404 418 
421 51 13 18 20 21 27 29 30 33 55 72 98 129 152 155 156 165 174 177 181 195 202 203 209 213 220 229 243 244 247 249 257 274 281 294 310 316 325 327 331 334 337 355 370 375 379 380 385 402 406 415 418 
422 51 22 27 32 42 52 53 68 78 81 103 108 113 120 140 153 168 180 214 216 220 226 228 229 235 240 241 248 250 264 266 282 287 290 303 318 319 325 328 329 336 348 361 362 375 381 386 399 408 429 433 436 
423 48 9 12 14 23 36 62 86 91 96 110 122 126 139 140 145 148 155 156 159 174 188 200 210 212 222 223 226 232 237 254 263 285 286 287 299 304 309 313 314 315 319 336 347 356 387 397 400 434 
424 38 0 4 7 21 33 43 75 76 80 100 107 111 120 132 140 156 160 177 178 187 205 217 227 233 243 248 252 273 292 311 318 324 329 353 364 401 411 416 
425 44 26 28 29 39 48 50 53 58 62 73 75 80 111 117 131 137 143 181 185 203 204 211 212 213 223 228 238 241 245 263 267 273 293 295 304 306 350 352 380 386 396 405 417 427 
426 38 4 44 45 46 97 122 128 161 166 175 176 184 186 209 212 215 249 250 253 259 268 300 303 305 307 320 343 345 361 375 383 386 387 392 400 404 410 431 
427 49 1 19 31 44 46 51 61 65 77 82 112 127 130 141 142 147 153 155 188 203 216 242 244 246 267 269 270 278 284 312 313 315 326 327 333 357 377 379 383 386 398 400 413 415 416 425 434 437 439 
428 36 4 18 28 39 41 58 91 104 106 114 137 141 167 168 171 172 173 194 212 216 221 223 224 229 235 237 246 276 286 299 354 369 378 387 405 430 
429 45 29 31 42 45 57 65 87 89 92 98 101 127 129 130 131 135 136 138 153 167 179 180 204 221 223 248 259 266 272 273 275 316 317 331 332 342 351 363 369 370 383 389 400 422 438 
430 49 1 13 14 16 24 31 41 58 83 84 86 91 102 103 120 141 149 152 155 161 206 227 229 233 235 242 248 260 262 263 273 286 297 302 308 318 319 330 333 339 340 350 374 377 379 389 402 418 428 
431 50 5 12 19 27 39 40 58 60 64 71 72 76 89 94 104 105 108 135 142 158 159 172 176 186 198 212 237 244 249 252 258 274 286 291 295 303 307 309 312 324 336 340 346 357 385 404 415 418 426 436 
432 37 14 17 23 39 40 41 46 63 64 99 116 132 135 143 174 191 211 224 230 235 240 260 293 307 309 312 335 351 368 377 386 392 394 397 407 410 411 
433 45 10 20 24 28 31 51 55 65 70 78 81 82 104 110 121 137 157 158 159 161 173 174 204 206 228 252 279 284 307 308 326 330 333 336 337 365 367 384 386 389 409 413 417 419 422 
434 42 38 41 45 63 84 95 108 135 139 149 175 181 187 192 211 215 223 226 253 270 271 277 280 282 290 291 292 299 302 303 315 317 326 328 337 348 396 399 402 414 423 427 
435 53 9 17 27 30 32 35 45 66 73 91 94 110 130 131 140 152 154 158 165 175 198 207 211 235 243 249 264 266 267 269 276 290 295 303 308 311 317 328 330 344 351 357 359 360 365 370 379 386 405 410 411 412 438 
436 45 23 30 33 40 50 55 63 66 79 112 116 133 138 164 174 177 197 212 224 228 236 237 240 245 251 258 261 267 280 284 292 293 297 298 304 313 317 323 343 355 396 415 422 431 439 
437 36 21 23 27 34 38 54 65 84 93 97 103 104 109 127 129 153 181 216 223 231 238 246 258 292 312 318 334 338 342 356 357 360 401 407 416 427 
438 43 5 16 29 41 45 47 51 66 68 89 90 101 113 114 116 125 129 131 133 142 143 154 179 186 207 240 242 246 252 271 289 292 298 301 329 331 348 362 363 390 415 429 435 
439 62 19 32 35 53 63 67 70 86 98 99 101 102 105 109 115 121 123 128 138 142 143 144 145 158 162 171 179 183 184 195 204 205 207 212 215 219 230 243 248 269 291 294 296 305 314 323 325 329 331 339 344 359 362 367 374 379 385 387 400 407 427 436 
