460 1236
0 4 81 173 175 333 
1 7 223 243 249 264 344 350 366 
2 3 130 270 361 
3 7 82 90 216 243 297 355 456 
4 5 235 332 367 425 438 
5 4 149 300 331 342 
6 11 60 62 87 90 117 133 237 241 253 331 365 
7 2 48 90 
8 6 170 176 237 244 374 382 
9 3 47 56 334 
10 4 46 184 388 395 
11 3 113 184 229 
12 6 68 191 202 209 378 437 
13 10 65 143 170 233 275 335 385 406 407 410 
14 5 34 36 160 237 345 
15 1 320 
16 1 323 
17 4 79 118 330 395 
18 5 135 199 230 380 450 
19 8 47 78 99 108 209 357 363 391 
20 7 176 237 250 326 369 385 422 
21 5 52 115 243 345 360 
22 5 59 169 183 220 388 
23 6 164 206 280 312 358 434 
24 7 51 53 81 84 88 168 375 
25 10 67 144 154 188 206 238 282 322 332 368 
26 7 34 62 129 182 295 348 403 
27 5 40 90 106 232 261 
28 5 236 275 279 374 400 
29 6 82 146 192 369 427 448 
30 4 208 216 333 406 
31 3 183 202 251 
32 2 82 353 
33 5 182 229 251 283 365 
34 7 14 26 78 214 233 351 385 
35 5 159 166 323 357 379 
36 2 14 272 
37 3 38 302 423 
38 5 37 72 112 240 458 
39 5 55 185 242 326 455 
40 7 27 168 184 344 390 405 424 
41 10 66 93 134 146 157 201 261 280 294 307 
42 3 196 378 417 
43 2 195 261 
44 9 75 86 94 210 222 273 304 333 339 
45 6 151 152 187 190 252 410 
46 9 10 60 158 195 200 271 273 338 344 
47 7 9 19 111 117 157 242 439 
48 7 7 223 267 289 375 405 421 
49 1 375 
50 6 179 245 367 379 404 417 
51 5 24 75 81 148 197 
52 2 21 249 
53 8 24 177 213 234 238 242 319 343 
54 7 103 149 160 161 182 279 347 
55 3 39 300 423 
56 7 9 74 104 209 229 238 324 
57 3 101 137 379 
58 3 173 189 313 
59 7 22 87 143 181 225 298 379 
60 5 6 46 169 277 326 
61 2 316 416 
62 5 6 26 149 157 318 
63 11 73 83 91 96 99 119 174 209 297 397 433 
64 4 66 69 188 448 
65 4 13 182 352 365 
66 7 41 64 87 166 398 431 455 
67 7 25 115 229 279 285 301 423 
68 7 12 102 126 194 296 359 427 
69 2 64 272 
70 6 120 149 202 271 284 445 
71 4 84 247 362 378 
72 3 38 107 301 
73 4 63 74 373 444 
74 5 56 73 106 229 383 
75 5 44 51 122 242 319 
76 5 131 140 284 303 443 
77 6 237 304 313 347 424 450 
78 5 19 34 301 354 458 
79 3 17 353 363 
80 6 123 135 159 301 344 395 
81 5 0 24 51 158 348 
82 11 3 29 32 304 312 339 360 384 413 418 428 
83 3 63 325 371 
84 5 24 71 132 188 407 
85 4 339 363 384 411 
86 6 44 120 227 230 237 414 
87 9 6 59 66 93 139 152 249 299 415 
88 7 24 90 131 177 207 264 297 
89 2 169 199 
90 9 3 6 7 27 88 98 142 184 372 
91 6 63 163 217 249 291 361 
92 8 97 207 226 275 283 288 293 451 
93 5 41 87 160 318 365 
94 3 44 146 374 
95 5 146 155 177 354 358 
96 5 63 108 194 361 438 
97 6 92 227 313 353 390 427 
98 7 90 116 149 152 160 221 380 
99 6 19 63 138 210 221 427 
100 4 277 301 408 441 
101 5 57 190 259 299 311 
102 5 68 159 178 357 367 
103 11 54 138 149 153 154 170 205 206 213 299 333 
104 5 56 236 249 276 378 
105 3 173 299 414 
106 10 27 74 173 214 256 344 379 394 395 431 
107 5 72 276 297 405 420 
108 8 19 96 176 217 289 319 353 394 
109 6 172 260 303 310 325 435 
110 5 328 347 394 413 418 
111 6 47 179 201 234 336 418 
112 3 38 161 351 
113 6 11 156 222 238 321 408 
114 5 133 151 226 233 453 
115 5 21 67 151 298 438 
116 6 98 223 239 291 438 450 
117 7 6 47 155 213 371 372 427 
118 6 17 188 279 386 454 459 
119 3 63 162 332 
120 7 70 86 124 166 170 261 404 
121 4 135 140 306 414 
122 5 75 141 251 270 289 
123 6 80 153 264 269 322 425 
124 6 120 132 135 173 189 394 
125 3 222 238 412 
126 4 68 170 189 399 
127 4 146 267 415 456 
128 6 207 233 243 293 301 308 
129 8 26 188 224 225 240 255 345 450 
130 8 2 154 200 216 275 329 351 389 
131 8 76 88 177 215 228 286 413 448 
132 8 84 124 146 203 221 319 402 454 
133 5 6 114 180 182 219 
134 6 41 162 229 436 437 445 
135 8 18 80 121 124 150 278 290 453 
136 1 258 
137 3 57 193 302 
138 4 99 103 289 308 
139 4 87 169 283 332 
140 7 76 121 141 160 230 280 372 
141 5 122 140 160 191 205 
142 7 90 167 192 240 327 355 444 
143 4 13 59 189 449 
144 5 25 276 332 336 365 
145 2 246 437 
146 10 29 41 94 95 127 132 173 194 195 378 
147 4 235 241 358 409 
148 4 51 192 330 345 
149 9 5 54 62 70 98 103 150 164 433 
150 2 135 149 
151 6 45 114 115 231 325 392 
152 7 45 87 98 214 266 267 395 
153 5 103 123 224 242 408 
154 5 25 103 130 303 410 
155 2 95 117 
156 5 113 242 243 254 314 
157 5 41 47 62 195 215 
158 9 46 81 195 237 351 370 398 401 402 
159 9 35 80 102 180 183 188 207 250 288 
160 11 14 54 93 98 140 141 176 199 231 378 411 
161 3 54 112 391 
162 5 119 134 347 374 418 
163 3 91 290 328 
164 5 23 149 244 373 383 
165 4 182 258 357 434 
166 3 35 66 120 
167 3 142 251 309 
168 5 24 40 236 352 353 
169 7 22 60 89 139 188 305 365 
170 5 8 13 103 120 126 
171 4 180 212 349 431 
172 4 109 196 267 436 
173 10 0 58 105 106 124 146 196 261 338 449 
174 2 63 273 
175 2 0 407 
176 6 8 20 108 160 329 353 
177 4 53 88 95 131 
178 3 102 378 386 
179 5 50 111 337 352 414 
180 8 133 159 171 249 296 335 336 394 
181 6 59 191 202 208 282 430 
182 8 26 33 54 65 133 165 366 415 
183 6 22 31 159 215 385 421 
184 8 10 11 40 90 193 202 274 293 
185 1 39 
186 8 213 232 318 345 404 417 433 443 
187 4 45 225 260 455 
188 9 25 64 84 118 129 159 169 222 427 
189 5 58 124 126 143 379 
190 5 45 101 340 404 438 
191 7 12 141 181 198 225 288 290 
192 3 29 142 148 
193 7 137 184 231 302 322 366 408 
194 4 68 96 146 453 
195 5 43 46 146 157 158 
196 11 42 172 173 232 242 260 325 339 381 401 431 
197 5 51 277 288 301 407 
198 2 191 279 
199 5 18 89 160 327 329 
200 3 46 130 205 
201 3 41 111 257 
202 10 12 31 70 181 184 291 298 323 354 357 
203 4 132 221 320 397 
204 1 271 
205 7 103 141 200 268 291 375 411 
206 5 23 25 103 243 390 
207 8 88 92 128 159 278 310 322 347 
208 5 30 181 225 295 420 
209 7 12 19 56 63 213 371 433 
210 5 44 99 304 316 415 
211 4 272 372 430 435 
212 3 171 336 406 
213 7 53 103 117 186 209 267 426 
214 6 34 106 152 215 284 423 
215 5 131 157 183 214 354 
216 9 3 30 130 218 243 266 325 328 374 
217 3 91 108 300 
218 4 216 253 377 411 
219 3 133 288 377 
220 4 22 341 387 449 
221 10 98 99 132 203 246 271 326 334 354 357 
222 5 44 113 125 188 391 
223 6 1 48 116 232 353 428 
224 6 129 153 280 323 327 450 
225 8 59 129 187 191 208 236 239 268 
226 6 92 114 304 352 364 380 
227 5 86 97 257 289 366 
228 4 131 248 309 385 
229 6 11 33 56 67 74 134 
230 6 18 86 140 332 333 398 
231 8 151 160 193 254 311 339 342 355 
232 8 27 186 196 223 261 303 381 393 
233 6 13 34 114 128 280 370 
234 5 53 111 331 407 409 
235 5 4 147 322 354 410 
236 4 28 104 168 225 
237 12 6 8 14 20 77 86 158 291 313 343 362 435 
238 9 25 53 56 113 125 239 255 349 384 
239 4 116 225 238 245 
240 4 38 129 142 378 
241 5 6 147 302 372 396 
242 12 39 47 53 75 153 156 196 300 304 325 382 451 
243 11 1 3 21 128 156 206 216 300 312 345 401 
244 6 8 164 283 395 445 452 
245 5 50 239 363 376 417 
246 3 145 221 414 
247 1 71 
248 3 228 427 436 
249 10 1 52 87 91 104 180 276 296 414 425 
250 5 20 159 358 398 453 
251 7 31 33 122 167 360 362 397 
252 2 45 412 
253 3 6 218 428 
254 2 156 231 
255 3 129 238 450 
256 1 106 
257 5 201 227 270 379 396 
258 3 136 165 316 
259 5 101 305 339 351 389 
260 4 109 187 196 406 
261 8 27 41 43 120 173 232 271 348 
262 2 309 341 
263 2 275 340 
264 7 1 88 123 370 379 386 441 
265 0 
266 2 152 216 
267 8 48 127 152 172 213 307 351 446 
268 6 205 225 301 351 405 459 
269 2 123 318 
270 4 2 122 257 349 
271 6 46 70 204 221 261 456 
272 4 36 69 211 339 
273 5 44 46 174 281 304 
274 8 184 297 341 357 379 383 410 454 
275 9 13 28 92 130 263 296 344 418 456 
276 4 104 107 144 249 
277 5 60 100 197 309 363 
278 3 135 207 373 
279 8 28 54 67 118 198 331 403 406 
280 5 23 41 140 224 233 
281 3 273 285 364 
282 4 25 181 375 424 
283 7 33 92 139 244 285 294 430 
284 5 70 76 214 315 322 
285 4 67 281 283 398 
286 2 131 395 
287 4 396 424 452 455 
288 6 92 159 191 197 219 433 
289 10 48 108 122 138 227 297 308 372 387 419 
290 5 135 163 191 311 395 
291 7 91 116 202 205 237 347 445 
292 3 351 413 431 
293 4 92 128 184 304 
294 2 41 283 
295 7 26 208 304 388 408 436 437 
296 7 68 180 249 275 312 350 420 
297 8 3 63 88 107 274 289 304 337 
298 3 59 115 202 
299 5 87 101 103 105 357 
300 6 5 55 217 242 243 381 
301 11 67 72 78 80 100 128 197 268 305 319 368 
302 5 37 137 193 241 319 
303 8 76 109 154 232 360 399 418 456 
304 13 44 77 82 210 226 242 273 293 295 297 368 388 437 
305 5 169 259 301 421 442 
306 3 121 360 431 
307 2 41 267 
308 8 128 138 289 358 383 394 407 430 
309 6 167 228 262 277 310 371 
310 5 109 207 309 406 459 
311 4 101 231 290 417 
312 6 23 82 243 296 317 338 
313 7 58 77 97 237 329 355 438 
314 2 156 322 
315 7 284 316 326 341 373 439 443 
316 5 61 210 258 315 356 
317 3 312 402 420 
318 7 62 93 186 269 357 443 448 
319 7 53 75 108 132 301 302 414 
320 3 15 203 446 
321 3 113 363 435 
322 8 25 123 193 207 235 284 314 392 
323 5 16 35 202 224 419 
324 2 56 411 
325 9 83 109 151 196 216 242 377 408 454 
326 9 20 39 60 221 315 338 401 416 449 
327 4 142 199 224 366 
328 4 110 163 216 351 
329 5 130 176 199 313 443 
330 3 17 148 360 
331 5 5 6 234 279 374 
332 8 4 25 119 139 144 230 351 402 
333 6 0 30 44 103 230 375 
334 6 9 221 377 392 400 458 
335 6 13 180 372 380 440 442 
336 5 111 144 180 212 420 
337 5 179 297 362 377 389 
338 6 46 173 312 326 361 398 
339 9 44 82 85 196 231 259 272 374 446 
340 5 190 263 427 444 459 
341 6 220 262 274 315 372 378 
342 3 5 231 360 
343 3 53 237 360 
344 10 1 40 46 80 106 275 366 394 406 440 
345 7 14 21 129 148 186 243 446 
346 1 409 
347 10 54 77 110 162 207 291 357 428 430 439 
348 4 26 81 261 418 
349 4 171 238 270 436 
350 5 1 296 370 418 425 
351 10 34 112 130 158 259 267 268 292 328 332 
352 5 65 168 179 226 459 
353 7 32 79 97 108 168 176 223 
354 6 78 95 202 215 221 235 
355 5 3 142 231 313 378 
356 4 316 361 410 437 
357 12 19 35 102 165 202 221 274 299 318 347 390 396 
358 5 23 95 147 250 308 
359 3 68 401 454 
360 8 21 82 251 303 306 330 342 343 
361 5 2 91 96 338 356 
362 4 71 237 251 337 
363 7 19 79 85 245 277 321 385 
364 2 226 281 
365 6 6 33 65 93 144 169 
366 6 1 182 193 227 327 344 
367 4 4 50 102 436 
368 3 25 301 304 
369 3 20 29 441 
370 8 158 233 264 350 374 377 419 450 
371 8 83 117 209 309 376 387 430 457 
372 8 90 117 140 211 241 289 335 341 
373 5 73 164 278 315 427 
374 11 8 28 94 162 216 331 339 370 379 413 427 
375 6 24 48 49 205 282 333 
376 2 245 371 
377 7 218 219 325 334 337 370 389 
378 10 12 42 71 104 146 160 178 240 341 355 
379 12 35 50 57 59 106 189 257 264 274 374 447 452 
380 4 18 98 226 335 
381 4 196 232 300 420 
382 4 8 242 386 401 
383 5 74 164 274 308 418 
384 5 82 85 238 438 442 
385 6 13 20 34 183 228 363 
386 6 118 178 264 382 389 424 
387 4 220 289 371 408 
388 4 10 22 295 304 
389 5 130 259 337 377 386 
390 4 40 97 206 357 
391 3 19 161 222 
392 5 151 322 334 418 453 
393 2 232 439 
394 9 106 108 110 124 180 308 344 438 451 
395 10 10 17 80 106 152 244 286 290 418 447 
396 5 241 257 287 357 448 
397 4 63 203 251 431 
398 7 66 158 230 250 285 338 421 
399 4 126 303 424 443 
400 2 28 334 
401 8 158 196 243 326 359 382 411 434 
402 4 132 158 317 332 
403 2 26 279 
404 4 50 120 186 190 
405 8 40 48 107 268 409 441 446 458 
406 7 13 30 212 260 279 310 344 
407 6 13 84 175 197 234 308 
408 8 100 113 153 193 295 325 387 409 
409 6 147 234 346 405 408 449 
410 6 13 45 154 235 274 356 
411 7 85 160 205 218 324 401 458 
412 2 125 252 
413 5 82 110 131 292 374 
414 8 86 105 121 179 246 249 319 428 
415 4 87 127 182 210 
416 2 61 326 
417 6 42 50 186 245 311 428 
418 11 82 110 111 162 275 303 348 350 383 392 395 
419 3 289 323 370 
420 6 107 208 296 317 336 381 
421 5 48 183 305 398 432 
422 2 20 446 
423 5 37 55 67 214 435 
424 6 40 77 282 287 386 399 
425 5 4 123 249 350 455 
426 1 213 
427 10 29 68 97 99 117 188 248 340 373 374 
428 8 82 223 253 347 414 417 441 442 
429 0 
430 6 181 211 283 308 347 371 
431 7 66 106 171 196 292 306 397 
432 1 421 
433 5 63 149 186 209 288 
434 3 23 165 401 
435 5 109 211 237 321 423 
436 6 134 172 248 295 349 367 
437 6 12 134 145 295 304 356 
438 8 4 96 115 116 190 313 384 394 
439 4 47 315 347 393 
440 3 335 344 444 
441 5 100 264 369 405 428 
442 5 305 335 384 428 458 
443 7 76 186 315 318 329 399 458 
444 4 73 142 340 440 
445 4 70 134 244 291 
446 6 267 320 339 345 405 422 
447 2 379 395 
448 5 29 64 131 318 396 
449 5 143 173 220 326 409 
450 7 18 77 116 129 224 255 370 
451 3 92 242 394 
452 3 244 287 379 
453 5 114 135 194 250 392 
454 5 118 132 274 325 359 
455 5 39 66 187 287 425 
456 5 3 127 271 275 303 
457 1 371 
458 7 38 78 334 405 411 442 443 
459 5 118 268 310 340 352 
