460 4903
0 13 7 61 76 81 163 173 175 202 333 395 396 411 445 
1 23 10 34 42 56 57 148 167 179 223 225 243 249 264 269 312 314 344 350 366 398 410 424 426 
2 14 38 96 109 130 193 270 272 289 308 323 361 415 446 458 
3 28 8 16 46 53 61 78 82 86 90 91 100 106 141 167 200 208 216 243 256 260 285 297 355 383 386 431 445 456 
4 22 20 22 62 92 157 172 196 199 207 235 277 290 318 332 346 367 371 379 417 422 425 438 
5 18 77 90 128 149 156 158 189 246 273 287 300 331 338 342 343 382 399 417 
6 25 26 60 62 87 90 93 117 124 133 169 209 215 237 241 253 300 331 339 344 365 383 397 435 436 445 
7 19 0 14 16 40 48 89 90 93 163 237 259 276 284 321 322 364 401 424 425 
8 16 3 27 30 96 170 176 211 237 244 246 287 299 343 358 374 382 
9 15 13 19 47 56 125 142 167 243 255 268 303 334 350 378 379 
10 19 1 31 42 46 70 150 184 233 316 340 358 376 378 387 388 395 400 441 455 
11 17 29 63 77 87 113 148 149 184 196 229 252 297 310 327 399 438 455 
12 22 26 35 42 61 68 119 142 178 191 202 209 238 261 265 315 337 344 378 389 402 427 437 
13 22 9 65 71 72 91 111 117 143 145 170 189 233 255 275 279 335 356 385 406 407 410 421 
14 23 7 34 36 38 39 46 71 116 121 150 152 160 237 264 290 298 345 350 388 408 409 428 444 
15 18 23 56 86 95 110 157 176 209 214 273 301 320 322 327 328 341 433 450 
16 20 3 7 28 35 72 82 121 185 204 210 221 265 291 292 297 312 323 342 397 423 
17 21 25 56 79 102 106 118 126 132 147 184 200 201 231 274 286 330 336 342 350 395 444 
18 19 26 36 48 61 134 135 176 199 215 230 252 267 380 387 393 399 416 450 457 
19 32 9 47 59 65 77 78 84 94 99 108 116 134 202 209 241 288 290 308 350 353 357 363 367 368 372 383 391 400 406 419 421 430 
20 22 4 60 82 100 114 156 157 176 181 237 250 264 303 317 326 369 378 385 386 401 422 434 
21 24 40 52 67 78 115 138 157 184 189 190 193 204 230 231 243 268 289 292 316 334 345 350 360 415 
22 13 4 59 65 76 169 183 220 228 276 349 388 413 427 
23 27 15 34 42 70 164 172 174 198 204 206 221 274 280 286 310 312 316 325 351 358 388 395 411 431 434 442 450 
24 23 48 51 53 55 76 81 84 88 103 109 112 114 168 318 329 334 375 390 399 420 422 436 455 
25 23 17 38 44 67 76 83 109 144 154 165 174 188 196 206 217 231 238 282 294 322 332 368 411 
26 24 6 12 18 34 62 65 108 129 182 188 197 235 245 275 295 323 327 329 343 348 360 371 403 416 
27 18 8 40 90 106 115 126 179 196 232 261 266 283 296 299 323 325 341 345 
28 17 16 48 57 58 70 78 132 151 160 196 236 244 275 279 374 400 454 
29 27 11 49 58 76 82 94 116 130 146 161 175 192 211 235 280 323 333 358 365 369 394 395 427 432 434 439 448 
30 18 8 46 75 137 157 194 207 208 216 237 292 296 304 314 333 336 406 439 
31 20 10 39 46 51 161 170 179 183 200 202 206 222 226 251 272 293 308 407 426 433 
32 15 82 83 107 121 148 161 179 233 286 292 353 354 363 368 398 
33 21 39 49 50 76 123 164 182 216 217 226 229 251 275 283 312 334 345 355 365 375 445 
34 24 1 14 23 26 72 74 78 163 214 215 230 233 238 247 301 306 336 351 363 378 385 387 403 420 
35 18 12 16 46 50 108 126 159 166 188 253 282 323 342 357 376 379 395 411 
36 12 14 18 37 60 193 249 272 285 291 315 348 404 
37 25 36 38 55 60 76 139 149 173 181 231 253 257 289 293 302 308 335 351 401 412 423 431 451 454 459 
38 25 2 14 25 37 45 68 72 105 112 117 138 142 204 215 226 234 240 308 338 343 379 425 435 439 458 
39 21 14 31 33 55 96 165 169 185 197 242 307 321 326 331 355 366 383 388 428 445 455 
40 30 7 21 27 74 97 110 116 125 138 168 183 184 193 208 234 239 241 248 249 266 291 292 299 315 344 354 386 390 405 424 
41 31 66 75 80 83 92 93 103 134 143 146 157 169 197 199 201 208 222 236 252 261 280 283 287 294 307 341 342 368 370 380 450 
42 24 1 10 12 23 85 86 143 146 151 196 226 235 258 267 281 291 305 315 329 351 367 378 417 454 
43 14 118 145 183 195 204 261 265 325 336 343 364 434 435 454 
44 22 25 65 75 86 94 162 187 188 210 222 271 273 304 313 323 326 333 334 339 376 398 429 
45 24 38 66 72 96 117 131 151 152 187 189 190 211 222 238 245 252 325 341 354 366 380 392 400 410 
46 35 3 10 14 30 31 35 60 61 86 117 121 157 158 161 174 186 189 195 200 232 246 268 271 273 305 328 338 344 353 354 365 371 372 375 448 
47 21 9 19 90 97 108 109 111 117 157 163 239 242 306 308 345 411 431 436 439 442 454 
48 33 7 18 24 28 53 54 58 66 130 137 139 174 183 223 237 255 267 284 289 342 351 355 366 370 373 374 375 405 421 423 427 428 444 
49 16 29 33 53 59 92 127 140 224 230 307 324 375 398 428 438 451 
50 23 33 35 51 98 107 108 120 146 179 197 234 245 319 326 332 347 349 367 379 385 401 404 417 
51 26 24 31 50 72 74 75 81 93 105 135 148 192 197 223 258 288 308 334 340 344 356 360 406 447 449 454 
52 15 21 86 175 185 195 249 257 356 360 368 373 414 432 436 443 
53 32 3 24 48 49 57 128 130 142 155 177 187 213 230 234 238 242 271 281 283 286 293 319 321 323 324 343 352 366 370 380 392 422 
54 23 48 57 66 93 99 100 101 103 104 149 160 161 182 216 279 283 306 315 342 347 389 422 458 
55 21 24 37 39 60 94 178 189 191 216 225 235 240 248 300 309 364 394 423 426 453 459 
56 17 1 9 15 17 73 74 104 115 154 209 229 238 244 281 324 375 430 
57 16 1 28 53 54 62 101 133 137 167 230 253 307 341 366 379 431 
58 17 28 29 48 82 173 184 189 196 206 223 241 253 300 313 330 386 404 
59 26 19 22 49 67 83 87 124 129 141 143 148 164 173 174 181 199 202 215 223 225 261 298 379 397 422 436 
60 19 6 20 36 37 46 55 152 169 179 181 263 272 277 294 326 339 375 394 434 
61 32 0 3 12 18 46 75 112 126 146 148 157 161 196 197 222 258 274 282 286 302 316 325 339 340 373 377 396 407 416 421 422 448 
62 17 4 6 26 57 116 149 157 222 242 297 314 318 322 379 420 437 439 
63 38 11 73 83 91 96 99 119 122 127 130 139 157 158 159 161 163 168 173 174 203 209 214 233 252 269 297 298 300 329 371 397 399 402 420 432 433 438 458 
64 17 66 69 86 136 149 154 161 174 188 210 221 253 278 316 386 391 448 
65 24 13 19 22 26 44 93 155 182 203 211 223 238 254 258 280 287 352 365 398 419 426 449 455 458 
66 19 41 45 48 54 64 87 122 123 124 166 169 276 296 380 388 397 398 431 455 
67 21 21 25 59 90 106 115 132 152 170 203 229 274 279 285 292 301 322 347 392 423 439 
68 24 12 38 72 97 102 126 130 159 164 194 213 219 241 268 274 279 295 296 359 365 382 427 442 454 
69 17 64 145 174 175 213 229 231 233 249 272 292 312 363 396 424 439 457 
70 24 10 23 28 73 90 93 108 120 148 149 188 202 229 239 268 271 278 284 337 383 384 412 418 445 
71 15 13 14 84 133 148 188 218 232 243 247 351 362 366 378 385 
72 26 13 16 34 38 45 51 68 79 95 107 154 200 203 213 287 301 314 359 360 373 391 393 406 421 425 449 
73 22 56 63 70 74 80 81 108 110 131 133 218 246 249 291 367 373 405 411 435 444 448 454 
74 26 34 40 51 56 73 82 98 106 115 121 133 154 165 181 189 203 229 233 264 276 286 356 383 388 403 447 
75 16 30 41 44 51 61 108 122 125 126 157 167 242 285 309 319 329 
76 28 0 22 24 25 29 33 37 86 90 108 115 131 140 175 183 265 277 284 285 303 335 338 346 380 408 428 435 443 
77 27 5 11 19 98 101 111 138 193 237 276 284 300 302 304 313 320 331 340 347 354 385 393 412 424 450 456 457 
78 25 3 19 21 28 34 123 149 150 155 156 162 240 242 253 283 301 307 320 348 354 407 418 448 457 458 
79 14 17 72 83 121 177 207 236 293 300 313 327 353 363 399 
80 21 41 73 118 123 129 130 135 146 157 159 209 301 318 344 358 394 395 415 418 448 450 
81 13 0 24 51 73 121 139 158 204 246 264 270 317 348 
82 31 3 16 20 29 32 58 74 100 130 157 164 184 225 241 284 304 312 324 338 339 351 360 371 384 401 410 413 418 425 428 448 
83 16 25 32 41 59 63 79 132 136 151 172 183 194 284 290 325 371 
84 15 19 24 71 132 141 177 180 188 252 263 276 334 407 437 446 
85 20 42 87 144 158 248 309 317 339 343 348 363 380 384 392 409 411 413 431 432 458 
86 31 3 15 42 44 46 52 64 76 90 120 134 139 155 157 197 212 227 230 237 240 266 267 326 357 360 414 421 432 445 453 458 
87 24 6 11 59 66 85 93 110 118 139 152 171 198 249 278 282 299 328 348 358 371 384 415 458 459 
88 20 24 90 112 114 131 170 176 177 199 207 264 269 297 300 344 373 385 388 389 447 
89 20 7 97 103 120 169 175 199 201 212 247 265 276 302 315 366 375 386 411 422 435 
90 27 3 5 6 7 27 47 67 70 76 86 88 98 103 106 121 142 184 220 226 281 364 370 372 399 416 433 459 
91 18 3 13 63 110 121 163 210 217 249 286 291 292 319 361 396 419 426 447 
92 20 4 41 49 97 181 207 226 227 238 275 283 288 293 317 329 374 403 404 413 451 
93 20 6 7 41 51 54 65 70 87 132 151 160 193 216 294 296 306 318 345 365 418 
94 18 19 29 44 55 146 154 165 234 235 262 280 302 330 371 374 418 425 437 
95 23 15 72 112 132 138 141 146 155 164 177 183 188 212 217 220 305 317 332 340 354 358 362 405 
96 18 2 8 39 45 63 108 133 156 194 240 330 361 366 374 423 438 445 447 
97 25 40 47 68 89 92 109 121 137 140 170 185 211 212 227 241 269 275 313 344 353 372 388 390 394 427 
98 20 50 74 77 90 116 132 149 152 160 167 221 234 271 277 305 362 376 380 382 383 
99 17 19 54 63 112 136 138 156 167 210 221 288 315 351 375 404 420 427 
100 21 3 20 54 82 111 121 153 177 183 205 239 244 277 278 285 301 402 408 422 423 441 
101 19 54 57 77 132 150 158 176 179 187 190 191 195 259 299 311 341 377 443 451 
102 19 17 68 159 169 175 178 204 224 236 279 297 354 357 361 367 392 395 431 452 
103 30 24 41 54 89 90 121 138 142 149 152 153 154 170 173 178 205 206 213 249 277 299 309 310 311 333 350 430 431 439 445 
104 24 54 56 139 144 163 175 183 206 213 223 236 249 261 276 289 317 342 350 358 376 378 427 439 449 
105 17 38 51 134 150 173 191 203 218 222 297 299 307 308 342 347 409 414 
106 22 3 17 27 67 74 90 113 126 128 173 214 248 256 262 318 344 379 394 395 431 442 453 
107 16 32 50 72 172 188 204 212 253 269 276 297 320 400 405 420 445 
108 28 19 26 35 47 50 70 73 75 76 96 133 138 140 147 166 176 201 217 269 270 288 289 319 353 357 363 394 395 
109 19 2 24 25 47 97 144 172 187 218 239 260 297 303 310 325 376 401 422 435 
110 26 15 40 73 87 91 114 185 191 241 244 246 247 268 271 289 302 328 339 341 347 391 394 413 415 418 431 
111 18 13 47 77 100 138 179 201 214 234 238 248 334 336 347 380 418 438 441 
112 16 24 38 61 88 95 99 141 161 176 214 241 313 347 351 355 400 
113 16 11 106 141 142 156 178 222 227 238 295 321 368 370 408 416 438 
114 15 20 24 88 110 130 133 151 226 233 237 299 400 413 439 453 
115 19 21 27 56 67 74 76 121 127 128 151 163 248 285 298 334 347 363 409 438 
116 26 14 19 29 40 62 98 129 134 138 180 198 202 223 230 239 275 279 287 291 310 320 352 400 406 438 450 
117 20 6 13 38 45 46 47 155 213 253 256 267 300 354 357 367 371 372 415 425 427 
118 21 17 43 80 87 157 174 188 233 235 238 266 279 297 316 331 386 424 439 446 454 459 
119 20 12 63 137 151 162 173 190 210 212 291 314 323 332 337 368 371 381 382 396 408 
120 19 50 70 86 89 124 166 170 185 234 242 259 261 280 284 371 373 378 380 404 
121 24 14 16 32 46 74 79 81 90 91 97 100 103 115 135 140 204 260 306 343 378 390 412 413 414 
122 24 63 66 75 135 141 147 163 168 172 188 189 241 248 251 270 286 289 309 337 352 358 387 411 456 
123 17 33 66 78 80 135 153 159 213 241 264 265 269 272 322 390 422 425 
124 19 6 59 66 120 132 135 159 173 189 199 243 277 299 302 352 381 394 403 428 
125 21 9 40 75 130 144 184 187 212 217 221 222 238 256 282 346 382 412 414 427 428 436 
126 22 17 27 35 61 68 75 106 133 161 170 189 193 234 241 243 312 334 397 399 422 443 448 
127 21 49 63 115 128 131 146 174 177 232 267 280 291 321 329 362 415 416 418 429 447 456 
128 26 5 53 106 115 127 160 165 200 207 220 225 233 243 271 274 287 291 293 295 301 308 351 363 371 384 451 
129 17 26 59 80 116 141 188 224 225 238 240 255 261 289 297 345 346 450 
130 23 2 29 48 53 63 68 80 82 114 125 154 174 185 191 200 216 275 282 329 351 363 389 404 
131 22 45 73 76 88 127 156 177 200 215 217 228 231 242 286 291 295 316 352 357 362 413 448 
132 25 17 28 67 83 84 93 95 98 101 124 146 181 203 221 234 235 257 278 296 314 319 347 381 402 454 
133 25 6 57 71 73 74 96 108 114 126 153 180 182 207 211 219 225 298 327 350 351 378 393 396 419 429 
134 23 18 19 41 86 105 116 162 163 205 217 228 229 231 241 278 315 333 364 407 436 437 445 459 
135 20 18 51 80 121 122 123 124 150 154 169 173 194 210 216 273 278 290 342 385 453 
136 13 64 83 99 147 155 195 215 229 250 258 261 380 429 
137 13 30 48 57 97 119 154 193 196 220 234 302 411 424 
138 24 21 38 40 77 95 99 103 108 111 116 146 220 236 238 243 289 308 331 348 374 395 398 440 456 
139 28 37 48 63 81 86 87 104 145 146 160 169 211 212 225 244 256 258 262 283 290 332 354 357 366 394 399 423 452 
140 23 49 76 97 108 121 141 160 181 223 230 233 246 263 280 287 301 324 329 351 365 372 439 459 
141 20 3 59 84 95 112 113 122 129 140 157 160 166 191 199 205 276 333 350 416 437 
142 23 9 12 38 53 90 103 113 145 167 171 192 204 240 247 266 276 315 327 355 378 391 401 444 
143 21 13 41 42 59 144 189 200 219 241 242 268 325 335 337 352 354 356 392 426 449 459 
144 23 25 85 104 109 125 143 146 152 157 159 217 276 316 332 336 362 365 372 382 415 421 424 430 
145 21 13 43 69 139 142 222 228 235 240 246 264 294 322 355 390 408 415 429 431 437 459 
146 29 29 41 42 50 61 80 94 95 127 132 138 139 144 152 172 173 191 194 195 202 235 285 288 332 365 378 379 398 442 
147 15 17 108 122 136 161 235 241 249 332 340 358 390 399 409 421 
148 27 1 11 32 51 59 61 70 71 158 178 192 225 238 245 246 260 286 328 330 334 341 345 386 420 425 434 458 
149 24 5 11 37 54 62 64 70 78 98 103 150 164 231 255 264 288 296 331 379 384 390 425 426 433 
150 16 10 14 78 101 105 135 149 190 253 255 259 305 321 327 371 422 
151 24 28 42 45 83 93 114 115 119 174 185 216 231 238 268 269 325 336 354 392 397 405 418 435 445 
152 24 14 45 60 67 87 98 103 144 146 163 214 266 267 296 301 325 326 353 356 388 395 397 402 439 
153 14 100 103 123 133 194 224 242 243 297 305 325 408 422 437 
154 24 25 56 64 72 74 94 103 130 135 137 174 222 269 303 309 314 390 394 410 424 429 431 458 459 
155 18 53 65 78 86 95 117 136 192 201 229 232 257 264 321 324 349 399 405 
156 24 5 20 78 96 99 113 131 164 185 187 189 234 242 243 244 254 270 314 321 344 356 369 379 418 
157 32 4 15 20 21 30 41 46 47 61 62 63 75 80 82 86 118 141 144 193 195 213 215 220 229 303 312 318 366 387 400 415 451 
158 27 5 46 63 81 85 101 148 162 195 207 237 263 280 333 339 348 351 355 370 390 392 395 398 401 402 432 444 
159 21 35 63 68 80 102 123 124 144 176 180 183 188 207 233 250 282 288 307 314 365 370 
160 23 14 28 54 93 98 128 139 140 141 176 195 197 199 212 231 253 292 312 355 378 401 411 441 
161 27 29 31 32 46 54 61 63 64 112 126 147 172 182 200 203 224 249 263 279 280 327 366 367 391 404 412 450 
162 22 44 78 119 134 158 169 232 263 272 327 331 336 346 347 373 374 375 378 418 429 438 442 
163 23 0 7 34 47 63 91 104 115 122 134 152 210 213 237 263 290 310 328 348 408 420 428 445 
164 24 23 33 59 68 82 95 149 156 169 171 194 211 244 247 261 323 347 355 368 373 383 408 431 449 
165 21 25 39 74 94 128 170 172 182 245 258 305 357 361 362 376 403 404 414 426 434 458 
166 14 35 66 108 120 141 186 192 235 263 287 302 345 415 429 
167 23 1 3 9 57 75 98 99 142 230 233 251 257 285 288 295 307 309 332 337 340 351 453 458 
168 15 24 40 63 122 236 301 335 352 353 361 405 427 430 449 456 
169 28 6 22 39 41 60 66 89 102 135 139 162 164 188 203 207 275 305 333 336 342 365 370 373 389 406 415 433 444 
170 17 8 13 31 67 88 97 103 120 126 165 243 268 305 310 323 401 425 
171 14 87 142 164 180 193 212 264 269 323 349 358 393 431 456 
172 17 4 23 83 107 109 122 146 161 165 191 196 213 253 267 365 386 436 
173 33 0 37 58 59 63 103 105 106 119 124 135 146 196 221 230 233 261 262 264 286 299 323 338 345 363 364 415 417 430 434 438 445 449 
174 26 23 25 46 48 59 63 64 69 118 127 130 151 154 185 186 261 265 269 273 298 328 336 371 375 384 410 
175 22 0 29 52 69 76 89 102 104 182 197 235 245 257 268 304 307 316 373 407 413 414 435 
176 18 8 15 18 20 88 101 108 112 159 160 283 329 347 353 370 416 417 433 
177 16 53 79 84 88 95 100 127 131 189 217 229 235 240 423 434 455 
178 12 12 55 102 103 113 148 195 290 360 367 378 386 
179 26 1 27 31 32 50 60 101 111 194 234 251 265 270 281 283 324 327 334 337 352 355 361 414 432 436 438 
180 20 84 116 133 159 171 191 192 215 238 240 249 294 296 318 335 336 382 391 394 417 
181 21 20 37 59 60 74 92 132 140 191 202 208 209 227 250 257 282 284 290 334 367 430 
182 17 26 33 54 65 133 161 165 175 217 224 246 271 366 380 409 415 452 
183 26 22 31 40 43 48 76 83 95 100 104 159 200 215 220 255 264 267 269 324 340 348 357 375 385 389 421 
184 21 10 11 17 21 40 58 82 90 125 193 202 204 220 226 229 245 247 272 274 293 355 
185 15 16 39 52 97 110 120 130 151 156 174 193 213 247 262 344 
186 19 46 166 174 207 213 223 232 247 317 318 345 346 404 417 425 429 433 443 458 
187 22 44 45 53 101 109 125 156 191 192 204 210 219 225 246 260 286 292 310 367 426 434 455 
188 31 25 26 35 44 64 70 71 84 95 107 118 122 129 159 169 193 204 218 222 248 304 306 341 345 357 358 395 404 411 427 443 
189 30 5 13 21 45 46 55 58 74 122 124 126 143 156 177 207 213 241 268 275 283 289 292 305 322 332 359 368 379 421 454 
190 19 21 45 101 119 150 209 239 254 280 293 308 340 362 366 388 404 406 424 438 
191 26 12 55 101 105 110 130 141 146 172 180 181 187 198 224 225 268 278 281 288 290 359 363 396 426 450 451 
192 13 29 51 142 148 155 166 180 187 202 305 427 437 444 
193 29 2 21 36 40 77 93 126 137 157 171 184 185 188 231 235 237 248 260 269 302 322 366 401 408 409 411 431 447 458 
194 23 30 68 83 96 135 146 153 164 179 213 217 313 315 352 369 379 390 421 425 439 442 453 456 
195 24 43 46 52 101 136 146 157 158 160 178 207 228 243 260 264 293 303 318 333 336 348 407 430 443 
196 29 4 11 25 27 28 42 58 61 137 172 173 232 242 255 258 260 263 271 282 317 325 339 358 361 381 401 404 407 431 
197 24 26 39 41 50 51 61 86 160 175 205 258 264 266 268 277 288 290 301 310 316 353 407 408 432 
198 13 23 87 116 191 212 272 273 279 291 331 376 377 432 
199 20 4 18 41 59 88 89 124 141 160 200 220 261 310 315 327 329 335 388 429 444 
200 20 3 17 31 46 72 128 130 131 143 161 183 199 205 222 293 296 326 334 398 429 
201 18 17 41 89 108 111 155 227 255 257 269 334 351 352 365 371 423 432 448 
202 29 0 12 19 31 59 70 116 146 181 184 192 206 277 291 298 323 344 348 354 357 406 413 417 421 428 433 438 443 451 
203 23 63 65 67 72 74 105 132 161 169 207 220 221 275 290 320 367 368 377 397 417 425 428 446 
204 19 16 21 23 38 43 81 102 107 121 142 184 187 188 210 213 271 375 380 402 
205 22 100 103 134 141 197 200 210 221 255 268 291 314 331 366 369 375 391 392 411 416 423 446 
206 13 23 25 31 58 103 104 202 243 250 339 353 356 390 
207 26 4 30 79 88 92 128 133 158 159 169 186 189 195 203 255 278 310 322 336 344 347 348 405 426 449 455 
208 18 3 30 40 41 181 225 242 249 250 261 270 284 290 295 316 370 382 420 
209 19 6 12 15 19 56 63 80 181 190 213 270 289 295 324 340 354 371 433 436 
210 21 16 44 64 91 99 119 135 163 187 204 205 226 273 280 304 312 316 338 389 391 415 
211 18 8 29 45 65 97 133 139 164 223 272 316 333 342 368 372 388 430 435 
212 25 86 89 95 97 107 119 125 139 160 171 198 232 261 264 270 280 287 296 320 336 359 367 382 386 406 
213 28 53 68 69 72 103 104 117 123 157 163 172 185 186 189 194 204 209 252 253 256 267 291 302 321 346 380 426 448 
214 17 15 34 63 106 111 112 152 215 229 284 376 391 394 395 402 412 423 
215 20 6 18 34 38 59 131 136 157 180 183 214 218 270 310 348 351 354 415 443 446 
216 23 3 30 33 54 55 93 130 135 151 218 223 227 232 243 256 266 325 328 341 366 374 409 451 
217 23 25 33 91 95 108 125 131 134 144 177 182 194 247 300 304 318 326 368 375 403 441 445 449 
218 16 71 73 105 109 188 215 216 253 263 266 275 319 351 377 411 451 
219 12 68 133 143 187 223 269 288 313 377 383 386 445 
220 26 22 90 95 128 137 138 157 183 184 199 203 250 282 288 296 333 341 346 350 387 390 393 429 441 449 454 
221 22 16 23 64 98 99 125 132 173 203 205 232 246 271 326 333 334 354 357 435 441 452 455 
222 27 31 41 44 45 61 62 105 113 125 145 154 188 200 238 289 321 325 360 370 371 375 380 382 384 391 447 458 
223 24 1 48 51 58 59 65 104 116 140 186 211 216 219 232 241 247 272 294 311 316 350 353 408 428 
224 24 49 102 129 153 161 182 191 229 263 273 280 313 323 327 348 355 357 358 366 424 434 435 450 453 
225 19 1 55 59 82 128 129 133 139 148 187 191 208 236 239 268 316 319 430 445 
226 22 31 33 38 42 90 92 114 184 210 284 285 297 304 335 343 352 364 367 372 380 432 442 
227 21 86 92 97 113 181 201 216 248 257 289 297 302 317 320 354 366 367 384 402 427 437 
228 13 22 131 134 145 195 245 248 300 309 320 327 385 453 
229 19 11 33 56 67 69 70 74 134 136 155 157 177 184 214 224 241 266 426 433 
230 24 18 21 34 49 53 57 86 116 140 167 173 233 266 296 332 333 335 343 344 398 404 434 445 454 
231 22 17 21 25 37 69 131 134 149 151 160 193 254 284 288 311 339 342 355 369 392 424 445 
232 20 27 46 71 127 155 162 186 196 212 216 221 223 261 288 303 350 377 381 383 393 
233 24 10 13 32 34 63 69 74 114 118 128 140 159 167 173 230 280 319 335 353 357 370 373 405 426 
234 26 38 40 50 53 94 98 111 120 126 132 137 156 179 247 291 331 358 371 376 385 396 407 409 436 443 453 
235 25 4 26 29 42 55 94 118 132 145 146 147 166 175 177 193 254 322 325 347 354 410 427 435 437 439 
236 20 28 41 79 102 104 138 168 225 263 265 282 284 301 310 313 319 329 373 380 406 
237 24 6 7 8 14 20 30 48 77 86 114 158 163 193 270 291 313 333 343 354 362 366 401 415 435 
238 30 12 25 34 45 53 56 65 92 111 113 118 125 129 138 148 151 180 222 239 255 304 317 349 363 365 384 389 391 444 445 
239 18 40 47 70 100 109 116 190 225 238 245 254 296 297 330 349 355 373 407 
240 17 38 55 78 86 96 129 142 145 177 180 354 359 363 378 445 452 458 
241 33 6 19 40 58 68 82 97 110 112 122 123 126 134 143 147 189 223 229 249 251 272 278 302 312 319 330 338 365 372 396 404 412 424 
242 26 39 47 53 62 75 78 120 131 143 153 156 196 208 250 254 293 299 300 304 307 322 325 339 340 382 451 
243 26 1 3 9 21 71 124 126 128 138 153 156 170 195 206 216 246 300 302 312 345 380 401 408 411 434 437 
244 20 8 28 56 100 110 139 156 164 257 273 283 292 315 372 377 382 395 401 445 452 
245 18 26 45 50 148 165 175 184 228 239 305 349 363 376 389 417 428 435 459 
246 18 5 8 46 73 81 110 140 145 148 182 187 221 243 280 331 360 414 433 
247 19 34 71 89 110 142 164 184 185 186 217 223 234 271 287 343 383 400 405 416 
248 19 40 55 85 106 111 115 122 188 193 227 228 265 271 294 345 385 410 427 436 
249 30 1 36 40 52 69 73 87 91 103 104 147 161 180 208 241 254 257 276 296 340 342 343 379 392 412 414 418 420 425 429 
250 15 20 136 159 181 206 208 220 242 291 299 358 398 418 438 453 
251 18 31 33 122 167 179 241 279 287 289 314 340 360 362 379 397 431 433 441 
252 16 11 18 41 45 63 84 213 285 304 326 330 331 397 412 436 441 
253 25 6 35 37 57 58 64 78 107 117 150 160 172 213 218 266 287 311 319 321 342 361 388 405 428 430 
254 14 65 156 190 231 235 239 242 249 308 326 343 393 441 452 
255 16 9 13 48 129 149 150 183 196 201 205 207 238 287 293 301 450 
256 11 3 106 117 125 139 213 216 260 265 359 363 
257 19 37 52 132 155 167 175 181 201 227 244 249 270 277 278 295 318 379 396 412 
258 16 42 51 61 65 136 139 165 196 197 309 316 324 337 404 423 446 
259 17 7 101 120 150 303 305 326 338 339 351 387 389 390 395 406 426 449 
260 16 3 109 121 148 187 193 195 196 256 287 304 401 406 416 420 436 
261 25 12 27 41 43 59 104 120 129 136 164 173 174 199 208 212 232 271 283 330 348 373 384 389 443 452 
262 15 94 106 139 173 185 265 309 310 335 341 343 365 404 408 452 
263 21 60 84 140 158 161 162 163 166 196 218 224 236 275 292 313 325 340 349 398 433 439 
264 28 1 14 20 74 81 88 123 145 149 155 171 173 183 195 197 212 267 291 299 324 364 370 379 382 384 386 441 451 
265 20 12 16 43 76 89 123 174 179 236 248 256 262 297 317 357 359 384 425 444 455 
266 16 27 40 86 118 142 152 197 216 218 229 230 253 277 291 354 447 
267 21 18 42 48 86 117 127 152 172 183 213 264 297 307 351 370 371 391 394 423 434 446 
268 26 9 21 46 68 70 110 143 151 170 175 189 191 197 205 225 289 293 301 351 366 383 403 405 417 421 459 
269 24 1 63 88 97 107 108 123 151 154 171 174 183 193 201 219 294 306 318 326 356 358 376 408 411 
270 17 2 81 108 122 156 179 208 209 212 215 237 257 349 389 418 443 458 
271 22 44 46 53 70 98 110 128 182 196 204 221 247 248 261 272 283 312 317 341 388 423 456 
272 20 2 31 36 60 69 123 162 184 198 211 223 241 271 281 326 339 341 349 362 455 
273 18 5 15 44 46 135 174 198 210 224 244 281 291 304 355 365 386 398 423 
274 23 17 23 61 67 68 128 184 297 318 337 341 346 357 376 378 379 383 384 401 410 419 424 454 
275 24 13 26 28 33 92 97 116 130 169 189 203 218 263 292 296 297 344 348 383 414 418 427 438 456 
276 16 7 22 66 74 77 84 89 104 107 141 142 144 249 301 394 419 
277 16 4 60 76 98 100 103 124 197 202 257 266 285 298 309 363 419 
278 17 64 70 87 100 132 134 135 191 207 241 257 288 339 373 374 394 459 
279 16 13 28 54 67 68 102 116 118 161 198 251 283 331 377 403 406 
280 20 23 29 41 65 94 120 127 140 158 161 190 210 212 224 233 246 318 322 356 366 
281 15 42 53 56 90 179 191 272 273 285 349 355 364 383 397 445 
282 15 25 35 61 87 125 130 159 181 196 220 236 306 375 388 424 
283 25 27 33 41 53 54 78 92 139 176 179 189 244 261 271 279 285 294 329 345 348 395 399 410 430 454 
284 21 7 48 70 76 77 82 83 120 181 208 214 226 231 236 289 290 315 322 333 354 447 
285 20 3 36 67 75 76 100 115 146 167 226 252 277 281 283 323 386 398 410 430 441 
286 21 17 23 32 53 61 74 91 122 131 148 173 187 335 351 357 394 395 400 411 416 430 
287 24 5 8 41 65 72 116 128 140 166 212 247 251 253 255 260 325 356 387 396 424 425 452 455 457 
288 26 19 51 92 99 108 146 149 159 167 191 197 219 220 231 232 278 296 323 363 369 384 385 411 430 433 454 
289 27 2 21 37 48 104 108 110 122 129 138 189 209 222 227 251 268 284 297 308 328 354 372 387 398 399 419 457 
290 22 4 14 19 83 135 139 163 178 181 191 197 203 208 284 311 332 355 395 434 436 438 449 
291 26 16 36 40 42 73 91 116 119 127 128 131 198 202 205 213 234 237 250 264 266 273 327 347 411 421 445 
292 25 16 21 30 32 40 67 69 91 160 187 189 244 263 275 317 331 346 351 380 396 411 413 423 431 455 
293 17 31 37 53 79 92 128 184 190 195 200 242 255 268 304 325 349 363 
294 14 25 41 60 93 145 180 223 248 269 283 314 341 363 426 
295 17 26 68 113 128 131 167 208 209 257 304 370 388 408 425 436 437 439 
296 28 27 30 66 68 93 132 149 152 180 200 212 220 230 239 249 275 288 312 324 350 351 369 386 405 407 419 420 454 
297 29 3 11 16 62 63 88 102 105 107 109 118 129 153 226 227 239 265 267 274 275 289 304 330 337 355 382 398 414 444 
298 12 14 59 63 115 133 174 202 277 316 322 356 398 
299 21 8 27 40 87 101 103 105 114 124 173 242 250 264 318 339 357 374 380 387 392 410 
300 19 5 6 55 58 63 77 79 88 117 217 228 242 243 303 331 344 378 381 422 
301 28 15 34 67 72 78 80 100 128 140 152 168 197 236 255 268 276 305 311 318 319 327 359 365 368 383 407 413 453 
302 20 37 61 77 89 94 110 124 137 166 193 213 227 241 243 319 349 382 386 392 407 
303 18 9 20 76 109 154 157 195 232 259 300 320 344 360 365 395 399 418 456 
304 25 30 44 77 82 175 188 210 217 226 238 242 252 260 273 293 295 297 321 335 343 350 368 370 388 437 
305 20 42 46 95 98 150 153 165 169 170 189 192 245 259 301 363 390 399 421 437 442 
306 13 34 47 54 93 121 188 269 282 307 360 390 392 431 
307 17 39 41 49 57 78 105 159 167 175 242 267 306 359 389 411 430 453 
308 25 2 19 31 37 38 47 51 105 128 138 190 254 289 312 317 349 358 383 394 404 407 419 430 438 444 
309 20 55 75 85 103 122 154 167 228 258 262 277 310 313 371 380 389 394 397 438 444 
310 26 11 23 103 109 116 163 170 187 197 199 207 215 236 262 309 311 361 385 389 392 406 415 419 431 438 459 
311 13 101 103 223 231 253 290 301 310 314 318 417 444 447 
312 22 1 16 23 33 69 82 126 157 160 210 241 243 271 296 308 317 327 338 359 406 421 450 
313 22 44 58 77 79 97 112 194 219 224 236 237 263 309 321 325 329 355 384 403 418 430 438 
314 22 1 30 62 72 119 132 154 156 159 205 251 294 311 317 322 328 330 356 370 375 444 445 
315 28 12 36 40 42 54 89 99 134 142 194 199 244 284 316 326 334 338 341 370 373 375 381 383 392 426 428 439 443 
316 25 10 21 23 61 64 118 131 144 175 197 208 210 211 223 225 258 298 315 324 327 356 388 391 414 448 
317 24 20 81 85 92 95 104 186 196 227 238 265 271 292 308 312 314 324 358 371 402 411 420 422 459 
318 26 4 24 62 80 93 106 157 180 186 195 217 257 269 274 280 299 301 311 328 342 357 433 443 447 448 451 
319 21 50 53 75 91 108 132 218 225 233 236 241 253 301 302 322 345 367 414 432 442 445 
320 16 15 77 78 107 116 203 212 227 228 303 329 338 385 389 446 457 
321 19 7 39 53 113 127 150 155 156 213 222 253 304 313 357 363 376 397 435 440 
322 22 7 15 25 62 67 123 145 189 193 207 235 242 280 284 298 314 319 372 392 430 448 454 
323 28 2 16 26 27 29 35 44 53 119 164 170 171 173 202 224 285 288 344 361 365 372 384 404 412 419 421 431 453 
324 19 49 53 56 82 140 155 179 183 209 258 264 296 316 317 368 375 411 428 443 
325 26 23 27 43 45 61 83 109 143 151 152 153 196 216 222 235 242 263 287 293 313 334 377 408 416 430 454 
326 27 20 39 44 50 60 86 152 200 217 221 252 254 259 269 272 315 338 389 390 401 402 409 416 430 436 438 449 
327 20 11 15 26 79 133 142 150 161 162 179 199 224 228 291 301 312 316 330 360 366 
328 16 15 46 87 110 148 163 174 216 289 314 318 351 375 417 441 452 
329 20 24 26 42 63 75 92 127 130 140 176 199 236 283 313 320 352 371 378 402 443 
330 20 17 58 94 96 148 239 241 252 261 297 314 327 345 346 352 360 369 392 397 452 
331 23 5 6 39 77 118 138 149 162 198 205 234 246 252 279 292 300 334 344 368 374 391 427 443 
332 16 4 25 50 95 119 139 144 146 147 167 189 230 290 351 396 402 
333 22 0 29 30 44 103 134 141 158 169 195 211 220 221 230 237 284 359 362 375 382 391 456 
334 27 9 21 24 33 44 51 84 111 115 126 148 179 181 200 201 221 315 325 331 338 365 377 392 400 402 455 458 
335 18 13 37 76 143 168 180 199 226 230 233 262 286 304 372 380 438 440 442 
336 17 17 30 34 43 111 144 151 162 169 174 180 195 207 212 370 384 420 
337 16 12 70 119 122 143 167 179 258 274 297 362 377 389 397 448 459 
338 17 5 38 46 76 82 173 210 241 259 312 315 320 326 334 361 362 398 
339 19 6 44 60 61 82 85 110 158 196 206 231 242 259 272 278 299 374 412 446 
340 20 10 51 61 77 95 147 167 183 190 209 242 249 251 263 354 370 408 427 444 459 
341 22 15 27 41 45 57 101 110 148 188 216 220 262 271 272 274 294 315 360 372 378 388 408 
342 22 5 16 17 35 41 48 54 104 105 135 169 211 231 249 253 318 359 360 373 393 423 441 
343 20 5 8 26 38 43 53 85 121 226 230 237 247 249 254 262 304 360 394 432 453 
344 28 1 6 12 40 46 51 80 88 97 106 156 185 202 207 230 275 300 303 323 331 349 366 394 406 418 437 440 451 
345 24 14 21 27 33 47 93 129 148 166 173 186 188 243 248 283 319 330 350 376 377 382 405 406 446 
346 14 4 76 125 129 162 186 213 220 274 292 330 372 386 409 
347 26 50 54 67 77 105 110 111 112 115 132 162 164 176 207 235 291 351 357 362 373 378 412 428 430 439 454 
348 24 26 36 78 81 85 87 138 158 163 183 195 202 207 215 224 261 275 283 359 377 401 418 428 444 
349 20 22 50 155 171 238 239 245 263 270 272 281 293 302 308 344 393 394 427 436 449 
350 27 1 9 14 17 19 21 103 104 133 141 220 223 232 296 304 345 354 370 380 390 417 418 421 425 429 447 450 
351 31 23 34 37 42 48 71 82 99 112 128 130 133 140 158 167 201 215 218 259 267 268 286 292 296 328 332 347 361 445 450 459 
352 18 53 65 116 122 124 131 143 168 179 194 201 226 329 330 356 358 363 459 
353 18 19 32 46 79 97 108 152 168 176 197 206 223 233 355 379 436 439 458 
354 28 32 40 45 46 77 78 95 102 117 139 143 151 202 209 215 221 227 235 237 240 266 284 289 340 350 361 385 406 
355 23 3 33 39 48 112 142 145 158 160 164 179 184 224 231 239 273 281 290 297 313 353 378 393 
356 19 13 51 52 74 143 152 156 206 269 280 287 298 314 316 352 361 410 437 451 
357 27 19 35 86 102 108 117 131 139 165 183 188 202 221 224 233 265 274 286 299 318 321 347 390 396 431 444 446 
358 25 8 10 23 29 80 87 95 104 122 147 171 188 196 224 234 250 269 308 317 352 369 371 413 422 454 
359 20 68 72 189 191 212 240 256 265 301 307 312 333 342 348 367 395 401 448 454 459 
360 20 21 26 51 52 72 82 86 178 222 246 251 303 306 327 330 341 342 343 409 432 
361 18 2 91 96 102 165 168 179 196 253 310 323 338 351 354 356 375 400 420 
362 17 71 95 98 127 131 144 165 190 237 251 272 333 337 338 347 364 387 
363 28 19 32 34 69 79 85 108 115 128 130 173 191 238 240 245 256 277 288 293 294 305 321 352 364 371 385 426 438 
364 15 7 43 55 90 134 173 226 264 281 362 363 365 374 407 442 
365 28 6 29 33 46 65 68 93 140 144 146 159 169 172 201 238 241 262 273 301 303 323 334 364 370 378 389 401 424 
366 28 1 39 45 48 53 57 71 89 96 139 157 161 182 190 193 205 216 224 227 237 268 280 327 344 428 432 434 448 
367 24 4 19 42 50 73 102 117 161 178 181 187 203 212 226 227 319 359 371 390 397 402 404 414 436 
368 17 19 25 32 41 52 113 119 164 189 203 211 217 301 304 324 331 413 
369 16 20 29 156 194 205 231 288 296 330 358 403 420 427 441 445 452 
370 30 41 48 53 90 113 158 159 169 176 208 222 233 264 267 295 304 314 315 336 340 350 365 374 377 396 403 419 422 450 453 
371 30 4 26 46 63 82 83 87 94 117 119 120 128 150 174 201 209 222 234 267 309 317 329 358 363 367 376 387 403 430 457 
372 22 19 46 90 97 117 140 144 211 226 241 244 289 322 323 335 341 346 391 413 423 442 446 
373 23 48 52 61 72 73 88 120 162 164 169 175 233 236 239 261 278 315 342 347 387 389 391 427 
374 19 8 28 48 92 94 96 138 162 216 278 299 331 339 364 370 379 413 427 447 
375 23 24 33 46 48 49 56 60 89 99 162 174 183 204 205 217 222 282 314 315 324 328 333 361 
376 17 10 35 44 98 104 109 165 198 214 234 245 269 274 321 345 371 377 
377 19 61 101 198 203 218 219 232 244 279 325 334 337 345 348 370 376 389 405 417 
378 27 9 10 12 20 34 42 71 104 120 121 133 142 146 160 162 178 240 274 300 329 341 347 355 365 440 449 451 
379 26 4 9 35 38 50 57 59 62 106 146 149 156 189 194 249 251 257 264 274 353 374 406 424 429 447 452 
380 27 18 41 45 53 66 76 85 98 111 120 136 182 204 213 222 226 236 243 292 299 309 335 350 383 434 447 457 
381 11 119 124 132 196 232 300 315 420 431 432 456 
382 21 5 8 68 98 119 125 144 180 208 212 222 242 244 264 297 302 333 345 386 401 421 
383 22 3 6 19 39 70 74 98 164 219 232 247 268 274 275 281 301 308 315 380 418 424 459 
384 26 70 82 85 87 128 149 174 222 227 238 261 264 265 274 288 313 323 336 389 393 409 416 438 439 442 453 
385 22 13 20 34 50 71 77 88 135 183 228 234 248 288 310 320 354 363 395 422 432 440 444 
386 22 3 20 40 58 64 89 118 148 172 178 212 219 264 273 285 296 302 346 382 389 397 424 
387 18 10 18 34 122 157 220 259 287 289 299 362 371 373 408 442 447 452 453 
388 23 10 14 22 23 39 66 74 88 97 152 190 199 211 253 271 282 295 304 316 341 409 412 440 
389 23 12 54 88 130 169 183 210 238 245 259 261 270 307 309 310 320 326 337 365 373 377 384 386 
390 22 24 40 97 121 123 145 147 149 154 158 194 206 220 259 305 306 326 350 357 367 395 433 
391 21 19 64 72 110 142 161 180 205 210 214 222 238 267 316 331 333 372 373 393 437 447 
392 22 45 53 67 85 102 143 151 158 205 231 249 299 302 306 310 315 322 330 334 402 418 453 
393 18 18 72 77 133 171 220 232 254 342 349 355 384 391 410 414 434 439 450 
394 26 29 55 60 80 97 106 108 110 124 139 154 180 214 267 276 278 286 308 309 343 344 349 404 438 451 457 
395 28 0 10 17 23 29 35 80 102 106 108 138 152 158 188 214 244 259 283 286 290 303 359 385 390 418 447 453 455 
396 19 0 61 69 91 119 133 191 234 241 257 287 292 332 357 370 404 440 444 448 
397 19 6 16 59 63 66 126 151 152 203 251 252 281 309 321 330 337 367 386 431 
398 23 1 32 44 49 65 66 138 146 158 200 230 250 263 273 285 289 297 298 338 420 421 441 446 
399 22 5 11 18 24 63 79 90 126 139 147 155 283 289 303 305 413 424 430 431 439 443 445 
400 13 10 19 28 45 107 112 114 116 157 247 286 334 361 
401 25 7 20 37 50 82 109 142 158 160 170 193 196 237 243 244 260 274 326 348 359 365 382 411 415 434 
402 17 12 63 100 132 152 158 204 214 227 317 326 329 332 334 367 392 429 
403 16 26 34 74 92 124 165 217 268 279 313 369 370 371 432 440 459 
404 23 36 50 58 92 99 120 130 161 165 186 188 190 196 230 241 258 262 308 323 367 394 396 451 
405 21 40 48 73 95 107 151 155 168 207 233 247 253 268 296 345 377 409 423 441 446 458 
406 21 13 19 30 51 72 116 169 190 202 212 236 259 260 279 310 312 344 345 354 379 412 
407 20 13 31 61 78 84 134 175 195 196 197 234 239 296 301 302 308 364 422 424 450 
408 23 14 76 100 113 119 145 153 163 164 193 197 223 243 262 269 295 325 340 341 387 409 432 446 
409 17 14 85 105 115 147 182 193 216 234 326 346 360 384 388 405 408 449 
410 15 1 13 45 82 154 174 235 248 274 283 285 299 356 393 447 
411 29 0 23 25 35 47 73 85 89 122 137 160 188 193 205 218 243 269 286 288 291 292 307 317 324 401 419 432 438 458 
412 18 37 70 77 121 125 161 214 241 249 252 257 323 339 347 388 406 422 455 
413 18 22 82 85 92 110 114 121 131 175 202 292 301 358 368 372 374 399 431 
414 20 52 86 105 121 125 165 175 179 246 249 275 297 316 319 367 393 416 428 439 444 
415 21 2 21 80 87 110 117 127 144 145 157 166 169 173 182 210 215 237 310 401 434 446 
416 16 18 26 61 90 113 127 141 176 205 247 260 286 325 326 384 414 
417 19 4 5 42 50 173 176 180 186 202 203 245 268 311 328 350 377 428 446 458 
418 24 70 78 80 82 93 94 110 111 127 151 156 162 249 250 270 275 303 313 344 348 350 383 392 395 
419 14 19 65 91 133 274 276 277 289 296 308 310 323 370 411 
420 18 24 34 62 63 99 107 148 163 208 249 260 296 317 336 361 369 381 398 
421 21 13 19 48 61 72 86 144 147 183 189 194 202 268 291 305 312 323 350 382 398 432 
422 23 4 20 24 53 54 59 61 89 100 109 123 126 150 153 300 317 358 370 385 407 412 446 457 
423 24 16 37 48 55 67 96 100 139 177 201 205 214 258 267 271 273 292 342 372 405 433 435 449 450 
424 25 1 7 40 69 77 118 137 144 154 190 224 231 241 274 282 287 365 379 383 386 399 407 425 427 448 
425 22 4 7 38 72 82 94 117 123 148 149 170 186 194 203 249 265 287 295 350 424 429 455 
426 19 1 31 55 65 91 143 149 165 187 191 207 213 229 233 259 294 315 363 457 
427 25 12 22 29 48 68 97 99 104 117 125 168 188 192 227 235 248 275 331 340 349 369 373 374 424 429 
428 24 14 39 48 49 76 82 124 125 163 202 203 223 245 253 315 324 347 348 366 414 417 432 441 442 
429 19 44 127 133 136 145 154 162 166 186 199 200 220 249 350 379 402 425 427 434 
430 25 19 56 103 144 168 173 181 195 211 225 253 283 285 286 288 307 308 313 322 325 326 347 371 399 441 
431 28 3 23 37 47 57 66 85 102 103 106 110 145 154 164 171 193 196 251 292 306 310 323 357 381 397 399 413 440 
432 24 29 52 63 85 86 158 179 197 198 201 226 319 343 360 366 381 385 403 408 411 421 428 442 451 
433 19 15 31 63 90 149 169 176 186 202 209 229 246 251 263 288 318 390 423 451 
434 24 20 23 29 43 60 148 165 173 177 187 224 230 243 267 290 366 380 393 401 415 429 440 454 457 
435 17 6 38 43 73 76 89 109 151 175 211 221 224 235 237 245 321 423 
436 20 6 24 47 52 59 125 134 172 179 209 234 248 252 260 290 295 326 349 353 367 
437 18 12 62 84 94 134 141 145 153 192 227 235 243 295 304 305 344 356 391 
438 28 4 11 49 63 96 111 113 115 116 162 173 179 190 202 250 275 290 308 309 310 313 326 335 363 384 394 411 442 
439 25 29 30 38 47 62 67 69 103 104 114 118 140 152 194 235 263 295 315 347 353 384 393 399 414 444 
440 12 138 321 335 344 378 385 388 396 403 431 434 444 
441 21 10 100 111 160 217 220 221 251 252 254 264 285 328 342 369 398 405 428 430 451 458 
442 20 23 47 68 106 146 162 194 226 305 319 335 364 372 384 387 428 432 438 451 458 
443 20 52 76 101 126 186 188 195 202 215 234 261 270 315 318 324 329 331 399 452 458 
444 24 14 17 48 73 142 158 169 192 199 238 265 297 308 309 311 314 340 348 357 385 396 414 439 440 
445 30 0 3 6 33 39 70 86 96 103 107 134 151 163 173 217 219 225 230 231 238 240 244 281 291 314 319 351 369 399 449 
446 20 2 84 118 203 205 215 258 267 320 339 345 357 372 398 405 408 415 417 422 459 
447 20 51 74 88 91 96 127 193 222 266 284 311 318 350 374 379 380 387 391 395 410 
448 20 29 46 61 64 73 78 80 82 126 131 201 213 316 318 322 337 359 366 396 424 
449 19 51 65 72 104 143 164 168 173 207 217 220 259 290 326 349 378 409 423 445 
450 20 15 18 23 41 77 80 116 129 161 191 224 255 312 350 351 370 393 407 423 453 
451 22 37 49 92 101 128 157 191 202 216 218 242 264 318 344 356 378 394 404 432 433 441 442 
452 16 102 139 182 221 240 244 254 261 262 287 328 330 369 379 387 443 
453 21 55 86 106 114 135 167 194 224 228 234 250 301 307 323 343 370 384 387 392 395 450 
454 23 28 37 42 43 47 51 68 73 118 132 189 220 230 274 283 288 296 322 325 347 358 359 434 
455 18 10 11 24 39 65 66 177 187 207 221 265 272 287 292 334 395 412 425 
456 13 3 77 122 127 138 168 171 194 271 275 303 333 381 
457 13 18 69 77 78 287 289 320 371 380 394 422 426 434 
458 26 2 38 54 63 65 78 85 86 87 148 154 165 167 186 193 222 240 270 334 353 405 411 417 441 442 443 
459 23 37 55 87 90 118 134 140 143 145 154 245 268 278 310 317 337 340 351 352 359 383 403 446 
