460 997
0 3 81 173 175 
1 2 249 344 
2 2 130 270 
3 6 82 216 243 297 355 456 
4 2 235 367 
5 3 149 331 342 
6 9 60 87 90 117 133 237 253 331 365 
7 2 48 90 
8 4 170 237 244 382 
9 1 334 
10 3 46 184 388 
11 3 113 184 229 
12 5 68 191 202 378 437 
13 7 65 143 170 275 406 407 410 
14 5 34 36 160 237 345 
15 1 320 
16 1 323 
17 3 79 118 395 
18 2 135 230 
19 7 47 78 99 108 209 357 363 
20 6 176 237 250 326 385 422 
21 4 52 115 243 345 
22 4 59 169 183 388 
23 6 164 206 280 312 358 434 
24 5 53 81 88 168 375 
25 8 67 144 154 188 238 282 332 368 
26 6 62 129 182 295 348 403 
27 5 40 90 106 232 261 
28 4 236 275 374 400 
29 6 82 146 192 369 427 448 
30 3 208 333 406 
31 3 183 202 251 
32 2 82 353 
33 3 182 229 365 
34 5 14 78 233 351 385 
35 3 166 357 379 
36 2 14 272 
37 3 38 302 423 
38 4 37 72 112 240 
39 5 55 185 242 326 455 
40 6 27 168 184 344 390 405 
41 6 66 201 261 280 294 307 
42 2 196 417 
43 2 195 261 
44 6 75 86 210 222 333 339 
45 4 151 187 252 410 
46 8 10 60 158 195 200 271 338 344 
47 6 19 111 117 157 242 439 
48 6 7 223 267 289 405 421 
49 1 375 
50 4 367 379 404 417 
51 3 75 148 197 
52 2 21 249 
53 7 24 177 234 238 242 319 343 
54 5 149 161 182 279 347 
55 3 39 300 423 
56 5 74 104 209 229 238 
57 2 137 379 
58 2 173 313 
59 6 22 87 143 181 225 379 
60 4 6 46 169 277 
61 2 316 416 
62 4 26 149 157 318 
63 7 96 99 119 174 297 397 433 
64 3 66 69 448 
65 4 13 182 352 365 
66 7 41 64 87 166 398 431 455 
67 5 25 115 229 285 423 
68 5 12 102 126 194 359 
69 2 64 272 
70 5 120 149 202 271 445 
71 3 247 362 378 
72 3 38 107 301 
73 1 373 
74 4 56 106 229 383 
75 5 44 51 122 242 319 
76 4 131 284 303 443 
77 5 304 313 347 424 450 
78 5 19 34 301 354 458 
79 2 17 353 
80 6 123 135 159 301 344 395 
81 4 0 24 158 348 
82 11 3 29 32 304 312 339 360 384 413 418 428 
83 1 371 
84 3 132 188 407 
85 2 339 411 
86 6 44 120 227 230 237 414 
87 8 6 59 66 93 139 152 249 415 
88 6 24 90 131 177 264 297 
89 2 169 199 
90 7 6 7 27 88 98 142 372 
91 5 163 217 249 291 361 
92 8 97 207 226 275 283 288 293 451 
93 3 87 318 365 
94 2 146 374 
95 5 146 155 177 354 358 
96 5 63 108 194 361 438 
97 4 92 227 313 390 
98 7 90 116 149 152 160 221 380 
99 5 19 63 138 210 221 
100 3 301 408 441 
101 4 190 259 299 311 
102 4 68 178 357 367 
103 10 138 149 153 154 170 205 206 213 299 333 
104 4 56 249 276 378 
105 3 173 299 414 
106 9 27 74 173 214 256 379 394 395 431 
107 5 72 276 297 405 420 
108 7 19 96 176 217 319 353 394 
109 3 172 303 325 
110 4 347 394 413 418 
111 5 47 179 234 336 418 
112 3 38 161 351 
113 5 11 222 238 321 408 
114 3 133 226 453 
115 3 21 67 438 
116 5 98 223 239 291 438 
117 6 6 47 155 213 371 427 
118 4 17 188 279 454 
119 3 63 162 332 
120 7 70 86 124 166 170 261 404 
121 3 135 140 414 
122 2 75 141 
123 5 80 264 269 322 425 
124 6 120 132 135 173 189 394 
125 2 222 412 
126 4 68 170 189 399 
127 3 146 415 456 
128 6 207 233 243 293 301 308 
129 8 26 188 224 225 240 255 345 450 
130 6 2 154 216 329 351 389 
131 7 76 88 177 215 228 286 448 
132 6 84 124 221 319 402 454 
133 5 6 114 180 182 219 
134 4 162 229 436 437 
135 7 18 80 121 124 278 290 453 
136 0 
137 3 57 193 302 
138 4 99 103 289 308 
139 3 87 169 283 
140 5 121 141 230 280 372 
141 5 122 140 160 191 205 
142 4 90 192 240 327 
143 4 13 59 189 449 
144 4 25 276 332 336 
145 2 246 437 
146 8 29 94 95 127 173 194 195 378 
147 2 235 241 
148 3 51 192 345 
149 8 5 54 62 70 98 103 164 433 
150 0 
151 4 45 231 325 392 
152 5 87 98 214 266 267 
153 3 103 224 242 
154 5 25 103 130 303 410 
155 2 95 117 
156 4 242 243 254 314 
157 4 47 62 195 215 
158 6 46 81 370 398 401 402 
159 7 80 180 183 188 207 250 288 
160 6 14 98 141 199 378 411 
161 3 54 112 391 
162 4 119 134 347 374 
163 3 91 290 328 
164 5 23 149 244 373 383 
165 3 258 357 434 
166 3 35 66 120 
167 2 251 309 
168 5 24 40 236 352 353 
169 7 22 60 89 139 188 305 365 
170 5 8 13 103 120 126 
171 2 180 212 
172 3 109 267 436 
173 9 0 58 105 106 124 146 196 261 449 
174 2 63 273 
175 2 0 407 
176 4 20 108 329 353 
177 4 53 88 95 131 
178 3 102 378 386 
179 2 111 414 
180 6 133 159 171 296 335 336 
181 5 59 191 202 282 430 
182 6 26 33 54 65 133 366 
183 6 22 31 159 215 385 421 
184 7 10 11 40 193 202 274 293 
185 1 39 
186 6 213 232 318 404 417 433 
187 4 45 225 260 455 
188 8 25 84 118 129 159 169 222 427 
189 4 124 126 143 379 
190 4 101 340 404 438 
191 7 12 141 181 198 225 288 290 
192 3 29 142 148 
193 7 137 184 231 302 322 366 408 
194 4 68 96 146 453 
195 4 43 46 146 157 
196 8 42 173 232 242 325 339 381 431 
197 5 51 277 288 301 407 
198 1 191 
199 4 89 160 327 329 
200 2 46 205 
201 2 41 257 
202 9 12 31 70 181 184 291 298 323 357 
203 1 397 
204 1 271 
205 6 103 141 200 268 291 375 
206 3 23 103 243 
207 6 92 128 159 278 322 347 
208 4 30 225 295 420 
209 5 19 56 213 371 433 
210 5 44 99 304 316 415 
211 3 272 430 435 
212 3 171 336 406 
213 6 103 117 186 209 267 426 
214 5 106 152 215 284 423 
215 5 131 157 183 214 354 
216 7 3 130 218 243 266 328 374 
217 3 91 108 300 
218 3 216 253 411 
219 3 133 288 377 
220 2 387 449 
221 9 98 99 132 246 271 326 334 354 357 
222 4 44 113 125 188 
223 5 48 116 232 353 428 
224 5 129 153 280 323 327 
225 8 59 129 187 191 208 236 239 268 
226 5 92 114 304 364 380 
227 5 86 97 257 289 366 
228 4 131 248 309 385 
229 6 11 33 56 67 74 134 
230 5 18 86 140 333 398 
231 5 151 193 311 339 342 
232 8 27 186 196 223 261 303 381 393 
233 3 34 128 370 
234 4 53 111 407 409 
235 5 4 147 322 354 410 
236 3 28 168 225 
237 10 6 8 14 20 86 291 313 343 362 435 
238 6 25 53 56 113 255 384 
239 3 116 225 245 
240 3 38 129 142 
241 4 147 302 372 396 
242 11 39 47 53 75 153 156 196 300 304 382 451 
243 10 3 21 128 156 206 216 300 312 345 401 
244 6 8 164 283 395 445 452 
245 3 239 363 417 
246 3 145 221 414 
247 1 71 
248 3 228 427 436 
249 7 1 52 87 91 104 276 414 
250 5 20 159 358 398 453 
251 5 31 167 360 362 397 
252 2 45 412 
253 3 6 218 428 
254 1 156 
255 3 129 238 450 
256 1 106 
257 4 201 227 270 379 
258 2 165 316 
259 4 101 305 339 389 
260 2 187 406 
261 8 27 41 43 120 173 232 271 348 
262 2 309 341 
263 1 340 
264 4 88 123 386 441 
265 0 
266 2 152 216 
267 7 48 152 172 213 307 351 446 
268 5 205 225 301 351 405 
269 1 123 
270 3 2 257 349 
271 6 46 70 204 221 261 456 
272 4 36 69 211 339 
273 2 174 304 
274 5 184 357 379 410 454 
275 5 13 28 92 344 456 
276 4 104 107 144 249 
277 4 60 197 309 363 
278 3 135 207 373 
279 4 54 118 331 406 
280 4 23 41 140 224 
281 2 285 364 
282 3 25 181 424 
283 6 92 139 244 285 294 430 
284 4 76 214 315 322 
285 4 67 281 283 398 
286 2 131 395 
287 2 396 452 
288 6 92 159 191 197 219 433 
289 6 48 138 227 308 372 419 
290 5 135 163 191 311 395 
291 6 91 116 202 205 237 445 
292 3 351 413 431 
293 4 92 128 184 304 
294 2 41 283 
295 5 26 208 304 436 437 
296 4 180 312 350 420 
297 5 3 63 88 107 337 
298 1 202 
299 4 101 103 105 357 
300 5 55 217 242 243 381 
301 9 72 78 80 100 128 197 268 305 319 
302 4 37 137 193 241 
303 7 76 109 154 232 360 418 456 
304 9 77 82 210 226 242 273 293 295 437 
305 5 169 259 301 421 442 
306 2 360 431 
307 2 41 267 
308 7 128 138 289 358 383 394 407 
309 6 167 228 262 277 310 371 
310 3 309 406 459 
311 4 101 231 290 417 
312 5 23 82 243 296 338 
313 7 58 77 97 237 329 355 438 
314 2 156 322 
315 7 284 316 326 341 373 439 443 
316 5 61 210 258 315 356 
317 2 402 420 
318 6 62 93 186 357 443 448 
319 6 53 75 108 132 301 414 
320 2 15 446 
321 3 113 363 435 
322 7 123 193 207 235 284 314 392 
323 4 16 202 224 419 
324 1 411 
325 6 109 151 196 377 408 454 
326 7 20 39 221 315 338 401 449 
327 4 142 199 224 366 
328 3 163 216 351 
329 5 130 176 199 313 443 
330 0 
331 4 5 6 279 374 
332 5 25 119 144 351 402 
333 5 30 44 103 230 375 
334 6 9 221 377 392 400 458 
335 5 180 372 380 440 442 
336 5 111 144 180 212 420 
337 3 297 377 389 
338 5 46 312 326 361 398 
339 9 44 82 85 196 231 259 272 374 446 
340 4 190 263 427 459 
341 3 262 315 378 
342 2 5 231 
343 3 53 237 360 
344 8 1 40 46 80 275 394 406 440 
345 6 14 21 129 148 243 446 
346 1 409 
347 8 54 77 110 162 207 357 428 430 
348 3 26 81 261 
349 2 270 436 
350 4 296 370 418 425 
351 8 34 112 130 267 268 292 328 332 
352 3 65 168 459 
353 6 32 79 108 168 176 223 
354 5 78 95 215 221 235 
355 3 3 313 378 
356 4 316 361 410 437 
357 10 19 35 102 165 202 221 274 299 318 347 
358 4 23 95 250 308 
359 3 68 401 454 
360 5 82 251 303 306 343 
361 4 91 96 338 356 
362 3 71 237 251 
363 5 19 245 277 321 385 
364 2 226 281 
365 5 6 33 65 93 169 
366 4 182 193 227 327 
367 4 4 50 102 436 
368 1 25 
369 2 29 441 
370 5 158 233 350 377 419 
371 8 83 117 209 309 376 387 430 457 
372 5 90 140 241 289 335 
373 5 73 164 278 315 427 
374 8 28 94 162 216 331 339 379 413 
375 4 24 49 205 333 
376 1 371 
377 6 219 325 334 337 370 389 
378 8 12 71 104 146 160 178 341 355 
379 10 35 50 57 59 106 189 257 274 374 452 
380 3 98 226 335 
381 4 196 232 300 420 
382 4 8 242 386 401 
383 4 74 164 308 418 
384 3 82 238 442 
385 5 20 34 183 228 363 
386 5 178 264 382 389 424 
387 3 220 371 408 
388 2 10 22 
389 5 130 259 337 377 386 
390 2 40 97 
391 1 161 
392 5 151 322 334 418 453 
393 2 232 439 
394 8 106 108 110 124 308 344 438 451 
395 8 17 80 106 244 286 290 418 447 
396 2 241 287 
397 4 63 203 251 431 
398 7 66 158 230 250 285 338 421 
399 3 126 424 443 
400 2 28 334 
401 6 158 243 326 359 382 434 
402 4 132 158 317 332 
403 1 26 
404 4 50 120 186 190 
405 8 40 48 107 268 409 441 446 458 
406 7 13 30 212 260 279 310 344 
407 6 13 84 175 197 234 308 
408 6 100 113 193 325 387 409 
409 5 234 346 405 408 449 
410 6 13 45 154 235 274 356 
411 4 85 160 218 324 
412 2 125 252 
413 4 82 110 292 374 
414 8 86 105 121 179 246 249 319 428 
415 3 87 127 210 
416 1 61 
417 6 42 50 186 245 311 428 
418 8 82 110 111 303 350 383 392 395 
419 3 289 323 370 
420 6 107 208 296 317 336 381 
421 5 48 183 305 398 432 
422 1 20 
423 5 37 55 67 214 435 
424 4 77 282 386 399 
425 3 123 350 455 
426 1 213 
427 6 29 117 188 248 340 373 
428 7 82 223 253 347 414 417 442 
429 0 
430 5 181 211 283 347 371 
431 6 66 106 196 292 306 397 
432 1 421 
433 5 63 149 186 209 288 
434 3 23 165 401 
435 4 211 237 321 423 
436 6 134 172 248 295 349 367 
437 6 12 134 145 295 304 356 
438 6 96 115 116 190 313 394 
439 3 47 315 393 
440 2 335 344 
441 4 100 264 369 405 
442 5 305 335 384 428 458 
443 6 76 315 318 329 399 458 
444 0 
445 3 70 244 291 
446 5 267 320 339 345 405 
447 1 395 
448 4 29 64 131 318 
449 5 143 173 220 326 409 
450 3 77 129 255 
451 3 92 242 394 
452 3 244 287 379 
453 5 114 135 194 250 392 
454 5 118 132 274 325 359 
455 4 39 66 187 425 
456 5 3 127 271 275 303 
457 1 371 
458 5 78 334 405 442 443 
459 3 310 340 352 
