460 10567
0 37 4 7 61 76 81 121 140 163 173 175 176 183 200 202 216 217 220 239 267 269 285 321 333 351 363 377 394 395 396 407 408 411 417 424 445 447 458 
1 52 10 27 33 34 37 42 49 56 57 63 82 93 138 148 157 167 179 223 225 232 234 239 243 248 249 264 266 269 271 274 282 286 294 303 309 310 312 314 344 350 362 366 376 398 407 410 424 426 433 435 446 458 
2 34 7 10 24 38 41 86 92 96 109 110 114 115 130 171 182 193 232 239 270 272 283 286 289 308 323 324 325 335 361 369 404 415 446 458 
3 52 8 16 18 21 26 46 53 55 61 76 78 82 86 90 91 100 106 109 138 141 152 167 174 177 195 200 208 212 216 226 241 243 249 250 251 256 260 262 285 296 297 326 330 355 383 386 392 431 439 445 454 456 
4 44 0 20 22 62 87 92 96 105 106 120 129 131 157 160 172 196 199 206 207 208 235 244 277 281 290 303 318 323 332 344 346 348 367 371 379 382 383 416 417 422 425 438 440 449 
5 36 12 25 77 90 111 114 128 131 149 155 156 158 159 163 169 189 246 273 287 300 306 309 331 338 342 343 349 353 375 376 382 399 417 428 441 458 
6 50 26 33 37 39 41 60 62 72 80 87 90 93 106 117 124 131 133 137 141 142 151 169 192 195 209 215 225 227 235 237 241 251 253 256 300 322 331 339 344 350 365 381 383 394 397 423 435 436 445 449 
7 47 0 2 14 16 27 40 48 55 60 89 90 93 115 122 140 141 142 163 175 178 192 197 220 237 259 264 276 284 304 305 321 322 339 342 347 349 352 364 397 401 415 424 425 428 440 441 457 
8 32 3 27 30 44 52 68 96 113 114 168 170 176 200 211 216 237 244 246 247 255 287 289 299 303 343 358 359 374 382 383 404 437 
9 52 13 19 36 44 47 53 56 59 76 81 89 107 116 125 137 139 142 167 169 178 188 193 197 222 229 230 243 255 261 267 268 272 294 301 302 303 317 321 323 328 334 338 343 350 378 379 384 394 409 413 440 442 
10 39 1 2 19 31 42 46 70 99 110 111 150 184 200 213 233 249 309 313 316 320 325 340 358 360 374 376 378 385 387 388 393 395 400 402 415 424 441 442 455 
11 50 18 29 47 63 64 76 77 87 97 101 104 113 123 142 146 148 149 155 157 165 166 182 184 196 229 240 242 244 246 247 252 261 264 266 297 306 307 310 312 314 316 327 334 335 364 399 401 416 438 455 
12 42 5 26 35 42 44 47 58 61 68 92 119 124 142 150 170 178 183 191 202 204 209 238 253 261 265 279 293 315 337 342 344 350 378 381 382 389 402 427 431 432 437 457 
13 49 9 28 58 61 63 65 68 71 72 73 91 111 116 117 125 143 145 148 158 159 161 170 189 217 220 233 240 245 255 257 275 279 309 326 335 350 356 368 385 394 402 406 407 408 410 421 440 444 457 
14 52 7 27 34 36 38 39 46 55 56 71 83 113 116 121 135 143 150 152 160 167 187 222 237 239 244 249 251 258 264 269 280 285 290 298 327 337 340 344 345 350 355 365 373 375 388 395 398 408 409 411 428 444 
15 46 23 42 43 56 80 86 91 95 105 110 156 157 160 176 209 214 234 248 265 273 285 288 298 301 304 308 320 322 324 326 327 328 331 341 345 349 355 358 364 379 405 413 433 441 450 452 
16 47 3 7 20 28 35 67 72 74 82 110 118 121 131 167 184 185 194 204 210 221 226 230 251 256 260 265 273 283 291 292 297 299 312 323 337 342 350 362 368 369 379 391 397 401 418 423 445 
17 43 20 25 45 56 57 79 92 95 102 106 118 126 129 132 139 144 147 184 185 194 196 200 201 231 274 279 286 328 330 336 340 342 343 350 360 370 373 377 393 395 420 444 456 
18 39 3 11 26 36 40 47 48 61 68 80 126 129 134 135 161 176 192 199 211 215 228 230 234 235 252 257 265 267 294 309 377 380 387 393 399 416 418 450 457 
19 57 9 10 33 47 51 59 65 77 78 84 94 99 108 116 120 134 173 202 209 217 218 232 241 254 256 280 288 290 297 308 329 341 350 353 357 358 360 363 367 368 372 379 381 383 384 389 391 397 400 403 406 419 421 422 430 440 451 
20 51 4 16 17 21 33 60 72 74 82 92 100 102 108 114 153 156 157 161 167 176 181 198 203 231 235 237 238 249 250 264 277 292 303 317 326 327 339 369 378 382 385 386 392 399 401 413 422 434 439 442 455 
21 45 3 20 40 52 53 67 68 78 88 115 131 138 156 157 179 184 189 190 193 204 230 231 240 243 267 268 282 289 292 299 310 316 329 334 345 350 360 367 382 402 408 415 419 448 456 
22 39 4 40 59 65 66 67 76 90 125 129 130 143 150 169 171 183 204 220 228 275 276 277 286 289 304 307 329 344 346 349 364 376 388 399 408 412 413 427 430 
23 45 15 34 42 60 62 70 88 106 140 151 160 164 172 174 195 198 204 206 212 221 227 245 246 274 280 286 302 310 312 316 325 342 351 358 385 388 395 411 418 431 432 434 441 442 450 
24 45 2 30 40 45 48 49 51 53 55 57 67 68 69 76 81 84 88 91 103 109 112 114 131 136 143 152 168 220 259 318 320 329 334 375 376 390 392 399 410 420 422 423 436 447 455 
25 42 5 17 38 44 67 76 80 83 109 110 117 138 139 144 154 165 174 188 196 206 216 217 219 231 238 246 254 272 282 285 288 294 302 322 332 338 357 364 368 386 411 445 
26 49 3 6 12 18 34 41 42 62 65 76 85 95 98 99 106 108 129 159 182 188 197 225 228 232 235 236 243 245 269 270 272 275 280 295 313 314 323 327 329 343 348 360 371 390 394 403 416 430 451 
27 41 1 7 8 14 29 30 40 50 52 66 90 106 115 126 139 151 179 187 196 203 232 244 261 266 271 283 290 296 299 304 323 325 341 345 380 398 403 423 425 438 451 
28 55 13 16 33 34 48 51 57 58 70 78 84 94 97 105 106 132 151 159 160 163 165 177 196 200 224 226 227 231 236 244 250 271 275 279 288 290 296 300 303 306 326 332 340 358 374 376 383 400 403 404 416 430 435 451 454 
29 51 11 27 47 49 58 59 76 82 83 94 116 130 142 143 146 161 175 179 192 201 211 228 235 236 243 249 250 264 265 280 294 310 323 333 344 358 363 365 369 370 378 386 394 395 407 427 432 434 439 443 448 
30 43 8 24 27 46 47 51 63 75 97 103 108 137 142 150 155 156 157 194 196 207 208 216 228 235 237 238 241 282 285 292 296 304 314 333 336 372 377 394 396 402 406 411 439 
31 43 10 38 39 42 46 51 92 101 121 141 159 161 170 179 181 183 189 196 200 202 206 209 222 226 236 248 251 272 293 308 332 334 368 369 402 407 419 424 426 433 441 450 456 
32 37 38 82 83 107 118 121 139 148 161 179 187 190 202 225 232 233 260 269 273 286 292 299 303 317 324 337 353 354 363 368 383 397 398 415 436 441 453 
33 50 1 6 19 20 28 39 49 50 74 76 95 97 110 123 141 158 164 182 188 200 216 217 219 221 226 229 231 239 241 251 252 261 267 275 283 297 312 334 345 347 355 365 369 375 378 415 434 445 450 459 
34 46 1 14 23 26 28 43 57 63 72 74 78 125 126 139 159 163 175 213 214 215 230 233 238 247 250 251 264 274 301 306 311 313 334 336 338 351 363 373 375 378 385 387 389 403 411 420 
35 31 12 16 46 50 59 91 99 108 116 126 159 166 188 190 194 229 247 253 282 321 323 338 342 357 376 379 395 411 421 433 440 
36 37 9 14 18 37 54 60 75 88 89 132 162 172 180 181 193 198 226 227 238 242 243 249 260 272 285 291 304 306 315 328 348 349 404 423 431 438 442 
37 59 1 6 36 38 52 55 60 66 71 76 77 95 98 134 139 149 150 159 166 167 173 174 181 182 194 200 201 231 248 252 253 257 268 289 293 297 302 304 308 323 328 331 335 336 341 351 354 360 362 363 366 383 401 412 423 431 451 454 459 
38 51 2 14 25 31 32 37 40 41 45 65 68 71 72 105 112 117 124 133 135 138 142 152 182 186 196 199 204 209 215 225 226 232 234 235 238 240 249 267 308 317 338 343 351 354 365 370 379 425 435 439 458 
39 53 6 14 31 33 50 51 55 74 81 96 135 155 163 164 165 169 185 197 198 203 213 216 222 229 239 242 254 257 267 276 302 307 321 326 331 333 334 340 353 355 366 383 386 388 411 414 423 428 445 447 449 451 455 
40 63 7 18 21 22 24 27 38 57 74 97 110 116 125 128 138 144 154 158 168 183 184 193 208 211 212 234 239 241 248 249 254 256 266 271 273 290 291 292 296 299 300 303 315 319 321 327 330 334 341 344 352 354 355 364 366 371 386 390 392 405 411 417 424 
41 55 2 6 26 38 58 66 75 78 80 83 92 93 103 106 132 134 137 143 146 156 157 169 178 195 197 199 201 208 222 236 251 252 261 280 283 287 294 300 307 316 319 329 332 341 342 351 368 370 373 380 397 413 432 450 456 
42 47 1 10 12 15 23 26 31 59 67 71 85 86 95 106 110 114 143 146 151 171 196 207 215 226 235 255 258 264 267 273 281 285 291 300 305 315 329 344 351 362 367 377 378 397 417 424 454 
43 43 15 34 53 66 79 110 118 142 145 155 157 160 180 183 195 198 203 204 206 213 215 227 251 252 261 265 275 291 325 336 343 355 358 363 364 367 399 401 431 434 435 454 458 
44 52 8 9 12 25 59 60 65 75 76 78 86 87 92 94 118 126 128 159 162 167 180 183 187 188 189 210 222 256 257 258 268 271 273 278 296 303 304 311 313 323 326 333 334 339 376 382 398 411 428 429 435 441 
45 42 17 24 38 66 67 72 77 93 96 108 117 131 135 143 151 152 162 185 186 187 189 190 193 211 222 228 238 241 245 252 323 325 335 341 354 366 377 380 392 398 400 410 
46 54 3 10 14 30 31 35 58 60 61 77 86 89 107 117 121 150 157 158 161 174 178 186 189 192 195 200 212 232 237 246 268 271 272 273 288 305 328 338 339 344 348 353 354 365 371 372 374 375 390 401 408 411 443 448 
47 49 9 11 12 18 19 29 30 66 75 79 84 90 97 107 108 109 111 117 126 135 152 156 157 163 182 200 202 223 239 242 305 306 308 334 345 356 381 392 406 411 429 431 436 437 439 440 442 450 454 
48 50 7 18 24 28 52 53 54 58 63 66 68 100 114 116 125 130 137 139 174 183 223 231 237 244 255 267 273 283 284 289 307 319 321 323 342 351 355 366 370 373 374 375 386 405 421 423 427 428 444 452 
49 32 1 24 29 33 53 59 63 77 92 127 137 140 177 217 224 230 235 269 276 307 318 324 325 350 368 372 375 398 428 433 438 451 
50 60 27 33 35 39 51 70 92 96 98 106 107 108 117 120 122 146 174 179 187 197 232 234 239 245 258 268 273 274 287 292 311 319 326 329 332 338 339 345 347 349 350 356 357 367 371 377 379 380 385 386 400 401 404 407 417 425 432 435 446 457 
51 47 19 24 28 30 31 39 50 57 72 74 75 81 93 105 131 135 145 148 166 175 178 192 197 203 218 223 233 247 258 277 288 308 328 334 340 344 356 360 361 363 406 408 409 413 447 449 454 
52 36 8 21 27 37 48 57 59 86 126 150 168 175 185 195 235 249 257 276 287 301 312 322 337 350 352 356 360 361 364 368 373 414 432 436 443 449 
53 62 3 9 21 24 43 48 49 55 57 75 95 103 109 114 126 128 130 142 145 149 155 176 177 187 194 213 218 228 230 234 238 242 243 248 264 267 271 281 283 286 293 302 319 321 323 324 332 341 343 352 362 366 367 370 380 383 392 418 419 422 429 456 
54 45 36 48 57 66 75 78 93 99 100 101 103 104 137 142 149 160 161 174 182 184 215 216 238 244 251 258 273 279 283 284 306 315 334 335 342 347 351 352 358 370 389 400 422 436 458 
55 47 3 7 14 24 37 39 53 56 60 66 94 112 116 148 158 178 187 189 191 216 225 235 240 248 254 260 277 300 309 327 362 364 366 367 369 379 391 394 410 416 423 425 426 437 448 453 459 
56 37 1 9 14 15 17 55 68 71 73 74 94 104 105 110 115 130 154 186 197 209 214 222 229 238 244 255 256 274 281 303 319 324 352 375 413 425 430 
57 46 1 17 24 28 34 40 51 52 53 54 62 78 94 95 101 133 137 160 167 173 180 192 197 199 201 203 215 230 248 253 254 289 307 313 334 341 354 366 379 403 406 412 431 447 451 456 
58 49 12 13 28 29 41 46 48 73 82 93 97 99 115 122 135 141 170 173 175 184 189 196 206 223 241 249 253 279 288 296 299 300 309 313 328 330 334 340 347 372 379 386 404 422 429 434 436 438 449 
59 57 9 19 22 29 35 42 44 49 52 67 81 83 87 107 113 124 129 141 143 144 148 155 164 169 173 174 178 181 199 202 203 205 210 215 223 225 240 245 261 272 276 290 298 314 315 321 322 328 374 377 379 397 400 422 436 440 442 
60 57 6 7 20 23 36 37 44 46 55 69 80 90 100 114 120 142 152 153 156 161 169 179 181 184 185 222 233 247 249 257 260 263 272 277 278 294 303 326 328 339 346 363 365 367 370 374 375 379 384 389 390 392 394 403 417 422 434 
61 55 0 3 12 13 18 46 75 77 89 99 105 112 126 146 148 157 161 196 197 201 202 207 211 222 231 250 255 258 263 268 274 282 286 290 298 302 315 316 319 324 325 339 340 373 377 396 406 407 416 418 421 422 429 448 458 
62 44 4 6 23 26 57 79 80 84 85 102 104 116 122 129 141 149 156 157 161 162 196 216 222 223 242 245 282 283 287 295 297 312 314 318 322 329 372 379 393 395 404 420 437 439 
63 64 1 11 13 30 34 48 49 64 73 76 82 83 91 96 99 119 122 127 130 139 157 158 159 161 163 168 172 173 174 176 191 199 203 209 214 233 236 252 260 265 269 274 297 298 300 318 329 348 355 365 368 371 394 397 399 402 408 420 432 433 438 450 455 458 
64 37 11 63 66 69 86 112 123 134 136 149 154 161 162 166 173 174 188 191 210 221 253 254 278 297 313 316 359 364 386 391 399 403 423 432 438 448 455 
65 45 13 19 22 26 38 44 71 93 116 130 153 155 164 165 166 182 198 203 211 216 223 238 254 258 272 280 287 288 301 316 329 344 352 365 376 386 390 391 398 419 426 448 449 455 458 
66 35 22 27 37 41 43 45 47 48 54 55 64 87 116 121 122 123 124 131 156 166 169 177 237 265 276 296 380 388 397 398 425 428 431 435 455 
67 43 16 21 22 24 25 42 45 59 78 90 106 115 120 132 152 170 176 203 209 216 229 249 253 265 273 274 279 285 292 299 301 314 322 330 336 347 387 390 392 423 428 439 443 
68 54 8 12 13 18 21 24 38 48 56 72 80 94 97 102 108 122 126 130 159 163 164 178 194 197 213 219 241 244 266 268 274 279 288 295 296 305 319 329 333 338 339 340 359 365 373 374 377 382 384 398 414 427 442 454 
69 40 24 60 64 91 96 102 145 155 170 174 175 186 188 192 203 206 213 229 231 233 234 249 271 272 281 290 292 312 363 364 376 386 396 412 424 427 430 439 448 457 
70 49 10 23 28 50 73 90 93 94 108 120 126 136 148 149 179 184 188 197 201 202 212 229 232 239 257 268 271 278 284 285 312 314 315 317 318 337 347 361 370 383 384 412 418 435 436 445 446 448 452 
71 37 13 14 37 38 42 56 65 84 118 133 139 148 154 188 195 198 214 218 232 243 247 257 291 300 351 362 366 378 385 390 393 400 401 405 410 439 443 
72 49 6 13 16 20 34 38 45 51 68 79 80 95 107 137 150 154 200 203 209 213 215 219 245 269 281 286 287 298 301 310 314 317 331 338 359 360 373 378 391 393 400 406 409 421 424 425 433 442 449 
73 51 13 56 58 63 70 74 80 81 82 108 110 124 127 131 133 134 136 145 179 185 218 234 235 240 246 249 251 256 262 274 277 281 291 313 324 341 349 356 367 368 373 405 411 412 421 435 440 444 448 450 454 
74 49 16 20 33 34 39 40 51 56 73 82 97 98 99 105 106 113 115 121 133 154 165 181 189 200 203 220 229 233 235 253 256 264 276 286 312 322 328 340 356 359 362 383 388 392 403 416 423 434 447 
75 38 30 36 41 44 47 51 53 54 61 87 96 108 114 122 125 126 157 167 210 215 223 235 242 259 268 280 285 306 309 313 316 319 329 338 352 382 392 434 
76 57 0 3 9 11 22 24 25 26 29 33 37 44 63 86 90 106 107 108 115 119 131 140 165 175 183 193 205 209 214 223 224 239 265 273 277 279 284 285 286 294 303 319 335 338 346 347 374 380 384 402 408 428 435 441 443 449 455 
77 52 5 11 19 37 45 46 49 61 90 98 101 104 105 111 138 140 172 193 225 234 237 241 274 276 284 294 300 302 303 304 313 320 331 340 345 347 349 354 370 385 386 393 405 412 418 424 449 450 452 456 457 458 
78 52 3 19 21 28 34 41 44 54 57 67 84 103 111 123 144 147 149 150 153 155 156 162 177 188 202 208 230 240 242 253 259 277 283 293 301 307 317 320 330 348 354 364 380 381 387 407 416 418 448 450 457 458 
79 41 17 43 47 62 72 83 102 111 121 150 154 173 174 177 183 194 195 203 207 209 222 230 231 236 280 290 293 300 313 317 327 337 340 353 363 368 383 398 399 404 430 
80 52 6 15 18 25 41 60 62 68 72 73 89 109 112 118 120 123 129 130 135 146 149 157 159 163 175 186 209 212 213 243 256 260 263 274 301 311 314 318 344 352 358 368 371 394 395 407 415 418 446 448 450 452 
81 28 0 9 24 39 51 59 73 109 117 121 139 158 159 204 246 263 264 270 302 317 348 350 364 373 375 376 382 449 
82 52 1 3 16 20 29 32 58 63 73 74 100 121 124 130 157 164 183 184 201 208 217 225 241 248 252 253 284 302 304 309 312 324 329 336 338 339 351 360 371 381 384 401 407 410 413 418 424 425 428 436 440 448 
83 46 14 25 29 32 41 59 63 79 93 94 125 132 136 149 151 163 169 172 183 194 215 250 271 272 284 290 295 297 304 325 326 328 338 344 345 346 358 367 371 405 406 427 431 440 444 450 
84 40 19 24 28 47 62 71 78 87 132 137 141 142 150 177 180 188 206 243 252 263 271 276 277 327 334 348 360 361 363 373 375 403 405 407 419 431 437 439 445 446 
85 52 26 42 62 87 97 106 114 116 123 135 137 144 158 174 205 213 241 248 259 262 282 299 309 317 325 331 339 341 343 344 348 349 363 380 383 384 391 392 393 399 403 409 411 413 414 430 431 432 434 441 455 458 
86 56 2 3 15 42 44 46 52 64 76 90 102 120 134 139 143 148 154 155 157 158 169 175 182 191 192 195 197 201 207 212 227 230 234 237 240 254 265 266 267 268 287 292 321 326 357 360 376 414 421 425 432 438 444 445 453 458 
87 41 4 6 11 44 59 66 75 84 85 88 93 107 110 118 139 152 165 171 177 198 249 260 266 273 278 282 296 299 328 333 348 358 371 373 384 392 401 415 434 458 459 
88 43 21 23 24 36 87 90 93 112 114 119 131 144 146 170 176 177 194 199 206 207 222 248 264 269 276 297 300 321 323 344 348 354 356 373 385 388 389 417 420 441 447 451 453 
89 44 7 9 36 46 61 80 92 97 103 120 123 129 131 137 169 175 191 199 201 206 211 212 236 247 265 276 282 302 315 342 355 362 363 364 366 375 386 390 411 416 422 435 443 447 
90 50 3 5 6 7 22 27 47 60 67 70 76 77 86 88 98 103 106 121 142 150 184 189 197 205 219 220 226 231 234 241 255 279 281 293 302 327 335 364 370 371 372 385 399 416 418 433 436 446 447 459 
91 42 3 13 15 24 35 63 69 100 110 117 121 129 160 163 168 186 198 210 212 217 222 225 245 249 286 291 292 304 319 328 345 361 370 379 386 396 408 419 422 426 444 447 
92 44 2 4 12 17 20 31 41 44 49 50 89 96 97 134 140 169 176 181 182 195 207 226 227 238 250 275 283 288 293 306 317 321 326 329 361 374 375 390 392 403 404 412 413 451 
93 42 1 6 7 41 45 51 54 58 65 70 83 87 88 132 135 138 143 151 158 160 171 193 195 214 216 233 276 284 294 296 306 318 322 345 356 365 376 387 392 393 418 444 
94 43 19 28 29 44 55 56 57 68 70 83 99 116 117 120 139 140 141 146 154 165 170 205 229 234 235 249 262 269 280 285 290 302 329 330 339 369 371 372 374 418 425 437 448 
95 52 15 17 26 33 37 42 53 57 72 105 112 132 137 138 139 141 146 155 164 170 177 183 188 200 212 217 220 229 250 261 269 277 283 305 308 317 321 332 340 354 358 360 361 362 363 380 386 389 398 400 401 405 
96 43 2 4 8 39 45 50 63 69 75 92 108 132 133 150 156 164 170 178 194 209 218 219 238 240 261 306 318 330 336 355 359 361 364 366 374 382 388 419 423 438 445 447 450 
97 52 11 28 30 33 40 47 58 68 74 85 89 92 109 121 122 129 137 140 148 163 170 185 194 205 211 212 214 227 231 241 264 269 270 272 275 285 305 313 320 328 332 344 353 360 372 377 388 390 394 402 427 429 
98 43 26 37 50 74 77 90 116 132 144 147 149 152 160 167 208 210 221 223 234 248 255 271 277 291 295 305 308 312 319 338 355 362 376 378 379 380 382 383 396 407 418 426 440 
99 38 10 19 26 35 54 58 61 63 74 94 112 121 133 136 138 142 156 167 192 195 210 221 228 261 269 288 295 315 351 370 375 385 391 404 420 421 427 457 
100 46 3 20 48 54 60 82 91 111 119 121 134 139 142 145 153 154 162 173 177 183 185 205 225 234 239 244 262 274 277 278 285 287 292 294 301 314 383 402 407 408 420 422 423 426 441 454 
101 40 11 31 54 57 77 106 121 124 132 143 144 145 150 158 160 168 170 172 176 179 187 190 191 195 209 214 254 259 299 311 318 340 341 356 365 377 411 443 451 452 
102 39 17 20 62 68 69 79 86 117 129 133 159 169 175 178 191 202 204 224 236 238 273 279 282 297 300 308 309 354 357 361 363 367 372 383 392 395 431 446 452 
103 47 24 30 41 53 54 78 89 90 119 121 138 142 146 149 152 153 154 170 173 178 192 205 206 213 239 249 254 259 277 299 301 309 310 311 321 325 333 350 372 374 383 394 430 431 438 439 445 
104 54 11 54 56 62 77 137 139 144 163 174 175 176 183 195 206 212 213 214 223 235 236 240 249 251 258 261 262 276 289 290 292 308 314 317 320 326 332 342 344 350 354 358 365 374 376 378 399 410 412 427 430 439 442 449 
105 36 4 15 28 38 51 56 61 74 77 95 127 134 144 150 152 173 179 191 192 201 203 216 218 222 281 297 299 307 308 342 347 368 396 409 411 414 
106 53 3 4 6 17 23 26 27 28 41 42 50 67 74 76 85 90 101 113 120 126 128 135 138 167 169 173 184 191 193 214 248 250 256 262 269 284 293 308 318 344 346 364 373 379 388 394 395 404 431 436 440 442 453 
107 38 9 32 46 47 50 59 72 76 87 108 126 134 149 172 178 183 188 190 204 208 212 228 253 269 276 297 320 327 344 390 400 404 405 411 420 425 445 450 
108 58 19 20 26 30 35 45 47 50 68 70 73 75 76 96 107 133 138 140 147 166 170 176 182 184 196 201 206 210 217 233 243 257 258 268 269 270 277 280 282 287 288 289 294 319 353 357 362 363 378 392 394 395 413 415 435 440 441 455 
109 42 2 3 24 25 47 53 80 81 97 115 136 144 172 187 188 196 218 229 239 260 263 264 278 282 297 302 303 310 311 325 356 376 382 386 391 396 400 401 422 424 435 457 
110 51 2 10 15 16 25 33 40 42 43 56 73 87 91 114 126 127 128 141 147 156 162 169 173 185 189 191 207 212 241 243 244 246 247 268 271 274 289 302 328 339 341 345 347 391 394 413 415 418 423 431 451 
111 43 5 10 13 47 77 78 79 100 116 117 120 122 124 138 140 152 179 189 191 201 214 223 234 238 248 267 289 307 312 322 334 335 336 347 362 380 401 409 418 425 438 441 458 
112 34 24 38 55 61 64 80 88 95 99 141 161 163 167 176 214 241 276 286 299 304 306 309 313 315 332 347 351 355 371 391 397 400 431 435 
113 42 8 11 14 59 74 106 141 142 156 160 162 171 175 178 190 221 222 227 238 261 271 272 277 290 295 296 315 321 340 356 366 368 370 371 382 396 399 408 416 418 424 438 
114 42 2 5 8 20 24 42 48 53 60 75 85 88 110 117 130 131 133 147 151 171 177 182 206 213 226 233 237 279 284 299 305 346 365 376 378 385 400 406 413 416 439 453 
115 42 2 7 21 27 56 58 67 74 76 109 117 121 127 128 151 163 191 208 223 225 242 248 256 273 285 289 291 298 304 319 334 347 363 366 382 409 415 420 438 439 450 455 
116 58 9 13 14 19 29 35 40 48 55 62 65 66 85 94 98 111 119 129 134 138 151 152 156 171 180 197 198 200 202 208 213 223 230 231 238 239 251 275 279 287 291 302 310 320 326 352 356 362 373 378 391 398 400 406 409 438 445 450 
117 48 6 13 25 38 45 46 47 50 81 91 94 102 111 114 115 122 137 153 155 185 199 211 213 215 222 245 249 253 256 257 261 267 274 282 300 327 331 354 357 367 371 372 415 425 427 451 453 456 
118 38 16 17 32 43 44 71 80 87 129 137 157 167 174 181 188 233 235 238 248 266 279 297 299 303 316 331 334 353 365 379 386 416 424 439 446 452 454 459 
119 43 12 63 76 88 100 103 116 121 137 145 151 162 173 185 189 190 210 212 218 221 255 291 296 314 323 332 337 354 359 363 368 371 381 382 385 392 396 403 408 423 443 444 457 
120 44 4 19 50 60 67 70 80 86 89 94 106 111 124 129 160 166 170 184 185 187 188 204 232 234 242 252 259 261 269 280 281 284 298 300 304 349 368 370 371 373 378 380 388 404 
121 49 0 14 16 31 32 46 66 74 79 81 82 90 91 97 99 100 101 103 115 119 129 135 139 140 148 149 204 217 237 247 260 261 306 314 319 343 360 378 383 385 390 404 412 413 414 416 418 419 455 
122 49 7 50 58 62 63 66 68 75 97 111 117 123 135 141 147 148 158 163 166 168 172 180 188 189 241 248 251 260 270 274 280 286 289 299 300 309 314 337 345 352 358 375 387 403 411 412 417 456 458 
123 43 11 33 64 66 78 80 85 89 122 135 140 151 153 159 164 202 213 214 241 246 248 259 264 265 269 272 292 306 308 316 317 322 343 366 381 390 406 414 422 425 435 443 457 
124 45 6 12 38 59 66 73 82 101 111 120 126 132 135 147 148 159 173 189 199 225 238 241 243 261 274 277 289 293 299 302 305 309 313 339 352 354 368 381 394 398 399 402 403 428 436 
125 45 9 13 22 34 40 48 75 83 130 144 147 152 155 184 187 212 214 215 216 217 221 222 224 231 238 239 248 256 267 275 282 287 342 345 346 355 375 382 412 414 421 427 428 436 452 
126 44 17 18 27 34 35 44 47 52 53 61 68 70 75 106 107 110 124 133 161 166 170 189 193 234 235 238 241 243 277 295 296 305 311 312 334 397 399 422 437 443 445 448 454 455 
127 46 49 63 73 105 110 115 128 131 143 146 174 177 189 193 206 209 214 232 258 260 267 270 274 275 280 286 291 312 321 329 349 351 352 354 362 378 415 416 418 419 429 447 450 452 456 459 
128 45 5 40 44 53 106 110 115 127 145 156 160 165 186 200 201 207 220 225 226 233 243 271 274 287 288 291 293 295 299 301 308 321 335 351 352 363 371 372 383 384 412 415 422 429 451 
129 46 4 17 18 22 26 59 62 80 89 91 97 102 116 118 120 121 141 176 188 190 213 222 224 225 238 240 255 261 263 268 271 281 289 292 297 316 326 342 345 346 356 384 385 408 424 450 
130 43 2 22 29 48 53 56 63 65 68 80 82 114 125 149 154 174 185 190 191 193 200 206 216 218 239 265 272 275 282 292 308 329 334 342 351 363 387 389 391 404 419 446 454 
131 43 4 5 6 16 21 24 45 51 66 73 76 88 89 114 127 146 156 169 177 196 200 204 215 217 228 231 242 263 286 291 295 316 352 357 362 364 371 382 413 432 433 448 455 
132 47 17 28 36 41 67 83 84 93 95 96 98 101 124 146 181 185 202 203 204 215 221 227 234 235 256 257 274 278 280 290 293 296 314 315 316 319 342 347 351 352 365 381 388 389 391 402 454 
133 48 6 38 57 71 73 74 96 99 102 108 114 126 144 152 153 162 179 180 182 193 207 211 219 225 232 240 244 266 277 284 298 303 306 322 327 334 350 351 378 385 393 396 419 420 425 426 429 434 
134 47 18 19 37 41 64 73 86 92 100 105 107 116 151 155 162 163 167 171 205 217 228 229 231 236 241 249 263 265 278 287 294 300 315 319 330 333 364 404 407 411 414 436 437 445 452 458 459 
135 42 14 18 38 39 45 47 51 58 80 85 93 106 121 122 123 124 139 150 154 166 169 171 173 194 198 210 212 216 223 245 256 273 278 290 305 307 330 342 379 385 430 453 
136 32 24 64 70 73 83 99 109 147 153 155 195 203 215 229 250 258 261 272 282 297 338 349 353 358 380 385 401 419 427 429 436 440 
137 39 6 9 30 41 48 49 54 57 72 84 85 89 95 97 104 117 118 119 153 154 193 196 218 220 228 234 274 299 302 305 310 334 381 384 411 421 424 431 449 
138 43 1 3 21 25 38 40 77 93 95 99 103 106 108 111 116 142 146 219 220 236 238 243 273 281 287 289 293 299 305 308 319 331 348 361 374 380 382 395 398 413 432 440 456 
139 62 9 17 25 27 32 34 37 48 63 71 81 86 87 94 95 100 104 121 135 145 146 147 160 169 211 212 225 227 234 235 241 244 254 256 258 262 266 283 285 290 298 316 329 332 339 345 354 357 366 373 385 388 394 397 399 401 410 413 423 427 448 452 
140 43 0 7 23 49 76 77 92 94 97 108 111 121 123 141 160 172 177 181 183 223 230 233 246 263 276 280 287 301 311 324 329 332 351 365 367 371 372 380 394 439 451 454 459 
141 44 3 6 7 31 33 58 59 62 84 94 95 110 112 113 122 129 140 157 160 166 190 191 199 205 263 267 276 279 303 304 333 346 350 360 361 386 393 398 409 414 416 430 437 446 
142 52 6 7 9 11 12 29 30 38 43 53 54 60 84 90 99 100 103 113 138 145 146 167 171 192 200 204 207 229 236 237 240 247 261 266 273 276 298 306 307 315 323 327 336 343 355 378 391 401 413 421 426 444 
143 47 13 14 22 24 29 41 42 45 59 86 93 101 127 144 180 189 194 200 204 219 229 239 241 242 267 268 279 284 309 318 325 332 335 337 340 352 354 356 392 404 417 426 437 446 449 455 459 
144 53 17 25 40 59 78 85 88 98 101 104 105 109 125 133 143 146 148 152 157 159 167 174 178 187 191 214 217 221 250 251 253 267 276 280 291 311 316 332 336 340 343 356 362 365 372 382 415 421 424 430 450 453 456 
145 45 13 43 51 53 69 73 100 101 119 128 139 142 148 156 163 171 205 212 222 228 230 235 237 240 246 256 258 264 294 322 325 332 355 366 379 390 405 406 408 412 415 429 431 437 459 
146 47 11 29 41 42 50 61 80 88 94 95 103 127 131 132 138 139 142 144 152 172 173 191 194 195 202 235 240 246 247 248 262 285 286 288 300 332 364 365 375 376 378 379 398 420 440 442 451 
147 39 17 78 98 108 110 114 122 124 125 136 139 161 163 181 203 235 241 249 260 261 274 309 316 324 325 327 332 335 340 358 390 395 399 409 411 414 421 427 443 
148 52 1 11 13 32 51 55 59 61 70 71 86 97 121 122 124 144 145 158 163 165 178 181 183 192 205 212 225 236 238 245 246 259 260 265 284 286 294 307 326 328 330 334 341 345 372 386 420 425 428 429 434 458 
149 46 5 11 37 53 54 62 64 70 78 80 83 98 103 107 121 130 150 164 191 231 232 243 255 264 271 279 288 296 298 331 333 344 363 365 379 384 390 397 406 412 422 425 426 433 437 440 
150 39 10 12 14 22 30 37 46 52 72 78 79 84 90 96 101 105 135 149 151 190 208 211 241 247 248 253 255 259 299 305 319 321 327 371 388 405 418 422 457 
151 49 6 23 27 28 42 45 83 93 114 115 116 119 123 134 150 156 167 172 173 174 185 193 212 216 225 231 235 238 268 269 279 283 288 289 305 313 325 334 336 338 354 387 392 397 405 408 418 435 445 
152 48 3 14 24 38 45 47 60 67 87 98 103 105 111 116 125 133 144 146 158 163 175 185 214 234 255 259 266 267 268 289 291 296 301 313 314 325 326 353 356 360 368 383 388 395 397 402 421 439 
153 34 20 60 65 78 100 103 117 123 133 136 137 157 194 209 211 212 224 242 243 290 297 305 325 362 366 375 388 393 408 413 422 432 437 456 
154 46 25 40 56 64 71 72 74 79 86 94 100 103 130 135 137 162 171 174 180 189 222 241 245 253 269 272 290 296 303 309 310 314 342 345 358 380 390 394 397 403 410 424 429 431 458 459 
155 48 5 11 30 39 43 53 59 65 69 78 86 95 117 125 134 136 158 174 192 201 220 221 225 226 229 232 238 249 257 260 264 276 282 286 306 321 322 324 349 366 375 377 384 399 405 407 434 445 
156 51 5 15 20 21 30 41 47 60 62 66 78 96 99 110 113 116 128 131 145 151 164 185 187 189 234 239 240 242 243 244 245 254 270 278 279 302 310 311 314 321 326 344 347 355 356 369 379 408 418 453 458 
157 56 1 4 11 15 20 21 30 41 43 46 47 61 62 63 75 80 82 86 118 141 144 153 163 167 180 193 195 196 198 213 215 220 229 259 283 296 303 307 312 318 324 342 366 386 387 396 398 400 415 418 424 426 432 444 451 457 
158 47 5 13 33 40 46 55 63 81 85 86 93 101 122 148 152 155 160 162 177 178 184 195 207 237 263 271 280 309 333 338 339 348 351 355 359 370 390 392 395 398 401 402 415 418 425 432 444 
159 43 5 13 26 28 31 34 35 37 44 63 68 80 81 102 123 124 144 176 180 182 183 188 199 205 207 209 229 233 250 253 275 282 288 307 314 332 339 362 365 370 381 385 454 
160 49 4 14 15 23 28 43 54 57 91 93 98 101 113 120 128 139 140 141 158 161 176 195 197 199 212 220 222 231 242 249 253 292 312 323 329 336 348 351 355 374 378 383 401 403 408 411 412 414 441 
161 45 13 18 20 29 31 32 46 54 60 61 62 63 64 112 126 147 160 167 172 181 182 200 203 220 224 249 263 279 280 287 327 345 366 367 379 388 391 403 404 412 416 424 427 450 455 
162 48 36 44 45 62 64 78 100 110 113 119 133 134 154 158 169 174 195 211 232 239 248 263 272 293 295 304 327 331 336 339 346 347 351 366 373 374 375 378 382 387 408 418 427 429 438 439 442 446 
163 51 0 5 7 28 34 39 47 63 68 80 83 91 97 104 112 115 122 134 145 147 148 152 157 169 175 210 213 237 263 270 283 288 289 290 310 328 340 348 353 393 400 408 409 420 428 431 432 440 445 447 448 
164 50 23 33 39 59 65 68 82 95 96 123 149 156 169 171 186 188 194 198 209 211 218 219 223 236 239 242 244 247 250 261 266 284 289 306 323 347 352 355 368 373 383 408 415 426 431 432 437 449 450 457 
165 46 11 25 28 39 65 74 76 87 94 128 148 170 172 182 190 212 214 228 244 245 258 264 285 297 301 305 324 331 334 346 354 357 361 362 376 383 391 403 404 407 414 416 426 434 458 459 
166 40 11 35 37 51 64 65 66 108 120 122 126 135 141 169 172 179 186 192 198 203 216 227 232 233 235 262 263 268 287 302 345 364 367 378 382 402 403 415 429 440 
167 55 1 3 9 14 16 20 37 44 57 75 98 99 106 112 118 134 142 144 151 157 161 171 185 208 224 230 233 234 248 251 257 258 275 284 285 288 295 306 307 309 321 332 333 337 338 340 351 357 369 387 410 428 452 453 458 
168 41 8 24 40 52 63 91 101 122 179 183 207 219 222 233 234 236 243 261 282 293 295 301 316 335 336 352 353 361 362 391 405 411 421 426 427 428 430 441 449 452 456 
169 57 5 6 9 22 39 41 59 60 66 83 86 89 92 102 106 110 131 135 139 162 163 164 166 188 199 203 207 216 219 227 264 267 275 297 305 318 325 333 336 337 342 354 365 368 369 370 373 378 389 398 401 406 415 417 433 443 444 
170 41 8 12 13 31 58 67 69 88 94 95 96 97 101 103 108 120 126 165 191 210 218 219 220 230 243 262 268 305 310 316 317 323 325 358 379 401 402 425 445 448 452 
171 43 2 22 42 87 93 113 114 116 134 135 142 145 154 164 167 176 180 193 194 212 213 233 234 251 252 264 269 270 275 284 291 323 349 358 371 387 393 399 412 422 431 447 456 
172 37 4 23 36 63 77 83 101 107 109 122 140 146 151 161 165 166 181 191 193 196 213 223 230 253 264 267 295 298 337 365 382 384 386 402 415 422 436 
173 58 0 19 37 57 58 59 63 64 79 100 103 105 106 110 119 124 135 146 151 188 196 199 221 230 233 244 253 257 261 262 264 277 282 283 286 299 310 322 323 333 338 345 358 362 363 364 375 393 415 417 426 430 434 435 438 445 448 449 
174 50 3 23 25 37 46 48 50 54 59 63 64 69 79 85 104 118 127 130 144 151 154 155 162 185 186 190 210 261 265 269 271 273 286 298 308 328 336 347 360 371 375 379 384 397 399 406 410 418 446 454 
175 39 0 7 29 34 51 52 58 69 76 80 86 89 102 104 113 152 163 182 197 235 245 247 257 264 268 283 298 304 307 316 373 396 404 407 413 414 434 435 446 
176 45 0 8 15 18 20 53 63 67 88 92 101 104 108 112 129 159 160 171 180 198 215 251 255 257 283 303 329 340 346 347 351 353 364 369 370 375 386 393 396 416 417 423 427 433 435 
177 42 3 28 49 53 66 78 79 84 87 88 95 100 114 127 131 140 158 181 189 217 218 229 235 240 244 253 261 264 271 273 313 335 353 374 393 419 421 423 432 434 442 455 
178 35 7 9 12 41 46 51 55 59 68 96 102 103 107 113 144 148 158 185 195 205 210 224 232 290 318 360 367 368 378 386 402 405 423 450 452 
179 47 1 21 27 29 31 32 50 60 70 73 101 105 111 133 166 168 194 198 216 234 241 246 251 265 270 281 283 294 318 321 324 326 327 334 337 352 355 357 361 402 414 419 425 432 436 438 451 
180 43 36 43 44 57 84 116 122 133 143 154 157 159 171 176 191 192 199 215 219 224 238 240 249 262 290 294 296 303 310 318 333 335 336 349 362 379 382 391 394 417 434 450 455 
181 43 20 31 36 37 59 60 74 92 118 132 140 147 148 161 172 177 191 198 202 208 209 218 219 227 231 250 257 259 261 264 282 284 290 302 308 326 334 367 372 397 404 430 450 
182 45 2 11 26 33 37 38 47 54 65 86 92 108 114 133 159 161 165 175 183 191 199 200 217 224 234 235 236 245 246 256 265 271 296 319 332 344 366 369 380 405 409 415 432 436 452 
183 53 0 12 22 31 40 43 44 48 76 79 82 83 95 100 104 107 140 148 159 168 182 184 197 200 202 215 220 255 264 267 269 275 293 297 324 330 331 340 342 348 353 357 368 375 385 389 399 401 406 413 421 436 440 
184 49 10 11 16 17 21 40 54 58 60 70 82 90 106 108 120 125 158 183 193 196 199 202 204 216 220 226 229 242 245 247 249 252 272 274 282 291 293 298 316 329 348 355 366 373 391 395 424 429 436 
185 45 16 17 39 45 52 60 73 97 100 110 117 119 120 130 132 151 152 156 167 174 178 192 193 199 207 209 213 219 226 237 244 247 254 256 262 264 292 334 337 344 352 382 413 443 454 
186 38 38 45 46 56 69 80 91 128 164 166 174 207 213 223 225 232 247 257 259 269 271 274 300 317 318 321 322 324 345 346 404 417 422 425 429 433 443 458 
187 46 14 27 32 44 45 50 53 55 101 109 120 125 144 156 191 192 204 210 219 222 225 231 236 246 248 260 261 265 271 278 283 286 292 310 318 341 367 368 405 421 425 426 434 440 441 455 
188 54 9 25 26 33 35 44 64 69 70 71 78 84 95 107 109 118 120 122 129 159 164 169 173 190 192 193 204 206 218 222 225 247 248 251 252 253 295 304 306 310 312 335 336 341 345 357 358 365 395 404 411 427 443 458 
189 48 5 13 21 31 44 45 46 55 58 74 90 110 111 119 122 124 126 127 143 154 156 177 207 213 221 226 237 241 244 268 275 279 283 289 292 305 322 332 359 361 368 379 396 397 417 421 423 454 
190 48 21 32 35 45 101 107 113 119 129 130 141 150 165 174 188 193 194 206 209 235 239 254 274 279 280 289 293 299 308 311 318 340 353 362 366 379 388 394 399 404 406 409 419 420 424 426 438 458 
191 52 12 55 63 64 86 89 101 102 105 106 110 111 115 130 141 144 146 149 170 172 180 181 182 187 198 210 213 224 225 268 269 278 281 288 290 328 341 352 359 363 370 383 396 421 424 426 427 447 450 451 457 459 
192 35 6 7 18 29 46 51 57 69 86 99 103 105 142 148 155 166 180 185 187 188 202 248 257 305 345 348 352 358 359 383 387 419 427 437 444 
193 55 2 9 21 36 40 45 76 77 93 106 126 127 130 133 137 151 157 171 172 184 185 188 190 231 235 237 244 248 256 260 267 269 286 293 301 302 304 322 330 340 361 366 401 407 408 409 411 431 436 439 442 443 445 447 458 
194 50 16 17 30 35 37 53 68 79 83 88 96 97 135 143 146 153 164 171 179 190 213 217 225 233 238 241 283 284 313 315 316 327 352 353 366 368 369 377 379 390 413 421 425 434 438 439 442 444 453 456 
195 46 3 6 23 41 43 46 52 71 79 86 92 93 99 101 104 136 146 157 158 160 162 178 207 226 228 231 243 245 250 260 262 264 285 293 300 302 303 318 333 336 348 374 407 430 443 459 
196 52 4 11 17 25 27 28 30 31 38 42 58 61 62 108 109 131 137 157 172 173 184 215 221 222 232 242 255 257 258 260 263 268 271 282 292 293 309 317 325 339 344 358 361 381 401 404 407 422 429 431 432 437 
197 45 7 9 26 39 41 50 51 56 57 61 68 70 86 90 116 160 175 183 203 205 217 221 254 258 264 266 268 277 287 288 290 301 310 314 316 326 336 353 363 372 407 408 424 432 443 
198 42 20 23 36 39 43 65 71 87 91 116 135 157 164 166 176 179 181 191 205 212 217 241 244 251 257 266 272 273 279 282 291 292 299 306 331 376 377 391 410 418 423 432 
199 55 4 18 38 41 57 59 63 88 89 117 124 141 159 160 169 173 180 182 184 185 200 210 212 217 220 227 244 248 261 279 297 298 310 315 320 323 327 329 331 335 336 339 357 362 363 366 369 374 375 384 388 412 429 444 454 
200 51 0 3 8 10 17 28 31 33 37 46 47 72 74 95 116 128 130 131 142 143 161 182 183 199 205 211 217 219 222 229 236 247 287 293 296 315 326 334 352 364 371 372 374 376 398 401 410 416 417 429 445 
201 42 17 29 37 41 57 61 70 82 86 89 105 108 111 128 155 222 227 239 247 254 255 257 269 270 293 334 338 351 352 365 371 384 405 411 414 419 423 424 432 445 448 455 
202 53 0 12 19 31 32 47 59 61 70 78 102 116 123 132 146 181 183 184 192 206 231 234 247 275 277 287 291 298 303 323 340 344 348 350 354 357 362 363 370 384 393 399 406 413 417 421 424 428 433 438 443 449 451 
203 43 20 27 39 43 51 57 59 63 65 67 69 72 74 79 105 132 136 147 161 166 169 197 207 220 221 256 265 275 290 299 308 320 335 363 367 368 377 397 417 425 428 445 446 
204 41 12 16 21 22 23 38 43 81 102 107 120 121 131 132 142 143 184 187 188 205 210 213 218 223 245 247 248 271 292 293 314 322 341 345 350 375 380 382 397 402 422 
205 47 59 76 85 90 94 97 100 103 134 141 145 148 159 178 197 198 200 204 210 221 232 242 255 268 284 291 294 300 309 314 331 344 347 364 366 369 370 375 378 391 392 398 411 416 417 423 446 
206 45 4 23 25 31 43 58 69 84 88 89 103 104 108 114 127 130 188 190 202 213 216 223 243 250 265 280 290 307 320 331 335 339 348 353 356 360 364 372 375 383 390 424 440 455 459 
207 49 4 30 42 61 79 86 88 92 110 128 133 142 158 159 168 169 185 186 189 195 203 226 227 228 231 255 261 266 278 310 320 321 322 324 336 344 347 348 370 398 399 405 417 422 423 426 449 450 455 
208 40 3 4 30 40 41 78 82 98 107 115 116 150 167 181 224 225 242 245 249 250 261 270 273 284 290 295 313 316 338 353 370 380 382 385 388 393 399 420 436 444 
209 50 6 12 15 19 31 38 56 63 67 72 76 79 80 96 101 127 153 159 164 181 185 190 213 219 238 251 269 270 285 289 290 295 305 306 312 324 340 341 345 354 371 382 385 417 422 425 433 436 441 459 
210 44 16 44 59 64 75 91 98 99 108 119 135 163 170 174 178 187 191 199 204 205 215 216 221 222 226 244 253 273 280 304 307 312 316 320 338 362 382 383 389 391 404 415 419 453 
211 41 8 18 29 40 45 61 65 89 97 117 133 139 150 153 162 164 200 223 224 233 238 268 272 292 316 333 342 354 361 368 372 388 400 406 410 418 429 430 435 450 457 
212 52 3 23 40 46 70 80 86 89 91 95 97 104 107 110 119 125 135 139 145 148 151 153 160 165 171 198 199 227 232 249 252 261 264 270 274 278 280 287 292 296 320 336 359 367 372 373 382 386 388 406 423 452 
213 53 10 34 39 43 53 68 69 72 80 85 103 104 114 116 117 123 129 157 163 171 172 185 186 189 191 194 204 206 209 232 246 252 253 256 264 267 291 302 306 314 321 334 335 336 346 361 376 380 385 419 426 448 449 
214 38 15 34 56 63 71 76 93 97 101 104 106 111 112 123 125 127 144 152 165 215 229 235 247 284 294 329 337 356 376 390 391 394 395 402 405 412 423 430 
215 49 6 18 34 38 42 43 54 57 59 72 75 83 117 125 131 132 136 157 176 180 183 196 210 214 218 234 236 239 270 294 310 328 334 343 348 351 354 363 392 398 400 402 405 415 429 430 443 446 456 
216 46 0 3 8 25 30 33 39 54 55 62 65 67 93 105 125 130 135 151 166 169 179 184 206 210 218 223 227 232 243 256 266 282 293 301 311 325 328 341 345 350 366 374 397 409 439 451 
217 48 0 13 19 25 33 49 82 91 95 108 121 125 131 134 144 177 182 194 197 198 199 200 226 232 247 261 263 274 290 295 299 300 304 313 318 321 326 341 368 370 375 379 391 394 403 441 445 449 
218 48 19 51 53 71 73 96 105 109 119 130 137 164 170 177 181 188 204 215 216 223 242 248 250 253 263 266 275 287 295 319 320 332 333 345 351 359 363 377 379 383 402 406 407 411 414 419 438 451 
219 35 25 33 68 72 90 96 133 138 143 164 168 169 170 180 181 185 187 200 209 223 265 269 288 313 318 360 377 383 386 391 431 441 445 447 459 
220 43 0 7 13 22 24 74 90 95 128 137 138 155 157 160 161 170 183 184 199 203 250 282 283 288 296 297 324 333 339 341 346 350 366 368 387 390 393 413 429 437 441 449 454 
221 46 16 23 33 64 98 99 113 119 125 132 144 155 173 189 196 197 203 205 210 222 226 232 246 260 271 314 326 333 334 342 354 357 365 369 371 378 380 393 415 416 426 435 441 443 452 455 
222 55 9 14 31 39 41 44 45 56 60 61 62 79 88 91 105 113 117 125 129 145 154 160 168 187 188 196 200 201 210 221 238 260 287 289 298 307 310 321 325 330 360 370 371 375 380 382 384 386 391 392 413 447 452 454 458 
223 49 1 47 48 51 58 59 62 65 75 76 98 104 111 115 116 135 140 164 172 186 204 206 211 216 218 219 232 241 245 247 248 266 272 276 292 294 300 311 316 336 350 353 369 379 380 408 419 428 430 
224 46 28 49 76 102 125 129 153 161 167 178 180 182 191 208 211 229 240 249 254 263 267 273 280 301 304 311 313 318 322 323 326 327 348 355 357 358 366 394 424 425 434 435 440 450 452 453 
225 46 1 6 26 32 38 55 59 77 82 91 100 115 124 128 129 133 139 148 151 155 186 187 188 191 194 208 234 236 239 241 258 263 267 268 270 316 319 335 353 367 376 425 430 434 442 445 
226 55 3 16 28 31 33 36 38 42 90 92 114 128 155 184 185 189 195 207 210 217 221 241 255 256 262 284 285 292 293 295 297 302 303 304 309 320 330 335 337 342 343 352 364 367 369 371 372 374 380 414 424 432 442 445 447 
227 50 6 23 28 36 43 86 92 97 113 132 139 166 169 181 199 201 207 212 216 248 257 269 271 289 292 297 302 306 311 313 316 317 320 323 331 332 354 358 363 366 367 376 384 402 414 426 427 437 447 449 
228 35 18 22 26 29 30 45 53 99 107 131 134 137 145 165 195 207 233 245 248 251 255 278 300 307 309 320 327 382 385 395 400 402 431 434 453 
229 42 9 11 33 35 39 56 67 69 70 74 94 95 109 134 136 142 143 155 157 159 177 184 200 214 224 241 256 266 302 330 337 398 405 407 412 426 429 431 433 440 445 456 
230 48 9 16 18 21 34 49 53 57 78 79 86 116 140 145 167 170 172 173 231 233 255 266 268 289 295 296 305 332 333 335 336 343 344 357 365 385 397 398 400 404 419 427 434 441 442 445 453 454 
231 46 17 20 21 25 28 33 37 48 61 69 79 90 97 116 125 131 134 149 151 160 181 187 193 195 202 207 230 242 254 284 288 296 311 339 342 349 355 369 392 405 412 413 424 433 437 445 
232 43 1 2 19 26 27 32 38 46 50 70 71 120 127 133 149 155 162 166 178 186 196 205 212 213 216 217 221 223 249 261 288 301 303 329 350 356 360 376 377 381 383 393 415 
233 44 10 13 32 34 51 60 63 69 74 93 108 114 118 128 140 159 166 167 168 171 173 194 211 228 230 246 265 267 280 294 308 315 319 321 335 337 353 357 370 373 405 425 426 430 
234 57 1 15 18 38 40 50 53 69 73 77 86 90 94 98 100 111 120 126 132 137 139 152 156 167 168 171 179 182 202 215 225 240 241 247 260 263 264 291 331 339 355 357 358 371 376 377 385 396 407 409 415 421 425 436 441 443 453 
235 54 4 6 18 20 26 29 30 38 42 49 52 55 73 74 75 94 104 118 126 132 139 145 146 147 151 166 175 177 182 190 193 214 254 277 293 300 308 322 325 347 348 354 363 370 390 404 408 410 427 429 435 437 439 456 
236 45 26 28 29 31 41 63 79 89 102 104 134 138 142 148 164 168 182 187 200 215 225 239 243 263 265 282 284 301 310 313 316 319 328 329 359 371 373 379 380 398 406 425 431 441 442 
237 42 6 7 8 14 20 30 46 48 66 77 86 114 121 142 145 158 163 185 189 193 244 249 264 270 286 291 297 300 310 313 333 335 343 354 359 362 366 375 401 415 435 440 
238 52 12 20 25 30 34 36 38 45 53 54 56 65 92 96 102 111 113 116 118 124 125 126 129 138 148 151 155 180 194 209 211 222 239 243 245 255 304 317 321 349 356 363 365 370 384 389 391 394 413 439 444 445 
239 44 0 1 2 14 33 39 40 47 50 70 76 100 103 109 116 125 130 143 156 162 164 190 201 215 225 236 238 245 254 259 289 296 297 317 330 346 349 355 373 382 394 396 407 454 
240 34 11 13 21 38 55 59 73 78 86 96 104 129 133 142 145 146 156 177 180 224 234 243 257 339 354 359 363 378 406 409 441 445 452 458 
241 58 3 6 19 30 33 40 45 58 68 77 82 85 90 97 110 112 122 123 124 126 134 139 143 147 150 154 179 189 194 198 223 225 226 229 234 249 251 262 272 278 285 301 302 312 319 330 338 364 365 372 380 396 402 404 412 413 421 424 
242 46 11 36 39 47 53 62 75 78 115 120 131 143 153 156 160 164 184 196 205 208 218 231 250 254 283 293 299 300 304 307 322 325 339 340 344 346 350 357 382 388 404 410 411 444 445 451 
243 54 1 3 9 21 26 29 36 53 71 80 84 108 110 124 126 128 138 149 153 156 168 170 195 206 216 236 238 240 246 259 272 299 300 302 303 312 320 324 345 352 353 357 365 369 375 380 401 408 411 418 430 434 437 454 
244 50 4 8 11 14 27 28 48 54 56 68 100 110 133 139 156 164 165 173 177 185 189 193 198 199 210 237 257 266 273 281 283 292 315 320 328 333 351 352 358 364 372 377 382 395 401 416 426 441 445 452 
245 43 13 23 26 45 50 59 62 72 91 117 135 148 154 156 165 175 182 184 195 204 208 223 228 238 239 291 299 305 330 349 363 368 373 376 389 400 417 428 430 435 442 455 459 
246 43 5 8 11 23 25 46 73 81 110 123 140 145 146 148 179 182 187 213 221 233 243 248 252 254 270 280 295 300 331 337 338 342 343 360 372 395 414 419 423 433 435 438 446 
247 52 8 11 34 35 51 60 71 89 110 121 142 146 150 164 175 184 185 186 188 200 201 202 204 214 217 223 234 255 267 271 272 273 280 285 287 297 315 329 334 339 343 344 355 365 367 383 400 405 408 416 446 459 
248 52 1 15 31 37 40 53 55 57 82 85 88 98 106 111 115 118 122 123 125 146 150 162 167 187 188 192 193 199 204 218 223 227 228 246 265 271 276 288 294 296 339 345 358 365 385 393 410 417 426 427 436 456 
249 58 1 3 10 14 20 29 36 38 40 52 58 60 67 69 73 87 91 94 103 104 117 134 147 155 160 161 180 184 208 212 224 232 237 241 253 254 257 276 296 303 313 332 340 342 343 368 379 391 392 412 414 418 420 425 429 442 445 447 
250 37 3 20 28 29 34 61 83 92 95 106 136 144 159 164 181 195 206 208 218 220 242 262 277 291 299 301 313 333 339 358 359 383 398 402 418 438 453 
251 43 3 6 14 16 31 33 34 41 43 54 73 104 116 122 144 167 171 176 179 188 198 209 228 241 255 256 271 279 287 289 293 314 328 340 360 362 379 397 406 431 433 439 441 
252 38 11 18 33 37 41 43 45 63 82 84 120 171 184 188 212 213 246 254 283 285 300 304 305 326 330 331 337 352 369 395 397 400 407 412 436 441 446 450 
253 51 6 12 35 37 57 58 64 67 74 78 82 107 117 144 150 154 159 160 172 173 177 188 210 213 218 249 260 266 267 287 300 307 311 315 317 319 321 333 342 344 361 380 385 388 405 411 428 430 435 438 456 
254 45 19 25 39 40 55 57 64 65 86 101 103 139 156 185 190 197 201 224 231 235 239 242 246 249 252 265 290 292 293 308 321 326 333 343 367 372 393 395 421 424 432 438 441 447 452 
255 42 8 9 13 42 48 56 61 90 98 119 129 149 150 152 176 183 196 201 205 207 226 228 230 238 247 251 262 266 287 293 301 315 337 340 347 378 397 408 410 429 437 450 
256 47 3 6 16 19 40 44 56 73 74 80 106 115 117 125 132 135 139 145 182 185 193 203 213 216 226 229 251 260 265 270 271 272 284 300 302 328 333 335 336 357 359 363 386 414 419 430 451 
257 44 13 18 37 39 44 52 60 70 71 108 117 132 155 167 173 175 176 181 186 192 196 198 201 227 240 244 249 270 275 277 278 295 318 322 335 360 374 376 379 389 396 412 421 422 
258 42 14 42 44 50 51 54 61 65 104 108 127 136 139 145 165 167 196 197 225 263 269 276 284 289 309 316 317 323 324 337 340 345 367 393 400 404 408 423 424 434 436 446 
259 37 7 24 75 78 85 101 103 120 123 148 150 152 157 181 186 239 243 267 268 303 305 326 338 339 351 353 363 387 389 390 395 403 406 415 426 449 450 
260 43 3 16 32 36 55 60 63 80 87 109 121 122 127 147 148 155 187 193 195 196 221 222 234 253 256 284 287 292 304 346 358 382 386 401 406 416 420 424 434 436 437 438 445 
261 58 9 11 12 27 33 41 43 59 95 96 99 104 113 117 120 121 124 129 136 142 147 164 168 173 174 177 181 187 199 207 208 212 217 232 271 283 285 298 299 301 302 317 318 330 340 342 348 373 380 384 389 395 414 430 434 443 447 452 
262 41 3 73 85 94 100 104 106 139 146 166 170 173 180 185 195 226 241 250 255 265 273 278 302 309 310 317 335 341 343 364 365 387 398 403 404 408 424 444 452 454 455 
263 42 60 61 80 81 84 109 129 131 134 140 141 158 161 162 163 166 196 217 218 224 225 234 236 258 269 275 279 292 313 325 340 343 349 362 371 397 398 407 426 429 433 439 
264 59 1 7 11 14 20 29 34 42 53 74 81 88 97 109 123 145 149 155 165 169 171 172 173 175 177 181 183 185 195 197 212 213 234 237 267 291 292 293 299 301 312 314 324 342 348 364 370 375 379 382 384 386 388 391 392 395 441 451 459 
265 49 12 15 16 18 29 43 63 66 67 76 86 89 123 130 134 148 174 179 182 187 203 206 219 233 236 248 254 256 262 280 287 297 317 319 321 330 340 357 359 376 379 383 384 422 425 426 444 449 455 
266 32 1 11 27 40 68 86 87 118 133 139 142 152 164 197 198 207 216 218 223 229 230 244 253 255 277 291 319 341 354 393 447 449 
267 51 0 9 18 21 33 38 39 42 48 53 86 111 117 125 127 141 143 144 152 169 172 183 193 213 224 225 233 247 253 259 264 272 273 297 307 323 351 354 370 371 379 382 387 391 394 407 423 425 434 440 446 
268 53 9 21 37 44 46 50 61 68 70 75 86 108 110 129 143 151 152 166 170 175 189 191 196 197 205 211 225 230 259 278 289 293 301 326 340 343 346 351 366 378 383 394 403 405 412 417 421 426 429 430 446 457 459 
269 54 0 1 14 26 32 49 63 72 88 94 95 97 99 106 107 108 120 123 151 154 171 174 183 186 191 193 201 209 219 227 258 263 279 294 306 307 317 318 326 328 331 333 356 358 359 363 365 376 408 411 417 432 437 446 
270 38 2 26 81 97 108 122 127 156 163 171 179 201 208 209 212 215 225 237 246 256 257 300 311 324 335 338 349 353 358 376 378 389 392 407 416 418 443 458 
271 54 1 27 28 40 44 46 53 69 70 83 84 98 110 113 128 129 149 158 174 177 182 186 187 196 204 221 227 247 248 251 256 261 272 283 286 288 305 307 312 317 328 341 379 388 393 394 395 410 412 423 437 448 456 458 
272 45 2 9 25 26 31 36 46 59 60 65 69 83 97 113 123 130 136 154 162 184 198 211 223 241 243 247 256 267 271 281 288 310 315 322 326 336 339 341 349 362 373 386 432 455 459 
273 43 5 15 16 32 40 42 44 46 48 50 54 67 76 87 102 115 135 138 142 174 177 198 208 210 224 244 247 262 267 281 282 291 304 315 318 337 355 365 386 398 400 423 436 
274 51 1 17 23 34 50 56 61 63 67 68 73 77 80 100 110 117 122 124 127 128 132 137 147 184 186 190 212 217 297 318 337 338 341 346 357 370 376 378 379 383 384 394 399 401 410 419 424 432 438 441 454 
275 43 13 22 26 28 33 43 92 97 116 125 127 130 159 167 169 171 183 189 202 203 218 257 263 281 292 296 297 302 308 316 337 344 348 369 382 383 399 414 418 427 438 443 456 
276 39 7 22 39 49 52 59 66 74 77 84 88 89 93 104 107 112 140 141 142 144 155 223 248 249 258 288 301 302 320 356 372 373 393 394 399 419 420 428 438 
277 38 4 20 22 51 55 60 73 76 78 84 95 98 100 103 108 113 124 126 133 173 197 202 235 250 257 266 285 298 302 309 329 331 343 360 363 408 419 427 
278 36 44 60 64 70 87 100 109 132 134 135 156 187 191 207 212 228 241 257 262 268 288 302 303 332 339 357 368 373 374 375 383 390 394 407 436 459 
279 43 12 13 17 28 54 58 67 68 76 90 102 114 116 118 141 143 149 151 156 161 189 190 198 199 251 263 269 283 302 304 310 317 331 377 394 401 403 406 413 422 423 430 458 
280 44 14 19 23 26 29 41 65 75 79 94 108 120 122 127 132 140 144 158 161 190 206 210 212 224 233 246 247 265 286 293 294 304 318 322 325 334 354 356 366 402 404 423 434 446 
281 40 4 42 53 56 69 72 73 90 105 120 129 138 179 191 244 272 273 275 283 285 328 334 346 349 352 353 355 359 364 369 383 386 391 397 400 411 414 437 445 449 
282 42 1 21 25 30 35 61 62 85 87 89 102 108 109 117 125 130 136 155 159 168 173 181 184 196 198 216 220 236 273 283 302 306 312 329 334 372 375 376 384 388 393 424 
283 55 2 16 27 33 41 48 53 54 62 78 92 95 139 151 157 163 173 175 176 179 187 189 194 220 242 244 252 261 271 279 281 282 285 288 294 299 306 315 324 329 345 348 354 356 360 364 395 399 410 411 428 430 432 435 454 
284 44 7 48 54 70 76 77 82 83 93 106 114 120 133 143 148 164 167 171 181 194 205 208 214 226 231 236 256 258 260 289 290 309 315 322 333 354 360 361 398 432 437 439 447 450 
285 48 0 3 14 15 25 30 36 42 67 70 75 76 94 97 100 115 139 146 165 167 195 209 226 241 247 252 261 277 281 283 286 292 314 323 329 345 349 357 374 382 386 398 410 411 424 430 441 446 
286 45 1 2 17 22 23 32 53 61 72 74 76 91 112 122 127 131 146 148 155 173 174 187 193 237 271 280 285 317 335 337 351 352 357 371 375 394 395 400 411 416 423 430 452 455 457 
287 51 5 8 41 50 52 62 65 72 86 100 108 116 125 128 134 138 140 161 166 197 200 202 212 218 222 247 251 253 255 260 265 295 307 325 356 363 379 387 396 397 401 413 416 424 425 428 431 445 452 455 457 
288 48 15 19 25 28 46 51 58 65 68 92 99 108 128 146 149 151 159 163 167 191 197 219 220 231 232 248 271 272 276 278 283 296 301 323 348 355 363 369 379 384 385 397 400 411 427 430 433 454 
289 48 2 8 21 22 37 48 57 104 108 110 111 115 122 124 129 138 151 152 163 164 189 190 209 222 227 230 239 251 258 268 284 291 297 298 299 308 316 328 353 354 356 372 387 398 399 419 444 457 
290 49 4 14 19 27 28 40 59 61 69 79 83 94 104 113 132 135 139 153 154 163 178 180 181 191 197 203 206 208 209 217 254 284 302 311 331 332 348 355 364 377 395 396 404 406 434 436 438 449 455 
291 45 16 36 40 42 43 71 73 91 98 115 116 119 127 128 131 144 152 171 184 198 202 205 213 234 237 245 250 264 266 273 289 307 311 327 328 340 341 347 370 395 411 421 445 451 457 
292 55 16 20 21 30 32 40 50 67 69 86 91 100 104 123 129 130 160 185 187 189 196 198 204 211 212 223 226 227 244 254 260 263 264 275 285 317 331 335 346 351 360 371 380 393 396 411 413 415 422 423 431 435 445 455 458 
293 45 12 31 37 53 78 79 90 92 106 124 128 132 138 162 168 183 184 190 193 195 196 200 201 204 216 226 235 242 251 254 255 264 268 280 304 305 314 325 349 350 363 373 375 424 437 
294 37 1 9 18 25 29 41 60 76 77 93 100 108 134 145 148 179 180 205 214 215 223 233 248 269 280 283 314 333 341 353 363 403 410 426 436 446 448 
295 41 26 62 68 83 98 99 113 126 128 131 162 167 168 172 188 208 209 217 218 226 230 246 257 287 297 304 336 366 370 381 382 388 392 397 408 425 430 436 437 439 451 
296 48 3 27 28 30 40 44 58 66 68 87 93 113 119 126 132 149 152 154 157 180 182 200 212 220 230 231 239 248 249 275 288 312 324 329 350 351 369 386 405 407 419 420 429 434 440 447 449 454 
297 53 3 11 16 19 33 37 62 63 64 83 88 102 105 107 109 118 129 136 153 165 169 183 199 220 226 227 237 239 247 265 267 274 275 289 295 300 304 308 330 337 343 347 355 358 361 367 382 384 398 410 414 444 454 
298 32 14 15 59 61 63 72 115 120 133 139 142 149 172 174 175 184 199 202 222 261 277 289 302 309 316 322 356 358 398 403 419 424 
299 51 8 16 21 27 32 40 58 67 85 87 101 103 105 112 114 118 122 124 128 137 138 150 173 190 198 203 217 242 243 245 250 261 264 283 289 318 330 339 351 354 357 366 373 374 375 380 387 392 410 427 434 
300 47 5 6 28 40 41 42 55 58 63 71 77 79 88 102 117 120 122 134 146 186 195 205 217 223 228 235 237 242 243 246 252 253 256 270 297 303 331 334 344 360 378 380 381 422 432 438 449 
301 50 9 15 34 52 65 67 72 78 80 100 103 128 140 152 165 168 193 197 216 224 232 236 241 250 255 261 264 268 276 288 305 311 315 318 319 327 345 359 365 367 368 383 403 407 411 413 416 428 443 453 
302 52 9 23 25 37 39 53 61 77 81 82 89 90 94 109 110 116 124 137 156 166 181 193 195 213 226 227 229 241 243 256 261 262 275 276 277 278 279 282 290 298 310 319 349 356 382 386 390 392 406 407 425 454 
303 45 1 4 8 9 20 28 32 40 44 56 60 76 77 109 118 133 141 154 157 176 180 195 202 226 232 243 249 259 278 300 320 323 325 344 357 360 365 380 395 399 411 418 422 425 456 
304 48 7 15 22 27 30 36 37 44 77 82 83 91 112 115 120 141 162 175 188 193 210 217 224 226 238 242 252 260 273 279 280 293 295 297 319 321 335 342 343 349 350 367 368 370 384 388 407 437 
305 43 7 42 46 47 68 95 97 98 114 124 126 135 137 138 150 151 153 165 169 170 189 192 209 230 245 252 259 271 293 301 307 323 324 327 328 356 363 390 399 421 437 442 444 
306 37 5 11 28 34 36 47 54 75 92 93 96 112 121 123 133 142 155 164 167 188 198 209 213 227 269 282 283 307 337 339 350 358 360 373 390 392 431 
307 46 11 22 39 41 48 49 57 78 105 111 135 142 148 157 159 167 175 206 210 222 228 242 253 267 269 271 287 291 305 306 325 327 330 331 337 347 353 359 360 364 369 383 389 411 430 453 
308 49 2 15 19 31 37 38 47 51 95 98 102 104 105 106 123 128 130 138 174 181 190 203 233 235 254 275 289 297 312 317 318 342 349 358 368 369 383 387 389 394 404 407 419 421 427 430 438 444 453 
309 42 1 5 10 13 18 55 58 75 82 85 102 103 112 122 124 143 147 154 158 167 196 205 226 228 258 262 277 284 298 310 313 317 340 371 379 380 389 394 397 438 439 444 
310 45 1 11 21 23 29 72 103 109 116 137 154 156 163 170 173 180 187 188 197 199 207 215 222 236 237 262 272 279 302 309 311 361 374 385 389 392 406 415 419 429 431 438 442 455 459 
311 33 34 44 50 80 101 103 109 126 140 144 156 190 216 223 224 227 231 253 270 290 291 301 310 313 314 318 341 396 417 430 444 447 449 
312 45 1 11 16 23 33 52 62 69 70 74 82 98 111 126 127 157 160 188 209 210 241 243 264 271 282 296 308 316 317 327 335 338 359 385 394 399 406 410 412 418 421 426 430 450 456 
313 43 10 26 34 44 57 58 64 73 75 77 79 97 112 124 151 152 177 194 208 217 219 224 227 236 237 249 250 263 309 311 318 321 325 329 350 355 376 384 403 407 418 430 438 
314 54 1 11 26 30 59 62 67 70 72 80 100 104 119 121 122 132 152 154 156 159 197 204 205 213 221 251 264 285 293 294 311 317 319 320 322 328 330 345 346 356 357 359 370 375 382 384 387 400 401 418 444 445 451 453 
315 53 12 36 40 42 54 59 61 70 89 99 112 113 132 134 142 194 199 200 233 244 247 253 255 272 273 283 284 301 316 326 334 338 341 351 357 362 370 373 374 375 380 381 383 392 417 419 420 423 426 428 439 440 443 
316 47 10 11 21 23 41 61 64 65 75 118 123 129 131 132 139 144 147 168 170 175 184 194 197 208 210 211 223 225 227 236 258 275 289 298 312 315 324 327 356 357 366 387 388 391 414 445 448 
317 51 9 20 32 38 70 72 78 79 81 85 92 95 104 123 170 186 196 227 238 239 253 258 261 262 265 269 271 279 286 292 308 309 312 314 324 329 358 363 371 386 392 400 402 411 413 420 421 422 423 454 459 
318 47 4 24 49 62 63 70 80 93 96 101 106 143 157 169 178 179 180 186 187 190 195 217 219 224 257 261 269 273 274 280 299 301 308 311 313 328 342 355 357 372 422 431 433 443 447 448 451 
319 48 40 41 48 50 53 56 61 68 75 76 91 98 108 115 121 132 134 138 150 182 218 225 233 236 241 253 265 266 301 302 304 314 322 331 345 367 387 388 389 402 414 422 432 442 445 446 448 458 
320 37 10 15 24 77 78 97 104 107 116 199 203 206 207 210 212 218 226 227 228 243 244 276 303 314 326 329 333 338 342 355 376 385 389 441 446 452 457 
321 49 0 7 9 35 39 40 48 53 59 86 88 92 95 103 113 127 128 150 155 156 167 179 186 207 213 217 222 233 238 253 254 265 304 313 328 329 335 347 350 357 363 366 376 397 419 424 426 435 440 
322 43 6 7 15 25 52 59 62 67 74 93 111 123 133 145 155 173 186 189 193 204 207 224 235 242 257 272 280 284 298 314 319 327 344 366 372 375 384 392 400 403 430 448 454 
323 48 2 4 9 16 26 27 29 35 37 44 45 48 53 88 119 142 160 164 170 171 173 199 202 224 227 258 267 285 288 303 305 344 355 361 365 370 372 381 384 394 404 412 419 420 421 430 431 453 
324 39 2 15 32 49 53 56 61 73 82 140 147 155 157 165 179 183 186 207 209 220 243 258 264 270 283 296 305 316 317 368 372 375 389 411 428 443 446 448 450 
325 47 2 10 23 27 43 45 49 61 83 85 103 109 143 145 147 151 152 153 169 170 196 216 222 235 242 263 280 287 293 303 307 313 334 349 373 377 385 387 397 408 416 428 429 430 443 454 456 
326 51 3 13 15 20 28 39 44 50 60 83 86 92 104 116 129 148 152 156 179 181 197 200 217 221 224 252 254 259 268 269 272 315 320 328 338 341 349 354 382 389 390 401 402 409 416 420 430 436 438 449 455 
327 38 11 14 15 20 26 40 55 79 84 90 107 117 133 142 147 150 161 162 179 194 199 224 228 291 301 305 307 312 316 322 330 349 360 366 377 390 393 454 
328 47 9 15 17 36 37 46 51 58 59 60 74 83 87 91 97 110 148 163 174 191 215 216 236 244 251 256 269 271 281 289 291 305 314 318 321 326 343 351 354 375 401 408 417 441 446 452 459 
329 47 19 21 22 24 26 41 42 50 62 63 65 68 75 82 92 94 127 130 139 140 160 176 184 199 214 232 236 247 277 282 283 285 296 313 317 320 321 348 352 371 378 397 402 431 438 443 459 
330 47 3 17 40 58 67 78 94 96 134 135 148 183 193 222 226 229 239 241 245 252 261 265 297 299 307 314 327 345 346 352 353 360 365 369 375 392 397 398 400 412 423 424 431 435 452 455 457 
331 42 5 6 15 37 39 72 77 85 117 118 138 149 162 165 183 198 199 205 206 227 234 246 252 269 277 279 290 292 300 307 319 334 344 367 368 374 378 388 389 391 427 443 
332 37 4 25 28 31 41 50 53 95 97 104 112 119 139 140 143 144 145 146 147 159 167 182 189 218 227 230 249 278 290 351 357 376 377 396 402 453 454 
333 45 0 29 30 39 44 68 87 103 134 141 149 158 167 169 173 180 195 211 218 220 221 230 237 244 250 253 254 256 269 284 294 320 336 358 359 362 370 375 382 387 390 391 439 456 457 
334 58 9 11 21 24 31 33 34 39 40 44 47 51 54 57 58 84 111 115 118 126 130 133 137 148 151 165 179 181 185 200 201 213 215 221 247 280 281 282 300 315 325 331 338 360 365 366 377 382 392 400 402 406 424 443 447 451 455 458 
335 46 2 11 13 37 45 54 76 90 111 128 143 147 168 177 180 188 199 203 206 213 225 226 230 233 237 256 257 262 270 286 292 304 312 321 343 344 364 372 380 382 388 415 430 438 440 442 
336 38 17 30 34 37 43 67 82 96 111 142 144 151 160 162 168 169 174 180 188 195 197 199 207 212 213 223 230 256 272 295 333 351 370 384 403 411 419 420 
337 43 12 14 16 32 52 70 79 119 122 143 167 169 172 179 185 214 226 229 233 246 252 255 258 273 274 275 286 297 306 307 347 351 362 370 377 381 389 397 398 441 448 449 459 
338 41 5 9 25 34 35 38 46 50 68 72 75 76 82 83 98 136 151 158 167 173 201 208 210 241 246 259 270 274 312 315 320 326 334 342 359 361 362 398 406 437 457 
339 42 6 7 20 44 46 50 60 61 68 82 85 94 110 124 139 158 159 162 196 199 206 220 231 234 240 242 247 248 250 259 272 278 299 306 340 362 374 381 402 408 412 446 
340 50 10 14 17 28 39 51 58 61 68 74 77 79 95 101 113 143 144 147 163 167 176 183 190 193 202 209 242 249 251 255 258 261 263 265 268 291 309 339 346 354 362 370 389 405 408 427 432 444 454 459 
341 46 15 19 27 37 40 41 45 53 57 73 85 101 110 148 187 188 191 204 209 216 217 220 262 266 271 272 274 291 294 311 315 326 342 346 360 372 378 379 388 408 412 413 420 448 453 455 
342 50 5 7 12 16 17 23 35 41 48 54 89 104 105 125 129 130 132 135 154 157 169 183 211 221 226 231 246 249 253 261 264 304 308 318 320 338 341 359 360 362 366 372 373 379 393 410 423 432 441 458 
343 40 5 8 9 17 26 38 43 53 85 121 123 142 144 215 226 230 237 246 247 249 254 262 263 268 277 297 304 328 335 360 368 378 394 401 422 432 441 447 453 454 
344 49 1 4 6 12 14 22 29 40 42 46 51 65 80 83 85 88 97 104 106 107 149 156 182 185 196 202 205 207 230 242 247 253 275 300 303 322 323 331 335 345 349 366 394 396 406 418 437 440 451 
345 51 14 15 21 27 33 47 50 77 83 91 93 110 122 125 129 139 148 154 161 166 173 186 188 192 204 209 216 218 243 248 258 283 285 301 314 319 330 344 350 376 377 380 382 390 399 405 406 408 431 443 446 
346 41 4 22 60 76 83 106 114 125 129 141 162 165 176 186 213 220 239 242 260 268 274 281 292 314 330 340 341 348 356 372 373 386 399 406 407 409 418 422 442 443 450 
347 45 7 33 50 54 58 67 70 76 77 105 110 111 112 115 132 156 162 164 174 176 205 207 235 255 291 297 307 321 337 351 357 362 369 373 378 379 395 412 414 428 430 434 439 448 454 
348 44 4 26 36 46 63 78 81 84 85 87 88 138 158 160 163 183 184 192 195 202 206 207 215 224 235 261 264 275 283 288 290 329 346 359 377 385 386 394 397 401 402 418 428 444 
349 42 5 7 15 22 36 50 73 77 85 120 127 136 155 171 180 231 238 239 245 263 270 272 281 285 293 302 304 308 325 326 327 344 351 362 368 393 394 400 427 434 436 449 
350 52 1 6 9 12 13 14 16 17 19 21 49 50 52 81 103 104 133 141 202 204 216 220 223 232 242 293 296 304 306 313 321 345 354 364 370 379 380 390 400 412 417 418 421 422 425 429 434 446 447 449 450 455 
351 50 0 23 34 37 38 41 42 48 54 71 82 99 112 127 128 130 132 133 140 158 160 162 167 176 201 215 218 244 259 267 268 286 292 296 299 315 328 332 336 337 347 349 361 365 367 370 374 445 450 459 
352 43 7 40 52 53 54 56 65 75 80 116 122 124 127 128 131 132 143 164 168 179 185 191 192 194 200 201 226 243 244 252 281 286 329 330 356 358 363 380 395 401 430 440 459 
353 38 5 19 32 39 46 79 97 108 118 136 152 163 168 176 177 183 190 194 197 206 208 223 225 233 243 259 270 281 289 294 307 330 355 379 414 436 439 458 
354 51 32 37 38 40 45 46 57 77 78 88 95 102 104 117 119 124 127 139 143 151 165 169 202 209 211 215 221 227 235 237 240 266 267 280 283 284 289 299 326 328 340 350 357 361 385 397 406 410 434 437 450 
355 41 3 14 15 33 39 40 43 48 63 89 96 98 112 125 142 145 156 158 160 164 179 184 224 231 234 239 247 273 281 288 290 297 313 318 320 323 353 369 378 393 406 
356 46 13 47 50 51 52 73 74 88 93 101 109 113 116 129 143 144 152 156 206 214 232 238 269 276 280 283 287 289 298 302 305 314 316 346 352 358 361 375 378 401 404 410 437 439 443 451 
357 50 19 25 35 50 86 102 108 117 131 139 165 167 179 183 188 199 202 221 224 230 233 234 242 243 256 265 274 278 285 286 299 303 314 315 316 318 321 332 347 354 363 368 372 390 396 405 431 444 446 447 
358 48 8 10 15 19 23 28 29 43 54 80 83 87 95 104 122 136 147 154 170 171 173 188 192 196 224 227 234 244 248 250 260 269 270 297 298 306 308 317 333 352 356 369 371 380 413 422 449 454 
359 41 8 64 68 72 74 96 119 158 189 191 192 212 218 236 237 240 250 256 265 269 281 301 307 312 314 333 338 342 348 364 367 376 395 398 401 432 442 445 448 454 459 
360 48 10 17 19 21 26 37 51 52 72 82 84 86 95 97 121 141 152 174 178 206 219 222 232 246 251 257 277 283 284 292 300 303 306 307 327 330 334 341 342 343 365 400 409 420 421 432 439 443 
361 34 2 51 52 70 84 91 92 95 96 102 138 141 165 168 179 189 193 196 211 213 253 284 297 310 323 338 351 354 356 375 400 418 420 429 
362 46 1 16 37 42 53 55 71 74 89 95 98 108 111 116 127 131 144 153 159 165 168 173 180 190 199 202 210 237 251 263 272 315 333 337 338 339 340 342 347 349 364 365 378 387 400 435 
363 56 0 19 29 32 34 37 43 51 60 69 79 84 85 89 95 102 108 115 119 128 130 149 173 191 197 199 202 203 215 218 227 235 238 240 245 256 259 269 277 287 288 293 294 305 317 321 352 357 364 371 385 391 395 426 436 438 
364 47 7 11 15 22 25 40 43 52 55 64 69 78 81 89 90 96 106 131 134 146 166 173 176 200 205 206 226 241 244 262 264 281 283 290 307 335 350 359 362 363 365 374 396 407 434 442 457 
365 51 6 14 29 33 38 46 60 63 65 68 93 101 104 114 118 132 140 144 146 149 159 169 172 188 201 221 230 238 241 243 247 248 262 269 273 301 303 323 330 334 351 360 362 364 370 378 389 401 405 415 424 
366 54 1 37 39 40 45 48 53 55 57 71 89 96 113 115 123 139 145 153 155 157 161 162 182 184 190 193 194 199 205 216 220 224 227 237 268 280 295 299 316 321 322 327 334 342 344 402 407 418 420 425 428 432 434 448 
367 43 4 19 21 42 43 50 53 55 60 73 83 102 117 140 161 166 178 181 187 203 212 225 226 227 247 254 258 297 301 304 319 331 351 359 371 390 397 402 404 414 424 436 455 
368 47 13 16 19 25 31 32 41 49 52 63 73 79 80 105 113 119 120 124 152 164 169 178 183 187 189 194 203 211 217 220 245 249 278 301 304 308 324 331 343 349 357 382 389 392 406 413 437 
369 41 2 16 20 29 31 33 55 94 156 167 169 176 182 194 199 205 221 223 226 231 243 252 275 281 288 296 307 308 330 347 355 358 395 403 420 427 441 444 445 450 452 
370 59 17 29 38 41 48 53 54 60 70 77 90 91 99 113 120 158 159 169 176 191 202 205 207 208 217 222 233 235 238 264 267 274 291 295 304 314 315 323 333 336 337 340 350 351 365 372 374 377 394 396 403 416 419 422 423 430 432 450 453 
371 51 4 26 40 46 50 63 80 82 83 87 90 94 112 113 117 119 120 128 131 140 150 171 174 200 201 209 221 222 226 234 236 263 267 286 292 309 317 329 358 363 367 376 387 388 396 403 429 430 431 437 457 
372 52 19 30 46 49 58 62 90 94 97 102 103 117 128 140 144 148 181 197 200 206 211 212 226 241 244 246 254 276 282 289 318 322 323 324 335 341 342 346 357 370 380 389 391 413 420 423 424 432 437 442 443 446 
373 49 14 17 34 41 48 52 61 68 72 73 81 84 87 88 106 116 120 139 162 164 169 175 184 212 233 236 239 245 261 272 276 278 293 299 306 315 325 342 346 347 387 389 391 402 408 414 427 446 454 
374 43 8 10 28 46 48 59 60 68 76 92 94 96 103 104 138 160 162 177 195 199 200 216 226 257 278 285 299 310 315 331 339 351 364 370 379 401 413 427 430 440 447 450 456 
375 54 5 14 24 33 34 46 48 49 56 60 81 84 89 92 99 122 125 146 153 155 162 173 174 176 183 199 204 205 206 217 222 237 243 264 278 282 286 293 299 314 315 322 324 328 330 333 356 361 414 418 422 450 452 459 
376 46 1 5 10 22 24 28 35 44 65 69 81 86 93 98 104 109 114 146 165 198 200 213 214 225 227 232 234 245 257 265 269 270 274 282 313 320 321 332 345 359 371 377 412 420 422 455 
377 37 0 17 18 30 42 45 50 59 61 68 97 101 155 194 198 203 218 219 232 234 244 279 290 325 327 332 334 337 345 348 370 376 389 405 417 428 430 
378 51 9 10 12 20 29 33 34 42 71 72 98 104 108 114 116 120 121 127 133 142 146 160 162 166 169 178 205 221 240 255 268 270 274 300 329 331 341 343 347 355 356 362 365 388 401 408 411 423 440 449 451 
379 61 4 9 15 16 19 35 38 50 55 57 58 59 60 62 91 98 106 118 135 145 146 149 156 161 170 174 180 189 190 194 217 218 223 236 249 251 257 264 265 267 271 274 287 288 309 341 342 347 350 353 374 385 386 406 413 424 428 429 447 452 456 
380 57 18 27 41 45 50 53 66 76 78 85 95 98 111 120 136 138 140 154 182 204 208 213 221 222 223 226 236 241 243 253 261 292 299 300 303 309 315 335 345 350 352 358 372 383 385 387 390 392 399 410 415 417 424 434 447 456 457 
381 26 6 12 19 47 78 82 119 123 124 132 137 159 196 232 295 300 315 323 337 339 409 420 431 432 452 456 
382 56 4 5 8 12 20 21 44 68 75 81 96 98 109 113 115 119 125 131 138 144 162 166 172 180 185 204 208 209 210 212 222 228 239 242 244 260 264 267 275 285 295 297 302 314 326 333 334 335 345 368 386 391 400 401 421 457 
383 51 3 4 6 8 19 28 32 37 39 53 70 74 79 85 98 100 102 103 121 128 152 160 164 165 191 192 206 210 218 219 232 247 250 265 268 274 275 278 281 301 307 308 315 380 400 401 418 424 447 454 459 
384 44 9 19 60 68 70 76 82 85 87 128 129 137 149 155 172 174 199 201 202 222 227 238 261 264 265 274 282 288 297 304 313 314 322 323 336 389 393 401 409 416 438 439 442 453 
385 44 10 13 20 23 34 50 71 77 88 90 99 114 119 121 129 133 135 136 139 159 183 208 209 213 228 230 234 248 253 288 310 312 320 325 348 354 363 379 380 395 422 432 440 444 
386 45 3 20 25 29 39 40 48 50 58 64 65 69 77 89 91 95 109 118 141 148 157 172 176 178 212 219 222 256 260 264 272 273 281 285 296 302 317 346 348 379 382 389 397 424 442 
387 39 10 18 34 67 78 93 122 130 151 157 162 167 171 192 220 259 262 267 287 289 299 308 314 316 319 325 333 362 371 373 380 408 432 442 445 447 452 453 454 
388 42 10 14 22 23 39 66 74 88 96 97 106 120 132 139 150 152 153 161 190 199 208 211 212 242 253 264 271 282 295 304 316 319 331 335 341 371 378 409 412 440 443 455 
389 41 12 19 34 54 60 88 95 130 132 169 183 210 238 245 257 259 261 270 307 308 309 310 319 320 324 326 331 337 340 365 368 372 373 377 384 386 392 410 415 430 448 
390 41 24 26 40 46 60 65 67 71 89 92 97 107 121 123 145 147 149 154 158 194 206 214 220 235 259 278 302 305 306 326 327 333 345 350 357 367 380 395 401 406 433 
391 45 16 19 55 64 65 72 85 99 109 110 112 116 130 132 142 161 165 168 180 184 198 205 210 214 217 219 222 238 249 264 267 281 316 331 333 363 372 373 382 393 396 425 437 447 454 
392 53 3 20 24 40 45 47 53 60 67 74 75 85 87 92 93 102 108 119 143 151 158 205 215 222 231 249 264 270 295 299 302 306 310 315 317 322 330 334 368 380 389 396 399 402 406 412 418 437 441 449 453 455 459 
393 42 10 17 18 62 71 72 77 85 93 133 141 153 163 171 173 176 177 202 208 220 221 232 248 254 258 266 271 276 282 292 327 342 349 355 384 391 410 414 417 434 439 450 
394 53 0 6 9 13 26 29 30 55 60 63 80 97 103 106 108 110 124 139 140 154 180 190 214 217 224 238 239 267 268 271 274 276 278 279 286 308 309 312 323 343 344 348 349 370 398 404 420 428 432 438 449 451 457 
395 47 0 10 14 17 23 29 35 62 80 102 106 108 138 147 152 158 184 188 214 228 244 246 252 254 259 261 264 271 283 286 290 291 303 347 352 359 363 369 385 390 407 412 418 436 447 453 455 
396 41 0 30 61 69 91 98 105 109 113 119 133 157 175 176 189 191 234 239 241 257 287 290 292 311 332 344 357 364 370 371 391 392 404 413 440 444 445 448 449 457 458 
397 47 6 7 16 19 32 41 42 59 63 66 112 126 139 149 151 152 154 174 181 189 203 204 216 230 251 252 255 263 281 287 288 295 309 321 325 329 330 337 348 354 367 386 403 408 427 431 434 
398 46 1 14 27 32 44 45 49 65 66 68 79 95 116 124 138 141 146 157 158 169 200 205 207 215 229 230 236 250 262 263 273 284 285 289 297 298 330 337 338 359 394 417 420 421 441 446 
399 47 5 11 18 20 22 24 43 63 64 79 85 90 104 113 124 126 139 147 155 171 174 183 190 202 207 208 274 275 276 283 289 303 305 312 345 346 380 392 413 419 420 424 430 431 439 443 445 
400 42 10 19 28 45 50 54 59 71 72 95 107 109 112 114 116 157 163 211 215 228 230 245 247 252 258 273 281 286 288 314 317 322 330 334 349 350 360 361 362 382 383 435 
401 55 7 11 16 20 37 43 46 50 71 82 87 95 109 111 136 139 142 158 160 169 170 183 193 196 200 237 243 244 260 274 279 287 314 326 328 343 348 352 356 359 365 374 378 382 383 384 390 407 410 411 412 415 434 442 446 
402 45 10 12 13 21 30 31 63 76 97 100 124 132 152 158 166 170 172 178 179 204 214 215 218 227 228 241 250 280 317 319 326 329 332 334 339 348 366 367 373 392 429 438 448 451 458 
403 39 19 26 27 28 34 57 60 64 74 84 85 92 119 122 124 154 160 161 165 166 217 259 262 268 279 294 298 301 313 322 336 369 370 371 397 432 440 446 459 
404 44 2 8 28 36 50 58 62 79 92 99 106 107 120 121 130 134 143 161 165 175 181 186 188 190 196 210 230 235 241 242 258 262 280 290 308 323 356 367 394 396 411 429 451 455 
405 42 15 40 48 71 73 77 83 84 95 107 145 150 151 155 168 178 182 187 201 207 214 215 229 231 233 247 253 268 296 340 345 357 365 377 407 409 410 423 441 446 455 458 
406 49 13 19 30 47 51 57 61 72 83 114 116 123 145 149 169 174 183 190 202 211 212 218 236 240 251 259 260 279 290 302 310 312 334 338 344 345 346 354 355 368 379 390 392 412 435 442 445 454 457 
407 48 0 1 13 29 31 50 61 78 80 82 84 98 100 134 155 165 175 193 195 196 197 218 229 234 239 252 263 267 270 278 296 301 302 304 308 313 346 364 366 395 401 405 422 424 434 435 450 452 
408 47 0 13 14 21 22 46 51 63 76 91 100 113 119 129 145 151 153 156 160 162 163 164 193 197 223 235 243 247 255 258 262 269 277 295 325 328 339 340 341 345 373 378 387 397 409 432 446 
409 30 9 14 51 72 85 105 111 115 116 141 147 163 182 190 193 216 234 240 326 346 360 381 384 388 405 408 416 418 430 449 
410 37 1 13 24 45 55 71 82 104 139 154 167 174 198 200 211 235 242 248 255 271 274 283 285 294 297 299 312 342 354 356 380 389 393 401 405 445 447 
411 54 0 14 23 25 30 34 35 39 40 44 46 47 73 85 89 101 105 107 122 134 137 147 160 168 188 193 201 205 218 242 243 253 269 281 283 285 286 288 291 292 301 303 307 317 324 336 378 401 404 419 432 438 442 458 
412 45 22 37 57 69 70 73 77 92 104 121 122 125 128 145 149 160 161 171 199 214 229 231 241 249 252 257 268 271 312 323 330 339 341 347 350 376 388 392 395 401 406 422 426 447 455 
413 44 9 15 20 22 41 51 56 82 85 92 108 110 114 121 131 138 139 142 153 175 183 185 194 202 220 222 231 238 241 279 287 292 301 317 341 358 368 372 374 379 396 399 431 436 
414 46 39 52 68 85 86 105 121 123 125 134 141 147 160 165 175 179 201 218 226 227 246 249 256 261 275 281 297 316 319 347 353 367 373 375 393 416 421 423 428 432 436 439 440 444 447 458 
415 43 2 7 10 21 32 33 80 87 108 110 115 117 127 128 144 145 157 158 164 166 169 172 173 182 210 215 221 232 234 237 259 292 310 335 365 380 389 401 434 437 441 446 448 
416 39 4 11 18 26 28 55 61 74 78 89 90 113 114 118 121 127 141 161 165 176 200 205 221 244 247 260 270 286 287 301 325 326 370 384 409 414 417 432 453 
417 39 0 4 5 40 42 50 60 88 122 143 169 173 176 180 186 189 200 202 203 205 207 209 245 248 268 269 311 315 328 350 377 380 393 398 416 428 446 455 458 
418 50 16 18 23 53 61 70 77 78 80 82 90 93 94 98 110 111 113 121 127 150 151 156 157 158 162 174 198 211 243 249 250 270 275 303 312 313 314 344 346 348 350 361 366 375 383 392 395 409 424 432 
419 43 19 21 31 53 65 84 91 96 121 127 130 133 136 177 179 190 192 201 210 213 218 223 230 246 256 274 276 277 289 296 298 308 310 315 321 323 336 370 399 411 431 440 442 
420 41 17 24 34 62 63 88 99 100 107 115 133 146 148 163 190 208 249 260 276 296 315 317 323 326 336 341 360 361 366 369 372 376 381 394 398 399 426 427 443 448 455 
421 42 13 19 35 48 61 72 73 86 99 125 137 142 144 147 152 168 177 183 187 189 191 194 202 234 241 254 257 268 291 305 308 312 317 323 350 360 382 398 414 432 442 455 
422 49 4 19 20 24 53 54 58 59 60 61 89 91 100 109 123 126 128 149 150 153 171 172 186 196 204 207 209 257 265 279 292 300 303 317 318 319 343 346 350 358 370 375 376 385 407 412 425 446 457 
423 54 6 16 24 27 36 37 39 48 55 64 67 74 96 100 110 119 139 176 177 178 189 198 201 205 207 212 214 246 258 267 271 273 279 280 286 292 315 317 330 342 370 372 378 405 414 428 433 435 443 448 449 450 453 459 
424 58 0 1 7 10 31 40 42 69 72 77 82 109 113 118 129 137 144 154 157 161 184 190 191 197 201 202 206 224 226 231 241 254 258 260 262 274 282 285 287 293 298 321 330 334 365 367 372 379 380 383 386 399 407 418 425 427 448 459 
425 49 4 7 27 38 50 55 56 66 72 82 86 94 107 111 117 123 133 148 149 158 170 179 186 187 194 203 209 224 225 233 234 236 249 265 267 287 295 302 303 350 366 391 422 424 427 429 436 443 455 
426 41 1 31 55 65 91 98 100 133 142 143 149 157 164 165 168 173 187 190 191 207 213 221 227 229 233 244 248 259 263 265 268 294 312 315 321 363 412 420 436 445 457 
427 44 12 22 29 48 68 69 83 97 99 104 117 125 136 139 147 161 162 168 176 188 191 192 227 230 235 248 275 277 288 299 308 331 340 349 369 373 374 397 420 424 425 429 449 451 
428 42 5 7 14 39 44 48 49 66 67 76 82 124 125 148 163 167 168 202 203 223 245 253 276 283 287 301 315 324 325 347 348 366 377 379 394 414 417 423 432 441 442 445 
429 45 44 47 53 58 61 97 127 128 133 136 145 148 154 162 166 184 186 196 199 200 211 215 220 229 235 249 255 263 268 296 310 325 350 361 371 379 402 404 425 427 434 437 439 442 454 
430 58 19 22 26 28 56 69 79 85 103 104 135 141 144 168 173 181 195 211 214 215 223 225 233 243 245 253 256 261 268 279 283 285 286 288 295 307 308 311 312 313 322 323 325 326 335 347 352 370 371 374 377 389 399 409 436 440 441 459 
431 47 3 12 23 36 37 43 47 57 66 83 84 85 102 103 106 110 112 137 145 154 163 164 171 193 196 219 228 229 236 251 287 292 306 310 318 323 329 330 345 357 371 381 397 399 413 419 440 
432 55 12 23 29 41 50 52 63 64 85 86 131 138 153 157 158 163 164 177 179 182 196 197 198 201 226 254 269 272 274 283 284 300 319 340 342 343 359 360 366 370 372 381 385 387 394 403 408 411 414 416 418 421 428 442 451 
433 26 1 15 31 35 49 63 72 90 131 149 169 176 186 202 209 229 231 246 251 263 288 318 390 423 435 451 
434 50 20 23 29 33 43 58 60 74 75 85 87 133 148 155 165 173 175 177 180 187 194 224 225 228 230 243 258 260 261 267 280 290 296 299 347 349 350 354 364 366 380 393 397 401 407 415 429 440 454 457 
435 41 1 6 28 38 43 44 50 66 70 73 76 89 108 109 112 123 151 173 175 176 211 221 224 235 237 245 246 253 283 292 321 330 362 400 406 407 423 433 448 452 457 
436 46 6 24 32 47 52 54 58 59 70 82 90 106 124 125 134 136 172 179 182 183 184 193 208 209 234 248 252 258 260 273 278 290 294 295 326 349 353 363 367 395 413 414 425 426 430 453 
437 44 8 12 47 55 62 84 94 126 134 141 143 145 149 153 164 192 196 220 227 231 235 243 255 260 269 271 281 284 293 295 304 305 338 344 354 356 368 371 372 391 392 415 429 456 
438 45 4 11 27 36 49 58 63 64 86 96 103 111 113 115 116 162 173 179 190 194 202 218 246 250 253 254 260 274 275 276 290 300 308 309 310 313 326 329 335 363 384 394 402 411 442 
439 42 3 20 29 30 38 47 62 67 69 71 84 103 104 114 115 118 140 152 162 193 194 216 235 238 251 263 284 295 309 315 333 347 353 356 360 384 393 399 414 429 443 444 
440 45 4 7 9 13 19 35 47 59 73 82 83 98 106 108 136 138 146 149 163 166 183 187 206 224 229 237 267 296 315 321 335 344 352 374 378 385 388 396 403 414 419 430 431 434 444 
441 47 5 7 10 15 23 31 32 44 76 85 88 100 108 111 160 168 187 209 217 219 220 221 230 234 236 240 244 251 252 254 264 274 285 320 328 337 342 343 369 392 398 405 415 428 430 451 458 
442 46 9 10 20 23 36 47 59 68 72 104 106 146 162 177 193 194 225 226 230 236 245 249 305 310 319 335 346 359 364 372 384 386 387 401 406 411 419 421 428 429 432 438 448 451 453 458 
443 48 29 46 52 67 71 76 89 101 119 123 126 147 169 185 186 188 193 195 197 202 215 221 234 261 270 275 301 315 318 324 325 329 331 334 345 346 356 360 372 388 399 420 423 425 439 448 452 458 
444 39 13 14 17 48 73 83 86 91 93 119 142 157 158 169 192 194 199 208 238 242 262 265 289 297 305 308 309 311 314 340 348 357 369 385 396 414 439 440 449 
445 57 0 3 6 16 25 33 39 70 84 86 96 103 107 116 126 134 151 155 163 170 173 193 200 201 203 217 219 225 226 229 230 231 238 240 242 244 249 260 281 287 291 292 314 316 319 351 359 369 387 396 399 406 410 426 428 449 453 
446 48 1 2 50 70 80 84 90 102 118 130 141 143 162 174 175 203 205 215 246 247 252 258 267 268 269 280 285 294 319 320 324 328 339 345 350 357 372 373 398 401 403 405 408 415 417 422 457 459 
447 43 0 24 39 51 57 74 88 89 90 91 96 127 163 171 191 193 219 222 226 227 249 254 261 266 284 296 311 318 334 343 350 357 374 379 380 383 387 391 395 410 412 414 453 
448 45 21 29 46 55 61 64 65 69 70 73 78 80 82 94 126 131 139 163 170 173 201 213 271 294 316 318 319 322 324 337 341 347 359 366 389 396 402 415 420 423 424 435 442 443 457 
449 47 4 6 39 51 52 58 65 72 76 77 81 104 137 143 164 168 173 202 207 213 217 220 227 259 265 266 281 290 296 300 311 326 337 349 350 358 378 392 394 396 409 423 427 444 445 454 458 
450 47 15 18 23 31 33 41 47 63 73 77 78 80 83 96 107 115 116 127 129 144 161 164 178 180 181 191 207 211 224 252 255 259 284 312 324 346 350 351 354 369 370 374 375 393 407 423 453 
451 41 19 26 27 28 37 39 49 57 88 92 101 110 117 128 140 146 157 179 191 202 216 218 242 256 264 291 295 314 318 334 344 356 378 394 402 404 427 432 433 441 442 
452 39 15 48 70 77 80 101 102 118 125 127 134 139 167 168 170 178 182 212 221 222 224 240 244 254 261 262 286 287 320 328 330 369 375 379 381 387 407 435 443 
453 40 32 55 86 88 106 114 117 135 144 156 167 194 210 224 228 230 234 250 301 307 308 314 323 332 341 343 370 384 387 392 395 416 423 436 442 445 447 450 456 457 
454 50 3 28 37 42 43 47 51 68 73 100 118 126 130 132 140 159 174 185 189 199 220 222 230 239 243 262 274 283 288 296 297 302 317 322 325 327 332 340 343 347 358 359 373 383 387 391 406 429 434 449 
455 52 10 11 20 24 39 63 64 65 66 76 85 108 115 121 126 131 143 161 177 180 187 201 206 207 221 245 262 265 272 286 287 290 292 310 326 330 334 341 350 367 376 388 392 395 404 405 412 417 420 421 425 458 
456 34 3 17 21 31 41 53 57 77 117 122 127 138 144 153 168 171 194 215 229 235 248 253 271 275 303 312 325 333 374 379 380 381 437 453 
457 40 7 12 13 18 50 69 77 78 99 109 119 123 150 157 164 191 211 268 286 287 289 291 320 330 333 338 364 371 380 382 394 396 406 422 426 434 435 446 448 453 
458 48 0 1 2 5 38 43 54 61 63 65 77 78 85 86 87 111 122 134 148 154 156 165 167 186 188 190 193 222 240 270 271 279 292 319 334 342 353 396 402 405 411 414 417 441 442 443 449 455 
459 41 33 37 55 87 90 118 127 134 140 143 145 154 165 191 195 206 209 219 245 247 264 268 272 278 310 317 328 329 337 340 351 352 359 375 383 392 403 423 424 430 446 
