460 1568
0 6 81 173 175 333 396 411 
1 8 223 243 249 264 269 344 350 366 
2 4 130 270 308 361 
3 7 82 90 216 243 297 355 456 
4 5 235 332 367 425 438 
5 5 149 246 300 331 342 
6 12 60 62 87 90 93 117 133 237 241 253 331 365 
7 2 48 90 
8 7 170 176 211 237 244 374 382 
9 3 47 56 334 
10 6 46 184 340 358 388 395 
11 3 113 184 229 
12 9 68 142 191 202 209 344 378 389 437 
13 11 65 143 170 189 233 275 335 385 406 407 410 
14 7 34 36 160 237 345 409 444 
15 1 320 
16 3 35 210 323 
17 7 79 106 118 132 147 330 395 
18 7 135 176 199 215 230 380 450 
19 8 47 78 99 108 209 357 363 391 
20 8 157 176 237 250 326 369 385 422 
21 6 52 115 243 268 345 360 
22 6 59 169 183 220 276 388 
23 8 164 206 280 312 358 388 434 450 
24 7 51 53 81 84 88 168 375 
25 12 67 144 154 188 196 206 238 282 294 322 332 368 
26 10 34 62 65 108 129 182 197 295 348 403 
27 5 40 90 106 232 261 
28 5 236 275 279 374 400 
29 7 82 146 192 280 369 427 448 
30 5 208 216 237 333 406 
31 4 183 202 251 272 
32 2 82 353 
33 8 76 182 216 229 251 283 312 365 
34 7 14 26 78 214 233 351 385 
35 8 16 159 166 323 342 357 379 395 
36 3 14 272 291 
37 5 38 302 401 423 451 
38 8 37 72 105 112 204 215 240 458 
39 5 55 185 242 326 455 
40 9 27 168 184 234 239 344 390 405 424 
41 14 66 93 134 143 146 157 169 199 201 261 280 294 307 450 
42 5 151 196 351 378 417 
43 5 118 145 195 204 261 
44 9 75 86 94 210 222 273 304 333 339 
45 8 66 151 152 187 190 252 392 410 
46 12 10 60 121 158 195 200 271 273 328 338 344 448 
47 9 9 19 109 111 117 157 242 439 454 
48 9 7 223 267 284 289 342 375 405 421 
49 1 375 
50 7 179 245 367 379 401 404 417 
51 7 24 75 81 148 197 447 449 
52 2 21 249 
53 10 24 57 177 213 234 238 242 319 323 343 
54 7 103 149 160 161 182 279 347 
55 7 39 178 216 225 300 309 423 
56 8 9 74 104 209 229 238 324 375 
57 7 53 101 137 167 307 366 379 
58 3 173 189 313 
59 7 22 87 143 181 225 298 379 
60 5 6 46 169 277 326 
61 6 196 316 325 407 416 422 
62 6 6 26 149 157 318 379 
63 15 73 83 91 96 99 119 122 159 174 203 209 252 297 397 433 
64 5 66 69 154 188 448 
65 7 13 26 182 280 352 365 449 
66 8 41 45 64 87 166 398 431 455 
67 9 25 115 229 274 279 285 301 347 423 
68 7 12 102 126 194 296 359 427 
69 5 64 174 233 249 272 
70 6 120 149 202 271 284 445 
71 5 84 243 247 362 378 
72 4 38 107 301 314 
73 6 63 74 246 373 435 444 
74 7 56 73 106 115 229 383 388 
75 6 44 51 108 122 242 319 
76 6 33 131 140 284 303 443 
77 7 237 304 313 347 412 424 450 
78 7 19 34 301 348 354 457 458 
79 4 17 207 353 363 
80 6 123 135 159 301 344 395 
81 6 0 24 51 158 317 348 
82 14 3 29 32 284 304 312 339 351 360 371 384 413 418 428 
83 4 63 183 325 371 
84 5 24 71 132 188 407 
85 4 339 363 384 411 
86 7 44 120 139 227 230 237 414 
87 12 6 59 66 93 139 152 198 249 299 328 371 415 
88 7 24 90 131 177 207 264 297 
89 4 169 199 302 386 
90 9 3 6 7 27 88 98 142 184 372 
91 7 63 163 210 217 249 291 361 
92 9 97 207 226 275 283 288 293 374 451 
93 7 6 41 87 160 318 345 365 
94 7 44 146 234 235 262 371 374 
95 7 146 155 177 183 188 354 358 
96 6 63 108 194 361 438 447 
97 6 92 227 313 353 390 427 
98 9 90 116 149 152 160 221 234 376 380 
99 8 19 63 138 210 221 315 351 427 
100 5 111 277 301 408 441 
101 6 57 187 190 259 299 311 
102 6 68 159 178 357 367 431 
103 11 54 138 149 153 154 170 205 206 213 299 333 
104 6 56 236 249 276 378 449 
105 5 38 173 191 299 414 
106 11 17 27 74 173 214 256 344 379 394 395 431 
107 7 72 204 276 297 320 405 420 
108 12 19 26 75 96 176 201 217 289 319 353 394 395 
109 7 47 172 260 303 310 325 435 
110 6 185 328 347 394 413 418 
111 7 47 100 179 201 234 336 418 
112 3 38 161 351 
113 6 11 156 222 238 321 408 
114 6 133 151 226 233 299 453 
115 8 21 67 74 128 151 298 409 438 
116 8 98 134 202 223 239 291 438 450 
117 8 6 47 155 213 256 371 372 427 
118 7 17 43 188 279 386 454 459 
119 3 63 162 332 
120 7 70 86 124 166 170 261 404 
121 5 46 135 140 306 414 
122 8 63 75 135 141 251 270 289 411 
123 6 80 153 264 269 322 425 
124 6 120 132 135 173 189 394 
125 4 130 222 238 412 
126 5 68 170 189 399 448 
127 4 146 267 415 456 
128 8 115 207 233 243 291 293 301 308 
129 8 26 188 224 225 240 255 345 450 
130 10 2 125 154 174 200 216 275 329 351 389 
131 8 76 88 177 215 228 286 413 448 
132 11 17 84 124 146 203 221 257 278 319 402 454 
133 8 6 114 180 182 219 225 298 396 
134 8 41 116 162 163 229 436 437 445 
135 10 18 80 121 122 124 150 210 278 290 453 
136 3 250 258 429 
137 4 57 193 302 411 
138 5 99 103 236 289 308 
139 5 86 87 169 283 332 
140 9 76 121 141 160 223 230 263 280 372 
141 6 122 140 160 166 191 205 
142 8 12 90 167 192 240 327 355 444 
143 7 13 41 59 144 189 268 449 
144 9 25 143 146 157 276 332 336 365 424 
145 4 43 246 264 437 
146 11 29 41 94 95 127 132 144 173 194 195 378 
147 5 17 235 241 358 409 
148 4 51 192 330 345 
149 10 5 54 62 70 98 103 150 164 425 433 
150 2 135 149 
151 7 42 45 114 115 231 325 392 
152 7 45 87 98 214 266 267 395 
153 6 103 123 224 242 408 437 
154 6 25 64 103 130 303 410 
155 3 95 117 229 
156 6 113 242 243 254 314 356 
157 8 20 41 47 62 144 195 215 451 
158 12 46 81 195 237 263 280 351 370 392 398 401 402 
159 11 35 63 80 102 180 183 188 207 250 282 288 
160 13 14 54 93 98 140 141 176 199 231 292 378 411 441 
161 6 54 112 172 327 366 391 
162 5 119 134 347 374 418 
163 5 91 134 290 328 348 
164 7 23 149 244 323 368 373 383 
165 5 182 258 357 361 434 
166 5 35 66 120 141 287 
167 8 57 142 230 251 285 309 332 458 
168 6 24 40 236 335 352 353 
169 10 22 41 60 89 139 188 305 333 365 389 
170 5 8 13 103 120 126 
171 5 180 193 212 349 431 
172 5 109 161 196 267 436 
173 11 0 58 105 106 124 146 196 261 338 417 449 
174 4 63 69 130 273 
175 5 0 197 304 407 414 
176 8 8 18 20 108 160 283 329 353 
177 4 53 88 95 131 
178 4 55 102 378 386 
179 6 50 111 194 337 352 414 
180 8 133 159 171 249 296 335 336 394 
181 8 59 191 202 208 282 334 367 430 
182 8 26 33 54 65 133 165 366 415 
183 9 22 31 83 95 159 215 269 385 421 
184 8 10 11 40 90 193 202 274 293 
185 3 39 110 344 
186 8 213 232 318 345 404 417 433 443 
187 5 45 101 225 260 455 
188 12 25 64 84 95 118 129 159 169 222 357 358 427 
189 7 13 58 124 126 143 289 379 
190 6 45 101 340 366 404 438 
191 10 12 105 141 181 198 225 288 290 396 426 
192 4 29 142 148 427 
193 10 137 171 184 231 302 322 366 408 409 411 
194 8 68 96 146 179 213 313 442 453 
195 6 43 46 146 157 158 207 
196 13 25 42 61 172 173 232 242 260 325 339 381 401 431 
197 8 26 51 175 266 277 288 301 407 
198 3 87 191 279 
199 8 18 41 89 160 327 329 335 429 
200 3 46 130 205 
201 4 41 108 111 257 
202 13 12 31 70 116 181 184 291 298 323 344 354 357 406 
203 5 63 132 221 320 397 
204 5 38 43 107 271 375 
205 7 103 141 200 268 291 375 411 
206 5 23 25 103 243 390 
207 11 79 88 92 128 159 195 278 310 322 347 455 
208 6 30 181 225 295 316 420 
209 8 12 19 56 63 213 371 433 436 
210 8 16 44 91 99 135 304 316 415 
211 6 8 272 316 372 430 435 
212 4 171 232 336 406 
213 8 53 103 117 186 194 209 267 426 
214 7 34 106 152 215 229 284 423 
215 8 18 38 131 157 183 214 354 415 
216 12 3 30 33 55 130 218 243 266 325 328 374 451 
217 3 91 108 300 
218 5 216 253 319 377 411 
219 4 133 223 288 377 
220 5 22 341 387 429 449 
221 10 98 99 132 203 246 271 326 334 354 357 
222 5 44 113 125 188 391 
223 9 1 48 116 140 219 232 294 353 428 
224 7 129 153 280 313 323 327 450 
225 10 55 59 129 133 187 191 208 236 239 268 
226 6 92 114 304 352 364 380 
227 5 86 97 257 289 366 
228 4 131 248 309 385 
229 8 11 33 56 67 74 134 155 214 
230 11 18 86 140 167 266 332 333 343 398 434 445 
231 10 151 160 193 254 284 311 339 342 355 369 
232 9 27 186 196 212 223 261 303 381 393 
233 7 13 34 69 114 128 280 370 
234 11 40 53 94 98 111 247 331 371 385 407 409 
235 6 4 94 147 322 354 410 
236 6 28 104 138 168 225 329 
237 13 6 8 14 20 30 77 86 158 291 313 343 362 435 
238 10 25 53 56 113 125 239 255 349 384 389 
239 7 40 116 225 238 245 254 355 
240 5 38 129 142 378 458 
241 5 6 147 302 372 396 
242 13 39 47 53 75 153 156 196 300 304 307 325 382 451 
243 13 1 3 21 71 128 156 206 216 300 312 345 401 408 
244 7 8 164 257 283 395 445 452 
245 5 50 239 363 376 417 
246 6 5 73 145 221 414 433 
247 2 71 234 
248 3 228 427 436 
249 14 1 52 69 87 91 104 180 276 296 343 412 414 418 425 
250 8 20 136 159 291 358 398 438 453 
251 7 31 33 122 167 360 362 397 
252 4 45 63 285 412 
253 4 6 218 321 428 
254 3 156 231 239 
255 3 129 238 450 
256 2 106 117 
257 7 132 201 227 244 270 379 396 
258 3 136 165 316 
259 5 101 305 339 351 389 
260 4 109 187 196 406 
261 8 27 41 43 120 173 232 271 348 
262 3 94 309 341 
263 5 140 158 275 292 340 
264 10 1 88 123 145 324 364 370 379 386 441 
265 1 444 
266 4 152 197 216 230 
267 8 48 127 152 172 213 307 351 446 
268 8 21 143 205 225 301 351 405 459 
269 7 1 123 183 294 306 318 356 
270 4 2 122 257 349 
271 8 46 70 204 221 261 283 388 456 
272 5 31 36 69 211 339 
273 5 44 46 174 281 304 
274 9 67 184 297 341 357 379 383 410 454 
275 9 13 28 92 130 263 296 344 418 456 
276 5 22 104 107 144 249 
277 5 60 100 197 309 363 
278 5 132 135 207 373 459 
279 8 28 54 67 118 198 331 403 406 
280 8 23 29 41 65 140 158 224 233 
281 3 273 285 364 
282 6 25 159 181 375 388 424 
283 10 33 92 139 176 244 271 285 294 345 430 
284 8 48 70 76 82 214 231 315 322 
285 6 67 167 252 281 283 398 
286 3 131 351 395 
287 6 166 396 424 425 452 455 
288 7 92 159 191 197 219 369 433 
289 12 48 108 122 138 189 227 297 308 372 387 399 419 
290 5 135 163 191 311 395 
291 10 36 91 116 128 202 205 237 250 347 445 
292 5 160 263 351 413 431 
293 4 92 128 184 304 
294 6 25 41 223 269 283 314 
295 8 26 208 304 388 408 436 437 439 
296 7 68 180 249 275 312 350 420 
297 9 3 63 88 107 274 289 304 337 355 
298 4 59 115 133 202 
299 9 87 101 103 105 114 339 357 387 410 
300 6 5 55 217 242 243 381 
301 11 67 72 78 80 100 128 197 268 305 319 368 
302 6 37 89 137 193 241 319 
303 9 76 109 154 232 360 395 399 418 456 
304 15 44 77 82 175 210 226 242 273 293 295 297 368 370 388 437 
305 5 169 259 301 421 442 
306 5 121 269 360 392 431 
307 6 41 57 242 267 430 453 
308 11 2 128 138 289 317 349 358 383 394 407 430 
309 7 55 167 228 262 277 310 371 
310 7 109 207 309 389 406 419 459 
311 5 101 231 290 417 447 
312 7 23 33 82 243 296 317 338 
313 9 58 77 97 194 224 237 329 355 438 
314 5 72 156 294 322 330 
315 10 99 284 316 326 338 341 373 428 439 443 
316 7 61 208 210 211 258 315 356 
317 5 81 308 312 402 420 
318 7 62 93 186 269 357 443 448 
319 8 53 75 108 132 218 301 302 414 
320 4 15 107 203 446 
321 4 113 253 363 435 
322 8 25 123 193 207 235 284 314 392 
323 8 16 35 53 164 202 224 419 421 
324 3 56 264 411 
325 10 61 83 109 151 196 216 242 377 408 454 
326 9 20 39 60 221 315 338 401 416 449 
327 5 142 161 199 224 366 
328 7 46 87 110 163 216 351 417 
329 6 130 176 199 236 313 443 
330 5 17 148 314 360 452 
331 5 5 6 234 279 374 
332 9 4 25 119 139 144 167 230 351 402 
333 8 0 30 44 103 169 230 359 375 
334 7 9 181 221 377 392 400 458 
335 8 13 168 180 199 372 380 440 442 
336 5 111 144 180 212 420 
337 7 179 297 362 377 389 397 448 
338 7 46 173 312 315 326 361 398 
339 10 44 82 85 196 231 259 272 299 374 446 
340 7 10 190 263 354 427 444 459 
341 7 220 262 274 315 372 378 408 
342 5 5 35 48 231 360 
343 5 53 230 237 249 360 
344 13 1 12 40 46 80 106 185 202 275 366 394 406 440 
345 9 14 21 93 129 148 186 243 283 446 
346 2 372 409 
347 11 54 67 77 110 162 207 291 357 428 430 439 
348 7 26 78 81 163 261 401 418 
349 5 171 238 270 308 436 
350 5 1 296 370 418 425 
351 14 34 42 82 99 112 130 158 259 267 268 286 292 328 332 
352 6 65 168 179 226 356 459 
353 7 32 79 97 108 168 176 223 
354 7 78 95 202 215 221 235 340 
355 7 3 142 231 239 297 313 378 
356 7 156 269 316 352 361 410 437 
357 13 19 35 102 165 188 202 221 274 299 318 347 390 396 
358 7 10 23 95 147 188 250 308 
359 4 68 333 401 454 
360 8 21 82 251 303 306 330 342 343 
361 7 2 91 96 165 338 356 420 
362 4 71 237 251 337 
363 8 19 79 85 245 277 321 371 385 
364 4 226 264 281 374 
365 7 6 33 65 93 144 169 424 
366 9 1 57 161 182 190 193 227 327 344 
367 5 4 50 102 181 436 
368 4 25 164 301 304 
369 5 20 29 231 288 441 
370 9 158 233 264 304 350 374 377 419 450 
371 13 82 83 87 94 117 209 234 309 363 376 387 430 457 
372 9 90 117 140 211 241 289 335 341 346 
373 5 73 164 278 315 427 
374 13 8 28 92 94 162 216 331 339 364 370 379 413 427 
375 8 24 48 49 56 204 205 282 333 
376 3 98 245 371 
377 7 218 219 325 334 337 370 389 
378 10 12 42 71 104 146 160 178 240 341 355 
379 13 35 50 57 59 62 106 189 257 264 274 374 447 452 
380 4 18 98 226 335 
381 5 196 232 300 420 432 
382 4 8 242 386 401 
383 5 74 164 274 308 418 
384 5 82 85 238 438 442 
385 8 13 20 34 183 228 234 363 444 
386 7 89 118 178 264 382 389 424 
387 7 220 289 299 371 408 447 452 
388 9 10 22 23 74 271 282 295 304 440 
389 9 12 130 169 238 259 310 337 377 386 
390 4 40 97 206 357 
391 4 19 161 222 437 
392 8 45 151 158 306 322 334 418 453 
393 2 232 439 
394 9 106 108 110 124 180 308 344 438 451 
395 13 10 17 35 80 106 108 152 244 286 290 303 418 447 
396 9 0 133 191 241 257 287 357 444 448 
397 5 63 203 251 337 431 
398 8 66 158 230 250 285 338 421 446 
399 5 126 289 303 424 443 
400 2 28 334 
401 11 37 50 158 196 243 326 348 359 382 411 434 
402 4 132 158 317 332 
403 2 26 279 
404 4 50 120 186 190 
405 8 40 48 107 268 409 441 446 458 
406 8 13 30 202 212 260 279 310 344 
407 8 13 61 84 175 197 234 308 450 
408 10 100 113 153 193 243 295 325 341 387 409 
409 9 14 115 147 193 234 346 405 408 449 
410 7 13 45 154 235 274 299 356 
411 11 0 85 122 137 160 193 205 218 324 401 458 
412 4 77 125 249 252 
413 6 82 110 131 292 374 431 
414 9 86 105 121 175 179 246 249 319 428 
415 5 87 127 182 210 215 
416 2 61 326 
417 8 42 50 173 186 245 311 328 428 
418 12 82 110 111 162 249 275 303 348 350 383 392 395 
419 4 289 310 323 370 
420 7 107 208 296 317 336 361 381 
421 6 48 183 305 323 398 432 
422 3 20 61 446 
423 5 37 55 67 214 435 
424 8 40 77 144 282 287 365 386 399 
425 7 4 123 149 249 287 350 455 
426 2 191 213 
427 11 29 68 97 99 117 188 192 248 340 373 374 
428 9 82 223 253 315 347 414 417 441 442 
429 3 136 199 220 
430 8 181 211 283 307 308 347 371 441 
431 9 66 102 106 171 196 292 306 397 413 
432 3 381 421 442 
433 7 63 149 186 209 246 288 451 
434 5 23 165 230 401 454 
435 6 73 109 211 237 321 423 
436 7 134 172 209 248 295 349 367 
437 8 12 134 145 153 295 304 356 391 
438 9 4 96 115 116 190 250 313 384 394 
439 5 47 295 315 347 393 
440 4 335 344 388 444 
441 7 100 160 264 369 405 428 430 
442 7 194 305 335 384 428 432 458 
443 7 76 186 315 318 329 399 458 
444 8 14 73 142 265 340 385 396 440 
445 5 70 134 230 244 291 
446 7 267 320 339 345 398 405 422 
447 6 51 96 311 379 387 395 
448 8 29 46 64 126 131 318 337 396 
449 8 51 65 104 143 173 220 326 409 
450 10 18 23 41 77 116 129 224 255 370 407 
451 7 37 92 157 216 242 394 433 
452 5 244 287 330 379 387 
453 6 114 135 194 250 307 392 
454 7 47 118 132 274 325 359 434 
455 6 39 66 187 207 287 425 
456 5 3 127 271 275 303 
457 2 78 371 
458 9 38 78 167 240 334 405 411 442 443 
459 6 118 268 278 310 340 352 
