480 117
0 1 191 
1 0 
2 1 227 
3 0 
4 0 
5 0 
6 0 
7 0 
8 1 466 
9 1 310 
10 1 50 
11 2 336 378 
12 1 152 
13 1 156 
14 0 
15 0 
16 0 
17 0 
18 0 
19 0 
20 1 308 
21 1 354 
22 0 
23 0 
24 1 405 
25 0 
26 0 
27 1 290 
28 1 108 
29 0 
30 0 
31 0 
32 1 158 
33 0 
34 0 
35 0 
36 0 
37 1 68 
38 2 289 299 
39 0 
40 0 
41 0 
42 1 388 
43 1 238 
44 0 
45 1 418 
46 0 
47 0 
48 0 
49 1 238 
50 2 10 333 
51 1 91 
52 1 181 
53 0 
54 0 
55 2 324 448 
56 0 
57 0 
58 0 
59 0 
60 0 
61 1 147 
62 0 
63 1 102 
64 0 
65 0 
66 0 
67 0 
68 1 37 
69 0 
70 1 392 
71 2 110 248 
72 0 
73 0 
74 0 
75 0 
76 2 281 353 
77 1 360 
78 2 189 288 
79 1 239 
80 0 
81 0 
82 0 
83 0 
84 0 
85 1 263 
86 0 
87 0 
88 0 
89 0 
90 0 
91 1 51 
92 0 
93 0 
94 0 
95 0 
96 0 
97 2 98 333 
98 1 97 
99 0 
100 1 350 
101 0 
102 3 63 382 387 
103 1 116 
104 1 264 
105 0 
106 1 158 
107 0 
108 1 28 
109 0 
110 2 71 314 
111 0 
112 0 
113 0 
114 0 
115 1 397 
116 1 103 
117 0 
118 0 
119 1 201 
120 0 
121 2 149 176 
122 0 
123 0 
124 0 
125 1 416 
126 1 127 
127 2 126 373 
128 0 
129 1 314 
130 0 
131 0 
132 0 
133 0 
134 0 
135 1 243 
136 0 
137 1 268 
138 1 232 
139 1 237 
140 0 
141 1 209 
142 1 427 
143 0 
144 0 
145 0 
146 1 188 
147 1 61 
148 1 279 
149 1 121 
150 0 
151 1 398 
152 2 12 441 
153 1 306 
154 0 
155 0 
156 1 13 
157 0 
158 2 32 106 
159 1 294 
160 1 167 
161 1 252 
162 0 
163 1 409 
164 1 363 
165 0 
166 0 
167 1 160 
168 0 
169 0 
170 0 
171 0 
172 1 359 
173 1 334 
174 0 
175 0 
176 1 121 
177 0 
178 0 
179 2 329 458 
180 2 181 286 
181 2 52 180 
182 0 
183 1 292 
184 0 
185 1 288 
186 0 
187 0 
188 1 146 
189 1 78 
190 0 
191 1 0 
192 0 
193 0 
194 1 367 
195 1 306 
196 0 
197 0 
198 0 
199 0 
200 1 389 
201 1 119 
202 0 
203 0 
204 0 
205 0 
206 0 
207 0 
208 0 
209 1 141 
210 1 373 
211 0 
212 0 
213 0 
214 0 
215 0 
216 0 
217 0 
218 0 
219 0 
220 1 289 
221 0 
222 0 
223 1 279 
224 2 365 455 
225 0 
226 0 
227 1 2 
228 0 
229 0 
230 0 
231 0 
232 1 138 
233 0 
234 0 
235 2 422 476 
236 0 
237 1 139 
238 2 43 49 
239 1 79 
240 0 
241 1 347 
242 0 
243 1 135 
244 2 278 290 
245 0 
246 0 
247 0 
248 2 71 450 
249 0 
250 0 
251 2 256 464 
252 1 161 
253 1 400 
254 1 381 
255 0 
256 1 251 
257 0 
258 0 
259 1 324 
260 1 443 
261 0 
262 0 
263 1 85 
264 1 104 
265 0 
266 0 
267 0 
268 1 137 
269 0 
270 0 
271 0 
272 0 
273 0 
274 0 
275 0 
276 0 
277 1 286 
278 1 244 
279 3 148 223 398 
280 0 
281 1 76 
282 0 
283 0 
284 0 
285 0 
286 2 180 277 
287 1 378 
288 2 78 185 
289 2 38 220 
290 2 27 244 
291 0 
292 1 183 
293 0 
294 1 159 
295 0 
296 1 305 
297 0 
298 0 
299 1 38 
300 0 
301 0 
302 1 314 
303 1 347 
304 0 
305 1 296 
306 2 153 195 
307 0 
308 1 20 
309 0 
310 1 9 
311 0 
312 0 
313 1 431 
314 3 110 129 302 
315 0 
316 0 
317 0 
318 0 
319 0 
320 1 330 
321 0 
322 0 
323 0 
324 2 55 259 
325 0 
326 0 
327 0 
328 0 
329 1 179 
330 1 320 
331 0 
332 0 
333 2 50 97 
334 2 173 372 
335 0 
336 2 11 437 
337 0 
338 0 
339 0 
340 0 
341 0 
342 0 
343 0 
344 0 
345 0 
346 0 
347 2 241 303 
348 0 
349 0 
350 1 100 
351 1 424 
352 0 
353 1 76 
354 1 21 
355 0 
356 0 
357 0 
358 0 
359 1 172 
360 1 77 
361 0 
362 0 
363 1 164 
364 0 
365 1 224 
366 0 
367 1 194 
368 0 
369 0 
370 0 
371 2 394 446 
372 1 334 
373 2 127 210 
374 0 
375 0 
376 0 
377 0 
378 3 11 287 467 
379 0 
380 0 
381 1 254 
382 1 102 
383 0 
384 0 
385 0 
386 1 427 
387 1 102 
388 1 42 
389 1 200 
390 0 
391 0 
392 1 70 
393 0 
394 1 371 
395 0 
396 0 
397 1 115 
398 2 151 279 
399 0 
400 2 253 451 
401 0 
402 0 
403 0 
404 1 431 
405 1 24 
406 0 
407 0 
408 0 
409 1 163 
410 0 
411 0 
412 0 
413 0 
414 0 
415 0 
416 1 125 
417 0 
418 1 45 
419 0 
420 0 
421 0 
422 1 235 
423 0 
424 1 351 
425 0 
426 0 
427 2 142 386 
428 0 
429 0 
430 0 
431 2 313 404 
432 0 
433 0 
434 0 
435 0 
436 0 
437 1 336 
438 0 
439 0 
440 0 
441 1 152 
442 0 
443 1 260 
444 0 
445 0 
446 1 371 
447 0 
448 1 55 
449 0 
450 1 248 
451 1 400 
452 0 
453 0 
454 0 
455 1 224 
456 0 
457 0 
458 1 179 
459 0 
460 0 
461 0 
462 0 
463 0 
464 1 251 
465 0 
466 1 8 
467 1 378 
468 0 
469 0 
470 0 
471 0 
472 0 
473 0 
474 0 
475 0 
476 1 235 
477 0 
478 0 
479 0 
