480 11453
0 49 9 14 27 41 50 52 66 74 83 100 104 112 118 131 139 144 158 167 180 184 188 191 197 202 213 238 246 258 273 286 288 289 292 294 302 307 316 356 367 374 378 393 409 410 430 440 444 470 473 
1 34 13 26 93 96 100 108 116 132 148 154 171 206 221 229 242 243 250 264 280 283 289 310 330 338 357 372 378 384 388 420 430 448 463 468 
2 43 15 23 24 28 35 36 38 40 45 56 59 98 114 117 122 136 139 147 156 168 172 179 180 191 226 227 243 245 254 266 270 271 277 296 318 331 354 386 398 400 412 435 455 
3 45 8 16 19 21 45 66 67 87 88 96 99 101 103 108 121 125 134 136 144 163 176 180 216 234 236 254 262 270 287 312 341 361 382 387 394 396 398 406 416 436 441 458 475 478 479 
4 48 23 26 27 45 55 59 61 73 87 90 103 105 115 118 119 127 128 139 145 171 173 185 188 192 196 203 217 219 252 268 287 293 301 307 315 318 331 378 379 391 392 398 412 425 447 452 472 478 
5 49 7 17 36 47 59 62 64 70 77 88 106 117 120 122 124 132 159 166 175 182 190 197 207 211 216 254 257 272 274 290 299 307 334 344 345 360 369 380 390 391 418 420 434 447 452 467 468 473 478 
6 43 30 35 36 50 56 86 98 108 149 168 171 189 201 202 205 236 249 262 270 279 280 289 295 299 300 301 317 328 337 354 356 363 394 396 400 403 406 432 438 445 447 458 476 
7 35 5 14 16 17 23 28 47 61 132 162 193 196 207 211 213 223 226 238 251 294 306 308 326 339 383 391 395 399 405 417 427 428 434 454 472 
8 54 3 11 33 74 84 86 102 107 112 128 139 141 144 149 155 172 185 188 190 192 214 217 223 230 238 250 254 262 266 267 269 282 284 293 294 305 306 309 310 325 333 335 367 389 400 409 420 431 440 455 463 466 467 471 
9 51 0 10 46 49 64 75 86 115 116 124 144 145 149 156 160 207 219 220 222 235 244 246 248 266 268 273 280 305 310 315 338 339 344 345 354 374 377 386 387 390 397 413 416 420 423 424 429 457 460 462 467 
10 49 9 11 16 19 30 50 82 89 92 100 119 124 128 129 131 135 140 149 154 169 221 225 244 254 255 257 268 272 278 279 293 311 330 332 341 348 351 368 372 373 394 412 420 437 439 460 462 464 473 
11 46 8 10 14 35 46 47 58 61 67 71 76 118 122 129 134 137 159 180 218 257 261 263 265 271 272 275 283 298 305 306 319 326 329 336 342 345 374 378 379 395 411 415 420 423 429 436 
12 46 26 32 34 50 56 67 80 95 131 138 140 145 147 152 154 167 182 184 195 197 201 220 231 233 248 249 251 257 295 302 306 307 317 326 367 373 377 384 385 391 408 412 425 444 454 466 
13 41 1 26 29 30 31 40 54 56 67 73 80 85 92 109 123 130 132 141 142 156 184 187 204 211 222 240 248 264 265 269 286 288 328 334 365 377 379 402 424 430 439 
14 62 0 7 11 19 56 59 60 61 65 78 80 84 89 93 104 119 131 132 136 140 152 172 175 177 203 206 219 220 223 233 237 251 253 254 259 278 285 291 292 296 298 319 322 325 329 346 347 348 355 383 384 393 398 400 402 403 404 418 437 446 475 478 
15 50 2 30 31 38 52 64 66 69 88 108 109 118 123 128 175 176 183 188 190 191 197 206 209 210 219 220 222 223 237 243 246 248 259 264 268 279 311 312 313 322 340 345 357 381 401 405 422 454 455 468 
16 49 3 7 10 19 42 47 143 154 157 164 170 173 180 186 196 200 214 258 272 282 285 293 299 312 313 315 337 345 348 352 355 356 357 359 376 378 382 388 390 414 415 418 421 430 451 455 461 463 475 
17 47 5 7 23 31 39 41 44 46 53 54 73 94 95 106 119 126 163 165 186 195 197 215 220 226 227 257 258 259 272 284 296 307 314 323 325 327 341 360 368 405 408 415 430 449 450 460 466 
18 44 43 44 61 72 75 89 105 108 136 137 159 195 199 204 213 219 221 225 230 242 251 258 265 278 281 286 290 300 301 308 314 325 336 359 370 390 391 408 422 430 448 452 473 478 
19 52 3 10 14 16 27 36 62 65 75 77 80 84 96 101 107 121 124 132 139 146 156 157 160 178 193 218 231 235 253 281 297 304 320 323 342 344 346 362 370 376 384 407 414 416 426 428 435 438 440 445 450 466 
20 45 28 33 56 61 75 77 96 108 113 134 144 148 163 166 189 212 233 242 263 270 271 277 290 299 302 307 308 321 342 349 356 368 372 378 388 400 401 403 414 419 423 433 438 443 475 
21 61 3 33 43 53 60 72 87 92 102 136 139 143 144 155 162 172 175 179 180 194 195 198 201 213 223 230 233 240 245 246 269 277 283 289 311 332 334 336 342 348 354 371 373 374 379 399 400 412 418 424 446 447 449 450 457 459 465 467 468 474 476 
22 48 27 33 66 76 90 96 98 106 110 171 176 177 180 188 189 208 209 210 232 237 238 249 272 276 286 299 300 308 313 348 352 354 356 370 382 388 390 392 412 414 433 438 444 446 458 468 475 476 
23 45 2 4 7 17 38 57 60 67 74 82 90 114 133 136 154 164 175 183 184 185 203 218 234 242 256 266 276 279 311 312 317 323 359 363 405 410 414 416 427 433 448 451 454 466 471 
24 46 2 34 37 56 60 70 73 92 105 115 133 134 135 139 145 170 192 220 224 227 229 242 251 259 260 266 311 315 326 333 336 353 374 379 393 397 399 405 410 418 425 426 443 455 456 475 
25 52 28 45 52 61 62 70 99 105 107 108 116 124 132 144 146 159 168 196 198 199 204 205 221 225 231 255 274 275 282 285 300 307 315 328 336 348 362 368 369 381 406 407 425 431 435 441 443 455 461 469 474 478 
26 41 1 4 12 13 34 65 81 88 91 101 112 118 122 156 176 199 201 241 244 245 249 257 260 263 271 298 300 317 322 330 362 379 388 408 419 422 423 432 454 462 466 
27 55 0 4 19 22 46 57 60 62 65 69 73 79 104 112 118 125 133 145 178 182 186 190 201 211 226 239 241 249 253 262 263 290 301 303 305 308 312 323 327 333 345 347 374 379 389 396 398 415 427 438 443 450 454 459 476 
28 51 2 7 20 25 91 97 103 105 108 112 125 129 154 159 161 168 182 186 188 203 231 254 256 260 279 282 285 286 298 316 320 326 328 335 339 340 361 367 380 400 403 421 422 428 438 452 459 461 465 472 479 
29 39 13 44 71 83 90 91 99 101 103 121 170 188 200 204 214 216 229 250 252 256 282 287 309 323 331 332 342 354 360 366 380 406 426 446 450 452 470 474 477 
30 40 6 10 13 15 49 55 60 71 72 84 127 140 151 154 160 180 188 194 198 208 232 244 253 254 263 280 283 340 347 372 377 378 381 388 389 399 407 431 442 444 
31 51 13 15 17 34 35 67 79 84 104 111 116 129 171 186 194 195 200 217 219 220 227 235 236 249 250 259 276 283 285 320 324 333 339 344 347 352 362 365 373 377 381 390 398 411 421 426 428 442 443 466 477 
32 48 12 55 58 60 61 91 93 99 100 102 115 121 129 130 142 148 158 181 183 184 193 199 200 206 240 248 268 270 271 281 300 311 329 346 347 351 359 362 363 366 367 388 399 413 433 455 471 477 
33 46 8 20 21 22 34 61 64 81 83 93 97 104 108 160 167 171 178 181 211 275 276 278 279 287 294 298 312 324 335 349 357 375 377 386 395 396 399 402 412 413 414 439 445 464 471 477 
34 45 12 24 26 31 33 38 51 58 68 70 84 85 86 103 120 124 140 178 205 206 216 224 228 236 242 263 265 271 280 285 325 334 355 359 371 373 400 405 432 454 455 463 465 468 478 
35 44 2 6 11 31 60 67 68 84 88 91 92 99 108 113 114 117 118 124 128 133 142 147 180 181 218 233 240 253 270 273 281 286 308 317 335 345 381 382 395 398 414 428 440 447 
36 42 2 5 6 19 48 49 71 94 110 121 131 132 134 136 141 142 159 166 169 170 172 173 177 221 236 262 274 278 307 328 331 350 353 359 383 386 391 403 440 467 475 477 
37 40 24 39 52 68 82 84 104 117 131 132 178 185 204 210 224 229 256 263 281 311 313 316 330 331 364 381 386 409 412 413 424 427 430 436 437 446 458 467 470 475 
38 56 2 15 23 34 40 48 49 68 73 76 79 89 98 123 129 133 134 164 167 171 194 199 207 208 210 224 230 250 251 259 271 275 282 284 288 289 292 299 302 316 334 336 341 351 353 370 376 410 417 420 421 422 424 426 440 461 
39 35 17 37 51 67 72 73 104 125 191 202 216 229 239 246 249 251 252 263 270 294 295 299 301 308 310 313 315 320 337 347 382 430 442 460 473 
40 35 2 13 38 51 67 90 105 126 144 149 159 161 162 174 180 192 207 214 217 223 231 236 264 271 324 357 368 393 423 426 436 437 444 446 470 
41 45 0 17 53 67 71 90 97 103 115 125 128 169 194 207 210 211 236 248 261 275 296 311 315 327 328 332 338 358 361 374 377 378 382 387 390 391 405 407 408 427 436 442 454 459 466 
42 47 16 45 46 48 56 57 75 83 127 139 156 159 173 187 203 211 213 233 236 238 248 250 255 262 266 273 283 284 286 298 311 321 337 344 355 366 381 384 388 412 413 437 443 459 463 474 477 
43 51 18 21 48 61 73 88 102 109 119 120 122 126 127 154 159 164 165 180 181 183 192 195 205 215 236 238 243 246 248 257 282 283 300 306 308 325 334 337 345 356 372 373 383 413 417 418 421 431 440 441 479 
44 54 17 18 29 49 55 66 69 79 88 101 114 120 125 136 149 171 176 191 193 196 206 210 212 226 246 248 252 254 263 272 278 283 285 290 301 303 330 356 374 382 383 388 391 393 400 402 409 411 414 421 430 464 468 471 
45 40 2 3 4 25 42 86 110 125 128 163 169 202 218 220 223 232 237 245 264 307 313 329 336 340 343 353 367 375 377 384 389 399 403 418 426 428 447 457 465 466 
46 49 9 11 17 27 42 73 87 97 112 114 131 132 153 155 162 164 174 181 184 187 188 200 208 230 252 257 272 279 281 285 292 295 303 314 321 348 352 367 384 417 420 421 429 434 435 454 456 464 474 
47 54 5 7 11 16 72 74 77 90 97 98 131 132 135 140 149 165 169 173 185 186 193 196 197 201 214 220 225 239 244 250 258 259 268 280 286 289 299 302 307 308 331 357 365 374 390 391 398 407 425 437 442 461 472 474 
48 60 36 38 42 43 57 71 84 106 107 110 121 125 166 176 186 190 194 196 197 202 224 239 243 244 247 249 262 278 292 294 302 304 311 313 315 316 325 361 363 370 375 380 388 394 403 410 417 419 422 435 442 443 444 448 461 463 465 468 475 477 
49 47 9 30 36 38 44 74 83 95 101 113 116 117 118 125 153 156 159 177 189 195 204 209 238 277 280 282 308 321 330 334 341 367 374 376 385 389 393 400 401 403 408 430 431 439 452 458 477 
50 34 0 6 10 12 74 91 96 121 122 130 131 135 146 150 156 164 176 217 228 253 270 284 286 330 333 351 352 353 384 388 414 422 438 459 
51 47 34 39 40 55 57 71 79 84 91 107 108 118 126 127 138 149 166 173 175 184 240 258 271 279 293 300 308 315 322 340 350 355 358 380 381 383 386 397 398 409 432 434 452 458 468 472 477 
52 53 0 15 25 37 68 71 75 111 118 121 138 144 149 152 163 164 165 170 181 182 185 192 207 213 222 244 245 258 273 274 284 294 313 324 340 355 356 359 365 381 393 399 404 407 422 438 439 445 446 447 461 470 479 
53 47 17 21 41 63 66 76 87 96 98 106 108 111 132 152 175 177 200 202 207 221 225 251 261 267 286 303 304 311 316 327 336 347 360 364 365 367 383 385 400 401 404 416 421 431 434 451 464 
54 38 13 17 60 67 72 78 93 104 120 138 142 171 182 183 208 221 222 251 256 265 276 277 284 325 340 366 370 384 388 403 405 412 414 416 427 433 456 463 
55 45 4 30 32 44 51 71 91 92 94 99 108 115 120 122 125 126 132 136 139 141 154 175 176 193 204 206 207 239 287 302 307 323 324 332 353 368 374 375 389 397 406 423 437 448 466 
56 58 2 6 12 13 14 20 24 42 62 75 77 80 82 89 101 104 105 126 128 138 151 168 186 200 201 214 233 243 246 256 258 266 267 271 287 297 299 303 312 313 316 318 340 343 365 366 373 374 389 393 394 396 401 405 422 439 447 455 
57 49 23 27 42 48 51 80 88 108 111 112 113 127 134 166 171 189 201 211 214 215 225 230 235 243 258 261 284 286 289 290 302 332 343 352 359 370 381 411 413 416 426 427 430 435 442 443 449 456 466 
58 53 11 32 34 63 66 71 72 73 101 117 127 133 135 146 169 172 184 187 193 197 198 210 221 235 239 244 248 269 280 284 288 294 296 309 322 328 355 369 370 375 383 400 403 406 410 412 423 457 458 460 464 466 476 
59 37 2 4 5 14 67 76 90 95 121 126 127 150 151 154 157 163 164 165 182 185 201 210 253 259 267 327 331 345 375 389 406 407 415 443 454 457 460 
60 45 14 21 23 24 27 30 32 35 54 68 90 93 96 116 125 136 138 164 172 177 189 223 253 255 264 265 271 304 318 324 338 344 351 362 366 385 394 395 410 429 430 441 442 449 455 
61 53 4 7 11 14 18 20 25 32 33 43 63 64 80 82 85 90 92 96 99 127 128 129 133 147 163 183 202 233 257 269 279 288 297 305 315 332 347 350 374 394 401 422 424 425 432 442 446 450 451 463 464 465 469 
62 56 5 19 25 27 56 68 70 96 127 129 134 148 151 152 158 168 183 187 188 209 212 221 222 228 235 247 254 256 257 263 268 271 274 282 293 297 303 312 326 344 345 355 362 372 375 377 390 400 403 424 455 463 466 467 471 477 
63 42 53 58 61 64 70 75 76 78 84 90 94 102 112 113 146 162 192 196 197 218 235 250 256 257 260 293 296 311 315 327 362 374 398 411 421 425 430 432 434 461 466 473 
64 49 5 9 15 33 61 63 73 76 81 94 105 124 130 151 160 162 168 169 183 215 220 234 241 247 270 271 280 283 285 289 305 317 319 326 350 352 359 364 367 381 411 420 428 439 443 456 459 468 472 
65 49 14 19 26 27 78 80 101 106 107 114 120 121 126 131 158 160 187 198 204 212 223 224 233 234 248 252 253 255 260 269 285 295 311 318 320 344 345 346 359 367 380 398 417 418 432 435 451 454 473 
66 47 0 3 15 22 44 53 58 69 83 90 102 104 118 137 158 162 163 180 181 190 237 246 249 266 274 309 342 345 347 362 366 370 377 378 406 409 410 424 425 432 436 443 463 466 467 468 478 
67 56 3 11 12 13 23 31 35 39 40 41 54 59 70 72 99 102 114 120 129 133 148 165 172 177 178 189 196 197 223 224 226 227 235 239 249 253 280 282 292 293 300 309 321 323 332 341 356 361 365 380 401 408 433 437 453 469 
68 46 34 35 37 38 52 60 62 75 81 121 128 132 137 160 176 184 186 200 207 211 223 229 231 236 244 277 303 309 317 322 328 341 346 351 360 373 406 411 414 421 430 442 457 463 464 478 
69 45 15 27 44 66 114 118 120 123 139 149 155 164 168 169 179 184 195 206 209 215 234 247 261 262 264 277 280 286 291 306 324 326 338 362 374 397 414 420 424 439 440 447 454 459 464 
70 51 5 24 25 34 62 63 67 71 84 92 99 124 138 145 149 168 177 191 195 212 214 221 225 238 240 243 248 253 277 280 281 283 323 324 336 338 343 345 348 376 378 379 392 405 414 425 426 440 443 467 478 
71 54 11 29 30 36 41 48 51 52 55 58 70 73 75 77 81 85 86 100 106 110 122 133 137 139 149 154 160 184 196 204 205 228 236 248 256 275 277 293 314 321 327 346 352 359 368 384 400 405 408 455 462 463 467 475 
72 49 18 21 30 39 47 54 58 67 84 87 90 110 112 120 133 135 141 147 150 156 168 170 172 194 214 224 238 247 258 269 270 279 286 306 311 332 351 369 373 379 396 420 434 439 455 459 467 468 476 
73 58 4 13 17 24 27 38 39 43 46 58 64 71 81 87 89 99 108 110 112 126 128 153 172 173 179 188 192 204 215 228 238 244 251 257 259 264 266 273 278 298 307 316 319 326 329 347 358 359 368 377 388 399 404 405 408 455 462 468 
74 52 0 8 23 47 49 50 94 100 115 125 128 133 134 139 145 166 170 171 184 215 218 225 244 260 277 278 284 291 306 307 309 322 327 332 334 335 337 360 363 368 392 395 402 406 410 411 415 418 429 449 455 456 
75 54 9 18 19 20 42 52 56 63 68 71 87 107 116 117 123 134 140 143 144 154 161 164 186 196 242 257 261 263 267 273 278 280 289 290 295 313 321 342 346 348 349 353 354 356 372 383 386 389 407 413 452 457 464 476 
76 58 11 22 38 53 59 63 64 79 81 97 101 118 130 143 145 152 153 159 162 175 177 179 192 195 196 208 210 217 224 242 251 263 281 284 287 288 294 296 304 313 336 339 343 353 364 369 388 403 412 417 422 435 437 438 440 445 459 461 
77 42 5 19 20 47 56 71 93 107 108 125 135 138 147 155 160 192 227 255 258 266 268 277 281 302 312 322 333 334 348 350 360 383 387 389 393 394 400 408 410 415 423 477 
78 40 14 54 63 65 87 89 103 106 129 135 137 140 142 162 165 169 184 189 198 207 221 229 231 234 252 272 273 280 286 288 291 299 336 358 372 387 391 399 413 438 
79 41 27 31 38 44 51 76 80 81 87 115 116 125 130 171 182 190 195 204 239 241 249 250 251 252 257 294 338 351 377 385 391 400 404 406 409 413 415 422 447 453 477 
80 42 12 13 14 19 56 57 61 65 79 84 110 136 153 162 179 201 207 208 217 221 245 246 248 264 272 288 289 303 312 325 327 354 358 376 393 397 399 404 426 432 443 478 
81 40 26 33 64 68 71 73 76 79 83 130 131 132 140 147 155 168 175 191 215 217 223 226 235 240 252 256 259 296 334 335 337 344 353 356 362 415 449 464 468 477 
82 49 10 23 37 56 61 95 101 120 131 138 164 166 172 180 183 185 200 205 222 229 231 237 241 255 274 286 287 294 296 315 319 335 338 347 383 389 393 404 405 419 443 446 448 456 457 459 466 470 472 
83 44 0 29 33 42 49 66 81 119 136 138 141 160 161 173 177 181 182 231 245 266 300 310 311 333 349 353 360 362 369 376 389 402 404 406 416 426 439 441 452 457 459 462 464 476 
84 49 8 14 19 30 31 34 35 37 48 51 63 70 72 80 86 129 131 132 140 145 149 150 155 167 170 190 192 194 213 215 216 221 250 263 282 287 293 300 319 329 339 341 387 424 437 439 441 457 458 
85 43 13 34 61 71 88 113 115 125 137 147 149 163 165 175 188 234 235 236 243 263 266 272 288 298 300 327 332 342 348 355 363 368 389 394 411 416 432 440 449 458 460 463 468 
86 48 6 8 9 34 45 71 84 90 93 95 102 107 111 113 121 129 160 165 170 191 202 203 248 254 268 295 298 300 307 323 326 331 334 335 349 355 361 364 374 379 380 381 384 439 448 451 467 470 
87 49 3 4 21 46 53 72 73 75 78 79 91 114 134 155 167 172 180 197 205 206 214 237 238 240 247 267 282 293 298 301 306 325 335 339 360 369 374 376 378 382 391 395 410 438 455 460 468 469 476 
88 41 3 5 15 26 35 43 44 57 85 90 116 117 120 140 152 153 160 170 180 186 211 233 242 252 266 274 283 291 356 367 382 383 393 408 411 417 437 448 453 460 472 
89 50 10 14 18 38 56 73 78 91 97 109 123 132 156 164 182 185 211 224 225 227 232 239 242 244 272 275 285 295 322 351 352 366 369 376 391 394 402 413 418 422 433 440 441 442 447 449 454 458 461 464 
90 42 4 22 23 29 40 41 47 59 60 61 63 66 72 86 88 111 125 137 148 156 159 170 196 208 209 210 213 227 265 273 308 325 335 362 364 389 409 414 437 440 459 460 
91 43 26 28 29 32 35 50 51 55 87 89 98 99 120 123 125 146 147 151 153 156 157 159 171 192 193 211 212 230 231 245 256 303 343 384 389 395 399 415 418 421 438 442 458 
92 46 10 13 21 24 35 55 61 70 118 142 169 176 200 203 205 210 235 248 253 259 262 265 267 270 285 286 289 290 293 301 314 327 340 349 359 361 375 388 398 399 425 435 439 455 456 457 
93 40 1 14 32 33 54 60 77 86 99 114 124 127 128 138 148 153 193 200 218 226 270 274 275 288 292 311 335 366 368 382 383 384 389 390 392 399 426 428 441 467 
94 39 17 36 55 63 64 74 132 143 146 150 163 167 171 176 184 192 203 208 218 232 247 248 268 292 320 327 333 339 343 344 347 377 389 415 427 428 435 450 473 
95 39 12 17 49 59 82 86 98 103 110 133 147 148 154 164 165 179 188 213 224 227 245 246 286 291 298 309 312 333 338 347 354 388 408 418 425 427 465 466 471 
96 48 1 3 19 20 22 50 53 60 61 62 97 99 114 122 126 158 166 167 180 187 216 218 221 227 228 241 245 264 266 267 297 312 318 324 343 348 353 391 395 406 419 421 427 436 441 444 458 461 
97 46 28 33 41 46 47 76 89 96 98 100 114 131 141 146 155 163 193 199 203 212 223 224 237 242 248 257 292 306 308 333 339 341 353 355 357 361 401 407 408 413 416 442 450 456 460 471 
98 59 2 6 22 38 47 53 91 95 97 105 113 116 117 118 121 125 129 139 140 143 156 157 159 177 183 186 191 192 200 201 205 223 234 264 270 294 296 302 311 320 322 328 329 331 348 352 375 378 379 391 402 403 436 448 453 466 471 473 475 
99 49 3 25 29 32 35 55 61 67 70 73 91 93 96 109 126 130 142 143 147 163 179 181 191 212 223 224 257 265 286 301 331 343 349 354 358 359 367 376 382 385 394 414 418 425 429 432 461 464 473 
100 46 0 1 10 32 71 74 97 105 111 113 114 146 152 172 173 175 177 184 185 193 207 227 255 258 262 271 273 305 330 340 350 357 362 374 375 376 386 395 402 405 429 435 455 456 459 466 
101 44 3 19 26 29 44 49 56 58 65 76 82 130 132 139 144 171 179 199 203 209 215 216 225 252 262 271 276 311 321 342 347 368 373 382 388 402 403 408 417 425 429 433 444 460 
102 39 8 21 32 43 63 66 67 86 112 124 133 135 136 203 211 221 226 232 244 280 281 309 312 325 336 354 374 382 383 385 387 393 403 405 414 422 431 445 472 
103 43 3 4 28 29 34 41 78 95 113 115 116 120 126 133 136 150 160 186 195 205 214 220 225 237 249 273 280 293 315 343 351 355 365 384 391 411 426 430 432 445 462 467 472 
104 51 0 14 27 31 33 37 39 54 56 66 112 134 142 147 154 181 182 194 205 208 212 229 246 263 264 272 292 306 308 310 311 319 326 329 344 355 388 391 397 408 415 416 418 421 432 433 458 459 473 474 478 
105 43 4 18 24 25 28 40 56 64 98 100 125 131 159 171 181 189 199 209 212 237 251 264 269 283 291 308 332 333 335 337 343 349 355 357 358 362 379 382 397 437 457 462 466 
106 48 5 17 22 48 53 65 71 78 110 114 122 141 142 145 146 158 168 180 186 189 190 197 206 222 226 240 242 260 268 270 271 285 302 305 321 329 330 344 351 361 421 426 438 444 458 460 471 479 
107 43 8 19 25 48 51 65 75 77 86 139 141 145 162 181 184 191 213 220 225 231 263 277 284 289 303 317 322 327 367 369 377 398 399 412 418 424 431 432 447 460 463 470 474 
108 57 1 3 6 15 18 20 25 28 33 35 51 53 55 57 73 77 127 134 163 176 178 182 195 200 216 224 227 229 237 240 276 289 304 307 317 319 322 328 343 352 356 358 359 370 371 393 409 412 424 428 430 437 442 451 470 475 478 
109 40 13 15 43 89 99 138 145 149 177 178 180 196 206 209 213 217 219 224 228 242 244 254 268 299 308 327 364 365 366 372 395 398 424 429 437 439 441 451 460 461 
110 46 22 36 45 48 71 72 73 80 95 106 135 136 137 142 147 150 153 157 168 177 181 184 190 204 224 233 256 295 311 314 346 361 367 385 392 398 417 420 422 426 435 454 456 460 469 472 
111 38 31 52 53 57 86 90 100 112 130 133 145 148 152 153 166 171 180 189 234 240 258 313 316 327 353 387 407 415 427 431 443 450 458 460 462 463 472 474 
112 42 0 8 26 27 28 46 57 63 72 73 102 104 111 132 135 138 147 168 179 201 208 223 244 250 251 258 259 264 272 311 312 326 336 340 350 411 412 413 435 444 449 457 
113 39 20 35 49 57 63 85 86 98 100 103 124 125 151 155 157 181 186 228 251 263 275 280 283 288 303 304 315 325 385 393 401 406 414 426 455 460 468 473 477 
114 45 2 23 35 44 46 65 67 69 87 93 96 97 100 106 157 165 179 180 184 188 224 231 239 247 248 268 279 281 286 294 299 305 319 324 384 390 392 397 414 429 438 449 450 451 471 
115 49 4 9 24 32 41 55 74 79 85 103 122 129 137 147 149 173 188 194 201 223 242 246 260 267 268 284 288 303 309 322 323 346 347 362 369 371 381 383 385 394 397 400 415 417 419 437 458 459 477 
116 46 1 9 25 31 49 60 75 79 88 98 103 122 127 137 150 162 181 186 188 198 211 234 239 254 269 270 274 277 296 306 307 340 346 355 371 376 389 390 401 411 414 424 428 455 462 473 
117 48 2 5 35 37 49 58 75 88 98 118 119 121 125 127 137 157 163 194 197 198 207 211 218 223 236 255 257 272 275 281 288 289 310 311 318 319 330 332 343 360 363 397 400 405 410 422 465 474 
118 53 0 4 11 15 26 27 35 49 51 52 66 69 76 92 98 117 124 141 149 170 171 174 189 190 198 220 225 227 236 242 266 285 293 297 314 315 327 333 337 344 350 367 373 395 402 404 417 427 440 468 469 473 474 
119 26 4 10 14 17 43 83 117 149 150 158 170 183 192 201 212 237 242 258 285 309 316 332 380 427 438 451 
120 52 5 34 43 44 54 55 65 67 69 72 82 88 91 103 128 132 136 142 146 162 164 173 188 197 209 212 213 218 219 248 265 267 271 298 300 304 315 321 334 354 370 396 407 409 419 423 428 435 439 453 455 473 
121 52 3 19 29 32 36 48 50 52 59 65 68 86 98 117 138 141 149 160 171 176 179 192 193 195 203 218 225 232 241 245 269 271 293 295 297 303 309 310 317 348 359 381 382 384 388 401 405 411 420 429 463 475 
122 48 2 5 11 26 43 50 55 71 96 106 115 116 130 134 135 177 188 195 197 220 221 249 266 270 273 279 282 283 284 290 295 309 313 317 323 329 339 361 375 384 400 401 423 433 436 438 456 478 
123 58 13 15 38 69 75 89 91 126 131 133 147 153 155 158 171 180 184 197 204 206 207 215 219 234 239 262 265 270 274 281 301 303 308 315 325 328 334 338 347 367 371 388 409 415 416 418 421 427 430 439 444 445 448 449 457 460 471 475 
124 66 5 9 10 19 25 34 35 64 70 93 102 113 118 149 155 156 157 163 173 188 193 200 204 209 213 214 216 221 224 225 236 238 244 285 289 290 299 302 316 318 320 338 339 343 350 351 354 362 371 381 384 392 393 410 411 428 430 435 436 441 442 451 453 455 460 474 
125 56 3 27 28 39 41 44 45 48 49 55 60 74 77 79 85 90 91 98 105 113 117 130 155 157 158 166 177 183 188 198 209 211 218 237 247 261 267 270 275 276 295 302 307 329 349 376 382 386 392 396 416 420 421 462 466 470 
126 49 17 40 43 51 55 56 59 65 73 96 99 103 123 127 133 147 160 165 166 171 172 191 192 197 236 246 250 271 287 307 311 316 318 323 360 370 377 384 387 395 406 407 418 430 466 467 470 471 478 
127 48 4 30 42 43 51 57 58 59 61 62 93 108 116 117 126 142 147 153 164 198 230 245 247 255 256 264 281 284 294 300 304 315 327 332 338 342 349 366 373 392 398 430 437 444 452 460 461 479 
128 44 4 8 10 15 35 41 45 56 61 68 73 74 93 120 132 148 152 169 177 190 192 199 209 214 256 261 280 284 307 327 329 335 339 343 365 388 405 420 430 434 438 441 445 465 
129 50 10 11 28 31 32 38 61 62 67 78 84 86 98 115 131 170 183 205 206 212 218 221 228 231 233 237 250 251 273 291 293 300 314 328 331 335 355 362 394 402 403 408 409 419 426 431 434 445 454 459 
130 45 13 32 50 64 76 79 81 99 101 111 122 125 133 136 166 169 178 204 210 219 222 233 256 258 282 289 314 317 318 319 325 333 343 360 368 372 374 406 412 415 430 431 440 441 474 
131 41 0 10 12 14 36 37 46 47 50 65 81 82 84 97 105 123 129 166 176 185 198 202 209 215 224 234 247 256 264 298 324 360 366 375 381 386 399 427 440 445 464 
132 62 1 5 7 13 14 19 25 36 37 46 47 53 55 68 81 84 89 94 101 112 120 128 139 142 149 158 159 178 203 224 241 244 250 252 263 265 266 278 281 283 295 300 309 312 313 317 318 351 357 358 362 368 373 380 396 402 427 431 437 447 449 477 
133 57 23 24 27 35 38 58 61 67 71 72 74 95 102 103 111 123 126 130 141 146 155 157 164 184 199 214 218 219 221 245 248 263 277 301 304 305 308 322 334 342 346 358 359 365 377 381 382 392 406 411 424 445 448 454 458 469 478 
134 53 3 11 20 24 36 38 57 62 74 75 87 104 108 122 136 138 155 158 166 178 186 189 210 216 224 229 242 283 289 299 314 321 322 323 325 329 335 338 351 385 389 394 400 404 413 416 417 420 423 452 463 466 467 
135 56 10 24 47 50 58 72 77 78 102 110 112 122 141 153 156 181 183 184 192 193 202 215 222 231 235 240 243 246 251 256 264 280 287 297 299 314 322 349 351 366 367 368 372 378 385 415 421 426 434 435 436 439 441 452 453 476 
136 45 2 3 14 18 21 23 36 44 55 60 80 83 102 103 110 120 130 134 138 141 142 146 170 199 210 211 231 238 249 260 271 310 324 333 361 378 380 388 409 412 426 444 456 457 472 
137 49 11 18 66 68 71 78 85 90 110 115 116 117 138 140 143 159 161 172 173 177 190 191 196 197 205 208 209 220 222 233 236 238 248 251 253 268 279 288 294 321 328 346 354 367 380 395 422 454 455 
138 52 12 51 52 54 56 60 70 77 82 83 93 109 112 121 134 136 137 142 143 147 166 185 189 195 203 214 220 221 222 227 232 241 257 262 264 269 284 285 288 303 327 353 376 388 389 404 439 443 444 460 462 477 
139 49 0 2 4 8 19 21 24 42 55 69 71 74 98 101 107 132 147 154 156 165 195 213 237 248 251 256 271 275 279 287 289 328 350 353 371 374 396 400 406 415 427 430 431 439 441 452 455 458 462 
140 46 10 12 14 30 34 47 75 78 81 84 88 98 137 149 162 170 173 181 187 189 200 210 211 213 232 245 247 254 255 259 266 277 280 289 298 300 309 319 336 342 344 348 360 365 401 478 
141 57 8 13 36 55 72 83 97 106 107 118 121 133 135 136 152 161 164 165 178 181 198 209 212 215 217 231 247 282 285 295 296 303 311 322 328 331 334 336 343 353 362 366 371 372 374 375 383 391 412 433 437 454 457 472 477 478 479 
142 52 13 32 35 36 54 78 92 99 104 106 110 120 127 132 136 138 150 179 193 201 214 219 229 235 241 242 256 287 292 294 296 308 316 333 337 359 367 375 377 389 405 408 410 412 416 427 434 439 441 453 454 479 
143 44 16 21 75 76 94 98 99 137 138 150 157 160 173 174 179 180 186 214 219 228 245 253 267 282 287 294 297 311 319 329 336 354 357 363 390 407 416 418 446 462 463 465 471 476 
144 51 0 3 8 9 20 21 25 40 52 75 101 150 162 170 171 173 186 201 202 207 242 249 252 263 267 268 271 282 286 320 338 355 372 383 390 397 400 402 405 412 416 434 435 437 438 439 446 456 457 458 477 
145 44 4 9 12 24 27 70 74 76 84 106 107 109 111 154 162 174 175 182 184 185 221 223 225 229 232 240 248 254 256 271 292 307 317 349 358 366 374 384 385 398 419 423 430 474 
146 51 19 25 50 58 63 91 94 97 100 106 120 133 136 151 170 174 188 200 203 208 216 220 235 236 242 245 254 256 263 270 271 274 277 280 284 293 294 299 303 319 320 388 411 416 419 427 431 450 453 466 477 
147 54 2 12 35 61 72 77 81 85 91 95 99 104 110 112 115 123 126 127 138 139 150 155 163 164 178 183 186 188 202 227 236 238 240 246 261 274 279 289 291 298 305 322 335 368 386 392 408 419 436 440 453 463 465 477 
148 41 1 20 32 62 67 90 93 95 111 128 156 163 171 202 217 223 254 277 278 279 318 321 331 357 358 366 377 383 386 387 389 394 399 408 410 415 426 430 449 468 477 
149 49 6 8 9 10 40 44 47 51 52 69 70 71 84 85 109 115 118 119 121 124 132 140 179 200 204 207 225 229 249 257 260 266 267 292 293 299 312 326 336 368 372 380 390 393 401 426 430 443 477 
150 48 50 59 72 84 94 103 110 116 119 142 143 144 147 156 158 175 185 200 205 207 212 248 257 263 266 282 294 299 315 316 328 332 339 358 375 391 393 404 413 418 424 430 434 441 444 470 477 478 
151 43 30 56 59 62 64 91 113 146 164 165 171 173 175 188 198 205 216 225 248 270 272 273 284 292 296 318 323 345 360 372 383 388 390 398 402 418 433 447 452 455 460 473 477 
152 49 12 14 52 53 62 76 88 100 111 128 141 153 155 156 163 169 174 189 199 215 220 222 244 249 284 296 301 312 328 335 338 341 344 346 359 372 380 385 389 408 418 421 441 445 447 451 455 456 462 
153 46 46 49 73 76 80 88 91 93 110 111 123 127 135 152 157 160 165 171 178 192 193 194 216 230 233 251 286 302 306 311 313 330 355 363 376 378 382 383 396 437 445 449 455 458 459 475 
154 54 1 10 12 16 23 28 30 43 55 59 71 75 95 104 139 145 178 197 199 202 204 206 224 236 251 252 255 259 261 265 291 309 310 321 331 336 338 341 346 351 384 389 393 395 399 401 404 411 421 444 445 466 468 479 
155 44 8 21 46 69 77 81 84 87 97 113 123 124 125 133 134 147 152 159 189 194 204 217 239 240 257 262 265 280 285 288 294 297 334 338 343 349 360 366 392 393 395 412 446 463 
156 43 2 9 13 19 26 42 49 50 72 89 90 91 98 124 135 139 148 150 152 162 164 184 231 233 234 240 241 260 269 303 321 327 337 392 397 405 411 420 430 434 435 436 471 
157 50 16 19 59 91 98 110 113 114 117 124 125 133 143 153 173 176 181 183 190 201 217 218 243 247 251 259 261 280 302 306 308 309 320 326 335 340 357 358 376 381 391 403 411 414 416 439 444 460 469 473 
158 41 0 32 62 65 66 96 106 119 123 125 132 134 150 170 184 186 190 209 223 225 236 242 279 284 289 310 324 350 358 387 389 402 414 437 440 441 453 458 463 467 478 
159 48 5 11 18 25 28 36 40 42 43 49 76 90 91 98 105 132 137 155 206 221 225 227 250 276 277 291 294 295 297 303 311 316 325 336 353 361 374 377 383 387 391 401 405 408 413 444 454 465 
160 51 9 19 30 33 64 65 68 71 77 83 86 88 103 121 126 143 153 161 165 167 177 180 186 187 188 191 195 202 205 208 210 212 225 227 236 238 270 275 305 309 315 341 350 364 365 371 384 411 414 426 475 
161 52 28 40 75 83 137 141 160 164 169 176 184 204 239 243 246 252 253 265 285 307 309 314 324 325 327 343 344 355 356 359 368 374 375 378 381 382 384 396 399 413 414 430 434 436 439 441 444 455 458 467 472 473 
162 47 7 21 40 46 63 64 66 76 78 80 107 116 120 140 144 145 156 170 174 194 206 214 233 238 255 272 286 292 293 294 319 331 340 351 362 365 366 391 393 410 414 415 437 442 451 452 456 
163 51 3 17 20 45 52 59 61 66 85 94 97 99 108 117 124 147 148 152 170 191 196 199 234 242 243 273 297 307 319 323 333 356 372 377 378 392 396 409 420 426 434 439 449 453 461 464 469 475 476 477 479 
164 57 16 23 38 43 46 50 52 59 60 69 75 82 89 95 120 127 133 141 147 151 156 161 173 180 185 189 224 229 240 252 261 273 276 288 312 313 329 330 339 345 347 351 363 367 370 380 387 390 403 411 426 429 440 445 447 473 475 
165 52 17 43 47 52 59 67 78 85 86 95 114 126 139 141 151 153 160 166 168 195 196 199 203 211 213 216 249 252 267 292 307 309 314 321 331 339 343 350 352 360 381 393 395 403 406 409 412 413 415 430 472 475 
166 57 5 20 36 48 51 57 74 82 96 111 125 126 130 131 134 138 165 173 175 183 187 196 214 222 226 230 236 240 255 265 270 279 283 287 296 329 339 343 353 354 396 407 415 419 420 422 428 429 431 433 435 440 453 459 475 477 479 
167 32 0 12 33 38 84 87 94 96 160 175 178 179 188 202 228 231 249 258 264 267 280 287 331 332 354 366 394 397 434 440 447 469 
168 42 2 6 25 28 56 62 64 69 70 72 81 106 110 112 165 174 189 191 202 213 236 255 260 293 306 314 337 339 340 355 377 390 395 413 433 435 438 449 456 464 470 476 
169 48 10 36 41 45 47 58 64 69 78 92 128 130 152 161 175 178 181 184 198 210 211 212 215 263 269 273 285 298 320 327 333 338 355 367 370 380 389 391 425 428 429 439 440 453 455 456 465 474 
170 49 16 24 29 36 52 72 74 84 86 88 90 118 119 129 136 140 144 146 158 162 163 177 179 189 198 207 213 216 222 227 232 238 272 273 282 310 318 322 325 337 339 356 368 386 400 429 442 460 465 
171 59 1 4 6 22 31 33 38 44 54 57 74 79 91 94 101 105 111 118 121 123 126 144 148 151 153 173 174 207 233 244 246 247 257 261 275 282 283 289 294 314 319 337 339 341 342 352 373 381 385 392 394 403 423 427 428 450 454 457 458 
172 52 2 8 14 21 36 58 60 67 72 73 82 87 100 126 137 180 213 215 222 232 236 241 257 280 286 292 300 331 339 345 347 350 359 363 367 375 378 381 393 394 403 408 414 426 429 431 436 452 462 468 473 476 
173 50 4 16 36 42 47 51 73 83 100 115 120 124 137 140 143 144 151 157 164 166 171 174 177 188 190 199 212 220 263 289 300 321 326 329 334 351 357 370 386 388 398 399 415 418 426 433 434 451 465 475 
174 45 40 46 118 143 145 146 152 162 168 171 173 181 184 196 204 240 241 247 266 270 279 298 316 330 336 346 361 362 371 388 408 416 420 436 442 443 444 447 454 462 463 464 467 472 475 
175 51 5 14 15 21 23 51 53 55 76 81 85 100 145 150 151 166 167 169 178 184 185 189 198 212 214 226 247 252 274 281 292 294 300 303 314 317 328 357 363 365 373 376 378 379 393 398 453 456 458 466 473 
176 45 3 15 22 26 44 48 50 55 68 92 94 108 121 131 157 161 178 181 182 184 192 230 235 250 275 300 311 333 340 342 349 387 389 392 399 408 411 417 421 434 454 459 467 470 472 
177 48 14 22 36 49 53 60 67 70 76 83 98 100 109 110 122 125 128 137 160 170 173 185 186 198 201 214 220 221 234 261 264 281 308 313 341 354 356 386 399 417 427 430 441 446 448 464 474 477 
178 53 19 27 33 34 37 67 108 109 130 132 134 141 147 153 154 167 169 175 176 180 181 188 196 212 213 238 242 243 246 247 259 270 283 293 304 308 336 337 342 353 354 382 383 385 391 399 422 432 434 438 449 467 474 
179 54 2 21 69 73 76 80 95 99 101 112 114 121 142 143 149 167 170 181 194 206 209 237 241 247 256 257 261 262 265 270 287 295 297 304 307 308 316 320 329 333 338 347 357 363 383 386 393 407 410 414 445 452 456 458 
180 61 0 2 3 11 16 21 22 30 35 40 43 66 82 87 88 96 106 109 111 114 123 143 160 164 172 178 181 184 188 191 198 205 214 225 231 233 245 251 257 261 264 266 270 273 276 285 286 300 312 330 344 350 370 374 375 376 393 423 448 457 462 
181 62 32 33 35 43 46 52 66 83 99 104 105 107 110 113 116 135 140 141 157 169 174 176 178 179 180 186 199 201 210 214 217 218 228 236 238 241 245 253 259 260 281 284 287 309 312 321 323 327 339 343 354 362 381 387 389 390 416 427 430 457 471 473 
182 48 5 12 27 28 52 54 59 79 83 89 104 108 145 176 184 195 212 215 233 235 238 239 254 255 256 286 297 307 312 319 336 344 356 359 361 386 391 404 406 408 427 431 444 446 451 467 468 469 
183 43 15 23 32 43 54 61 62 64 82 98 119 125 129 135 147 157 166 191 202 203 211 213 228 246 254 264 279 292 311 317 326 333 334 343 362 365 391 394 395 399 424 435 439 
184 64 0 12 13 23 32 46 51 58 68 69 71 74 78 94 100 107 110 114 123 133 135 145 156 158 161 169 174 175 176 180 182 186 190 194 203 208 212 216 242 247 255 257 267 311 319 330 349 360 374 379 385 406 407 410 423 426 435 442 450 456 463 470 473 476 
185 47 4 8 23 37 47 52 59 82 89 100 131 138 145 150 164 175 177 195 199 208 221 223 226 232 261 266 267 288 301 303 317 322 351 373 384 398 412 414 428 433 450 454 460 463 464 467 475 
186 54 16 17 27 28 31 47 48 56 68 75 88 98 103 106 113 116 134 143 144 147 158 160 177 181 184 193 195 215 219 225 244 246 258 262 263 282 310 324 342 344 350 365 374 378 384 387 389 400 405 420 440 449 456 457 
187 38 13 42 46 58 62 65 96 140 160 166 203 217 244 250 270 283 285 288 313 320 330 343 357 359 363 376 379 406 418 425 427 431 455 458 463 464 467 472 
188 61 0 4 8 15 22 28 29 30 46 62 73 85 95 114 115 116 120 122 124 125 146 147 151 160 167 173 178 180 206 214 219 222 236 239 251 284 285 293 300 309 341 347 371 373 380 387 390 393 397 405 417 420 423 427 444 452 457 460 463 469 477 
189 48 6 20 22 49 57 60 67 78 105 106 111 118 134 138 140 152 155 164 168 170 175 190 191 211 213 241 254 260 262 263 284 285 321 327 331 334 336 379 393 414 416 421 422 424 426 433 456 477 
190 47 5 8 15 27 48 66 79 84 106 110 118 128 137 157 158 173 184 189 209 216 245 251 252 256 269 273 292 332 334 358 359 378 389 395 403 407 426 428 430 446 449 458 460 461 463 475 478 
191 44 0 2 15 39 44 70 81 86 98 99 107 126 137 160 163 168 180 183 189 210 212 229 235 252 254 259 260 261 286 308 315 330 335 342 349 351 358 378 387 391 403 426 436 469 
192 52 4 8 24 40 43 52 63 73 76 77 84 91 94 98 119 121 126 128 135 153 176 194 195 196 201 203 210 215 218 246 255 261 268 278 297 303 306 309 316 322 324 357 372 374 383 396 405 434 441 449 457 466 
193 54 7 19 32 44 47 55 58 91 93 97 100 121 124 135 142 153 186 205 224 231 247 259 262 265 269 275 277 292 293 301 304 313 319 323 328 339 363 376 379 380 386 390 393 398 402 408 411 413 417 428 431 432 438 463 
194 48 21 30 31 38 41 48 72 84 104 115 117 153 155 162 179 184 192 197 204 219 223 225 228 244 249 261 274 301 303 315 316 332 336 349 367 370 384 387 395 397 398 399 401 406 430 439 452 475 
195 45 12 17 18 21 31 43 49 69 70 76 79 103 108 121 122 138 139 160 165 182 185 186 192 215 227 232 251 258 288 289 297 298 306 325 328 359 361 386 395 401 403 408 409 430 440 
196 47 4 7 16 25 44 47 48 63 67 71 75 76 90 109 137 163 165 166 174 178 192 197 201 211 215 251 256 264 271 272 276 295 301 311 316 333 338 343 374 392 402 411 440 448 465 470 477 
197 56 0 5 12 15 17 47 48 58 63 67 87 106 117 120 122 123 126 137 154 194 196 234 243 244 252 276 277 286 288 295 316 322 328 329 330 342 343 352 358 368 375 382 385 392 400 401 414 424 438 447 461 463 467 469 475 478 
198 50 21 25 30 58 65 78 116 117 118 125 127 131 141 151 169 170 175 177 180 222 225 233 236 238 240 245 249 267 270 283 302 320 337 340 343 366 372 377 387 401 402 404 425 427 438 442 444 463 467 477 
199 44 18 25 26 32 38 97 101 105 128 133 136 152 154 163 165 173 181 185 230 232 235 241 244 246 247 281 287 300 303 328 346 349 350 375 389 390 395 419 433 447 449 450 458 477 
200 40 16 29 31 32 46 53 56 68 82 92 93 98 108 124 140 146 149 150 206 212 214 225 230 232 249 250 278 303 313 325 370 377 386 389 398 409 411 416 458 467 
201 65 6 12 21 26 27 47 56 57 59 80 98 112 115 119 142 144 157 177 181 192 196 207 208 209 212 214 220 224 229 238 254 258 273 296 298 304 308 311 312 317 323 328 339 347 349 353 357 358 364 367 370 377 389 391 393 399 410 429 437 445 449 450 467 470 475 
202 35 0 6 39 45 48 53 61 86 131 135 144 147 148 154 160 167 168 183 209 245 255 279 297 329 349 355 359 361 366 370 372 412 437 444 457 
203 50 4 14 23 28 42 86 92 94 97 101 102 121 132 138 146 165 183 184 187 192 204 207 210 222 227 230 232 239 240 243 250 302 320 342 346 355 361 366 375 387 391 392 395 401 426 436 448 454 462 467 
204 47 13 18 25 29 37 49 55 65 71 73 79 110 123 124 130 149 154 155 161 174 194 203 213 237 241 250 253 272 274 286 287 291 306 316 346 349 353 363 403 411 423 432 433 454 456 467 479 
205 44 6 25 34 43 71 82 87 92 98 103 104 129 137 150 151 160 180 193 206 208 211 233 290 310 318 323 328 340 345 350 360 374 383 384 386 390 392 406 408 428 453 468 472 479 
206 46 1 14 15 32 34 44 55 69 87 106 109 123 129 154 159 162 179 188 200 205 210 218 241 248 249 250 254 274 312 323 361 362 380 395 396 399 400 412 422 425 433 436 447 461 470 477 
207 55 5 7 9 38 40 41 52 53 55 68 78 80 100 117 123 144 149 150 170 171 201 203 229 230 245 254 257 260 266 268 280 284 295 308 314 315 322 325 333 350 358 362 381 393 410 422 424 425 428 430 432 435 437 446 449 
208 38 22 30 38 46 54 76 80 90 94 104 112 137 146 160 184 185 201 205 218 233 239 240 277 297 299 317 349 350 354 360 363 370 384 425 445 447 460 467 
209 48 15 22 49 62 69 90 101 105 109 120 124 125 128 131 137 141 158 179 190 201 202 215 217 244 250 260 264 277 285 303 315 327 329 343 349 359 361 362 371 372 373 408 411 413 416 418 437 445 
210 50 15 22 37 38 41 44 58 59 76 90 92 130 134 136 140 160 169 181 191 192 203 206 213 214 217 232 237 275 280 285 287 289 296 307 313 329 335 351 355 358 373 391 401 407 416 425 439 451 462 478 
211 52 5 7 13 27 33 41 42 57 68 88 89 91 102 116 117 125 136 140 165 169 183 189 196 205 216 218 228 263 266 268 272 280 286 290 292 296 335 344 347 356 360 361 382 400 408 410 413 416 432 451 469 478 
212 66 20 44 62 65 70 91 97 99 104 105 119 120 129 141 150 160 169 173 175 178 182 184 191 200 201 222 243 267 273 285 286 295 297 298 302 305 306 324 332 338 343 344 345 347 361 368 379 395 402 405 406 407 410 418 420 429 434 436 445 451 452 464 465 466 467 472 
213 59 0 7 18 21 42 52 84 90 95 107 109 120 124 139 140 165 168 170 172 178 183 189 204 210 214 221 229 238 255 271 277 278 282 289 292 295 303 318 328 330 348 356 359 362 395 396 401 405 407 414 419 430 435 437 438 445 448 454 469 
214 59 8 16 29 40 47 56 57 70 72 87 103 124 128 133 138 142 143 162 166 175 177 180 181 188 200 201 210 213 218 219 240 241 250 252 261 271 273 274 275 279 292 295 299 314 319 325 326 335 383 385 400 407 410 427 437 446 461 471 479 
215 51 17 43 57 64 69 73 74 81 84 101 123 131 135 141 152 169 172 182 186 192 195 196 209 238 250 254 264 281 318 325 340 354 359 361 363 369 393 401 410 411 418 431 434 438 439 444 466 471 472 476 478 
216 36 3 5 29 34 39 84 96 101 108 124 134 146 151 153 165 170 184 190 211 232 237 242 246 263 317 326 333 368 373 381 389 390 408 422 442 449 
217 39 4 8 31 40 50 76 80 81 109 141 148 155 157 181 187 209 210 220 260 263 289 299 301 302 313 375 376 385 389 398 410 438 441 449 456 471 476 477 479 
218 53 11 19 23 35 45 63 74 93 94 96 117 120 121 125 129 133 157 181 192 206 208 211 214 231 239 254 258 264 276 288 292 297 303 304 307 308 332 337 352 357 371 385 388 410 423 428 437 442 449 453 455 460 477 
219 42 4 9 14 15 18 31 109 120 123 130 133 142 143 186 188 194 214 226 229 233 238 267 292 293 297 299 300 314 318 326 337 341 342 372 378 385 409 410 411 442 470 473 
220 50 9 12 14 15 17 24 31 45 47 64 103 107 118 122 137 138 146 152 173 177 201 217 224 225 231 232 241 248 265 286 289 290 292 293 319 327 352 353 359 362 366 367 399 408 430 438 440 446 460 466 
221 52 1 10 18 25 36 53 54 58 62 70 78 80 84 96 102 122 124 129 133 138 145 159 177 185 213 222 235 238 261 267 271 277 296 303 305 331 332 339 351 353 372 377 387 405 416 431 433 441 448 450 461 475 
222 51 9 13 15 52 54 62 82 106 130 135 137 138 152 166 170 172 188 198 203 212 221 223 227 233 237 243 250 256 304 310 311 339 340 356 361 363 365 383 384 385 386 392 402 403 411 413 426 428 430 474 478 
223 49 7 8 14 15 21 40 45 60 65 67 68 81 97 98 99 112 115 117 145 148 158 185 194 222 226 235 240 241 251 252 277 279 284 288 290 304 313 315 326 334 355 367 371 378 392 393 406 449 476 
224 49 24 34 37 38 48 65 67 72 76 89 95 97 99 108 109 110 114 124 131 132 134 154 164 193 201 220 229 234 238 261 264 270 271 273 302 313 320 325 334 338 352 364 365 378 401 413 416 449 455 
225 49 10 18 25 47 53 57 70 74 89 101 103 107 118 121 124 145 149 151 158 159 160 180 186 194 198 200 220 227 235 247 259 287 293 300 318 348 357 366 375 389 407 409 423 425 427 447 448 458 469 
226 35 2 7 17 27 44 67 81 93 102 106 166 175 185 219 223 229 255 256 257 262 282 292 300 313 319 325 340 371 397 404 418 419 436 459 461 
227 46 2 17 24 31 67 77 89 90 95 96 100 108 118 138 147 159 160 170 195 203 222 225 232 234 252 268 273 274 287 288 314 315 329 340 356 360 371 378 379 401 428 430 442 447 448 477 
228 31 34 50 62 71 73 96 109 113 129 143 167 181 183 194 211 229 246 249 254 270 316 323 346 368 375 409 432 438 465 467 471 
229 36 1 24 29 37 39 68 78 82 104 108 134 142 145 149 164 191 201 207 213 219 224 226 228 230 247 249 271 286 296 326 362 364 389 399 403 473 
230 28 8 18 21 38 46 57 91 127 153 166 176 199 200 203 207 229 233 245 266 267 283 285 289 303 363 371 386 434 
231 38 12 19 25 28 40 68 78 82 83 91 107 114 129 135 136 141 156 167 180 193 218 220 237 276 307 308 346 362 382 384 390 396 407 409 422 433 450 456 
232 40 22 30 45 89 94 102 121 138 140 145 170 172 185 195 199 200 203 210 216 220 227 241 247 248 250 260 262 270 271 284 290 316 318 324 353 372 387 412 416 422 
233 53 12 14 20 21 35 42 56 61 65 88 110 129 130 137 153 156 162 171 180 182 198 205 208 219 222 230 248 258 267 283 290 295 298 318 332 334 338 349 351 353 355 358 360 363 403 415 421 437 441 457 467 473 476 
234 37 3 23 64 65 69 78 85 98 111 116 123 131 156 163 177 197 224 227 269 292 301 309 321 336 348 349 380 385 386 391 395 417 438 457 465 466 469 
235 47 9 19 31 57 58 62 63 67 81 85 92 135 142 146 176 182 191 199 221 223 225 243 259 270 287 289 290 294 297 317 331 346 353 365 367 373 378 389 396 404 422 438 449 450 463 469 476 
236 54 3 6 31 34 36 40 41 42 43 68 71 85 117 118 124 126 137 146 147 154 158 160 166 168 172 181 188 198 238 239 265 266 270 281 290 295 298 301 320 337 344 347 349 357 370 394 424 436 445 449 452 453 459 464 
237 45 14 15 22 45 66 82 87 97 103 105 108 119 125 129 139 179 204 210 216 222 231 247 260 263 268 279 283 309 321 322 325 338 346 351 365 372 379 386 392 393 403 404 419 433 468 
238 56 0 7 8 22 42 43 49 70 72 73 87 124 136 137 147 160 162 170 178 181 182 198 201 213 215 219 221 224 236 246 249 258 266 277 299 305 306 317 332 333 336 344 352 363 379 393 402 412 413 421 425 428 432 434 455 463 
239 42 27 39 47 48 55 58 67 79 89 114 116 123 155 161 182 188 203 208 218 236 278 281 289 297 299 300 302 310 318 326 333 335 339 342 346 349 369 383 401 406 446 476 
240 49 13 21 32 35 51 70 81 87 106 108 111 135 145 147 155 156 164 166 174 198 203 208 214 223 248 249 251 270 279 286 288 317 318 326 330 361 362 366 377 379 392 397 424 430 439 443 448 453 475 
241 50 26 27 64 79 82 96 121 132 138 142 156 172 174 179 181 189 199 204 206 214 220 223 232 261 264 267 297 307 308 309 311 312 324 327 330 333 347 357 362 366 369 374 382 442 446 450 454 470 472 477 
242 45 1 18 20 23 24 34 75 76 88 89 97 106 109 115 118 119 134 142 144 146 158 163 178 184 216 259 260 284 317 319 334 353 356 374 379 381 393 413 417 442 450 463 475 476 477 
243 42 1 2 15 43 48 56 57 70 85 135 157 161 163 178 197 203 212 222 235 248 252 265 271 272 300 303 317 322 342 356 358 364 366 380 390 415 417 429 430 454 455 478 
244 47 9 10 26 30 47 48 52 58 68 73 74 89 102 109 112 124 132 152 171 186 187 194 197 199 209 255 260 278 289 290 309 331 335 340 346 347 355 358 383 386 404 437 441 465 466 468 477 
245 51 2 21 26 45 52 80 83 91 95 96 121 127 133 140 143 146 180 181 190 198 202 207 230 252 276 298 303 305 310 312 314 317 327 342 345 347 351 356 372 376 386 395 408 409 428 440 455 458 463 465 467 
246 50 0 9 15 21 39 43 44 56 66 80 95 104 115 126 135 147 161 171 178 183 186 192 199 216 228 238 249 280 282 291 300 306 309 327 337 340 352 368 370 373 376 396 399 401 404 407 416 444 447 453 
247 52 48 62 64 69 72 87 94 114 125 127 131 140 141 157 171 174 175 178 179 184 193 199 225 229 232 237 256 269 275 283 290 292 301 302 336 344 350 379 390 391 400 407 411 423 430 436 437 442 450 452 457 462 
248 67 9 12 13 15 32 41 42 43 44 58 65 70 71 80 86 92 94 97 114 120 133 137 139 145 150 151 206 220 232 233 240 243 265 267 272 275 285 326 330 336 337 343 349 365 367 372 374 382 398 404 409 422 427 432 434 439 444 449 450 453 454 456 467 469 470 477 479 
249 59 6 12 22 26 27 31 39 48 66 67 79 103 122 136 144 149 152 165 167 194 198 200 206 228 229 238 240 246 250 253 257 294 296 300 305 326 341 357 362 363 369 371 375 376 390 395 396 397 400 408 418 433 455 465 467 468 471 473 477 
250 54 1 8 29 31 38 42 47 63 79 84 112 126 129 132 159 176 187 200 203 204 206 209 214 215 222 232 249 265 266 283 287 294 302 309 311 330 333 383 392 393 404 408 418 419 422 436 444 449 451 463 469 470 473 474 
251 54 7 12 14 18 24 38 39 53 54 73 76 79 105 112 113 129 135 137 139 153 154 157 180 188 190 195 196 223 240 252 256 263 266 267 271 296 323 339 341 345 346 399 409 411 414 417 435 447 448 450 456 457 464 470 
252 46 4 29 39 44 46 65 78 79 81 88 101 132 144 154 161 164 165 175 190 191 197 214 223 227 243 245 251 265 268 269 270 283 297 305 306 308 312 320 342 354 359 362 386 396 409 410 
253 44 14 19 27 30 35 50 59 60 65 67 70 92 137 143 161 181 204 249 258 259 262 263 266 288 334 339 352 355 360 361 383 400 418 420 425 441 444 446 449 453 456 460 467 469 
254 55 2 3 5 8 10 14 28 30 44 62 86 109 116 140 145 146 148 182 183 189 191 201 206 207 215 218 228 268 274 278 279 282 293 294 295 312 324 338 357 360 369 381 395 396 405 411 414 416 428 430 442 457 468 476 479 
255 42 10 25 42 60 65 77 82 100 117 127 140 154 162 166 168 182 184 192 202 213 226 244 274 277 293 296 304 314 320 323 333 366 368 377 412 425 426 436 450 459 463 470 
256 53 23 28 29 37 54 56 62 63 71 81 91 110 127 128 130 131 135 139 142 145 146 179 182 190 196 222 226 247 251 261 281 286 293 302 308 310 325 337 343 360 374 378 408 409 410 413 432 433 439 446 447 452 458 
257 48 5 10 11 12 17 26 43 46 61 62 63 73 75 79 97 99 117 138 149 150 155 171 172 179 180 184 207 226 249 263 280 287 295 342 358 371 384 391 397 433 447 449 451 452 461 462 463 476 
258 42 0 16 17 18 47 51 52 56 57 72 77 100 111 112 119 130 167 186 195 201 218 233 238 253 259 295 305 314 361 362 366 392 399 404 408 410 412 431 440 447 457 474 
259 41 14 15 17 24 31 38 47 59 73 81 92 112 140 154 157 178 181 191 193 225 235 242 253 258 272 282 299 306 320 324 347 363 377 408 411 413 435 440 443 457 473 
260 43 24 26 28 63 65 74 106 115 136 149 156 168 181 189 191 207 209 217 232 237 242 244 265 286 289 296 305 306 308 313 321 323 349 352 365 374 385 392 398 431 439 443 461 
261 55 11 41 53 57 69 75 125 128 147 154 157 164 171 177 179 180 185 191 192 194 214 221 224 241 256 265 268 270 271 274 299 302 304 309 310 313 315 316 324 327 362 365 382 386 391 397 403 409 410 413 422 430 454 471 472 
262 50 3 6 8 27 36 42 48 69 92 100 101 123 138 155 179 186 189 193 226 232 253 263 279 283 291 301 306 308 309 323 335 354 377 381 386 391 396 400 402 406 412 425 436 441 464 467 470 473 474 476 
263 58 11 20 26 27 30 34 37 39 44 62 75 76 84 85 104 107 113 132 133 144 146 150 169 173 186 189 211 216 217 237 251 253 257 262 271 273 278 295 296 300 317 326 331 333 334 336 342 361 374 390 398 406 414 439 452 456 461 465 
264 41 1 13 15 40 45 60 69 73 80 96 98 104 105 112 127 131 135 138 167 177 180 183 196 209 215 218 224 241 275 282 289 313 318 328 337 346 354 388 389 444 452 
265 46 11 13 18 34 54 60 90 92 99 120 123 132 154 155 161 166 179 193 220 236 243 248 250 252 260 261 280 283 289 310 315 320 322 333 366 389 390 391 405 410 411 425 444 451 469 474 
266 57 2 8 9 23 24 42 56 66 73 77 83 85 88 96 118 122 132 140 149 150 174 180 185 207 211 230 236 238 250 251 253 275 279 282 289 294 298 302 308 310 313 343 354 380 389 393 395 404 405 415 418 448 453 457 458 465 475 
267 45 8 53 56 59 75 87 92 96 115 120 125 143 144 149 165 167 184 185 198 212 219 221 230 233 241 248 251 270 279 300 314 331 341 350 361 372 375 398 418 425 433 437 460 468 477 
268 33 4 9 10 15 32 47 62 77 86 94 106 109 114 115 137 144 192 207 211 227 237 252 254 261 310 326 366 375 398 421 439 458 478 
269 44 8 13 21 58 61 65 72 105 116 121 138 156 169 190 193 234 247 252 277 301 305 311 312 314 317 331 334 336 361 364 372 376 389 391 392 400 424 426 428 429 431 432 444 475 
270 58 2 3 6 20 32 35 39 50 64 72 92 93 98 106 116 122 123 125 146 151 160 166 174 178 179 180 187 198 224 228 232 235 236 240 252 261 267 271 276 278 293 307 324 333 334 338 342 362 363 366 388 400 404 407 418 424 435 473 
271 57 2 11 20 26 32 34 38 40 51 56 60 62 64 100 101 106 120 121 126 136 139 144 145 146 196 213 214 221 224 229 232 243 251 261 263 270 283 301 309 329 352 353 370 379 389 396 428 434 447 461 462 465 469 474 476 477 478 
272 43 5 10 11 16 17 22 44 46 78 80 85 89 104 112 117 151 162 170 196 204 211 243 248 259 278 279 294 301 319 347 360 366 367 368 370 371 372 408 417 425 441 468 473 
273 41 0 9 35 42 52 73 75 78 90 100 103 122 129 151 163 164 169 170 180 190 201 212 214 224 227 263 287 295 297 298 311 326 327 331 332 363 369 402 452 461 476 
274 37 5 25 36 52 62 66 82 88 93 116 123 146 147 175 194 204 206 214 227 254 255 261 289 303 311 318 332 346 373 382 413 423 427 442 457 460 465 
275 41 11 25 33 38 41 71 89 93 113 117 125 139 160 171 176 193 210 214 247 248 264 266 278 280 289 292 297 298 314 343 349 355 357 358 372 380 391 397 401 417 457 
276 44 22 23 31 33 54 101 108 125 159 164 180 196 197 218 231 245 270 279 281 288 293 301 302 307 309 310 319 339 349 351 353 360 361 394 401 410 415 424 426 427 443 446 456 460 
277 53 2 20 21 49 54 68 69 70 71 74 77 107 116 133 140 146 148 159 193 197 208 209 213 221 223 238 255 269 281 285 286 289 291 301 316 319 330 336 357 358 361 367 380 384 400 401 409 415 441 451 458 460 466 
278 43 10 14 18 33 36 44 48 73 74 75 132 148 192 200 213 239 244 254 263 270 272 275 280 301 302 303 304 305 307 310 326 337 348 350 358 361 396 401 418 424 436 444 455 
279 56 6 10 15 23 28 33 46 51 61 72 114 122 137 139 147 148 158 166 174 183 202 214 223 237 240 254 262 266 267 272 276 286 292 309 313 321 328 337 338 339 340 343 353 354 363 367 379 398 411 421 432 437 456 465 468 471 
280 56 1 6 9 30 34 47 49 58 64 67 69 70 75 78 102 103 113 128 135 140 146 155 157 167 172 207 210 211 246 257 265 275 278 281 283 289 291 293 315 320 326 329 333 345 361 373 380 387 396 403 412 435 444 448 460 478 
281 42 18 19 32 35 37 46 70 76 77 102 114 117 123 127 132 175 177 181 199 215 236 239 256 276 277 280 284 289 304 308 318 330 345 350 351 389 392 408 440 468 476 478 
282 41 8 16 25 28 29 38 43 49 62 67 84 87 122 130 141 143 144 150 170 171 186 213 226 246 254 259 264 266 287 297 304 306 341 342 372 384 385 398 405 449 472 
283 47 1 11 21 30 31 42 43 44 64 70 88 105 113 122 132 134 166 171 178 187 198 230 233 237 247 250 252 262 265 271 280 288 295 317 341 350 367 368 390 393 396 410 416 421 449 451 461 
284 51 8 17 38 42 50 52 54 57 58 74 76 107 115 122 127 128 138 146 151 152 158 181 188 189 207 223 232 242 281 299 302 303 320 326 335 339 340 350 360 372 373 412 418 422 426 427 428 439 452 470 471 
285 52 14 16 25 28 31 34 44 46 64 65 89 92 106 118 119 124 138 141 155 161 169 180 187 188 189 209 210 212 230 248 277 291 315 320 335 340 343 351 359 360 368 379 381 382 402 422 428 439 446 458 466 479 
286 56 0 13 18 22 28 35 42 47 50 53 57 69 72 78 82 92 95 99 114 144 153 162 172 180 182 191 197 204 211 212 220 229 240 256 260 277 279 305 308 310 328 348 356 368 372 380 381 385 387 395 411 444 448 469 477 479 
287 49 3 4 29 33 55 56 76 82 84 126 135 139 142 143 166 167 179 181 199 204 210 225 227 235 250 257 273 282 301 320 329 339 358 361 378 384 385 386 389 396 411 412 423 446 458 460 462 470 476 
288 44 0 13 38 58 61 76 78 80 85 93 113 115 117 137 138 155 164 185 187 195 197 218 223 227 240 253 276 283 300 310 322 331 340 342 343 351 355 356 372 373 416 420 431 477 
289 57 0 1 6 21 38 47 57 64 75 80 92 107 108 117 124 130 134 139 140 147 158 171 173 195 210 213 217 220 230 235 239 244 260 264 265 266 274 275 277 280 281 308 314 338 344 355 360 366 381 416 417 433 436 444 446 454 457 
290 43 5 18 20 27 44 57 75 92 122 124 205 211 220 223 232 233 235 236 244 247 308 311 318 319 325 328 337 342 343 352 360 367 370 377 392 398 402 406 421 435 453 472 476 
291 39 14 69 74 78 88 95 105 129 147 154 159 204 246 262 277 280 285 293 295 297 308 332 338 344 348 372 380 386 398 403 404 411 419 427 438 450 463 464 471 
292 47 0 14 38 46 48 67 93 94 97 104 142 145 149 151 162 165 172 175 183 190 193 211 213 214 218 219 220 226 234 247 275 279 299 305 307 314 323 327 349 370 391 399 428 437 445 447 456 
293 47 4 8 10 16 51 62 63 67 71 84 87 92 103 118 121 129 146 149 162 168 178 188 193 219 220 225 254 255 256 270 276 280 291 304 320 359 403 406 415 436 443 444 445 450 451 463 473 
294 49 0 7 8 33 39 48 52 58 76 79 82 98 114 127 137 142 143 146 150 155 159 162 171 175 235 249 250 254 266 272 299 302 310 321 341 368 374 379 400 401 402 418 422 426 436 458 465 472 478 
295 51 6 12 39 46 65 75 86 89 110 121 122 125 132 141 159 179 196 197 207 212 213 214 233 236 254 257 258 263 273 283 291 298 320 321 325 333 338 361 369 382 391 396 397 398 404 410 421 438 439 465 476 
296 40 2 14 17 41 58 63 76 81 82 98 116 141 142 151 152 166 201 210 211 221 229 249 251 255 260 263 305 325 329 330 362 385 394 411 422 425 428 459 467 472 
297 54 19 56 61 62 96 118 121 135 143 155 159 163 179 182 192 195 202 208 212 218 219 235 239 241 252 273 275 282 291 304 317 321 333 334 336 338 343 363 367 369 392 396 401 403 404 406 418 419 429 450 454 464 465 466 
298 43 11 14 26 28 33 42 73 85 86 87 95 120 131 140 147 169 174 195 201 212 233 236 245 266 273 275 295 301 310 323 330 331 349 358 371 388 393 399 416 432 441 464 479 
299 46 5 6 16 20 22 38 39 47 56 78 109 114 124 134 135 146 149 150 208 214 217 219 238 239 259 261 284 292 294 309 311 325 328 335 343 363 376 378 400 406 419 431 432 455 463 473 
300 51 6 18 22 25 26 32 43 51 67 83 84 85 86 120 127 129 132 140 172 173 175 176 180 188 199 219 225 226 239 243 246 249 263 267 288 305 310 313 330 350 360 361 362 378 387 391 406 423 451 471 477 
301 49 4 6 18 27 39 44 87 92 99 123 133 152 185 193 194 196 217 234 236 247 262 269 271 272 276 277 278 287 298 307 316 319 320 334 346 350 356 357 364 375 379 405 418 426 427 428 449 455 478 
302 46 0 12 20 38 47 48 55 57 77 98 106 124 125 153 157 198 203 212 217 224 239 247 250 256 261 266 276 278 284 294 314 318 321 330 360 383 398 399 401 421 423 431 433 449 453 455 
303 54 27 44 46 53 56 62 68 80 91 107 113 115 121 123 138 141 146 156 159 175 185 192 194 199 200 209 213 218 221 230 243 245 274 278 284 332 333 347 353 354 358 362 374 378 387 414 415 426 429 430 441 446 459 479 
304 46 19 48 53 60 76 108 113 120 127 133 178 179 193 201 218 222 223 255 261 278 281 282 293 297 320 323 325 345 347 348 366 373 375 382 386 388 395 405 415 418 419 444 447 448 454 455 
305 46 8 9 11 27 61 64 100 106 114 133 147 160 212 221 238 245 249 252 258 260 269 278 286 292 296 300 328 337 349 358 360 367 369 374 384 399 402 419 422 438 442 449 462 465 476 477 
306 35 7 8 11 12 43 69 72 74 87 97 104 116 153 157 168 192 195 204 212 238 246 252 259 260 262 282 315 336 338 355 385 403 411 465 471 
307 54 0 4 5 12 17 20 25 36 45 47 55 73 74 86 108 116 125 126 128 145 161 163 165 179 182 210 218 231 241 270 276 278 292 301 317 332 346 354 369 371 383 391 393 410 418 427 429 440 442 443 448 455 458 469 
308 57 7 18 20 22 27 35 39 43 47 49 51 90 97 104 105 109 123 133 142 157 177 178 179 191 201 207 218 231 241 252 256 260 262 266 281 286 289 290 291 319 325 346 347 348 353 356 362 365 366 381 388 401 410 421 430 439 453 
309 46 8 29 58 66 67 68 74 95 102 115 119 121 122 132 140 154 157 160 161 165 181 188 192 234 237 241 244 246 250 261 262 271 276 279 299 339 347 356 360 372 378 391 425 446 466 477 
310 46 1 8 9 39 83 104 117 121 136 154 158 170 186 205 222 239 245 256 261 265 266 268 276 278 286 288 294 298 300 332 339 344 351 358 372 388 392 405 412 423 425 431 444 456 464 471 
311 49 10 15 21 23 24 32 37 41 42 48 53 63 65 72 83 93 98 101 104 110 112 117 126 141 143 153 159 176 183 184 196 201 222 241 250 269 273 274 290 299 343 350 362 374 397 404 447 471 478 
312 48 3 15 16 23 27 33 56 62 77 80 95 96 102 112 132 149 152 164 180 181 182 201 206 241 245 252 254 269 313 320 324 330 341 346 360 364 385 389 392 410 419 428 431 438 439 445 449 452 
313 48 15 16 22 37 39 45 48 52 56 75 76 111 122 132 153 164 177 187 193 200 210 217 223 224 226 260 261 264 266 279 300 312 315 328 329 337 338 406 414 421 426 431 435 439 441 451 452 477 
314 43 17 18 46 71 92 110 118 129 130 134 135 161 165 168 171 175 207 214 219 227 245 255 258 267 269 275 289 292 302 316 330 354 360 372 399 417 419 430 436 438 451 469 478 
315 43 4 9 16 24 25 39 41 48 51 61 63 82 103 113 118 120 123 127 150 160 191 194 207 209 223 227 261 265 280 285 306 313 327 335 358 364 370 380 405 412 414 439 474 
316 41 0 28 37 38 48 53 56 73 111 119 124 126 142 150 159 174 179 192 194 196 197 204 228 232 261 277 301 314 321 341 342 375 391 398 409 416 427 436 453 476 477 
317 48 6 12 23 26 35 64 68 107 108 121 122 130 132 145 175 183 185 201 208 216 235 238 240 242 243 245 263 269 283 297 307 330 336 360 363 365 367 369 379 380 400 402 407 410 430 455 459 465 
318 47 2 4 56 60 65 96 117 124 126 130 132 148 151 170 205 213 215 219 225 232 233 239 240 264 274 281 290 302 319 323 325 328 335 339 342 355 356 384 387 404 416 418 423 430 463 467 472 
319 47 11 14 64 73 82 84 104 108 114 117 130 140 143 146 162 163 171 182 184 193 214 220 226 242 272 276 277 290 301 308 318 345 349 353 358 370 386 389 411 423 432 436 454 458 462 464 467 
320 50 19 28 31 39 65 94 98 124 144 146 157 169 179 187 198 203 224 236 252 255 259 265 280 284 285 287 293 295 301 304 312 330 338 343 344 360 362 364 381 383 392 420 424 429 441 442 452 463 464 465 
321 47 20 42 46 49 67 71 75 101 106 120 134 137 148 154 156 165 173 181 189 234 237 260 279 294 295 297 302 316 322 323 341 363 368 371 374 375 385 396 399 407 417 419 425 428 449 450 454 
322 51 14 15 26 51 58 68 74 77 89 98 107 108 115 133 134 135 141 147 170 185 192 197 207 237 243 265 288 321 327 333 336 337 346 365 370 381 387 395 404 409 417 419 423 424 430 434 435 439 447 450 466 
323 35 17 19 23 27 29 55 67 70 86 115 122 126 134 151 163 181 193 201 205 206 228 251 255 260 262 292 298 304 318 321 437 445 449 459 469 
324 39 31 33 40 52 55 60 69 70 96 114 131 136 158 161 186 192 212 232 241 254 259 261 270 312 339 362 385 389 404 408 420 421 432 433 438 453 458 470 474 
325 44 8 14 17 18 34 43 48 54 80 87 90 102 113 123 130 134 159 161 170 195 200 207 214 215 224 226 237 256 290 295 296 299 304 308 318 346 351 352 358 361 392 395 407 420 
326 43 7 11 12 24 28 62 64 69 73 86 104 112 149 157 173 183 214 216 219 223 229 239 240 248 249 263 268 273 278 280 284 328 349 361 365 366 395 405 415 450 459 464 475 
327 50 17 27 41 53 59 63 71 74 80 85 92 94 107 109 111 118 127 128 138 156 161 169 181 189 209 220 241 245 246 261 273 292 315 322 331 335 338 354 357 362 369 380 385 388 389 406 449 462 468 478 
328 49 6 13 25 28 36 41 58 68 98 108 123 129 137 139 141 150 152 175 193 195 197 199 201 205 213 264 279 286 290 299 305 313 318 326 347 357 358 364 368 383 386 395 404 411 415 420 423 443 446 
329 42 11 14 32 45 73 84 98 104 106 122 125 128 134 143 164 166 173 179 197 202 209 210 227 271 280 287 296 313 335 355 400 405 407 409 423 429 432 434 457 461 464 471 
330 46 1 10 26 37 44 49 50 100 106 117 153 164 174 180 184 187 191 197 213 240 241 248 250 277 281 296 298 300 302 312 314 317 320 342 348 349 352 412 415 419 421 432 437 445 453 479 
331 43 2 4 29 36 37 47 59 86 98 99 129 141 148 154 162 165 167 172 189 221 235 244 263 267 269 273 288 298 327 340 342 344 351 360 371 382 391 396 412 440 442 447 467 
332 34 10 21 29 41 55 57 61 67 72 74 85 105 117 119 127 150 167 190 194 212 218 221 233 238 273 274 291 303 307 310 372 440 455 478 
333 54 8 24 27 31 50 77 83 94 95 97 105 118 130 136 142 163 169 176 179 183 196 207 216 238 239 241 250 255 263 265 270 280 295 297 303 322 339 350 357 358 359 385 392 395 396 398 404 419 428 456 459 463 466 474 
334 47 5 13 21 34 38 43 49 74 77 81 86 120 123 133 141 155 173 183 189 190 223 224 233 242 253 263 269 270 297 301 346 347 364 371 372 392 393 398 404 406 413 417 418 420 441 443 454 
335 46 8 28 33 35 74 81 82 86 87 90 93 105 128 129 134 147 152 157 191 210 211 214 239 244 262 284 285 299 315 318 327 329 339 363 377 378 382 388 389 391 393 397 412 417 453 468 
336 51 11 18 21 24 25 38 45 53 70 76 78 102 112 140 141 143 149 154 159 174 178 182 189 194 234 238 247 248 263 269 277 297 306 317 322 341 343 345 354 373 392 395 398 400 410 418 435 437 441 450 470 
337 38 6 16 39 42 43 74 81 105 118 142 156 168 170 171 178 198 218 219 236 246 248 256 264 278 279 290 305 313 322 340 353 366 404 414 428 469 472 473 
338 55 1 9 41 60 69 70 79 82 95 123 124 127 134 144 152 154 155 169 179 196 212 224 233 237 254 270 279 289 291 295 297 306 313 320 327 344 346 357 374 382 385 388 402 407 412 420 425 429 430 437 450 452 460 461 474 
339 52 7 9 28 31 76 84 87 94 97 122 124 128 150 164 165 166 168 170 171 172 181 193 201 221 222 239 251 253 276 279 284 287 309 310 318 324 333 335 344 345 351 361 374 406 409 418 420 433 446 448 451 477 
340 43 15 28 30 45 51 52 54 56 92 100 112 116 157 162 168 176 198 205 215 222 226 227 244 246 279 284 285 288 331 337 355 376 381 386 387 392 399 400 403 413 438 444 462 
341 40 3 10 17 38 49 67 68 84 97 152 154 160 171 177 188 219 249 251 267 282 283 294 312 316 321 336 353 354 360 366 371 376 388 392 417 425 433 437 458 461 
342 47 11 19 20 21 29 66 75 85 101 127 133 140 171 176 178 186 191 197 203 219 239 243 245 252 257 263 270 282 288 290 316 318 330 331 345 357 379 387 388 401 402 419 438 455 457 458 471 
343 55 45 56 57 70 76 91 94 96 99 103 105 108 117 124 128 130 141 155 161 165 166 181 183 187 196 197 198 209 212 248 256 266 275 279 285 288 290 297 299 311 320 336 359 366 370 380 395 409 417 423 439 444 454 466 476 
344 43 5 9 19 31 42 60 62 65 81 94 104 106 118 140 152 161 180 182 186 211 212 236 238 247 289 291 310 320 331 338 339 347 356 385 387 396 399 409 428 437 451 462 467 
345 47 5 9 11 15 16 27 35 43 59 62 65 66 70 151 164 172 205 212 245 251 280 281 304 319 336 339 342 357 364 369 372 374 382 384 398 402 405 410 411 413 423 426 430 433 439 464 469 
346 49 14 19 32 65 68 71 75 110 115 116 133 137 152 154 174 199 203 204 228 231 235 237 239 244 251 264 274 301 307 308 312 322 325 334 338 358 364 367 376 417 425 428 432 445 449 452 458 465 473 
347 53 14 27 30 31 32 39 53 61 66 73 82 94 95 101 115 123 164 172 179 188 201 211 212 236 241 244 245 259 272 303 304 308 309 328 334 344 348 351 366 382 383 403 406 407 413 422 424 434 437 443 448 463 469 
348 41 10 14 16 21 22 25 46 70 75 77 85 96 98 121 140 213 225 234 278 286 291 304 308 330 347 366 371 376 385 394 397 416 439 446 456 467 468 472 474 476 479 
349 47 20 33 75 83 86 92 99 105 125 127 135 145 155 176 184 191 194 199 201 202 204 208 209 233 234 236 239 248 260 275 276 292 298 305 319 326 330 382 391 395 404 413 419 436 438 463 479 
350 43 36 51 61 64 77 100 112 118 124 139 158 160 165 172 180 186 199 205 207 208 247 267 278 281 283 284 300 301 311 333 352 367 371 388 397 407 421 429 435 439 454 468 477 
351 52 10 32 38 50 60 68 72 79 89 103 106 124 132 134 135 154 162 164 173 185 191 210 221 233 237 245 276 281 285 288 310 325 331 339 347 360 361 365 367 373 385 405 415 424 428 431 434 441 452 455 456 473 
352 43 16 22 31 46 50 57 64 71 89 98 108 165 171 197 218 220 224 238 246 253 260 271 290 325 330 350 354 359 377 392 398 399 404 408 412 419 426 428 433 444 467 477 478 
353 39 24 36 38 45 50 55 75 76 81 83 96 97 111 138 139 141 159 166 178 201 204 220 221 232 233 235 242 271 276 279 303 308 319 337 341 362 374 454 458 
354 49 2 6 9 21 22 29 75 80 95 99 102 120 124 137 143 166 167 177 178 181 208 215 252 262 264 266 279 303 307 314 327 336 341 352 360 372 375 385 387 400 409 417 419 429 455 464 469 472 479 
355 49 14 16 34 42 51 52 58 62 85 86 97 103 104 105 116 129 144 153 161 168 169 202 203 210 223 233 244 253 275 288 289 306 318 329 340 358 365 366 370 391 398 408 411 423 438 447 449 451 469 
356 49 0 6 16 20 22 43 44 52 67 75 81 88 108 161 163 170 177 182 211 213 222 227 242 243 245 286 288 301 308 309 318 344 373 375 376 383 392 398 401 409 413 415 419 420 440 442 467 470 479 
357 48 1 15 16 33 40 47 97 100 105 132 143 148 157 173 175 179 187 192 201 218 225 236 241 249 254 275 277 301 327 328 333 338 342 345 378 379 381 394 399 408 413 422 434 436 447 474 475 476 
358 45 41 51 73 78 80 99 105 108 132 133 145 148 150 157 158 190 191 197 201 207 210 233 243 244 257 275 277 278 287 298 303 305 310 315 319 325 328 333 346 355 384 406 424 430 462 
359 46 16 18 23 32 34 36 52 57 64 65 71 73 92 99 108 121 133 142 152 161 172 182 187 190 195 202 209 213 215 220 252 285 293 333 343 352 361 378 388 404 405 407 411 423 461 472 
360 55 5 17 29 53 68 74 77 83 87 117 126 130 131 140 151 155 165 184 205 208 211 227 233 253 254 256 272 276 284 285 289 290 300 302 305 309 312 314 317 320 331 341 351 354 363 364 366 367 387 402 405 418 422 426 478 
361 56 3 28 41 48 67 86 92 97 106 110 122 136 159 174 182 195 202 203 206 209 211 212 215 222 240 253 258 263 267 269 276 277 278 280 287 295 300 325 326 339 351 359 371 373 374 396 404 412 419 421 423 445 452 459 464 465 
362 60 19 25 26 31 32 60 62 63 66 69 81 83 90 100 105 115 124 129 132 141 162 174 181 183 206 207 209 213 220 229 231 240 241 249 252 258 261 270 296 300 303 308 311 320 324 327 353 365 388 395 396 401 403 417 421 423 424 457 461 476 
363 49 6 23 32 48 74 85 117 143 153 164 172 175 179 187 193 204 208 215 222 230 233 238 249 259 270 273 279 297 299 317 321 335 360 376 397 402 405 416 419 420 428 429 431 433 436 441 443 455 467 
364 28 37 53 64 76 86 90 109 160 201 224 229 243 269 301 312 315 320 328 334 345 346 360 365 396 421 432 453 476 
365 48 13 31 47 52 53 56 67 103 109 128 133 140 160 162 175 183 186 222 224 235 237 248 260 261 308 317 322 326 351 355 362 364 369 374 375 380 397 398 405 411 416 426 429 431 458 470 472 479 
366 58 29 32 42 54 56 60 66 89 93 109 127 131 135 141 145 148 155 162 167 198 202 203 220 225 240 241 243 255 258 265 268 270 272 289 304 308 326 337 341 343 347 348 355 360 374 379 384 386 412 414 415 432 436 437 438 450 458 472 
367 52 0 8 12 28 32 45 46 49 53 64 65 88 99 107 110 118 123 135 137 142 164 169 172 194 201 220 223 235 248 272 277 279 283 290 297 305 317 346 350 351 360 387 392 422 430 442 450 459 467 469 471 474 
368 43 10 17 20 25 40 55 71 73 74 85 93 101 130 132 135 147 149 161 170 197 212 216 228 246 255 272 283 285 286 294 321 328 377 378 399 401 408 412 426 434 442 445 474 
369 33 5 25 58 72 76 83 87 89 107 115 215 239 241 249 254 273 295 297 305 307 317 327 345 365 384 387 391 404 415 423 437 439 447 
370 44 18 19 22 38 48 54 57 58 66 108 120 126 164 169 173 180 194 200 201 202 208 236 246 271 272 290 292 315 319 322 343 355 379 390 397 416 423 424 434 441 442 451 459 460 
371 41 21 34 108 115 116 123 124 139 141 160 174 188 209 218 223 226 227 230 249 257 272 298 307 321 331 334 341 348 350 361 387 388 394 400 422 424 425 429 446 456 472 
372 54 1 10 20 30 43 62 75 78 109 130 135 141 144 149 151 152 163 192 198 202 209 219 221 232 237 245 248 267 269 272 275 282 284 286 288 291 309 310 314 332 334 345 354 384 386 395 406 411 418 419 436 461 470 474 
373 46 10 12 21 31 34 43 56 68 72 101 118 127 132 171 175 185 188 209 210 216 235 246 274 280 284 288 304 336 351 356 361 380 384 389 391 401 402 403 405 421 423 432 442 453 459 475 
374 59 0 9 11 21 24 27 41 44 47 49 55 56 61 63 69 86 87 100 102 130 139 141 145 159 161 180 184 186 192 196 205 241 242 248 256 260 263 294 303 305 311 321 338 339 345 353 361 365 366 376 405 406 408 427 438 443 449 460 465 
375 45 33 45 48 55 58 59 62 92 98 100 122 131 141 142 150 161 172 180 197 199 203 217 225 228 249 267 268 301 304 316 321 354 356 365 376 394 398 416 422 428 433 437 465 468 470 
376 46 16 19 38 49 70 80 83 87 89 99 100 116 125 138 153 157 175 180 187 193 217 245 246 249 269 299 340 341 346 348 356 363 374 375 408 410 414 426 427 429 432 433 435 437 466 477 
377 45 9 12 13 30 31 33 41 45 62 66 73 79 94 107 126 133 142 148 159 163 168 198 200 201 221 240 255 259 262 290 335 352 368 378 379 385 386 395 402 403 414 417 427 437 458 
378 50 0 1 4 11 16 20 30 41 66 70 87 98 135 136 153 161 163 172 175 186 190 191 219 223 224 227 235 256 287 299 300 303 309 335 357 359 368 377 379 385 386 389 397 403 408 427 445 459 467 468 
379 41 4 11 13 21 24 26 27 70 72 86 98 105 175 184 187 189 193 212 227 237 238 240 242 247 271 279 285 294 301 317 342 357 366 370 377 378 400 402 414 434 435 
380 42 5 28 29 48 51 65 67 86 119 132 136 137 149 152 164 169 188 193 206 234 243 266 275 277 280 286 291 315 317 327 343 365 373 388 407 431 434 439 441 447 472 477 
381 42 15 25 30 31 35 37 42 51 52 57 64 86 115 121 124 131 133 157 161 165 171 172 181 207 216 242 254 262 285 286 289 308 320 322 340 357 401 409 421 436 457 458 
382 47 3 16 22 35 39 41 44 87 88 93 99 101 102 105 121 125 133 153 161 178 197 211 231 241 248 261 274 285 295 304 331 335 338 345 347 349 390 392 402 406 419 434 437 444 446 459 468 
383 44 7 14 36 43 44 51 53 58 75 77 82 88 93 102 115 141 144 148 151 153 159 178 179 192 205 214 222 239 244 250 253 302 307 320 328 347 356 392 398 399 420 440 453 464 
384 51 1 12 14 19 42 45 46 50 54 71 86 91 93 103 114 121 122 124 126 145 154 160 161 185 186 194 205 208 222 231 257 277 282 287 305 318 345 358 366 369 372 373 398 404 410 411 416 420 444 459 477 
385 50 12 49 53 60 79 99 102 110 113 115 134 135 145 152 171 178 184 197 214 217 218 219 222 234 260 282 286 287 296 306 312 321 324 327 333 338 344 348 351 354 377 378 405 410 417 426 430 439 457 477 
386 51 2 9 33 36 37 51 75 100 125 131 147 148 170 173 177 179 182 193 195 200 205 222 230 234 237 244 245 252 261 262 287 291 304 319 328 340 366 372 377 378 396 410 419 427 433 453 460 466 468 472 473 
387 47 3 9 41 77 78 84 102 111 126 148 158 159 164 176 181 186 188 191 194 198 203 221 232 280 286 300 303 318 322 340 342 344 354 360 367 369 371 394 404 411 426 432 434 435 466 467 475 
388 49 1 16 20 22 26 30 32 42 44 48 50 54 73 76 92 95 101 104 121 123 128 136 138 146 151 173 174 218 264 270 298 304 308 310 327 335 338 341 342 350 359 362 371 380 395 408 419 429 466 
389 60 8 27 30 45 49 55 56 59 75 77 82 83 85 90 91 93 94 116 134 138 142 148 152 154 158 169 176 181 186 190 199 200 201 216 217 225 229 235 264 265 266 269 271 281 287 312 319 324 327 335 373 378 415 417 430 433 451 460 474 478 
390 45 5 9 16 18 22 31 41 47 62 93 114 116 143 144 149 151 164 168 181 188 193 199 205 216 231 243 247 249 263 265 283 370 382 403 410 423 424 432 445 452 453 458 463 477 478 
391 56 4 5 7 12 18 36 41 44 47 78 79 87 89 96 98 103 104 141 150 157 159 162 169 178 182 183 191 201 203 210 234 247 257 261 262 265 269 275 292 295 300 307 309 316 331 335 349 355 369 373 402 421 445 453 469 472 
392 53 4 22 70 74 93 110 114 124 125 127 133 147 155 156 163 171 176 196 197 203 205 222 223 237 240 250 258 260 269 281 290 297 310 312 320 325 333 334 336 340 341 352 356 367 382 383 400 409 418 445 452 465 466 
393 51 0 14 24 40 44 49 52 56 77 80 82 88 102 108 113 124 149 150 154 155 162 165 172 175 179 180 188 189 193 201 207 215 223 237 238 242 250 266 283 298 307 334 335 416 420 429 436 445 456 466 472 
394 37 3 6 10 48 56 60 61 77 85 89 99 115 129 134 148 167 171 172 183 236 276 296 348 357 371 375 387 399 424 425 451 454 458 466 475 476 478 
395 53 7 11 33 35 60 74 87 91 96 100 109 118 126 137 154 155 165 168 183 190 194 195 199 203 206 212 213 234 245 249 254 266 286 304 322 325 326 328 333 336 343 349 362 372 377 388 405 432 449 455 462 466 471 
396 49 3 6 27 33 56 72 120 125 132 139 153 161 163 166 192 206 213 231 235 246 249 252 254 262 271 278 280 283 287 295 297 321 331 333 344 361 362 364 386 407 410 415 419 434 439 457 474 476 479 
397 41 9 24 51 55 69 80 104 105 114 115 117 144 156 167 188 194 226 240 249 257 261 275 295 311 335 348 350 363 365 370 378 407 424 436 448 453 455 465 466 470 478 
398 63 2 3 4 14 27 31 35 47 51 63 65 92 107 109 110 127 145 151 173 175 185 193 194 200 217 248 260 263 267 268 279 282 290 291 295 302 316 333 334 336 345 352 355 356 365 375 383 384 406 408 411 419 425 429 433 446 449 454 457 458 466 473 477 
399 50 7 21 24 30 32 33 45 52 73 78 80 91 92 93 107 131 148 154 161 173 176 177 178 183 194 201 206 220 229 246 251 258 292 298 302 305 314 321 340 344 352 357 368 383 394 402 433 439 444 447 
400 56 2 6 8 14 20 21 28 34 44 49 53 58 62 71 77 79 115 117 122 134 139 144 170 186 197 206 211 214 247 249 253 262 269 270 277 294 299 317 329 336 340 354 371 379 392 409 414 420 430 437 438 446 451 455 471 477 
401 48 15 20 49 53 56 61 67 97 113 116 121 122 140 149 154 159 194 195 197 198 203 210 213 215 224 227 239 246 275 276 277 278 294 297 302 308 342 356 362 368 373 381 412 418 426 444 446 477 
402 47 13 14 33 44 74 83 89 98 100 101 118 129 132 144 151 158 193 196 198 212 222 238 262 273 285 290 294 305 317 338 342 345 360 363 373 377 379 382 391 399 413 415 419 432 433 434 442 
403 46 6 14 20 28 36 45 48 49 54 58 62 76 98 101 102 129 157 164 165 171 172 190 191 195 204 222 229 233 237 261 280 291 293 297 306 340 347 362 373 377 378 390 417 439 442 448 
404 50 14 52 53 73 79 80 82 83 118 134 138 150 154 182 198 226 235 237 244 246 248 250 258 266 270 291 295 297 311 318 322 324 328 333 334 337 349 352 359 361 369 384 387 405 409 421 431 435 457 467 
405 51 7 15 17 23 24 34 41 54 56 70 71 73 82 100 102 117 121 128 142 144 156 159 186 188 192 212 213 221 254 265 266 282 301 304 310 315 326 329 345 351 359 360 363 365 373 374 385 395 404 422 430 
406 49 3 6 25 29 55 58 59 66 68 74 79 83 96 113 126 130 133 139 165 182 184 187 194 205 212 223 239 262 263 290 293 297 299 300 313 327 334 339 347 358 372 374 382 398 429 445 452 467 479 
407 47 19 25 30 41 47 52 59 75 97 111 120 126 143 166 179 184 190 210 212 213 214 225 231 246 247 270 317 321 325 329 338 347 350 359 380 396 397 414 421 424 435 436 438 442 445 446 450 
408 54 12 17 18 26 41 49 67 71 73 77 88 95 97 101 104 129 142 147 148 152 159 172 174 176 182 193 195 205 209 211 216 220 245 249 250 256 258 259 272 281 324 352 355 357 368 374 376 378 388 398 434 441 455 476 
409 51 0 8 37 44 51 66 79 90 108 120 123 129 136 163 165 195 200 219 225 228 231 245 248 251 252 256 261 277 316 322 329 339 343 344 354 356 381 392 400 404 428 430 444 450 451 462 466 472 475 477 479 
410 54 0 23 24 38 48 58 60 66 74 77 87 117 124 142 148 162 179 184 201 207 211 212 214 215 217 218 219 252 256 258 261 265 276 283 295 307 308 312 317 336 345 376 384 385 386 390 396 421 423 424 425 428 438 469 
411 59 11 31 44 57 63 64 68 74 85 88 103 112 116 121 124 133 146 154 156 157 160 164 176 193 196 200 204 209 215 219 222 247 251 254 259 265 279 286 287 291 296 306 319 328 345 355 359 365 372 384 387 398 412 433 437 438 439 456 470 
412 53 2 4 10 12 21 22 33 37 42 54 58 76 107 108 112 130 136 141 142 144 155 165 185 202 206 232 238 255 258 262 280 284 287 310 315 330 331 335 338 352 361 366 368 401 411 415 417 435 444 445 452 453 470 
413 43 9 32 33 37 42 43 57 75 78 79 89 97 112 134 150 159 161 165 168 193 209 211 222 224 238 242 256 259 261 274 334 340 345 347 349 356 357 402 434 452 471 475 479 
414 48 16 19 20 22 23 33 35 44 50 54 68 69 70 90 99 102 113 114 116 157 158 160 161 162 172 179 185 189 197 213 251 254 263 303 313 315 337 366 376 377 379 400 407 416 421 450 455 468 
415 51 11 16 17 27 59 74 77 79 81 91 94 104 111 115 123 130 135 139 148 162 165 166 173 233 243 266 276 277 293 303 304 326 328 330 351 356 366 369 389 396 402 412 421 425 429 434 435 447 452 458 475 
416 52 3 9 19 23 53 54 57 83 85 97 104 123 125 134 142 143 144 146 157 174 181 189 200 209 210 211 221 224 232 246 254 283 288 289 298 316 318 348 363 365 370 375 384 393 414 422 423 426 443 453 456 466 
417 42 7 38 43 46 48 65 76 88 101 110 115 118 134 176 177 188 193 234 242 243 251 272 275 289 314 321 322 334 335 341 343 346 354 362 377 385 389 403 412 442 445 457 
418 51 5 14 16 21 24 43 45 65 74 89 91 95 99 104 107 123 126 143 150 151 152 173 187 209 212 215 226 249 250 253 266 267 270 278 284 294 297 301 304 307 318 334 336 339 360 372 392 401 438 464 467 
419 53 20 26 48 82 96 115 120 129 145 146 147 166 199 213 226 237 250 291 297 299 304 305 312 314 321 322 330 333 342 349 352 354 356 361 363 372 382 386 388 396 398 402 420 421 426 428 441 442 445 454 457 462 471 
420 44 1 5 8 9 10 11 38 46 64 69 72 110 121 125 128 134 156 163 166 174 186 188 212 253 288 320 324 325 328 334 338 339 356 363 383 384 393 400 419 426 433 437 460 479 
421 54 16 28 31 38 43 44 46 53 63 68 91 96 104 106 123 125 135 152 154 176 189 233 238 268 279 283 290 295 302 308 313 324 330 350 361 362 364 373 381 391 404 407 410 414 415 419 427 435 444 452 454 458 471 474 
422 47 15 18 26 28 38 48 50 52 56 61 76 79 89 102 110 117 137 166 178 189 206 207 216 231 232 235 248 250 261 284 285 294 296 305 347 357 360 367 371 375 405 416 427 436 461 467 473 
423 46 9 11 20 26 40 55 58 77 120 122 134 145 171 180 184 188 204 218 225 247 274 287 300 302 310 318 319 322 328 329 343 345 355 359 361 362 369 370 373 390 410 416 435 437 451 456 
424 46 9 13 21 37 38 61 62 66 69 84 107 108 109 116 133 150 183 189 197 207 236 240 269 270 276 278 320 322 347 351 358 362 370 371 390 394 397 407 410 428 431 436 448 457 464 467 
425 45 4 12 24 25 47 61 63 66 70 92 95 99 101 169 187 198 206 207 208 210 225 238 253 255 262 265 267 272 296 309 310 321 338 341 346 371 394 398 410 415 447 449 457 459 466 
426 54 19 24 29 31 38 40 45 57 70 80 83 93 103 106 110 113 129 135 136 148 149 160 163 164 172 173 184 189 190 191 203 222 255 269 276 284 294 301 303 313 345 352 360 365 368 376 385 387 401 416 419 420 432 478 
427 49 7 23 27 37 41 54 57 94 95 96 111 118 119 123 131 132 139 142 146 171 177 181 182 187 188 198 214 225 248 274 276 284 291 301 307 316 374 376 377 378 386 421 422 438 447 463 465 476 479 
428 50 7 19 28 31 35 45 64 93 94 108 116 120 124 166 169 171 185 190 193 205 207 218 222 227 238 245 254 269 271 284 285 292 296 301 312 321 333 337 344 346 351 352 363 375 409 410 419 424 432 439 
429 40 9 11 46 60 74 99 100 101 109 114 121 164 166 169 170 172 201 212 243 269 297 303 307 320 329 338 350 354 363 365 371 376 388 393 398 406 415 442 469 475 
430 63 0 1 13 16 17 18 37 39 44 49 57 60 63 68 103 108 123 124 126 127 128 130 139 145 148 149 150 156 161 165 177 181 190 194 195 207 213 220 222 227 240 243 247 254 261 303 308 314 317 318 322 338 345 358 367 385 389 400 405 409 432 460 473 
431 42 8 25 30 43 49 53 102 107 111 129 130 132 139 146 166 172 182 187 193 215 221 258 260 269 288 299 302 310 312 313 351 363 365 380 404 424 441 445 454 465 468 475 
432 48 6 26 34 51 61 63 65 66 80 85 99 103 104 107 178 193 204 207 211 228 238 248 256 269 279 298 299 319 324 329 330 346 364 366 373 376 387 390 395 402 426 428 430 440 452 453 458 476 
433 45 20 22 23 32 54 67 89 101 104 122 141 151 166 168 173 185 189 199 204 206 221 231 237 249 256 257 267 289 302 324 339 341 345 352 363 375 376 386 389 398 399 402 411 420 463 
434 45 5 7 46 51 53 63 72 128 129 135 142 144 150 156 161 163 167 173 176 178 192 212 215 230 238 248 271 322 329 347 351 357 368 370 379 380 382 387 396 402 408 413 415 473 475 
435 45 2 19 25 46 48 57 65 76 92 94 100 110 112 120 124 135 144 156 166 168 183 184 207 213 251 259 270 280 290 313 322 336 350 376 379 387 404 407 412 415 421 423 443 467 471 
436 47 3 11 37 40 41 66 96 98 122 124 135 147 156 161 172 174 191 203 206 212 226 236 247 250 255 262 278 289 293 294 314 316 319 349 357 363 366 372 381 393 397 407 422 424 462 465 469 
437 55 10 14 37 40 42 47 55 67 76 84 88 90 105 108 109 115 127 132 141 144 153 158 162 201 202 207 209 213 214 218 233 244 247 267 279 292 323 330 336 338 341 344 347 366 369 375 376 377 382 400 411 420 423 440 453 
438 51 6 19 20 22 27 28 50 52 76 78 87 91 106 114 119 122 128 144 168 178 193 197 198 213 215 217 220 228 234 235 291 295 305 312 314 324 340 342 349 355 366 374 400 407 410 411 418 427 454 473 479 
439 59 10 13 33 49 52 56 64 69 72 83 84 86 92 109 120 123 135 138 139 142 144 157 161 163 169 183 194 210 215 240 248 256 260 263 268 284 285 295 308 312 313 315 322 343 345 348 350 369 380 385 396 399 403 411 428 445 454 457 462 
440 39 0 8 19 35 36 38 43 69 70 76 85 89 90 118 130 131 147 158 164 166 167 169 186 195 196 220 245 258 259 281 307 331 332 356 383 432 437 445 469 
441 49 3 25 43 60 83 84 89 93 96 109 124 128 130 135 139 142 150 152 158 161 177 192 217 221 233 244 253 262 272 277 298 303 313 320 334 336 351 363 370 380 408 419 431 442 444 449 453 455 477 
442 46 30 31 39 41 47 48 57 60 61 68 89 91 97 108 124 162 170 174 184 198 216 218 219 227 241 242 247 254 274 305 307 320 331 356 367 368 370 373 402 403 407 417 419 429 441 474 
443 33 20 24 25 27 31 42 48 57 59 64 66 70 80 82 111 138 149 174 240 259 260 276 293 307 328 334 347 363 374 416 435 452 459 
444 57 0 12 22 30 40 48 96 101 106 112 123 127 136 138 150 154 157 159 161 174 182 188 198 202 215 246 248 250 253 264 265 269 278 280 286 289 293 304 310 340 343 352 382 384 399 401 409 412 421 441 452 453 454 456 464 466 467 
445 47 6 19 33 52 76 102 103 123 128 129 131 133 152 153 154 164 179 201 208 209 212 213 236 292 293 312 323 330 346 361 368 378 390 391 392 393 406 407 412 417 419 431 439 440 449 454 459 
446 40 14 21 22 29 37 40 52 61 82 143 144 155 177 182 190 207 214 220 239 241 253 256 276 285 287 289 303 309 328 339 348 371 382 398 400 401 407 450 453 457 
447 47 4 5 6 21 35 45 52 56 69 79 89 107 132 151 152 164 167 174 197 199 206 208 225 227 246 251 256 257 258 271 292 304 311 322 331 355 357 369 380 399 415 425 427 470 471 476 477 
448 37 1 18 23 48 55 82 86 88 98 123 133 177 180 196 203 213 221 225 227 240 251 266 280 286 304 307 339 347 397 403 424 449 465 467 470 471 476 
449 55 17 21 57 60 74 81 85 89 112 114 123 132 148 153 163 168 178 186 190 192 199 201 207 216 217 218 223 224 235 236 248 250 253 257 282 283 301 302 305 312 321 323 327 346 355 374 395 398 425 441 445 448 452 464 467 
450 43 17 19 21 27 29 61 94 97 111 114 146 171 184 185 199 201 221 231 235 241 242 247 248 251 255 291 293 297 321 322 326 336 338 366 367 407 409 414 446 452 467 475 477 
451 38 16 23 53 61 65 86 108 109 114 119 124 152 162 173 182 210 211 212 250 257 265 277 283 293 300 313 314 339 344 355 370 389 394 400 409 423 464 476 
452 54 4 5 18 28 29 49 51 75 83 127 134 135 139 151 162 172 179 188 194 212 236 247 256 257 263 264 273 284 312 313 320 338 346 351 361 390 392 406 412 413 415 421 432 443 444 449 450 453 458 459 460 462 464 477 
453 47 67 79 88 98 120 124 135 142 146 147 158 163 166 169 175 205 218 236 240 246 248 253 266 290 302 308 316 324 330 335 364 373 383 386 390 391 397 412 416 432 437 441 444 446 452 459 471 
454 51 7 12 15 23 26 27 34 41 46 59 65 69 89 110 129 133 137 141 142 159 171 174 176 185 203 204 213 241 243 248 261 289 297 304 319 321 334 343 350 353 394 398 419 421 431 438 439 444 445 470 473 
455 57 2 8 15 16 24 25 32 34 56 60 62 71 72 73 74 87 92 100 113 116 120 124 137 139 151 152 153 161 169 187 218 224 238 243 245 249 278 299 301 302 304 307 317 332 342 351 354 363 395 397 400 408 414 441 459 472 474 
456 48 24 46 54 57 64 74 82 92 97 100 110 122 136 144 152 162 168 169 175 179 184 186 189 204 217 231 248 251 253 263 276 279 292 310 333 348 351 371 393 411 416 423 444 462 470 471 476 477 
457 50 9 21 45 58 59 68 75 82 83 84 92 105 112 123 136 141 144 171 180 181 186 188 192 202 233 234 247 251 254 258 259 266 274 275 289 329 342 362 381 385 396 398 404 417 419 424 425 439 446 472 
458 58 3 6 22 37 49 51 58 84 85 89 91 96 104 106 111 115 133 139 144 153 158 161 171 175 179 187 190 199 200 225 245 256 266 268 277 285 287 294 307 319 324 341 342 346 353 365 366 377 381 390 394 398 415 421 432 452 461 464 
459 45 21 27 28 41 42 50 64 69 72 76 82 83 90 100 104 115 129 153 166 176 226 236 255 296 303 317 323 326 333 361 367 370 373 378 382 384 425 443 445 452 453 455 474 477 479 
460 46 9 10 17 39 58 59 85 87 88 90 97 101 106 107 109 110 111 113 123 124 127 138 151 157 170 185 188 190 208 218 220 253 267 274 276 277 280 287 338 370 374 386 389 420 430 452 
461 35 16 25 28 38 47 48 52 63 76 89 96 99 109 127 163 190 197 206 214 221 226 257 260 263 271 273 283 329 338 341 359 362 372 422 458 
462 38 9 10 26 71 73 83 103 105 111 116 125 138 139 143 152 172 174 180 203 210 247 257 271 287 305 319 327 340 344 358 395 409 419 436 439 452 456 472 
463 50 1 8 16 34 42 48 54 61 62 66 68 71 85 107 111 121 134 143 147 155 158 174 184 185 187 188 190 193 197 198 235 238 242 245 250 255 257 291 293 299 318 320 333 347 349 390 427 433 464 475 
464 46 10 33 44 46 53 58 61 68 69 75 81 83 89 99 131 163 168 174 177 185 187 212 236 251 262 291 297 298 310 319 320 326 329 345 354 361 383 418 424 444 449 451 452 458 463 466 
465 45 21 28 34 45 48 61 95 117 128 143 147 159 169 170 173 196 212 228 234 244 245 249 263 266 271 274 279 294 295 297 305 306 317 320 346 361 374 375 392 397 427 431 436 448 470 
466 54 8 12 17 19 23 26 31 41 45 55 57 58 62 63 66 82 95 98 100 105 125 126 134 146 154 175 192 212 215 220 234 244 277 285 297 309 322 333 343 376 386 387 388 392 393 394 395 397 398 409 416 425 444 464 
467 63 5 8 9 21 36 37 62 66 70 71 72 86 93 103 126 134 158 161 174 176 178 182 185 187 197 198 200 201 203 204 208 212 228 233 245 248 249 253 262 296 318 319 331 344 348 352 356 363 367 378 387 404 406 418 422 424 435 444 448 449 450 478 479 
468 41 1 5 15 21 22 34 44 48 51 64 66 72 73 81 85 87 113 118 148 154 172 182 205 237 244 249 254 267 272 279 281 327 335 348 350 375 378 382 386 414 431 
469 44 25 61 67 87 110 118 133 157 163 167 182 188 191 197 211 213 225 234 235 248 250 253 265 271 286 307 314 323 337 345 347 354 355 367 391 410 429 436 440 471 472 473 475 477 
470 43 0 29 37 40 52 82 86 107 108 125 126 150 168 176 184 196 201 206 219 241 248 250 251 255 262 284 287 324 336 356 365 372 375 397 411 412 447 448 454 456 465 473 474 
471 44 8 23 32 33 44 62 95 97 98 106 114 123 126 143 156 181 214 215 217 228 249 261 279 284 291 300 306 310 311 329 342 367 395 400 413 419 421 435 447 448 453 456 469 475 
472 46 4 7 28 47 51 64 82 88 102 103 110 111 136 141 161 165 174 176 187 205 212 215 241 261 282 290 294 296 318 337 348 354 359 365 366 371 380 386 391 393 409 455 457 462 469 473 
473 47 0 5 10 18 39 63 65 94 98 99 104 113 116 118 120 151 157 161 164 172 175 181 184 219 229 233 249 250 259 262 270 272 293 299 337 346 351 386 398 422 430 434 438 454 469 470 472 
474 39 21 25 29 42 46 47 104 107 111 117 118 124 130 145 169 177 178 222 250 258 262 265 271 315 324 333 338 348 357 367 368 372 389 396 421 442 455 459 470 
475 47 3 14 16 20 22 24 36 37 48 71 98 108 121 123 153 160 163 164 165 166 173 174 185 190 194 197 201 221 240 242 266 269 326 357 373 387 394 409 413 415 429 431 434 450 463 469 471 
476 47 6 21 22 27 58 72 75 83 87 135 143 163 168 172 184 215 217 223 233 235 239 242 254 257 262 271 273 281 287 290 295 305 316 343 348 357 362 364 394 396 408 427 432 447 448 451 456 
477 70 29 31 32 33 36 42 48 49 51 62 77 79 81 113 115 132 138 141 144 146 147 148 149 150 151 163 166 177 188 189 196 198 199 206 217 218 227 241 242 244 248 249 267 271 286 288 300 305 309 313 316 339 350 352 376 380 384 385 390 398 400 401 409 441 447 450 452 456 459 469 
478 45 3 4 5 14 18 25 34 66 68 70 80 104 108 122 126 133 140 141 150 158 190 197 210 211 215 222 243 268 271 280 281 294 301 311 314 327 332 352 360 389 390 394 397 426 467 
479 36 3 28 43 52 106 127 141 142 154 163 166 204 205 214 217 248 254 285 286 298 303 330 348 349 354 356 365 396 406 409 413 420 427 438 459 467 
