480 1585
0 5 81 173 175 333 411 
1 8 203 223 229 244 249 324 330 346 
2 4 90 230 268 321 
3 7 22 30 156 183 237 295 396 
4 5 155 252 287 345 358 
5 9 49 200 231 242 413 415 440 443 470 
6 8 13 117 121 133 211 245 380 422 
7 0 
8 9 10 16 51 77 84 214 222 337 346 
9 3 154 315 453 
10 8 8 140 158 188 195 361 432 477 
11 5 295 369 418 429 436 
12 9 104 138 149 197 271 349 376 395 439 
13 11 6 15 75 125 146 147 150 219 221 345 422 
14 3 65 129 164 
15 3 13 20 466 
16 6 8 201 228 240 254 452 
17 6 55 236 277 300 316 331 
18 10 20 90 127 158 179 188 289 437 443 471 
19 7 216 235 296 309 385 428 444 
20 9 15 18 22 90 153 281 306 383 398 
21 6 76 186 200 237 293 405 
22 10 3 20 160 202 276 308 354 384 430 446 
23 8 26 28 56 59 63 143 350 476 
24 14 98 108 142 150 160 192 236 248 276 286 322 421 449 452 
25 9 62 115 130 228 281 336 405 455 471 
26 3 23 144 173 
27 7 127 166 170 265 291 403 467 
28 5 23 62 239 297 318 
29 7 57 65 86 182 255 460 479 
30 3 3 79 337 
31 4 160 415 449 462 
32 7 37 69 98 151 289 425 444 
33 4 116 150 348 355 
34 6 67 101 123 139 439 458 
35 2 183 447 
36 8 103 125 153 195 228 235 338 363 
37 6 32 139 156 286 343 427 
38 6 115 247 263 313 423 469 
39 15 44 63 123 150 191 200 203 214 226 256 258 318 337 351 364 
40 3 231 413 452 
41 4 131 158 208 274 
42 9 66 77 85 201 213 264 295 324 330 
43 7 120 121 156 159 221 379 442 
44 11 39 105 142 147 218 220 285 291 468 470 476 
45 4 82 167 364 379 
46 7 126 170 192 245 278 308 324 
47 2 256 469 
48 10 104 226 238 260 263 276 342 348 415 464 
49 2 5 284 
50 7 64 278 398 434 455 459 463 
51 9 8 112 136 301 347 358 359 380 477 
52 5 118 353 391 400 475 
53 8 58 172 226 256 361 381 390 476 
54 4 102 230 266 436 
55 6 17 71 84 279 295 419 
56 7 23 170 226 264 308 381 462 
57 4 29 229 337 386 
58 5 53 353 362 453 459 
59 5 23 163 171 332 393 
60 15 64 74 82 87 90 110 150 165 194 200 288 388 424 452 455 
61 3 122 156 416 
62 8 25 28 127 225 297 310 394 425 
63 7 23 39 88 320 353 377 429 
64 9 50 60 128 178 184 200 322 392 416 
65 7 14 29 70 172 235 303 440 
66 7 42 86 102 125 362 391 444 
67 7 34 101 114 275 302 461 465 
68 3 169 185 301 
69 5 32 85 98 244 416 
70 6 65 134 205 252 261 375 
71 7 55 121 126 230 244 364 441 
72 4 229 238 382 401 
73 5 135 311 378 387 421 
74 7 60 81 93 119 351 398 404 
75 4 13 104 379 389 
76 7 21 125 137 161 303 346 397 
77 5 8 42 136 295 326 
78 11 238 258 266 293 305 314 325 338 367 372 382 
79 5 30 113 255 301 437 
80 2 94 313 
81 7 0 74 221 245 266 293 375 
82 11 45 60 85 88 95 272 323 369 382 428 479 
83 9 133 162 205 249 295 336 382 412 469 
84 5 8 55 107 349 379 
85 8 42 69 82 88 172 253 297 339 
86 8 29 66 134 293 340 347 379 421 
87 10 60 99 202 312 331 380 388 393 398 479 
88 8 63 82 85 165 240 398 425 445 
89 4 201 290 317 429 
90 9 2 18 20 60 176 185 207 384 388 
91 5 113 199 366 443 452 
92 6 207 293 333 370 407 457 
93 8 74 104 107 115 176 189 335 453 
94 5 80 140 151 245 357 
95 7 82 182 206 313 346 450 453 
96 5 139 179 191 396 415 
97 10 212 222 349 360 364 365 381 416 417 424 
98 8 24 32 69 129 163 421 434 461 
99 6 87 183 254 332 350 458 
100 5 194 306 347 389 477 
101 9 34 67 134 149 150 186 311 383 404 
102 12 54 66 135 150 257 282 298 370 400 434 475 476 
103 6 36 227 315 358 365 380 
104 11 12 48 75 93 115 214 357 376 423 442 447 
105 6 44 182 204 237 339 421 
106 3 138 328 479 
107 8 84 93 173 189 272 359 429 447 
108 6 24 151 158 224 378 420 
109 4 197 337 444 465 
110 8 60 112 164 311 323 370 428 471 
111 5 218 219 274 376 467 
112 6 51 110 207 275 280 323 
113 7 79 91 127 258 300 304 395 
114 5 67 173 242 247 413 
115 9 25 38 93 104 157 221 331 350 369 
116 6 33 206 317 322 375 478 
117 6 6 158 161 199 215 420 
118 5 52 129 221 237 411 
119 5 74 142 161 371 450 
120 4 43 212 360 401 
121 13 6 43 71 125 151 161 209 211 219 226 436 472 473 
122 9 61 131 146 236 341 374 394 420 436 
123 10 34 39 139 193 215 253 369 407 420 478 
124 5 250 285 310 367 385 
125 12 13 36 66 76 121 129 212 264 316 318 355 361 
126 5 46 71 179 270 337 
127 11 18 27 62 113 192 193 201 230 290 358 370 
128 4 64 182 302 310 
129 8 14 98 118 125 131 217 326 435 
130 4 25 232 285 304 
131 8 41 122 129 137 251 300 428 447 
132 9 163 170 203 220 312 418 424 449 463 
133 5 6 83 396 421 469 
134 9 70 86 101 211 239 328 344 389 468 
135 5 73 102 305 328 447 
136 8 51 77 160 164 193 252 388 406 
137 6 76 131 237 286 307 308 
138 6 12 106 150 319 325 442 
139 8 34 37 96 123 153 247 385 400 
140 5 10 94 176 190 459 
141 0 
142 6 24 44 119 199 293 360 
143 6 23 153 205 206 334 469 
144 4 26 152 318 347 
145 3 184 291 414 
146 6 13 122 397 398 409 469 
147 5 13 44 179 320 340 
148 6 290 332 358 375 446 465 
149 13 12 101 157 163 166 167 245 248 253 272 315 347 353 
150 14 13 24 33 39 60 101 102 138 211 234 266 413 446 476 
151 7 32 94 108 121 177 332 396 
152 4 144 322 349 393 
153 7 20 36 139 143 235 273 293 
154 7 9 159 283 288 298 391 467 
155 4 4 242 246 319 
156 8 3 37 43 61 398 432 456 479 
157 6 115 149 352 451 468 469 
158 10 10 18 41 108 117 273 390 418 450 474 
159 2 43 154 
160 8 22 24 31 136 203 235 372 454 
161 8 76 117 119 121 188 259 428 474 
162 5 83 222 299 378 410 
163 6 59 98 132 149 203 411 
164 7 14 110 136 203 306 313 465 
165 4 60 88 197 221 
166 2 27 149 
167 7 45 149 184 192 280 423 438 
168 6 189 303 350 389 390 448 
169 8 68 213 224 230 304 356 389 452 
170 6 27 46 56 132 356 405 
171 7 59 173 227 343 379 426 435 
172 5 53 65 85 200 219 
173 8 0 26 107 114 171 238 380 399 
174 8 180 207 266 279 295 305 359 394 
175 3 0 285 323 
176 6 90 93 140 225 357 447 
177 5 151 375 401 439 473 
178 6 64 200 227 290 292 398 
179 6 18 96 126 147 396 466 
180 7 174 238 258 302 344 345 414 
181 4 216 345 356 374 
182 9 29 95 105 128 365 375 393 458 472 
183 10 3 35 99 218 238 268 365 376 387 400 
184 5 64 145 167 211 344 
185 5 68 90 358 360 366 
186 3 21 101 202 
187 1 220 
188 11 10 18 161 220 227 252 273 283 286 335 406 
189 6 93 107 168 215 292 421 
190 3 140 383 406 
191 6 39 96 202 238 323 470 
192 8 24 46 127 167 323 355 367 392 
193 9 123 127 136 214 235 305 326 430 473 
194 5 60 100 346 408 411 
195 6 10 36 244 256 355 460 
196 5 221 277 335 340 384 
197 6 12 109 165 206 276 383 
198 3 261 295 364 
199 6 91 117 142 223 398 459 
200 14 5 21 39 60 64 172 178 226 251 274 333 336 382 459 
201 6 16 42 89 127 272 466 
202 7 22 87 186 191 313 347 464 
203 7 1 39 132 160 163 164 277 
204 11 105 205 251 293 313 348 373 428 436 456 459 
205 5 70 83 143 204 456 
206 7 95 116 143 197 260 381 456 
207 10 90 92 112 174 271 314 318 441 461 464 
208 2 41 222 
209 7 121 221 269 281 297 406 438 
210 3 246 359 420 
211 6 6 121 134 150 184 228 
212 7 97 120 125 367 368 378 433 
213 7 42 169 251 308 336 339 352 
214 9 8 39 104 193 220 262 340 352 465 
215 6 117 123 189 291 393 477 
216 7 19 181 254 290 292 429 461 
217 2 129 255 
218 8 44 111 183 320 342 372 391 464 
219 10 13 111 121 172 229 245 339 374 455 464 
220 6 44 132 187 188 214 306 
221 11 13 43 81 115 118 165 196 209 290 370 432 
222 11 8 97 162 208 245 269 390 394 397 415 472 
223 8 1 199 285 350 362 395 451 458 
224 7 108 169 267 293 405 455 462 
225 5 62 176 333 346 387 
226 8 39 48 53 56 121 200 344 363 
227 4 103 171 178 188 
228 11 16 25 36 211 277 286 336 356 403 474 478 
229 10 1 57 72 219 235 310 377 417 457 472 
230 9 2 54 71 127 169 338 340 375 470 
231 3 5 40 349 
232 2 130 324 
233 0 
234 2 150 264 
235 10 19 36 65 153 160 193 229 245 354 371 
236 6 17 24 122 249 438 472 
237 7 3 21 105 118 137 242 280 
238 10 48 72 78 173 180 183 191 255 318 395 
239 5 28 134 313 345 475 
240 3 16 88 301 
241 6 242 282 288 297 304 359 
242 6 5 114 155 237 241 319 
243 3 331 375 470 
244 9 1 69 71 195 281 331 385 439 464 
245 11 6 46 81 94 149 219 222 235 254 292 474 
246 3 155 210 363 
247 5 38 114 139 304 374 
248 5 24 149 271 294 472 
249 11 1 83 236 286 302 324 328 355 399 425 473 
250 3 124 318 356 
251 6 131 200 204 213 346 400 
252 6 4 70 136 188 364 450 
253 6 85 123 149 276 348 351 
254 6 16 99 216 245 362 441 
255 6 29 79 217 238 405 454 
256 8 39 47 53 195 268 277 413 473 
257 2 102 258 
258 8 39 78 113 180 257 287 413 457 
259 6 161 410 438 439 466 469 
260 6 48 206 335 399 433 444 
261 6 70 198 290 305 337 398 
262 3 214 265 385 
263 7 38 48 267 340 402 420 459 
264 5 42 56 125 234 419 
265 5 27 262 359 443 463 
266 12 54 78 81 150 174 278 279 281 317 355 425 471 
267 4 224 263 292 310 
268 7 2 183 256 404 422 452 475 
269 4 209 222 395 477 
270 4 126 282 331 439 
271 6 12 207 248 428 463 467 
272 9 82 107 149 201 279 317 384 404 453 
273 6 153 158 188 385 406 477 
274 4 41 111 200 343 
275 11 67 112 290 313 328 369 394 405 418 441 471 
276 6 22 24 48 197 253 329 
277 8 17 196 203 228 256 311 364 470 
278 7 46 50 266 299 316 337 474 
279 8 55 174 266 272 300 383 412 420 
280 11 112 167 237 351 361 373 376 408 463 474 478 
281 6 20 25 209 244 266 336 
282 6 102 241 270 327 345 423 
283 5 154 188 313 318 424 
284 3 49 400 455 
285 7 44 124 130 175 223 333 427 
286 7 24 37 137 188 228 249 397 
287 5 4 258 332 432 463 
288 8 60 154 241 318 335 398 413 446 
289 4 18 32 305 421 
290 10 89 127 148 178 216 221 261 275 298 454 
291 7 27 44 145 215 312 404 454 
292 7 178 189 216 245 267 371 422 
293 13 21 78 81 86 92 142 153 204 224 319 335 462 477 
294 7 248 300 358 396 404 464 466 
295 12 3 11 42 55 77 83 174 198 383 447 462 474 
296 4 19 350 384 421 
297 7 28 62 85 209 241 335 407 
298 9 102 154 290 326 343 358 389 395 425 
299 4 162 278 314 430 
300 9 17 113 131 279 294 372 400 412 446 
301 7 51 68 79 240 388 427 464 
302 8 67 128 180 249 347 418 420 429 
303 5 65 76 168 343 471 
304 8 113 130 169 241 247 339 387 394 
305 7 78 135 174 193 261 289 469 
306 4 20 100 164 220 
307 3 137 358 444 
308 9 22 46 56 137 213 322 349 404 410 
309 2 19 446 
310 6 62 124 128 229 267 330 
311 6 73 101 110 277 325 469 
312 5 87 132 291 316 400 
313 10 38 80 95 164 202 204 239 275 283 378 
314 4 78 207 299 410 
315 6 9 103 149 432 454 457 
316 10 17 125 278 312 336 367 381 392 435 462 
317 5 89 116 266 272 443 
318 12 28 39 125 144 207 238 250 283 288 319 353 367 
319 6 138 155 242 293 318 418 
320 4 63 147 218 478 
321 4 2 325 450 462 
322 8 24 64 116 152 308 336 351 444 
323 9 82 110 112 175 191 192 383 387 463 
324 10 1 42 46 232 249 326 361 417 456 461 
325 4 78 138 311 321 
326 7 77 129 193 298 324 417 465 
327 5 282 348 400 464 477 
328 9 106 134 135 249 275 357 386 446 450 
329 5 276 345 396 459 478 
330 5 1 42 310 414 437 
331 6 17 87 115 243 244 270 
332 9 59 99 148 151 287 339 371 376 388 
333 8 0 92 200 225 285 339 349 439 
334 2 143 400 
335 8 93 188 196 260 288 293 297 364 
336 9 25 83 200 213 228 281 316 322 350 
337 11 8 30 39 57 109 126 261 278 370 421 446 
338 6 36 78 230 394 476 477 
339 8 85 105 213 219 304 332 333 395 
340 7 86 147 196 214 230 263 375 
341 4 122 356 405 421 
342 2 48 218 
343 5 37 171 274 298 303 
344 5 134 180 184 226 462 
345 10 4 13 180 181 239 282 329 352 415 450 
346 10 1 8 76 95 194 225 251 360 369 398 
347 9 51 86 100 144 149 202 302 355 357 
348 6 33 48 204 253 327 373 
349 11 12 84 97 152 231 308 333 418 421 434 449 
350 9 23 99 115 168 223 296 336 354 404 
351 5 39 74 253 280 322 
352 7 157 213 214 345 396 446 472 
353 6 52 58 63 149 318 396 
354 3 22 235 350 
355 10 33 125 192 195 249 266 347 359 370 401 
356 8 169 170 181 228 250 341 397 419 
357 7 94 104 176 328 347 371 412 
358 13 4 51 103 127 148 185 294 298 307 389 419 460 477 
359 7 51 107 174 210 241 265 355 
360 6 97 120 142 185 346 413 
361 7 10 53 125 280 324 423 456 
362 8 58 66 223 254 405 406 437 439 
363 6 36 226 246 365 409 452 
364 9 39 45 71 97 198 252 277 335 431 
365 5 97 103 182 183 363 
366 3 91 185 382 
367 7 78 124 192 212 316 318 369 
368 1 212 
369 9 11 82 115 123 275 346 367 415 422 
370 8 92 102 110 127 221 337 355 479 
371 6 119 235 292 332 357 438 
372 5 78 160 218 300 389 
373 6 204 280 348 400 417 428 
374 5 122 181 219 247 378 
375 12 70 81 116 148 177 182 230 243 340 444 448 458 
376 8 12 104 111 183 280 332 465 468 
377 3 63 229 418 
378 6 73 108 162 212 313 374 
379 7 43 45 75 84 86 171 381 
380 7 6 51 87 103 173 443 477 
381 6 53 56 97 206 316 379 
382 6 72 78 82 83 200 366 
383 10 20 101 190 197 279 295 323 395 408 466 
384 6 22 90 196 272 296 410 
385 9 19 124 139 244 262 273 443 446 466 
386 5 57 328 389 401 441 
387 6 73 183 225 304 323 396 
388 6 60 87 90 136 301 332 
389 10 75 100 134 168 169 298 358 372 386 446 
390 6 53 158 168 222 430 445 
391 5 52 66 154 218 469 
392 3 64 192 316 
393 7 59 87 152 182 215 398 424 
394 10 62 122 174 222 275 304 338 416 424 439 
395 10 12 113 223 238 269 298 339 383 466 468 
396 10 3 96 133 151 179 294 329 352 353 387 
397 6 76 146 222 286 356 469 
398 15 20 50 74 87 88 146 156 178 199 261 288 346 393 425 426 
399 5 173 249 260 416 458 
400 11 52 102 139 183 251 284 300 312 327 334 373 
401 5 72 120 177 355 386 
402 2 263 423 
403 2 27 228 
404 10 74 101 268 272 291 294 308 350 422 435 
405 9 21 25 170 224 255 275 341 362 435 
406 6 136 188 190 209 273 362 
407 4 92 123 297 445 
408 4 194 280 383 468 
409 3 146 363 469 
410 5 162 259 308 314 384 
411 5 0 118 163 194 452 
412 5 83 279 300 357 437 
413 8 5 40 114 150 256 258 288 360 
414 3 145 180 330 
415 7 5 31 48 96 222 345 369 
416 6 61 64 69 97 394 399 
417 5 97 229 324 326 373 
418 10 11 132 158 275 302 319 349 377 427 453 
419 5 55 264 356 358 466 
420 9 108 117 122 123 210 263 279 302 425 
421 13 24 73 86 98 105 133 189 289 296 337 341 349 455 
422 6 6 13 268 292 369 404 
423 6 38 104 167 282 361 402 
424 6 60 97 132 283 393 394 
425 8 32 62 88 249 266 298 398 420 
426 3 171 398 433 
427 5 37 285 301 418 468 
428 9 19 82 110 131 161 204 271 373 446 
429 7 11 63 89 107 216 302 440 
430 6 22 193 299 390 431 440 
431 3 364 430 446 
432 7 10 156 221 287 315 435 465 
433 3 212 260 426 
434 4 50 98 102 349 
435 8 129 171 316 404 405 432 450 469 
436 5 11 54 121 122 204 
437 6 18 79 330 362 412 472 
438 5 167 209 236 259 371 
439 9 12 34 177 244 259 270 333 362 394 
440 4 5 65 429 430 
441 6 71 207 254 275 386 475 
442 3 43 104 138 
443 8 5 18 91 265 317 380 385 456 
444 8 19 32 66 109 260 307 322 375 
445 4 88 390 407 464 
446 14 22 148 150 288 300 309 328 337 352 385 389 428 431 467 
447 7 35 104 107 131 135 176 295 
448 2 168 375 
449 5 24 31 132 349 461 
450 8 95 119 158 252 321 328 345 435 
451 3 157 223 478 
452 9 16 24 40 60 91 169 268 363 411 
453 7 9 58 93 95 272 418 458 
454 5 160 255 290 291 315 
455 8 25 50 60 219 224 284 421 458 
456 7 156 204 205 206 324 361 443 
457 4 92 229 258 315 
458 8 34 99 182 223 375 399 453 455 
459 8 50 58 140 199 200 204 263 329 
460 3 29 195 358 
461 6 67 98 207 216 324 449 
462 8 31 56 224 293 295 316 321 344 
463 7 50 132 265 271 280 287 323 
464 10 48 202 207 218 219 244 294 301 327 445 
465 8 67 109 148 164 214 326 376 432 
466 9 15 179 201 259 294 383 385 395 419 
467 5 27 111 154 271 446 
468 7 44 134 157 376 395 408 427 
469 14 38 47 83 133 143 146 157 259 305 311 391 397 409 435 
470 6 5 44 191 230 243 277 
471 6 18 25 110 266 275 303 
472 8 121 182 222 229 236 248 352 437 
473 6 121 177 193 249 256 478 
474 7 158 161 228 245 278 280 295 
475 5 52 102 239 268 441 
476 6 23 44 53 102 150 338 
477 11 10 51 100 215 269 273 293 327 338 358 380 
478 8 116 123 228 280 320 329 451 473 
479 6 29 82 87 106 156 370 
