480 5242
0 14 7 61 76 81 163 173 175 202 333 395 396 411 445 468 
1 21 14 22 36 37 128 147 159 203 223 229 244 249 292 324 330 346 378 390 404 406 475 
2 17 56 69 90 153 230 232 249 268 283 321 375 406 418 424 432 462 477 
3 25 18 22 26 30 31 40 46 81 107 140 148 156 183 200 225 237 295 323 326 371 385 396 415 417 457 
4 21 12 77 92 116 119 127 155 197 210 238 252 266 287 291 299 337 342 345 358 451 464 
5 23 28 49 56 58 146 173 187 200 231 238 242 243 282 299 317 379 413 415 440 443 446 470 477 
6 24 13 49 89 95 117 121 133 180 211 219 224 245 263 277 315 316 325 346 348 372 380 421 422 425 
7 14 0 23 97 119 136 144 181 182 224 284 285 338 341 407 
8 19 10 16 51 77 84 86 127 139 183 198 214 222 303 309 337 346 415 432 457 
9 14 63 75 88 123 154 170 198 199 300 311 315 339 419 453 
10 22 8 33 116 140 158 176 178 187 188 195 200 241 277 311 325 335 361 396 397 432 444 477 
11 19 32 77 90 107 179 218 235 253 262 269 288 295 346 369 405 418 429 436 465 
12 21 4 21 25 75 97 104 138 149 162 187 197 271 277 278 317 323 349 351 376 395 439 
13 24 6 15 19 75 96 125 146 147 150 161 219 221 223 224 231 256 301 306 335 337 345 422 449 475 
14 20 1 18 65 70 108 128 129 148 164 187 220 250 259 274 321 340 373 378 437 465 
15 23 13 20 22 27 28 41 133 150 171 178 215 225 264 328 347 353 364 408 434 435 440 455 466 
16 23 8 22 77 103 147 178 201 224 228 240 248 254 269 306 322 323 353 396 408 452 458 464 472 
17 14 55 104 127 137 149 162 235 236 277 300 316 331 353 368 
18 35 3 14 20 27 33 39 56 90 97 127 139 145 157 158 164 174 179 188 196 214 282 289 321 368 370 388 430 433 437 443 447 448 452 463 471 
19 25 13 20 26 39 41 50 119 141 159 173 215 216 235 240 296 309 323 362 376 385 428 437 444 445 460 
20 28 15 18 19 22 34 78 90 105 116 153 176 195 227 228 231 242 268 269 281 306 327 330 354 372 383 388 398 453 
21 13 12 76 82 93 186 200 237 245 293 366 405 430 444 
22 32 1 3 15 16 20 30 38 66 160 168 170 194 200 202 217 270 276 282 306 308 312 321 347 354 384 391 407 427 430 438 446 479 
23 26 7 26 28 30 51 56 59 63 78 84 87 89 143 293 304 309 350 365 374 395 397 411 430 447 453 476 
24 22 30 37 63 98 108 119 128 142 150 160 171 185 192 236 248 276 286 322 365 421 449 452 
25 21 12 41 62 115 121 130 178 208 228 256 260 262 276 281 293 304 336 349 405 455 471 
26 23 3 19 23 27 38 91 108 144 173 178 195 208 211 235 237 253 257 391 400 401 413 421 475 
27 20 15 18 26 42 51 87 127 135 166 170 265 291 345 370 379 397 403 415 437 467 
28 25 5 15 23 31 45 62 81 105 150 193 203 228 235 239 264 265 297 302 304 309 318 345 374 436 456 
29 22 43 56 57 65 86 141 145 153 163 182 185 255 288 316 323 328 438 447 456 460 477 479 
30 21 3 22 23 24 34 50 54 79 100 121 136 235 254 261 337 338 362 376 403 416 434 
31 20 3 28 40 93 99 160 161 170 175 205 272 282 283 309 356 397 415 449 450 462 
32 21 11 37 61 69 98 120 131 141 151 161 231 283 285 289 374 425 426 441 444 449 458 
33 21 10 18 66 71 101 116 128 143 150 152 168 185 235 239 297 315 348 355 377 442 471 
34 15 20 30 67 86 101 120 123 139 155 204 360 416 439 452 458 
35 17 38 71 127 183 200 205 221 284 318 326 376 398 402 434 438 447 453 
36 25 1 37 53 103 114 125 133 153 156 161 168 191 195 228 235 240 265 327 338 349 357 363 431 461 466 
37 22 1 24 32 36 60 106 116 120 139 156 197 266 270 286 298 343 408 422 427 432 456 467 
38 33 22 26 35 43 48 88 105 115 153 176 189 195 204 217 247 262 263 272 287 313 318 320 327 328 345 370 371 378 394 423 433 465 469 
39 34 18 19 44 63 123 132 137 140 149 150 160 191 200 203 214 226 254 256 258 265 279 293 309 318 337 340 344 351 364 398 399 425 427 437 
40 21 3 31 68 120 121 178 181 186 231 261 270 293 302 316 326 340 350 364 386 413 452 
41 18 15 19 25 51 131 158 196 208 217 274 278 338 349 356 377 447 448 467 
42 24 27 56 66 77 85 153 178 179 201 213 262 264 295 304 314 317 324 325 330 367 389 420 471 477 
43 25 29 38 65 100 120 121 156 158 159 180 191 207 214 221 294 310 323 335 349 361 369 379 442 443 468 
44 32 39 64 68 104 105 108 121 133 136 142 147 179 193 215 218 220 275 285 291 300 301 312 318 319 322 395 449 456 467 468 470 476 
45 20 28 82 88 164 167 231 233 270 336 356 361 364 379 389 390 394 402 466 473 475 
46 26 3 77 86 126 158 170 187 192 245 254 258 269 273 277 278 308 324 326 330 331 347 366 372 405 440 453 
47 16 105 111 188 205 256 279 309 319 332 341 388 397 398 410 436 469 
48 25 38 56 93 104 178 185 191 206 208 226 238 244 260 263 276 339 341 342 348 360 372 402 415 459 464 
49 19 5 6 60 95 125 145 171 177 181 193 197 243 284 286 291 330 419 429 439 
50 24 19 30 64 72 171 175 183 188 229 247 251 258 278 349 351 363 376 398 408 434 451 455 459 463 
51 33 8 23 27 41 64 76 79 86 112 114 116 117 136 145 159 163 173 185 215 255 264 291 297 298 299 301 302 347 358 359 380 414 477 
52 18 54 77 113 118 160 193 229 235 269 353 364 366 391 400 410 415 423 475 
53 19 36 58 113 143 172 175 202 208 225 226 256 267 306 361 381 390 396 433 476 
54 13 30 52 102 157 191 230 262 266 296 359 382 436 470 
55 15 17 71 84 136 188 279 290 295 302 312 329 347 406 419 436 
56 29 2 5 18 23 29 42 48 69 87 150 166 170 207 212 224 226 231 247 256 257 264 282 285 298 306 308 344 381 462 
57 16 29 58 83 97 212 229 239 241 323 332 337 354 386 399 435 454 
58 30 5 53 57 73 112 149 163 183 185 194 198 233 234 259 295 311 319 323 339 353 362 376 377 410 414 433 444 453 458 459 
59 15 23 65 130 163 171 236 256 311 328 332 336 393 434 451 453 
60 42 37 49 64 74 82 87 90 110 113 118 121 130 148 149 150 152 154 159 164 165 194 200 205 224 243 260 288 289 291 320 362 388 390 393 411 423 424 429 449 452 455 472 
61 16 0 32 104 117 122 129 142 156 178 189 221 246 284 354 416 455 
62 24 25 28 100 127 148 156 168 183 199 203 225 232 297 310 343 364 371 394 400 403 425 460 461 462 
63 19 9 23 24 39 88 91 198 218 302 310 319 320 353 377 404 420 429 446 466 
64 24 44 50 51 60 69 102 128 173 178 184 191 200 221 246 291 322 338 362 387 392 416 420 449 454 
65 23 14 29 43 59 70 89 95 117 144 150 155 171 172 235 241 258 303 318 330 411 440 441 479 
66 25 22 33 42 82 84 86 102 125 145 165 216 249 277 292 310 315 332 335 350 362 390 391 430 444 471 
67 20 34 69 98 101 108 114 167 213 214 242 248 275 302 351 366 406 436 450 461 465 
68 14 40 44 158 169 173 185 192 273 289 301 348 394 397 407 
69 28 2 32 56 64 67 71 85 98 143 144 157 175 177 190 205 209 233 244 250 251 278 280 301 303 388 416 419 461 
70 24 14 65 128 134 166 172 196 205 209 215 228 244 252 261 267 279 300 335 349 375 379 410 422 432 
71 20 33 35 55 69 94 121 126 141 185 230 244 247 248 279 289 364 407 431 441 451 
72 18 50 184 188 206 213 229 238 273 281 363 375 382 383 401 433 436 444 478 
73 23 58 100 120 127 135 172 175 185 212 311 350 358 374 376 378 387 394 405 414 421 428 459 467 
74 23 60 81 93 119 125 126 173 199 200 205 206 212 290 292 303 333 351 357 370 398 404 457 468 
75 18 9 12 13 94 103 104 109 147 203 233 262 319 326 339 353 379 389 425 
76 20 0 21 51 120 125 131 132 137 159 161 211 303 320 346 360 396 397 417 450 452 
77 15 4 8 11 16 42 46 52 99 117 136 224 242 295 326 455 
78 27 20 23 84 111 118 138 179 195 238 258 266 278 292 293 305 314 325 338 355 364 367 372 379 382 402 462 466 
79 12 30 51 81 102 113 124 214 220 255 301 437 446 
80 12 83 86 94 158 169 182 240 313 343 352 424 438 
81 26 0 3 28 74 79 130 191 199 221 225 230 245 262 266 293 295 313 314 340 345 375 389 394 410 412 467 
82 27 21 45 60 66 85 88 95 98 124 125 184 215 218 272 279 290 303 311 316 323 340 348 369 382 401 428 479 
83 24 57 80 112 116 133 162 182 192 205 218 249 292 293 295 317 319 336 375 381 382 404 412 469 474 
84 24 8 23 55 66 78 107 110 154 183 195 198 199 257 277 283 300 349 355 379 381 392 427 445 456 
85 20 42 69 82 88 101 152 161 172 197 208 221 253 258 261 276 297 339 375 381 436 
86 24 8 29 34 46 51 66 80 126 132 134 161 178 195 221 240 251 293 340 347 379 416 421 422 449 
87 22 23 27 56 60 99 134 157 164 185 202 286 312 331 332 343 380 388 393 398 422 434 479 
88 21 9 38 45 63 82 85 117 118 127 165 212 231 240 273 296 374 376 386 398 425 445 
89 16 6 23 65 108 201 209 220 289 290 317 335 357 385 426 429 473 
90 28 2 11 18 20 60 91 103 142 162 168 171 176 185 194 207 213 218 242 247 250 335 347 362 370 384 388 392 435 
91 17 26 63 90 113 138 161 199 245 335 366 371 379 428 443 450 452 476 
92 22 4 101 117 120 150 165 191 192 207 221 249 255 293 324 333 352 368 370 374 407 457 473 
93 22 21 31 48 74 104 107 115 122 176 189 226 232 260 317 331 335 337 338 427 451 453 471 
94 18 71 75 80 97 140 151 218 245 281 305 334 350 357 400 410 442 466 472 
95 25 6 49 65 82 110 144 149 182 183 190 206 307 313 327 328 346 395 413 421 439 442 450 453 454 458 
96 15 13 139 179 191 221 257 323 331 396 406 412 415 441 461 473 
97 28 7 12 18 57 94 134 152 209 212 216 222 247 250 286 307 332 349 353 360 364 365 381 384 389 416 417 424 460 
98 28 24 32 67 69 82 107 129 139 140 141 163 180 260 261 269 324 329 348 360 368 391 398 408 421 434 446 461 474 
99 23 31 77 87 122 147 155 163 181 183 232 244 254 293 309 332 350 362 377 381 456 458 466 467 
100 18 30 43 62 73 122 127 189 194 246 259 261 306 347 381 389 395 451 477 
101 20 33 34 67 85 92 134 149 150 186 197 208 279 295 311 319 360 376 383 404 427 
102 25 54 64 66 79 130 135 150 175 214 219 221 228 247 257 282 298 350 369 370 400 434 438 444 475 476 
103 17 16 36 75 90 199 227 242 273 294 315 352 358 365 380 431 456 477 
104 29 12 17 44 48 61 75 93 115 143 214 220 270 273 275 276 297 300 318 331 357 368 370 376 420 423 442 444 447 460 
105 18 20 28 38 44 47 141 182 204 217 237 241 251 337 339 350 383 421 444 
106 13 37 118 138 191 218 290 324 328 332 377 464 465 479 
107 19 3 11 84 93 98 129 173 178 189 246 272 319 321 359 367 389 426 429 447 
108 18 14 24 26 44 67 89 151 158 162 224 325 338 364 378 390 397 420 432 
109 17 75 147 184 197 233 246 262 308 337 371 376 380 422 440 444 465 472 
110 18 60 84 95 112 148 152 160 164 183 225 273 279 311 323 370 428 468 471 
111 19 47 78 114 147 201 204 214 218 219 262 272 274 345 376 421 423 426 454 467 
112 21 51 58 83 110 118 137 207 245 260 267 275 280 298 312 323 334 351 371 373 452 475 
113 23 52 53 60 79 91 118 127 132 163 166 176 177 191 203 258 300 304 319 368 376 393 395 418 
114 15 36 51 67 111 140 142 147 149 173 242 247 311 367 413 450 
115 26 25 38 93 104 121 133 155 156 157 215 221 227 243 248 268 321 328 331 350 366 369 389 417 432 438 467 
116 22 4 10 20 33 37 51 83 128 173 188 206 212 266 294 317 318 322 325 375 443 475 478 
117 22 6 51 61 65 77 88 92 158 161 185 199 215 225 269 303 325 328 378 407 420 429 454 
118 26 52 60 78 88 106 112 113 129 143 183 186 211 216 220 221 237 255 281 345 381 411 413 426 427 435 465 
119 22 4 7 19 24 74 142 161 165 206 213 215 284 306 369 371 394 415 420 432 435 450 478 
120 25 32 34 37 40 43 73 76 92 122 177 212 225 236 266 274 307 360 361 363 374 392 401 436 441 476 
121 31 6 25 30 40 43 44 60 71 115 125 138 143 151 161 189 192 205 209 211 213 219 226 269 281 289 302 369 389 436 472 473 
122 20 61 93 99 100 120 129 131 146 152 180 188 236 237 341 374 394 405 411 420 436 
123 18 9 34 39 139 146 193 215 227 253 268 348 369 392 407 409 420 423 478 
124 20 79 82 128 132 153 189 194 199 250 285 310 345 367 385 398 399 421 442 460 478 
125 22 13 36 49 66 74 76 82 121 129 157 191 212 264 289 316 318 343 347 355 361 434 463 
126 23 46 71 74 86 133 134 161 176 179 202 212 270 271 313 325 336 337 339 349 386 423 441 472 
127 28 4 8 17 18 27 35 62 73 88 100 113 163 192 193 201 215 230 234 249 253 274 290 296 353 358 370 422 465 
128 18 1 14 24 33 64 70 116 124 182 199 207 247 267 281 302 310 313 432 
129 16 14 61 98 107 118 122 125 131 178 217 220 244 258 326 435 448 
130 21 25 59 60 81 102 142 216 232 239 285 304 327 344 370 391 394 436 452 461 462 476 
131 26 32 41 76 122 129 137 179 180 193 212 224 226 230 251 258 300 322 325 334 362 367 391 420 428 447 468 
132 26 39 76 86 113 124 163 170 173 186 203 220 227 241 264 269 291 305 312 379 399 415 418 424 449 457 463 
133 19 6 15 36 44 83 115 126 188 245 262 328 349 374 396 400 421 433 469 476 
134 21 70 86 87 97 101 126 150 160 199 211 239 275 285 328 344 389 400 419 441 442 468 
135 18 27 73 102 181 191 193 210 212 248 282 305 315 317 323 328 330 388 447 
136 24 7 30 44 51 55 77 144 160 164 190 193 200 210 249 252 258 364 370 377 382 388 406 436 464 
137 25 17 39 76 112 131 155 190 208 215 229 231 237 259 265 285 286 304 307 308 315 348 398 401 445 478 
138 17 12 78 91 106 121 150 151 170 214 245 319 325 333 416 424 442 474 
139 26 8 18 34 37 96 98 123 143 153 165 213 233 247 280 293 300 301 315 341 383 385 389 396 400 441 475 
140 23 3 10 39 94 98 114 141 150 174 176 190 257 281 290 314 322 357 405 410 416 451 452 459 
141 16 19 29 32 71 98 105 140 187 250 252 302 318 324 368 419 479 
142 23 24 44 61 90 114 119 130 153 184 199 206 236 237 293 304 322 360 365 373 386 403 413 438 
143 23 23 33 53 69 104 118 121 139 153 205 206 235 240 264 265 292 327 334 336 341 378 439 469 
144 16 7 26 65 69 95 136 152 153 207 215 235 318 332 347 389 437 
145 20 18 29 49 51 66 150 184 190 195 271 275 291 305 310 312 339 340 377 386 414 
146 21 5 13 122 123 173 176 201 251 257 319 340 342 344 389 397 398 399 409 425 469 476 
147 22 1 13 16 44 75 99 109 111 114 167 179 192 202 241 318 320 338 340 345 354 428 443 
148 22 3 14 60 62 110 160 181 194 209 245 257 290 302 332 358 375 428 434 443 446 450 465 
149 28 12 17 39 58 60 95 101 114 155 157 160 163 166 167 197 209 245 248 253 272 298 315 347 353 372 379 430 435 
150 30 13 15 24 28 33 39 56 60 65 92 101 102 134 138 140 145 211 230 232 234 247 266 288 327 347 390 413 436 446 476 
151 22 32 94 108 121 138 177 187 205 208 229 254 268 284 285 332 371 372 396 409 417 455 471 
152 22 33 60 85 97 110 122 144 207 238 247 302 306 311 321 322 348 349 350 393 404 413 417 
153 27 2 20 29 36 38 42 124 139 142 143 144 155 158 182 208 235 255 273 293 353 365 373 390 409 411 434 451 
154 19 9 60 84 159 162 176 238 262 270 283 288 298 323 346 379 381 391 454 467 
155 24 4 34 65 99 115 137 149 153 190 242 246 247 261 288 289 299 311 319 343 364 370 413 441 465 
156 21 3 36 37 43 61 62 115 157 200 270 284 377 380 398 404 432 435 442 454 456 479 
157 19 18 54 69 87 115 125 149 156 162 165 176 278 283 352 417 451 468 469 477 
158 27 10 18 41 43 46 68 80 108 117 153 200 222 225 244 251 273 288 292 360 390 418 421 427 450 455 458 474 
159 18 1 19 43 51 60 76 154 171 180 198 209 297 322 359 364 377 455 479 
160 21 22 24 31 39 52 110 134 136 148 149 203 216 235 287 292 346 372 381 416 454 479 
161 21 13 31 32 36 76 85 86 91 117 119 121 126 183 188 205 245 259 357 378 428 474 
162 29 12 17 83 90 108 154 157 182 191 194 222 223 225 247 260 284 299 306 324 325 376 378 391 395 399 406 410 431 432 
163 26 0 29 51 58 59 98 99 113 127 132 149 191 195 199 203 228 258 266 301 305 314 340 411 449 459 471 
164 17 14 18 45 60 87 110 136 167 203 206 215 272 306 312 313 334 465 
165 19 60 66 88 92 119 139 157 197 215 221 238 284 285 301 339 367 379 385 390 
166 11 27 56 70 113 149 260 271 292 313 408 478 
167 22 45 67 147 149 164 173 184 192 280 320 337 351 356 367 369 410 413 420 423 438 441 447 
168 24 22 33 36 62 90 189 207 211 213 245 246 269 292 294 303 348 350 372 389 390 436 445 448 471 
169 14 68 80 213 224 230 231 249 272 279 304 306 356 389 452 
170 18 9 22 27 31 46 56 132 138 207 214 236 261 356 370 399 405 442 466 
171 29 15 24 49 50 59 65 90 159 173 178 213 222 225 227 282 298 306 315 333 343 347 379 426 435 437 453 459 462 478 
172 14 53 65 70 73 85 173 198 200 219 281 393 413 447 462 
173 21 0 5 19 26 51 64 68 74 107 114 116 132 146 167 171 172 238 374 380 390 399 
174 24 18 140 179 180 207 208 266 279 287 291 295 305 320 325 326 338 344 353 359 380 394 420 426 444 
175 22 0 31 50 53 69 73 102 197 256 264 285 294 305 319 323 349 405 407 442 446 458 459 
176 30 10 20 38 90 93 113 126 140 146 154 157 193 202 209 225 241 275 281 309 336 343 351 357 360 373 390 400 427 436 447 
177 21 49 69 113 120 151 187 220 244 274 289 315 328 343 375 397 401 423 439 441 459 473 
178 28 10 15 16 25 26 40 42 48 61 64 86 107 129 171 200 226 227 270 280 283 290 292 361 365 398 428 452 471 
179 17 11 18 42 44 78 96 126 131 147 174 274 396 406 413 466 470 472 
180 21 6 43 98 122 131 159 174 184 196 205 238 258 302 337 344 345 347 367 383 394 414 
181 25 7 40 49 99 135 148 216 218 255 272 282 293 324 328 342 345 356 359 374 395 410 427 431 460 470 
182 27 7 29 80 83 95 105 128 153 162 188 203 206 218 277 300 313 365 375 388 391 393 396 404 415 450 458 472 
183 31 3 8 35 50 58 62 84 95 99 110 118 161 195 198 218 238 241 244 268 304 357 363 365 367 376 387 389 400 409 415 452 
184 19 64 72 82 109 142 145 167 180 211 212 236 277 337 338 344 356 396 441 442 
185 24 24 29 33 48 51 58 68 71 73 87 90 117 203 231 251 292 341 346 358 360 366 419 460 475 
186 13 21 40 101 118 132 202 219 290 293 323 331 395 426 
187 20 5 10 12 14 46 141 151 177 190 218 220 232 297 314 315 328 334 386 395 426 
188 33 10 18 47 50 55 72 116 122 133 161 182 206 220 227 252 273 277 283 286 335 342 346 350 357 362 367 372 380 392 405 406 460 475 
189 20 38 61 93 100 107 121 124 168 215 262 263 272 292 312 320 323 341 360 363 421 
190 18 69 95 136 137 140 145 155 187 236 241 263 325 336 370 383 406 429 446 
191 30 36 39 43 48 54 64 81 92 96 106 113 125 135 162 163 193 196 202 218 219 238 243 250 273 323 330 419 433 436 470 
192 19 24 46 68 83 92 121 127 147 167 300 323 355 367 381 389 392 393 450 471 
193 26 28 44 49 52 123 127 131 135 136 176 191 208 214 235 252 259 271 280 294 300 305 326 380 392 430 473 
194 17 22 58 60 90 100 124 148 162 245 264 270 299 329 346 408 411 450 
195 22 10 20 26 36 38 78 84 86 145 163 183 213 220 244 252 256 278 329 331 355 411 460 
196 20 18 41 70 180 191 221 247 273 277 293 335 340 384 413 416 422 432 439 448 472 
197 23 4 12 37 49 85 101 109 149 165 175 206 229 237 252 256 276 368 369 383 407 418 437 462 
198 18 8 9 58 63 84 159 172 183 215 261 283 295 309 364 456 471 474 475 
199 23 9 62 74 81 84 91 103 117 124 128 134 142 163 202 212 223 262 314 354 392 395 398 459 
200 31 3 5 10 21 22 35 39 60 64 74 136 156 158 172 178 208 211 226 231 235 240 251 264 274 333 336 349 374 382 417 459 
201 20 16 42 89 111 127 146 219 272 276 290 298 340 347 375 413 417 421 466 476 479 
202 19 0 22 53 87 126 147 176 186 191 199 211 255 287 313 347 387 399 445 464 
203 21 1 28 39 62 75 113 132 160 163 164 182 185 213 277 283 286 345 421 427 435 472 
204 22 34 38 105 111 205 210 214 251 254 257 293 305 313 318 334 348 373 428 435 436 456 459 
205 28 31 35 47 60 69 70 74 83 121 143 151 161 180 204 263 269 280 303 386 390 425 435 436 440 445 447 449 456 
206 24 48 72 74 95 116 119 142 143 164 182 188 197 239 250 260 269 275 300 322 339 378 381 436 456 
207 30 43 56 90 92 112 128 144 152 168 170 174 220 254 264 271 304 314 318 339 346 348 349 357 415 425 426 441 444 461 464 
208 20 25 26 41 48 53 85 101 137 151 153 174 193 200 222 270 273 384 399 471 472 
209 26 69 70 89 97 121 148 149 159 176 221 252 260 269 281 284 289 297 349 359 397 406 438 446 451 466 469 
210 17 4 135 136 204 234 246 247 264 282 307 317 356 359 411 420 431 438 
211 15 6 26 76 118 121 134 150 168 184 200 202 228 296 314 339 
212 27 56 57 73 74 88 97 116 120 125 126 131 135 184 199 232 239 268 301 331 367 368 370 378 379 433 439 469 
213 25 42 67 72 90 119 121 139 168 169 171 195 203 214 223 251 281 285 308 336 339 352 366 389 421 442 
214 23 8 18 39 43 67 79 102 104 111 138 170 193 204 213 220 247 262 309 336 340 342 352 465 
215 28 15 19 44 51 70 82 115 117 119 123 127 137 144 164 165 189 198 240 256 274 278 291 294 326 347 393 437 477 
216 22 19 66 97 118 130 160 181 241 254 259 268 279 290 292 319 326 336 361 429 432 454 461 
217 21 22 38 41 105 129 255 272 280 282 284 331 333 350 352 369 378 381 387 397 448 474 
218 25 11 44 63 82 83 90 94 106 111 181 182 183 187 191 299 320 342 362 372 383 391 395 430 444 464 
219 21 6 13 102 111 121 172 186 191 201 229 245 294 307 339 353 374 379 434 435 455 464 
220 21 14 44 79 89 104 118 129 132 177 187 188 195 207 214 247 248 281 300 306 324 358 
221 32 13 35 43 61 64 81 85 86 92 96 102 115 118 165 196 209 266 271 275 290 357 364 370 379 381 402 408 432 442 449 460 468 
222 24 8 97 158 162 171 208 238 245 269 277 285 297 340 344 383 389 390 394 397 412 415 429 430 472 
223 15 1 13 162 199 213 285 296 350 352 362 395 430 451 458 461 
224 24 6 7 13 16 56 60 77 108 131 169 229 232 267 283 293 302 325 382 387 392 405 411 455 462 
225 22 3 15 53 62 81 110 117 120 158 162 171 176 275 319 333 346 359 387 398 405 429 463 
226 15 39 48 53 56 93 121 131 178 200 261 290 344 363 413 429 
227 17 20 103 115 123 132 171 178 188 233 273 290 295 306 366 372 395 446 
228 25 16 20 25 28 36 70 102 163 211 235 260 277 286 314 317 336 356 400 402 403 439 452 472 474 478 
229 20 1 50 52 57 72 137 151 197 219 224 230 235 239 310 318 377 417 437 457 472 
230 20 2 54 71 81 127 131 150 169 229 257 265 267 318 338 340 375 409 411 419 470 
231 25 5 13 20 32 40 45 56 88 137 169 185 200 241 263 267 268 334 349 373 378 409 430 454 462 464 
232 17 2 62 93 99 130 150 187 212 224 238 257 301 324 326 409 427 444 
233 13 45 58 69 75 109 139 227 248 296 307 346 352 360 
234 9 58 127 150 210 264 277 282 376 380 
235 26 11 17 19 26 28 30 33 36 52 65 143 144 153 160 193 200 228 229 245 252 253 270 293 354 371 387 
236 21 17 24 59 120 122 142 170 184 190 242 249 257 270 337 356 379 436 438 459 471 472 
237 19 3 21 26 105 118 122 137 142 197 242 278 280 281 286 297 317 340 377 394 
238 25 4 5 48 72 78 152 154 165 173 180 183 191 222 232 250 255 269 285 318 330 377 395 420 431 436 
239 20 28 33 57 130 134 206 212 229 250 259 269 313 314 345 347 369 408 412 456 475 
240 19 16 19 36 80 86 88 143 200 215 253 286 301 310 359 394 400 423 447 455 
241 24 10 57 65 105 132 147 176 183 190 216 231 242 282 288 297 300 302 304 359 369 409 429 469 471 
242 18 5 20 67 77 90 103 114 155 236 237 241 259 300 319 330 345 359 422 
243 15 5 49 60 115 191 279 321 331 375 394 415 418 447 458 470 
244 24 1 48 69 70 71 99 129 158 177 183 195 269 273 281 331 346 363 383 385 397 401 439 464 476 
245 25 6 21 46 81 91 94 112 133 138 148 149 161 168 194 219 222 235 254 262 292 294 312 344 347 474 
246 18 61 64 100 107 109 155 168 210 281 310 335 350 352 363 392 397 421 468 
247 24 38 50 56 71 90 97 102 114 128 139 150 152 155 162 196 210 214 220 304 361 374 376 384 397 
248 19 16 24 67 71 115 135 149 220 233 259 271 281 294 345 355 376 388 413 472 
249 29 1 2 66 83 92 127 136 169 236 263 282 286 291 302 321 323 324 328 329 346 355 364 369 399 421 425 426 473 477 
250 18 14 69 90 97 124 141 191 206 238 239 283 314 318 327 338 356 384 477 
251 17 50 69 86 105 131 146 158 185 200 204 213 274 322 335 346 400 456 
252 17 4 70 136 141 188 193 195 197 209 235 279 330 364 365 385 450 454 
253 14 11 26 85 123 127 149 235 240 276 322 348 351 442 446 
254 18 16 30 39 46 99 151 204 207 216 245 255 265 362 426 432 441 460 474 
255 15 29 51 79 92 118 153 181 202 217 238 254 336 405 418 454 
256 24 13 25 39 47 53 56 59 175 195 197 215 268 277 312 328 331 378 382 393 413 437 447 448 473 
257 17 26 56 84 96 102 140 146 148 204 230 232 236 258 269 290 383 433 
258 26 39 46 50 65 78 85 113 129 131 136 163 180 257 275 287 299 319 330 397 413 419 456 457 462 473 478 
259 20 14 58 100 137 161 193 216 239 242 248 272 339 370 401 410 438 439 466 469 471 
260 23 25 48 60 93 98 112 162 166 206 209 228 262 289 329 335 350 351 377 399 420 433 444 464 
261 20 30 40 70 85 98 100 155 170 198 226 272 290 305 316 317 337 375 398 419 442 
262 25 11 25 38 42 54 75 81 109 111 133 154 189 199 214 245 260 265 304 306 308 319 365 385 449 459 
263 21 6 38 48 189 190 205 231 249 267 306 320 335 340 369 385 400 402 412 420 444 459 
264 20 15 28 42 51 56 125 132 143 175 194 200 207 210 234 265 289 303 419 446 468 
265 15 27 28 36 39 137 143 230 254 262 264 317 359 425 443 463 
266 26 4 37 54 78 81 116 120 150 163 174 221 267 278 279 281 317 329 355 356 374 391 410 424 425 459 471 
267 19 53 70 112 128 224 230 231 263 266 285 292 310 337 353 369 399 432 438 472 
268 19 2 20 115 123 151 183 212 216 231 256 303 383 404 422 439 445 452 457 475 
269 24 11 16 20 46 52 98 117 121 132 168 205 206 209 222 238 239 244 257 317 358 392 395 436 477 
270 24 22 37 40 45 104 126 154 156 178 194 208 235 236 274 281 282 290 322 328 331 346 376 439 469 
271 18 12 126 145 166 193 207 221 248 294 298 304 319 388 412 428 433 463 467 
272 24 31 38 82 107 111 149 164 169 181 189 201 217 259 261 279 317 337 351 359 366 384 386 404 453 
273 23 46 68 72 88 103 104 110 153 158 188 191 196 208 227 244 327 354 363 385 401 406 424 477 
274 17 14 41 111 120 127 177 179 200 215 251 270 302 304 343 423 453 475 
275 27 44 67 104 112 134 145 176 206 221 225 258 290 313 323 328 360 369 394 405 415 418 430 441 449 455 471 474 
276 18 22 24 25 48 85 104 197 201 253 329 338 347 352 355 396 402 418 468 
277 28 6 10 12 17 46 66 84 182 184 188 196 203 222 228 234 256 290 294 297 311 320 324 336 343 364 367 371 470 
278 23 12 41 46 50 69 78 157 195 215 237 266 296 299 316 326 337 358 405 420 449 466 470 474 
279 28 39 47 55 70 71 82 101 110 169 174 216 243 252 266 272 300 329 348 363 375 383 407 412 418 420 446 460 465 
280 26 69 112 139 167 178 193 205 217 237 335 336 351 361 369 373 376 405 408 410 416 418 427 461 463 474 478 
281 27 20 25 72 94 118 121 128 140 172 176 209 213 220 237 244 246 248 266 270 304 307 336 368 371 394 428 446 
282 25 5 18 22 31 56 102 135 171 181 210 217 234 241 249 270 283 296 327 336 345 347 384 394 408 423 
283 26 2 31 32 84 154 157 178 188 198 203 224 250 282 303 313 317 318 321 332 355 377 424 442 452 455 478 
284 19 7 35 49 61 119 151 156 162 165 209 217 292 339 343 400 411 449 455 468 
285 22 7 32 44 56 124 130 134 137 151 165 175 213 222 223 238 267 295 333 338 407 427 465 
286 25 24 37 49 87 97 137 188 203 228 237 240 249 290 296 322 339 343 350 362 382 390 397 399 409 431 
287 15 4 38 160 174 202 258 289 296 332 349 364 389 432 463 471 
288 22 11 29 60 150 154 155 158 241 294 318 335 386 387 398 399 406 413 427 433 435 446 459 
289 18 18 32 60 68 71 89 121 125 155 177 209 260 264 287 299 305 421 445 
290 29 55 74 82 89 106 127 140 148 178 186 201 216 221 226 227 257 261 270 275 277 286 298 322 333 363 382 389 413 454 
291 25 4 27 44 49 51 60 64 132 145 174 215 249 297 298 304 312 321 344 349 404 414 424 448 454 471 
292 21 1 66 74 78 83 143 158 160 166 168 178 185 189 216 245 267 284 336 371 416 422 
293 30 21 23 25 39 40 78 81 83 86 92 99 139 142 153 181 186 196 204 224 235 319 322 335 342 351 416 423 450 462 477 
294 22 43 103 116 168 175 193 215 219 245 248 271 277 288 300 302 355 358 396 404 462 464 466 
295 19 3 11 42 55 58 77 81 83 101 174 198 227 285 333 347 383 447 462 474 
296 17 19 54 88 127 211 223 233 278 282 286 287 299 350 361 384 385 421 
297 19 28 33 51 62 85 104 159 187 209 222 237 241 277 291 335 373 407 434 450 
298 21 37 51 56 102 112 149 154 171 201 271 290 291 307 326 343 358 377 389 395 405 425 
299 19 4 5 51 155 162 194 218 258 278 289 296 313 314 327 347 377 395 430 464 
300 29 9 17 44 70 84 104 113 131 139 182 192 193 206 220 241 242 279 294 323 344 355 372 400 412 424 443 446 457 470 
301 21 13 44 51 68 69 79 139 163 165 212 232 240 318 319 324 347 348 388 427 441 464 
302 28 28 40 51 55 63 67 121 128 141 148 152 180 224 241 249 274 294 341 347 352 363 368 418 420 429 444 460 478 
303 19 8 65 69 74 76 82 117 168 205 264 268 283 326 343 353 369 428 462 471 
304 31 23 25 28 42 113 130 137 142 169 183 207 241 247 262 271 274 281 291 309 323 339 349 359 386 387 390 394 398 416 419 438 
305 20 78 94 132 135 145 163 174 175 193 204 261 289 348 353 362 366 368 373 469 471 
306 23 13 16 20 22 53 56 100 119 152 162 164 169 171 220 227 262 263 322 379 382 401 433 454 
307 12 95 97 120 137 210 219 233 281 298 358 373 444 
308 15 22 46 56 109 137 213 262 322 349 363 404 410 445 458 460 
309 20 8 19 23 28 31 39 47 99 176 198 214 304 314 316 358 367 399 412 440 446 
310 18 43 62 63 66 124 128 145 229 240 246 267 324 330 335 384 407 448 473 
311 17 9 10 58 59 73 82 101 110 114 152 155 277 325 366 389 462 469 
312 19 22 44 55 87 112 132 145 164 189 245 256 291 316 357 369 391 400 433 468 
313 22 38 80 81 95 126 128 164 166 182 202 204 239 275 283 299 324 332 343 355 378 475 479 
314 24 42 78 81 140 163 187 199 207 211 228 239 250 299 309 316 330 345 364 371 376 378 388 410 478 
315 21 6 9 33 66 103 135 137 139 149 171 177 187 394 411 418 432 436 443 454 457 476 
316 21 6 17 29 40 82 125 261 278 309 312 314 320 336 339 367 370 381 392 408 435 462 
317 25 5 12 42 83 89 93 116 135 210 228 237 261 265 266 269 272 283 321 343 353 372 376 403 405 443 
318 25 28 35 38 39 44 65 104 116 125 141 144 147 204 207 229 230 238 250 283 288 301 319 353 367 387 
319 26 44 47 58 63 75 83 101 107 113 138 146 155 175 216 225 242 258 262 271 293 301 318 324 418 434 446 
320 19 38 60 63 76 147 167 174 189 218 263 277 316 391 400 402 437 455 460 478 
321 20 2 14 18 22 107 115 152 243 249 283 291 317 325 335 386 399 409 450 461 462 
322 25 16 24 44 64 116 131 140 142 152 159 206 251 253 270 286 290 293 306 308 329 336 351 371 444 450 
323 37 3 12 16 19 29 43 57 58 82 96 110 112 135 154 175 186 189 191 192 249 275 300 304 329 334 338 354 361 383 384 387 398 414 441 451 459 463 
324 25 1 42 46 92 98 106 141 162 181 220 232 249 277 301 310 313 319 326 334 361 417 451 456 461 462 
325 20 6 10 42 78 108 116 117 126 131 138 162 174 190 224 311 321 335 338 366 460 
326 22 3 35 40 46 75 77 129 174 193 215 216 232 278 298 303 324 345 373 417 427 449 465 
327 20 20 36 38 95 130 143 150 250 273 282 299 348 371 375 395 400 411 430 464 477 
328 27 15 29 38 59 95 106 115 117 133 134 135 177 181 187 249 256 270 275 332 357 386 392 394 406 442 446 450 
329 22 55 98 194 195 249 260 266 276 279 322 323 345 395 396 416 421 448 459 465 466 474 478 
330 18 1 20 42 46 49 65 135 191 238 242 252 258 310 314 331 414 418 437 
331 21 17 46 87 93 96 104 115 186 195 212 217 243 244 256 270 330 341 400 408 427 474 
332 23 47 57 59 66 87 97 99 106 144 148 151 283 287 313 328 339 353 371 376 388 395 457 459 
333 16 0 74 92 138 171 200 217 225 285 290 295 339 349 372 386 439 
334 18 94 112 131 143 164 187 204 231 323 324 341 361 374 380 400 411 444 466 
335 28 10 13 43 66 70 89 90 91 93 188 196 246 251 260 263 280 288 293 297 310 321 325 352 364 375 380 414 426 
336 24 25 45 59 83 126 143 176 190 200 213 214 216 228 255 277 280 281 282 292 316 322 350 368 380 
337 27 4 8 13 30 39 57 93 105 109 126 167 180 184 236 261 267 272 278 370 421 432 444 446 460 461 471 473 
338 25 7 30 36 41 64 78 93 108 147 174 184 230 250 276 285 323 325 353 368 394 429 433 467 476 477 
339 26 9 48 58 75 85 105 126 145 165 206 207 211 213 219 259 284 286 304 316 332 333 359 395 422 451 460 
340 23 14 39 40 81 82 86 145 146 147 163 196 201 214 222 230 237 263 347 361 375 378 453 475 
341 20 7 47 48 122 139 143 185 189 302 331 334 356 381 388 398 405 415 421 441 464 
342 11 4 48 146 181 188 214 218 293 363 424 444 
343 23 37 62 80 87 125 155 171 176 177 274 277 284 286 298 303 313 317 360 370 390 396 405 476 
344 18 39 56 130 134 146 174 180 184 222 226 245 291 300 360 368 385 454 462 
345 31 4 13 27 28 38 81 111 118 124 147 180 181 203 239 242 248 282 314 326 329 352 385 394 413 415 423 432 450 462 471 476 
346 27 1 6 8 11 76 95 154 160 185 188 194 207 225 233 244 249 251 270 355 360 369 398 412 413 461 466 471 
347 31 15 22 46 51 55 86 90 100 125 144 149 150 171 180 201 202 215 239 245 276 282 295 299 301 302 340 355 357 360 392 428 
348 20 6 33 48 68 82 98 123 137 152 168 204 207 253 279 301 305 327 373 386 434 
349 31 12 25 36 41 43 50 70 84 97 126 133 152 175 200 207 209 231 287 291 304 308 333 352 359 378 418 421 434 449 455 459 
350 24 23 40 66 73 94 99 102 105 115 152 168 188 217 223 246 260 286 296 336 353 354 389 404 470 
351 19 12 39 50 67 74 112 167 176 253 260 272 280 293 322 357 381 384 447 458 
352 23 80 92 103 157 213 214 217 223 233 246 276 302 335 345 349 354 379 392 396 421 446 464 472 
353 23 15 16 17 52 58 63 75 97 127 149 153 174 219 267 303 305 317 318 332 338 350 387 396 
354 16 20 22 57 61 147 199 235 273 323 350 352 383 426 430 443 460 
355 25 33 78 84 125 192 195 248 249 266 276 283 294 300 313 346 347 359 369 370 401 407 434 442 453 460 
356 17 31 41 45 167 169 170 181 184 210 228 236 250 266 341 397 419 451 
357 22 36 74 89 94 104 140 161 176 183 188 207 221 312 328 347 351 364 371 397 412 430 453 
358 19 4 51 73 103 127 148 185 220 269 278 294 298 307 309 389 418 419 460 477 
359 19 51 54 107 159 174 181 209 210 225 240 241 242 265 272 304 339 349 355 474 
360 23 34 48 76 97 98 101 120 142 158 176 185 189 233 275 343 344 346 347 364 386 413 426 433 
361 19 10 43 45 53 120 125 178 216 247 280 296 323 324 334 340 385 423 438 456 
362 20 19 30 58 60 64 66 90 99 131 188 218 223 254 286 305 405 406 407 437 439 
363 20 36 50 72 120 183 189 226 244 246 273 279 290 302 308 342 365 409 418 434 452 
364 31 15 39 40 45 52 62 71 78 97 108 136 155 159 198 221 249 252 277 287 314 335 357 360 372 380 385 403 428 431 434 461 
365 14 23 24 97 103 142 153 178 182 183 252 262 363 395 465 
366 17 21 46 52 67 91 115 185 213 227 272 305 311 325 369 382 400 478 
367 20 42 78 107 114 124 131 165 167 180 183 188 192 212 277 309 316 318 369 390 409 
368 19 17 18 92 98 104 113 141 197 212 281 302 305 336 338 344 374 407 454 473 
369 29 11 43 82 102 115 119 121 123 167 197 217 239 241 249 263 267 275 280 303 312 346 355 366 367 401 403 415 422 429 
370 27 18 27 38 74 90 92 102 104 110 127 130 136 155 170 190 212 221 259 316 337 343 355 374 378 398 430 479 
371 18 3 38 62 91 109 112 119 151 235 277 281 292 314 322 327 332 357 438 
372 20 6 20 46 48 78 149 151 160 168 188 218 227 300 317 333 364 389 413 424 432 
373 19 14 112 142 153 176 204 231 280 297 305 307 326 348 400 417 428 431 438 473 
374 22 23 28 32 73 88 92 120 122 133 173 181 200 219 247 266 334 368 370 378 387 420 478 
375 21 2 70 72 81 83 85 116 148 177 182 201 230 243 261 279 327 335 340 444 448 458 
376 27 12 19 30 35 50 58 73 88 101 104 109 111 113 162 183 234 247 248 270 280 314 317 332 417 465 468 477 
377 27 33 41 58 63 99 106 136 145 156 159 229 237 238 260 283 298 299 383 400 407 415 418 435 444 465 472 478 
378 26 1 14 38 73 108 117 143 161 162 206 212 217 231 256 313 314 340 349 370 374 382 383 402 446 461 474 
379 28 5 27 43 45 70 75 78 84 86 91 132 149 154 165 171 212 219 221 236 306 352 381 410 420 447 454 469 471 
380 23 6 51 87 103 109 156 173 174 188 193 234 334 335 336 364 393 428 443 446 448 451 476 477 
381 23 53 56 83 84 85 97 99 100 118 154 160 192 206 217 221 316 341 351 379 408 428 431 443 
382 17 54 72 78 82 83 136 200 224 256 286 290 306 366 378 385 431 467 
383 27 20 72 101 105 139 180 190 197 218 222 244 257 268 279 295 323 354 377 378 391 395 408 413 414 448 464 466 
384 17 22 90 97 196 208 247 250 272 282 296 310 323 351 397 410 426 478 
385 21 3 19 89 124 139 165 244 252 262 263 273 296 344 345 361 364 382 443 446 466 472 
386 24 40 57 88 126 142 145 187 205 272 288 304 321 328 333 348 360 389 395 401 404 415 431 441 458 
387 18 64 73 183 202 217 224 225 235 288 304 318 323 353 374 396 416 451 457 
388 17 18 20 47 60 69 87 90 135 136 182 248 271 301 314 332 341 427 
389 30 42 45 75 81 97 100 107 115 121 134 139 144 146 168 169 183 192 213 222 287 290 298 311 350 358 372 386 401 444 446 
390 25 1 45 53 60 66 108 150 153 158 165 168 173 176 205 222 286 304 343 367 394 423 430 445 455 478 
391 20 22 26 52 66 98 130 131 154 162 182 218 266 312 320 383 396 411 446 460 469 
392 19 64 84 90 120 123 188 192 193 199 224 246 269 316 328 347 352 401 435 456 
393 18 59 60 87 113 152 172 182 192 215 256 380 398 401 404 412 424 427 463 
394 31 38 45 62 68 73 81 119 122 130 174 180 222 237 240 243 275 281 282 304 315 328 338 345 390 405 409 416 423 424 436 439 
395 31 0 12 23 44 95 100 113 162 181 186 187 199 218 223 227 238 269 298 299 327 329 332 339 365 383 386 412 440 466 468 471 
396 24 0 3 10 16 53 76 96 133 139 151 179 182 184 276 294 329 343 352 353 387 391 400 430 431 
397 23 10 23 27 31 47 68 76 108 146 177 209 217 222 244 246 247 258 286 356 357 384 469 470 
398 28 20 35 39 47 50 74 87 88 98 124 137 146 156 178 199 225 261 288 304 323 341 346 370 393 401 425 426 470 
399 23 39 57 124 132 146 162 170 173 202 208 249 260 267 286 288 309 321 416 425 434 447 450 458 
400 25 26 52 62 94 102 133 134 139 176 183 228 240 251 263 284 300 312 320 327 331 334 366 373 377 396 
401 21 26 72 82 120 137 177 244 259 273 306 355 369 386 389 392 393 398 436 441 456 463 
402 13 35 45 48 78 221 228 263 276 320 378 423 440 457 
403 9 27 30 62 142 228 317 364 369 406 
404 21 1 63 74 83 101 152 156 182 268 272 291 294 308 350 386 393 409 419 422 426 435 
405 23 11 21 25 46 73 122 140 170 175 188 224 225 255 275 278 280 298 317 341 343 362 394 435 
406 18 1 2 55 67 96 136 162 179 188 190 209 273 288 328 362 403 444 471 
407 21 7 22 68 71 92 117 123 175 197 279 285 297 310 355 362 368 377 414 441 445 471 
408 19 15 16 37 50 98 166 194 221 239 280 282 316 331 381 383 465 468 475 478 
409 19 123 146 151 153 183 230 231 232 241 286 321 363 367 394 404 411 449 456 469 
410 20 47 52 58 70 81 94 140 162 167 181 259 266 280 308 314 379 384 426 463 467 
411 24 0 23 60 65 118 122 153 163 194 195 210 224 230 284 315 327 334 391 409 415 443 452 469 478 
412 16 81 83 96 222 239 263 271 279 300 309 346 357 393 395 424 437 
413 28 5 26 40 95 114 118 142 150 152 155 167 172 179 196 201 226 248 256 258 288 290 345 346 360 372 383 425 454 
414 12 51 58 73 145 180 291 323 330 335 383 407 448 
415 24 3 5 8 27 31 48 52 96 119 132 182 183 207 222 243 275 341 345 369 377 386 411 453 461 
416 20 30 34 61 64 69 86 97 138 140 160 196 280 292 293 304 329 387 394 399 469 
417 17 3 76 97 115 151 152 157 200 201 229 324 326 373 376 459 473 475 
418 26 2 11 113 132 158 197 243 255 275 276 279 280 302 315 319 330 349 358 363 377 427 445 453 456 464 476 
419 21 9 49 55 69 134 141 185 191 230 258 261 264 304 356 358 404 427 433 453 466 475 
420 24 42 63 64 104 108 117 119 122 123 131 167 174 210 238 260 263 278 279 302 374 379 425 462 463 
421 27 6 24 26 73 86 95 98 105 111 124 133 158 189 201 203 213 246 249 289 296 329 337 341 349 352 455 463 
422 21 6 13 37 70 86 87 109 127 196 242 268 292 339 369 404 428 437 438 444 463 479 
423 22 38 52 60 104 111 123 126 167 177 240 274 282 293 345 361 390 394 402 439 440 465 475 
424 18 2 60 80 97 132 138 266 273 283 291 300 342 372 393 394 412 442 476 
425 20 6 32 39 62 75 88 146 205 207 249 265 266 298 398 399 413 420 431 440 447 
426 23 32 89 107 111 118 171 174 186 187 207 249 254 335 354 360 384 398 404 410 427 433 443 451 
427 26 22 37 39 84 93 101 118 158 176 181 203 232 280 285 288 301 326 331 388 393 418 419 426 438 450 468 
428 23 19 73 82 91 110 131 147 148 161 178 204 271 281 303 347 364 373 380 381 422 439 446 479 
429 20 11 49 60 63 89 107 117 190 216 222 225 226 241 302 338 369 436 440 473 475 
430 23 18 21 22 23 66 149 193 218 222 223 231 275 299 327 354 357 370 390 396 431 440 463 466 
431 20 36 71 103 162 181 210 238 286 364 373 381 382 386 396 425 430 446 449 465 476 
432 24 2 8 10 37 70 108 115 119 128 156 162 196 216 221 254 267 287 315 337 345 372 435 465 479 
433 20 18 38 53 58 72 133 191 212 257 260 271 288 306 312 338 360 419 426 454 476 
434 22 15 30 35 50 59 87 98 102 125 148 153 219 297 319 348 349 355 363 364 399 445 456 
435 22 15 57 90 118 119 129 149 156 171 203 204 205 219 288 316 377 392 404 405 432 450 469 
436 28 11 28 47 54 55 67 72 85 120 121 122 130 136 150 168 176 191 204 205 206 236 238 269 315 394 401 429 449 
437 20 14 18 19 27 39 79 144 171 197 215 229 256 320 330 362 412 422 456 472 473 
438 20 22 29 35 80 102 115 142 167 209 210 236 259 267 304 361 371 373 422 427 442 
439 19 12 34 49 95 143 177 196 212 228 244 259 268 270 333 362 394 423 428 477 
440 13 5 15 46 65 109 205 309 395 402 423 425 429 430 
441 24 32 65 71 96 120 126 134 139 155 167 177 184 207 254 275 301 323 341 386 401 407 445 465 475 
442 23 33 43 94 95 104 124 134 138 156 170 175 184 213 221 253 261 283 328 355 424 438 464 476 
443 21 5 18 43 91 116 147 148 265 300 315 317 354 380 381 385 411 426 456 459 461 477 
444 28 10 19 21 32 58 66 72 102 104 105 109 174 207 218 232 260 263 302 307 322 334 337 342 375 377 389 406 422 
445 19 0 19 84 88 137 168 202 205 268 289 308 390 407 418 434 441 464 466 469 
446 32 5 22 63 79 98 148 150 175 190 209 227 253 264 279 281 288 300 309 319 328 337 352 378 380 385 389 391 428 431 448 467 472 
447 22 18 23 29 35 41 104 107 131 135 167 172 176 205 240 243 256 295 351 379 399 425 478 
448 18 18 41 129 168 196 217 256 291 310 329 375 380 383 414 446 453 461 465 
449 22 13 24 31 32 44 60 64 86 132 163 205 221 262 275 278 284 326 349 409 431 436 461 
450 25 31 67 76 91 95 114 119 148 158 182 192 194 252 293 297 321 322 328 345 399 427 435 461 462 474 
451 19 4 50 59 71 93 100 140 153 157 209 223 323 324 339 356 380 387 426 478 
452 19 16 18 24 34 40 60 76 91 112 130 140 169 178 183 228 268 283 363 411 
453 20 9 20 23 35 46 58 59 93 95 171 272 274 340 355 357 415 418 419 448 458 
454 23 57 64 95 111 117 154 156 160 216 231 252 255 290 291 306 315 344 368 379 413 433 456 457 
455 20 15 25 50 60 61 77 151 158 159 219 224 240 275 283 284 320 349 390 421 458 
456 26 28 29 37 44 84 99 103 156 198 204 205 206 239 251 258 324 361 392 401 409 418 434 437 443 454 475 
457 15 3 8 74 92 132 229 258 268 300 315 332 387 402 454 462 
458 19 16 32 34 58 95 99 158 175 182 223 243 308 351 375 386 399 453 455 464 
459 23 48 50 58 73 140 163 171 175 177 199 200 204 236 262 263 266 288 323 329 332 349 417 443 
460 24 19 29 62 97 104 124 181 185 188 195 221 254 279 302 308 320 325 337 339 354 355 358 391 473 
461 23 36 62 67 69 96 98 130 207 216 223 280 321 324 337 346 364 378 415 443 448 449 450 468 
462 25 2 31 56 62 78 130 171 172 197 224 231 258 293 294 295 303 311 316 321 324 344 345 420 450 457 
463 18 18 50 125 132 225 265 271 280 287 323 393 401 410 420 421 422 430 469 
464 24 4 16 48 106 136 202 207 218 219 231 244 260 294 299 301 327 341 352 383 418 442 445 458 475 
465 25 11 14 38 67 106 109 118 127 148 155 164 214 279 285 326 329 365 376 377 408 423 431 432 441 448 
466 24 15 36 45 63 78 94 99 170 179 201 209 259 278 294 329 334 346 383 385 395 419 430 445 471 
467 15 27 37 41 44 73 81 99 111 115 154 271 338 382 410 446 
468 19 0 43 44 74 110 131 134 157 221 246 264 276 284 312 376 395 408 427 461 
469 23 38 47 83 133 143 146 157 209 212 241 259 270 305 311 379 391 397 409 411 416 435 445 463 
470 14 5 44 54 179 181 191 230 243 277 278 300 350 397 398 
471 31 18 25 33 42 66 93 110 151 163 168 178 192 198 208 236 241 259 266 275 287 291 303 305 337 345 346 379 395 406 407 466 
472 22 16 60 94 109 121 126 179 182 196 203 208 222 228 229 236 248 267 352 377 385 437 446 
473 19 45 89 92 96 121 177 193 249 256 258 310 337 368 373 417 429 437 460 478 
474 19 83 98 138 158 161 198 217 228 245 254 275 278 280 295 329 331 359 378 450 
475 25 1 13 26 45 52 102 112 116 139 185 188 198 239 268 274 313 340 408 417 419 423 429 441 456 464 
476 22 23 44 53 91 102 120 130 133 146 150 201 244 315 338 343 345 380 418 424 431 433 442 
477 22 2 5 10 29 42 51 100 103 157 215 249 250 269 273 293 327 338 358 376 380 439 443 
478 26 72 116 119 123 124 137 166 171 228 258 280 283 302 314 320 329 366 374 377 384 390 408 411 447 451 473 
479 16 22 29 65 82 87 106 141 156 159 160 201 313 370 422 428 432 
