480 1346
0 4 81 173 175 333 
1 7 203 223 229 244 324 330 346 
2 3 90 230 321 
3 7 22 30 156 183 237 295 396 
4 5 155 252 287 345 358 
5 9 49 200 231 242 413 415 440 443 470 
6 8 13 117 121 133 211 245 380 422 
7 0 
8 8 10 16 77 84 214 222 337 346 
9 3 154 315 453 
10 6 8 188 195 361 432 477 
11 4 295 418 429 436 
12 6 138 197 271 349 376 439 
13 11 6 15 75 125 146 147 150 219 221 345 422 
14 1 65 
15 3 13 20 466 
16 4 8 201 240 452 
17 4 55 236 300 331 
18 10 20 90 127 158 179 188 289 437 443 471 
19 6 235 296 309 385 428 444 
20 8 15 18 22 90 153 281 383 398 
21 5 76 186 200 237 405 
22 8 3 20 160 202 276 308 354 430 
23 8 26 28 56 59 63 143 350 476 
24 11 98 108 142 160 192 236 276 286 322 421 449 
25 8 62 115 228 281 336 405 455 471 
26 3 23 144 173 
27 7 127 166 170 265 291 403 467 
28 5 23 62 239 297 318 
29 6 57 65 182 255 460 479 
30 3 3 79 337 
31 3 160 415 462 
32 6 37 69 151 289 425 444 
33 4 116 150 348 355 
34 4 67 101 123 439 
35 2 183 447 
36 4 125 195 235 363 
37 6 32 139 156 286 343 427 
38 5 115 247 263 423 469 
39 12 44 63 123 150 191 203 214 258 318 337 351 364 
40 3 231 413 452 
41 2 208 274 
42 9 66 77 85 201 213 264 295 324 330 
43 7 120 121 156 159 221 379 442 
44 10 39 105 142 147 218 220 285 291 470 476 
45 3 82 167 364 
46 6 126 170 192 278 308 324 
47 2 256 469 
48 9 104 226 238 263 276 342 348 415 464 
49 1 5 
50 6 64 398 434 455 459 463 
51 8 112 136 301 347 358 359 380 477 
52 2 118 475 
53 7 172 226 256 361 381 390 476 
54 2 230 266 
55 5 17 84 279 295 419 
56 7 23 170 226 264 308 381 462 
57 4 29 229 337 386 
58 2 353 453 
59 4 23 163 171 332 
60 13 64 74 82 87 90 110 165 200 288 388 424 452 455 
61 2 156 416 
62 6 25 28 127 297 310 425 
63 7 23 39 88 320 353 377 429 
64 9 50 60 128 178 184 200 322 392 416 
65 6 14 29 70 172 235 303 
66 5 42 125 362 391 444 
67 6 34 101 114 275 302 465 
68 3 169 185 301 
69 3 32 85 244 
70 5 65 134 205 252 375 
71 4 121 244 364 441 
72 4 229 238 382 401 
73 5 135 311 378 387 421 
74 5 60 93 119 351 404 
75 4 13 104 379 389 
76 7 21 125 137 161 303 346 397 
77 4 8 42 136 326 
78 8 258 266 293 314 338 367 372 382 
79 4 30 255 301 437 
80 2 94 313 
81 6 0 221 245 266 293 375 
82 10 45 60 85 88 95 272 323 369 382 479 
83 7 133 249 295 336 382 412 469 
84 5 8 55 107 349 379 
85 6 42 69 82 253 297 339 
86 5 134 293 347 379 421 
87 9 60 99 202 312 331 380 388 393 398 
88 6 63 82 165 240 398 445 
89 2 201 429 
90 9 2 18 20 60 176 185 207 384 388 
91 4 113 199 366 443 
92 6 207 293 333 370 407 457 
93 7 74 104 107 115 176 335 453 
94 4 80 140 151 357 
95 6 82 182 206 313 346 453 
96 5 139 179 191 396 415 
97 10 212 222 349 360 364 365 381 416 417 424 
98 6 24 129 163 421 434 461 
99 4 87 183 332 458 
100 5 194 306 347 389 477 
101 8 34 67 134 149 150 186 383 404 
102 8 135 150 257 298 370 400 434 475 
103 5 227 315 358 365 380 
104 9 48 75 93 115 357 376 423 442 447 
105 6 44 182 204 237 339 421 
106 3 138 328 479 
107 8 84 93 173 189 272 359 429 447 
108 5 24 151 158 378 420 
109 3 197 337 465 
110 7 60 112 164 311 323 370 428 
111 5 218 219 274 376 467 
112 6 51 110 207 275 280 323 
113 6 91 127 258 300 304 395 
114 5 67 173 242 247 413 
115 9 25 38 93 104 157 221 331 350 369 
116 6 33 206 317 322 375 478 
117 6 6 158 161 199 215 420 
118 4 52 221 237 411 
119 5 74 142 161 371 450 
120 4 43 212 360 401 
121 12 6 43 71 125 151 161 211 219 226 436 472 473 
122 7 131 146 236 341 374 420 436 
123 10 34 39 139 193 215 253 369 407 420 478 
124 5 250 285 310 367 385 
125 11 13 36 66 76 121 129 212 264 316 318 355 
126 3 46 270 337 
127 10 18 27 62 113 192 193 201 230 358 370 
128 3 64 182 310 
129 4 98 125 217 326 
130 2 285 304 
131 6 122 137 251 300 428 447 
132 6 170 220 312 418 449 463 
133 5 6 83 396 421 469 
134 7 70 86 101 211 239 328 389 
135 4 73 102 305 447 
136 6 51 77 160 164 193 388 
137 6 76 131 237 286 307 308 
138 6 12 106 150 319 325 442 
139 7 37 96 123 153 247 385 400 
140 4 94 176 190 459 
141 0 
142 6 24 44 119 199 293 360 
143 6 23 153 205 206 334 469 
144 3 26 152 318 
145 2 184 291 
146 6 13 122 397 398 409 469 
147 4 13 44 320 340 
148 4 290 332 446 465 
149 10 101 163 166 167 245 248 253 272 315 353 
150 11 13 33 39 101 102 138 211 234 266 413 446 
151 5 32 94 108 121 396 
152 4 144 322 349 393 
153 5 20 139 143 235 273 
154 6 9 159 288 298 391 467 
155 3 4 242 319 
156 6 3 37 43 61 398 456 
157 4 115 352 468 469 
158 6 18 108 117 273 390 450 
159 2 43 154 
160 8 22 24 31 136 203 235 372 454 
161 8 76 117 119 121 188 259 428 474 
162 3 222 299 410 
163 4 59 98 149 203 
164 3 110 136 306 
165 4 60 88 197 221 
166 2 27 149 
167 6 45 149 184 192 423 438 
168 6 189 303 350 389 390 448 
169 6 68 213 224 230 304 452 
170 6 27 46 56 132 356 405 
171 6 59 173 343 379 426 435 
172 4 53 65 200 219 
173 7 0 26 107 114 171 380 399 
174 8 180 207 266 279 295 305 359 394 
175 3 0 285 323 
176 5 90 93 140 225 447 
177 3 375 439 473 
178 5 64 200 227 290 292 
179 3 18 96 466 
180 5 174 238 258 302 344 
181 1 356 
182 9 29 95 105 128 365 375 393 458 472 
183 9 3 35 99 218 238 268 376 387 400 
184 5 64 145 167 211 344 
185 4 68 90 358 360 
186 3 21 101 202 
187 1 220 
188 9 10 18 161 220 227 252 283 286 406 
189 5 107 168 215 292 421 
190 3 140 383 406 
191 6 39 96 202 238 323 470 
192 8 24 46 127 167 323 355 367 392 
193 7 123 127 136 235 305 430 473 
194 3 100 346 408 
195 6 10 36 244 256 355 460 
196 3 277 335 340 
197 6 12 109 165 206 276 383 
198 3 261 295 364 
199 5 91 117 142 223 398 
200 12 5 21 60 64 172 178 226 251 274 333 336 382 
201 6 16 42 89 127 272 466 
202 7 22 87 186 191 313 347 464 
203 5 1 39 160 163 277 
204 10 105 205 251 313 348 373 428 436 456 459 
205 4 70 143 204 456 
206 7 95 116 143 197 260 381 456 
207 10 90 92 112 174 271 314 318 441 461 464 
208 2 41 222 
209 6 221 269 281 297 406 438 
210 3 246 359 420 
211 6 6 121 134 150 184 228 
212 6 97 120 125 367 368 433 
213 7 42 169 251 308 336 339 352 
214 7 8 39 220 262 340 352 465 
215 5 117 123 189 291 477 
216 4 290 292 429 461 
217 2 129 255 
218 8 44 111 183 320 342 372 391 464 
219 9 13 111 121 172 229 245 339 374 455 
220 5 44 132 187 188 214 
221 9 13 43 81 115 118 165 209 290 432 
222 10 8 97 162 208 245 269 390 394 415 472 
223 7 1 199 285 350 362 395 451 
224 5 169 293 405 455 462 
225 4 176 333 346 387 
226 6 48 53 56 121 200 344 
227 3 103 178 188 
228 7 25 211 277 286 336 356 474 
229 8 1 57 72 219 235 377 417 472 
230 7 2 54 127 169 338 340 375 
231 3 5 40 349 
232 1 324 
233 0 
234 2 150 264 
235 10 19 36 65 153 160 193 229 245 354 371 
236 6 17 24 122 249 438 472 
237 7 3 21 105 118 137 242 280 
238 8 48 72 180 183 191 255 318 395 
239 5 28 134 313 345 475 
240 3 16 88 301 
241 4 288 297 304 359 
242 4 5 114 155 237 
243 3 331 375 470 
244 8 1 69 71 195 281 331 385 439 
245 8 6 81 149 219 222 235 254 474 
246 1 210 
247 5 38 114 139 304 374 
248 4 149 271 294 472 
249 10 83 236 286 302 324 328 355 399 425 473 
250 3 124 318 356 
251 6 131 200 204 213 346 400 
252 4 4 70 188 364 
253 6 85 123 149 276 348 351 
254 3 245 362 441 
255 6 29 79 217 238 405 454 
256 7 47 53 195 268 277 413 473 
257 2 102 258 
258 7 39 78 113 180 257 287 457 
259 5 161 410 438 466 469 
260 4 206 399 433 444 
261 5 198 290 305 337 398 
262 3 214 265 385 
263 7 38 48 267 340 402 420 459 
264 4 42 56 125 234 
265 5 27 262 359 443 463 
266 11 54 78 81 150 174 278 279 317 355 425 471 
267 2 263 292 
268 3 183 256 422 
269 4 209 222 395 477 
270 4 126 282 331 439 
271 5 12 207 248 428 467 
272 9 82 107 149 201 279 317 384 404 453 
273 5 153 158 385 406 477 
274 4 41 111 200 343 
275 8 67 112 369 394 405 418 441 471 
276 6 22 24 48 197 253 329 
277 7 196 203 228 256 311 364 470 
278 5 46 266 316 337 474 
279 7 55 174 266 272 300 383 412 
280 8 112 237 351 361 376 408 474 478 
281 5 20 25 209 244 336 
282 4 270 327 345 423 
283 4 188 313 318 424 
284 2 400 455 
285 7 44 124 130 175 223 333 427 
286 7 24 37 137 188 228 249 397 
287 5 4 258 332 432 463 
288 8 60 154 241 318 335 398 413 446 
289 4 18 32 305 421 
290 6 148 178 216 221 261 454 
291 6 27 44 145 215 312 454 
292 6 178 189 216 267 371 422 
293 9 78 81 86 92 142 224 335 462 477 
294 7 248 300 358 396 404 464 466 
295 11 3 11 42 55 83 174 198 383 447 462 474 
296 3 19 384 421 
297 7 28 62 85 209 241 335 407 
298 7 102 154 326 343 358 389 395 
299 3 162 314 430 
300 9 17 113 131 279 294 372 400 412 446 
301 6 51 68 79 240 388 464 
302 7 67 180 249 347 418 420 429 
303 5 65 76 168 343 471 
304 8 113 130 169 241 247 339 387 394 
305 6 135 174 193 261 289 469 
306 2 100 164 
307 3 137 358 444 
308 9 22 46 56 137 213 322 349 404 410 
309 2 19 446 
310 4 62 124 128 330 
311 3 73 110 277 
312 4 87 132 291 316 
313 6 80 95 202 204 239 283 
314 4 78 207 299 410 
315 6 9 103 149 432 454 457 
316 9 125 278 312 336 367 381 392 435 462 
317 4 116 266 272 443 
318 12 28 39 125 144 207 238 250 283 288 319 353 367 
319 4 138 155 318 418 
320 4 63 147 218 478 
321 3 2 325 450 
322 8 24 64 116 152 308 336 351 444 
323 8 82 110 112 175 191 192 383 387 
324 8 1 42 46 232 249 326 361 417 
325 2 138 321 
326 5 77 129 298 324 465 
327 5 282 348 400 464 477 
328 6 106 134 249 357 386 450 
329 5 276 345 396 459 478 
330 5 1 42 310 414 437 
331 6 17 87 115 243 244 270 
332 8 59 99 148 287 339 371 376 388 
333 7 0 92 200 225 285 349 439 
334 2 143 400 
335 6 93 196 288 293 297 364 
336 9 25 83 200 213 228 281 316 322 350 
337 11 8 30 39 57 109 126 261 278 370 421 446 
338 5 78 230 394 476 477 
339 6 85 105 213 219 304 332 
340 5 147 196 214 230 263 
341 4 122 356 405 421 
342 2 48 218 
343 5 37 171 274 298 303 
344 4 180 184 226 462 
345 7 4 13 239 282 329 352 450 
346 10 1 8 76 95 194 225 251 360 369 398 
347 7 51 86 100 202 302 355 357 
348 6 33 48 204 253 327 373 
349 11 12 84 97 152 231 308 333 418 421 434 449 
350 6 23 115 168 223 336 354 
351 5 39 74 253 280 322 
352 6 157 213 214 345 396 446 
353 5 58 63 149 318 396 
354 3 22 235 350 
355 10 33 125 192 195 249 266 347 359 370 401 
356 7 170 181 228 250 341 397 419 
357 5 94 104 328 347 412 
358 11 4 51 103 127 185 294 298 307 419 460 477 
359 7 51 107 174 210 241 265 355 
360 6 97 120 142 185 346 413 
361 6 10 53 280 324 423 456 
362 6 66 223 254 405 437 439 
363 3 36 365 409 
364 9 39 45 71 97 198 252 277 335 431 
365 4 97 103 182 363 
366 2 91 382 
367 7 78 124 192 212 316 318 369 
368 1 212 
369 8 82 115 123 275 346 367 415 422 
370 7 92 102 110 127 337 355 479 
371 5 119 235 292 332 438 
372 5 78 160 218 300 389 
373 5 204 348 400 417 428 
374 4 122 219 247 378 
375 10 70 81 116 177 182 230 243 444 448 458 
376 7 12 104 111 183 280 332 465 
377 3 63 229 418 
378 3 73 108 374 
379 6 43 75 84 86 171 381 
380 7 6 51 87 103 173 443 477 
381 6 53 56 97 206 316 379 
382 6 72 78 82 83 200 366 
383 10 20 101 190 197 279 295 323 395 408 466 
384 4 90 272 296 410 
385 8 19 124 139 244 262 273 443 446 
386 3 57 328 401 
387 6 73 183 225 304 323 396 
388 6 60 87 90 136 301 332 
389 7 75 100 134 168 298 372 446 
390 6 53 158 168 222 430 445 
391 4 66 154 218 469 
392 3 64 192 316 
393 5 87 152 182 398 424 
394 8 174 222 275 304 338 416 424 439 
395 8 113 223 238 269 298 383 466 468 
396 9 3 96 133 151 294 329 352 353 387 
397 5 76 146 286 356 469 
398 12 20 50 87 88 146 156 199 261 288 346 393 425 
399 5 173 249 260 416 458 
400 9 102 139 183 251 284 300 327 334 373 
401 4 72 120 355 386 
402 2 263 423 
403 1 27 
404 6 74 101 272 294 308 435 
405 9 21 25 170 224 255 275 341 362 435 
406 4 188 190 209 273 
407 4 92 123 297 445 
408 4 194 280 383 468 
409 3 146 363 469 
410 5 162 259 308 314 384 
411 2 118 452 
412 5 83 279 300 357 437 
413 7 5 40 114 150 256 288 360 
414 1 330 
415 6 5 31 48 96 222 369 
416 5 61 64 97 394 399 
417 4 97 229 324 373 
418 9 11 132 275 302 319 349 377 427 453 
419 4 55 356 358 466 
420 8 108 117 122 123 210 263 302 425 
421 13 24 73 86 98 105 133 189 289 296 337 341 349 455 
422 5 6 13 268 292 369 
423 6 38 104 167 282 361 402 
424 5 60 97 283 393 394 
425 6 32 62 249 266 398 420 
426 2 171 433 
427 4 37 285 418 468 
428 8 19 110 131 161 204 271 373 446 
429 7 11 63 89 107 216 302 440 
430 6 22 193 299 390 431 440 
431 3 364 430 446 
432 6 10 221 287 315 435 465 
433 3 212 260 426 
434 4 50 98 102 349 
435 7 171 316 404 405 432 450 469 
436 4 11 121 122 204 
437 6 18 79 330 362 412 472 
438 5 167 209 236 259 371 
439 8 12 34 177 244 270 333 362 394 
440 3 5 429 430 
441 5 71 207 254 275 475 
442 3 43 104 138 
443 8 5 18 91 265 317 380 385 456 
444 7 19 32 66 260 307 322 375 
445 4 88 390 407 464 
446 12 148 150 288 300 309 337 352 385 389 428 431 467 
447 7 35 104 107 131 135 176 295 
448 2 168 375 
449 4 24 132 349 461 
450 6 119 158 321 328 345 435 
451 2 223 478 
452 5 16 40 60 169 411 
453 7 9 58 93 95 272 418 458 
454 5 160 255 290 291 315 
455 7 25 50 60 219 224 284 421 
456 6 156 204 205 206 361 443 
457 3 92 258 315 
458 5 99 182 375 399 453 
459 5 50 140 204 263 329 
460 3 29 195 358 
461 4 98 207 216 449 
462 7 31 56 224 293 295 316 344 
463 4 50 132 265 287 
464 8 48 202 207 218 294 301 327 445 
465 7 67 109 148 214 326 376 432 
466 8 15 179 201 259 294 383 395 419 
467 5 27 111 154 271 446 
468 4 157 395 408 427 
469 13 38 47 83 133 143 146 157 259 305 391 397 409 435 
470 5 5 44 191 243 277 
471 5 18 25 266 275 303 
472 7 121 182 222 229 236 248 437 
473 6 121 177 193 249 256 478 
474 6 161 228 245 278 280 295 
475 4 52 102 239 441 
476 4 23 44 53 338 
477 11 10 51 100 215 269 273 293 327 338 358 380 
478 7 116 123 280 320 329 451 473 
479 4 29 82 106 370 
