500 1625
0 5 187 235 371 424 431 
1 3 65 147 280 
2 8 62 155 251 334 391 414 444 476 
3 5 48 104 147 176 371 
4 5 63 84 86 91 417 
5 7 11 158 163 235 285 350 466 
6 11 19 96 111 183 197 224 225 293 336 430 477 
7 6 130 153 202 237 260 431 
8 6 25 36 109 364 428 470 
9 3 54 121 351 
10 6 42 67 74 253 405 434 
11 13 5 29 106 135 193 201 203 215 256 284 361 437 443 
12 6 150 179 230 248 320 419 
13 4 82 97 359 499 
14 6 99 222 298 331 368 478 
15 3 157 260 339 
16 5 40 262 284 362 434 
17 9 32 102 208 297 352 363 368 422 444 
18 7 125 187 253 287 339 349 388 
19 10 6 80 138 189 222 249 261 331 354 485 
20 4 60 76 138 489 
21 6 101 142 236 358 370 426 
22 9 66 76 82 108 215 229 262 292 351 
23 5 56 106 258 376 408 
24 7 115 130 252 318 334 361 430 
25 6 8 44 99 229 290 389 
26 4 193 217 284 297 
27 6 126 205 271 309 376 478 
28 10 72 87 138 181 194 206 330 398 425 466 
29 9 11 293 299 331 347 385 405 436 498 
30 4 166 285 367 491 
31 12 102 106 128 184 218 259 265 319 333 392 406 472 
32 7 17 99 108 228 311 352 479 
33 4 183 433 455 462 
34 5 101 239 277 422 497 
35 5 298 345 371 446 476 
36 5 8 91 176 318 412 
37 6 100 136 174 429 444 488 
38 7 91 110 201 205 264 350 470 
39 2 221 378 
40 6 16 131 248 318 377 386 
41 4 172 241 266 318 
42 5 10 68 319 376 445 
43 3 50 179 347 
44 7 25 91 160 172 260 271 420 
45 5 61 125 226 377 453 
46 6 61 163 234 235 251 444 
47 8 66 77 95 262 277 279 461 468 
48 5 3 169 170 248 334 
49 5 72 289 356 451 460 
50 10 43 87 128 168 223 238 250 397 441 490 
51 3 65 164 400 
52 5 263 275 306 351 473 
53 8 172 182 187 236 250 308 362 492 
54 6 9 61 191 262 430 486 
55 6 140 194 295 359 367 463 
56 4 23 137 148 466 
57 3 105 286 298 
58 9 83 90 147 179 213 269 317 336 389 
59 5 60 100 348 458 484 
60 11 20 59 114 116 126 158 292 330 376 396 419 
61 10 45 46 54 143 170 219 234 273 449 470 
62 10 2 99 125 178 196 252 335 337 439 470 
63 8 4 161 190 218 221 329 367 403 
64 2 154 173 
65 6 1 51 87 138 196 324 
66 8 22 47 162 167 328 329 407 434 
67 9 10 71 114 192 218 250 290 324 412 
68 6 42 79 112 134 199 236 
69 7 95 198 390 435 441 464 493 
70 4 206 271 282 307 
71 9 67 100 120 156 240 307 321 393 485 
72 4 28 49 162 424 
73 6 97 198 208 215 233 497 
74 10 10 93 109 146 242 259 318 320 426 470 
75 5 120 162 307 312 460 
76 11 20 22 77 86 192 250 359 367 390 419 444 
77 4 47 76 95 496 
78 3 158 237 479 
79 9 68 96 105 154 156 250 334 476 486 
80 4 19 148 336 416 
81 2 364 437 
82 9 13 22 178 190 191 206 209 340 429 
83 6 58 201 293 335 356 465 
84 6 4 126 141 222 258 481 
85 6 136 191 271 306 308 325 
86 8 4 76 101 154 292 331 414 484 
87 6 28 50 65 152 304 429 
88 3 157 361 431 
89 3 245 275 395 
90 4 58 219 325 447 
91 14 4 36 38 44 149 198 247 278 317 390 426 445 478 486 
92 7 172 178 200 283 288 440 487 
93 7 74 104 194 258 406 414 499 
94 3 307 326 345 
95 7 47 69 77 210 267 295 375 
96 9 6 79 211 279 327 367 392 454 460 
97 4 13 73 159 417 
98 0 
99 9 14 25 32 62 250 307 330 432 460 
100 11 37 59 71 117 196 273 287 337 381 459 469 
101 10 21 34 86 123 161 218 285 360 436 468 
102 7 17 31 237 263 269 298 495 
103 2 191 195 
104 9 3 93 226 256 279 363 388 403 467 
105 5 57 79 274 431 482 
106 7 11 23 31 115 133 229 272 
107 6 188 197 198 320 399 421 
108 4 22 32 186 327 
109 6 8 74 265 339 372 460 
110 3 38 215 278 
111 6 6 147 165 183 296 459 
112 4 68 334 354 484 
113 4 159 219 371 481 
114 5 60 67 197 310 495 
115 7 24 106 166 304 322 359 361 
116 4 60 242 342 465 
117 7 100 120 121 182 189 274 470 
118 4 131 244 293 319 
119 5 139 167 249 347 418 
120 7 71 75 117 168 213 363 393 
121 7 9 117 145 377 389 440 495 
122 4 230 256 328 483 
123 10 101 161 201 254 385 440 449 457 464 473 
124 6 222 322 362 425 433 448 
125 8 18 45 62 306 318 336 373 436 
126 12 27 60 84 138 207 244 273 399 410 441 445 489 
127 5 138 286 303 313 404 
128 8 31 50 144 212 382 423 453 480 
129 5 236 378 394 463 469 
130 7 7 24 202 255 395 400 430 
131 6 40 118 132 167 430 490 
132 8 131 228 265 360 394 443 463 467 
133 7 106 276 336 339 456 489 490 
134 3 68 150 159 
135 7 11 137 205 415 444 456 481 
136 8 37 85 199 222 272 273 350 492 
137 5 56 135 190 256 397 
138 11 19 20 28 65 126 127 154 201 206 339 466 
139 5 119 140 203 275 434 
140 4 55 139 264 404 
141 6 84 190 277 289 475 490 
142 10 21 188 203 213 248 267 305 393 395 399 
143 4 61 355 428 489 
144 6 128 213 392 409 416 460 
145 6 121 159 198 243 258 359 
146 9 74 164 175 178 186 205 233 355 379 
147 7 1 3 58 111 265 283 469 
148 6 56 80 181 187 237 498 
149 6 91 192 229 237 339 422 
150 10 12 134 207 230 284 299 358 436 446 469 
151 2 161 213 
152 10 87 228 337 342 367 372 381 396 418 476 
153 4 7 190 198 260 
154 8 64 79 86 138 289 348 413 472 
155 4 2 379 453 489 
156 6 71 79 164 310 471 475 
157 7 15 88 233 249 288 359 432 
158 5 5 60 78 221 277 
159 7 97 113 134 145 294 366 436 
160 2 44 287 
161 12 63 101 123 151 174 194 221 300 303 313 412 437 
162 3 66 72 75 
163 2 5 46 
164 7 51 146 156 166 374 416 476 
165 5 111 299 355 409 477 
166 5 30 115 164 296 347 
167 5 66 119 131 239 431 
168 4 50 120 186 425 
169 10 48 174 177 241 261 309 328 348 427 447 
170 6 48 61 264 310 311 318 
171 3 180 187 443 
172 7 41 44 53 92 239 426 448 
173 6 64 241 249 250 272 411 
174 6 37 161 169 221 339 427 
175 7 146 199 219 233 253 286 444 
176 7 3 36 184 266 411 454 473 
177 6 169 302 357 420 456 497 
178 8 62 82 92 146 227 322 354 468 
179 6 12 43 58 198 454 493 
180 7 171 186 339 360 368 395 424 
181 10 28 148 222 260 312 317 318 336 345 462 
182 8 53 117 209 316 329 392 405 479 
183 6 6 33 111 388 392 476 
184 4 31 176 255 367 
185 9 197 208 225 228 285 317 324 361 428 
186 11 108 146 168 180 258 292 315 361 375 487 493 
187 11 0 18 53 148 171 226 326 338 391 423 450 
188 3 107 142 210 
189 3 19 117 466 
190 6 63 82 137 141 153 355 
191 9 54 82 85 103 280 302 357 415 492 
192 3 67 76 149 
193 5 11 26 293 330 494 
194 9 28 55 93 161 212 221 233 265 350 
195 3 103 308 332 
196 10 62 65 100 221 224 280 291 379 386 479 
197 5 6 107 114 185 345 
198 12 69 73 91 107 145 153 179 251 347 401 403 482 
199 4 68 136 175 427 
200 4 92 339 364 439 
201 7 11 38 83 123 138 302 482 
202 5 7 130 236 283 454 
203 4 11 139 142 277 
204 5 280 301 306 348 389 
205 10 27 38 135 146 208 215 222 363 381 456 
206 10 28 70 82 138 279 344 369 468 478 485 
207 6 126 150 281 426 429 470 
208 10 17 73 185 205 221 315 316 317 347 426 
209 4 82 182 334 376 
210 7 95 188 223 310 410 416 475 
211 6 96 269 327 362 364 494 
212 4 128 194 266 365 
213 8 58 120 142 144 151 344 446 465 
214 3 257 427 484 
215 8 11 22 73 110 205 308 460 483 
216 1 279 
217 5 26 371 392 428 449 
218 8 31 63 67 101 300 354 358 416 
219 6 61 90 113 175 296 322 
220 4 288 304 328 408 
221 10 39 63 158 161 174 194 196 208 294 449 
222 14 14 19 84 124 136 181 205 266 279 296 450 472 473 482 
223 5 50 210 301 354 401 
224 3 6 196 389 
225 8 6 185 256 271 371 398 410 463 
226 11 45 104 187 228 244 291 338 355 372 428 465 
227 2 178 463 
228 6 32 132 152 185 226 493 
229 8 22 25 106 149 291 325 413 453 
230 4 12 122 150 367 
231 1 388 
232 3 350 357 458 
233 9 73 146 157 175 194 239 321 338 397 
234 5 46 61 342 353 455 
235 8 0 5 46 241 327 340 348 420 
236 7 21 53 68 129 202 283 406 
237 7 7 78 102 148 149 295 477 
238 4 50 337 417 460 
239 7 34 167 172 233 252 267 363 
240 5 71 291 308 393 453 
241 5 41 169 173 235 448 
242 2 74 116 
243 3 145 250 392 
244 7 118 126 226 348 385 475 496 
245 3 89 369 439 
246 8 288 339 354 377 378 398 421 498 
247 4 91 288 362 462 
248 7 12 40 48 142 280 420 495 
249 7 19 119 157 173 254 391 415 
250 13 50 53 67 76 79 99 173 243 311 319 343 372 421 
251 5 2 46 198 388 451 
252 8 24 62 239 323 336 382 392 418 
253 5 10 18 175 383 426 
254 4 123 249 351 473 
255 3 130 184 342 
256 7 11 104 122 137 225 287 491 
257 5 214 321 409 459 480 
258 13 23 84 93 145 186 370 391 401 425 450 460 464 493 
259 11 31 74 289 293 350 373 378 381 425 461 492 
260 7 7 15 44 153 181 323 484 
261 4 19 169 321 428 
262 6 16 22 47 54 421 431 
263 6 52 102 277 416 452 463 
264 10 38 140 170 265 277 332 385 433 440 471 
265 8 31 109 132 147 194 264 384 393 
266 10 41 176 212 222 272 275 358 482 483 492 
267 9 95 142 239 294 334 376 442 456 486 
268 3 360 406 460 
269 7 58 102 211 282 292 354 398 
270 1 422 
271 7 27 44 70 85 225 330 478 
272 9 106 136 173 266 285 330 332 362 474 
273 11 61 100 126 136 276 297 326 332 378 422 498 
274 6 105 117 281 293 362 420 
275 7 52 89 139 266 387 411 487 
276 7 133 273 285 367 372 412 421 
277 8 34 47 141 158 203 263 264 306 
278 4 91 110 295 410 
279 10 47 96 104 206 216 222 326 330 347 443 
280 9 1 191 196 204 248 330 378 409 421 
281 5 207 274 392 466 488 
282 5 70 269 303 430 431 
283 6 92 147 202 236 314 335 
284 10 11 16 26 150 337 341 389 405 465 494 
285 8 5 30 101 185 272 276 398 444 
286 3 57 127 175 
287 7 18 100 160 256 293 351 408 
288 7 92 157 220 246 247 367 479 
289 9 49 141 154 259 293 308 353 426 442 
290 7 25 67 311 321 322 387 454 
291 5 196 226 229 240 387 
292 10 22 60 86 186 269 297 326 329 444 474 
293 11 6 29 83 118 193 259 274 287 289 368 435 
294 6 159 221 267 365 453 469 
295 5 55 95 237 278 486 
296 13 111 166 219 222 356 378 384 387 388 422 445 463 498 
297 7 17 26 273 292 321 351 381 
298 7 14 35 57 102 366 449 465 
299 6 29 150 165 338 342 491 
300 6 161 218 306 470 492 497 
301 3 204 223 447 
302 7 177 191 201 359 381 400 450 
303 7 127 161 282 322 340 403 494 
304 7 87 115 220 352 367 388 494 
305 1 142 
306 8 52 85 125 204 277 300 369 378 
307 8 70 71 75 94 99 321 383 444 
308 7 53 85 195 215 240 289 483 
309 3 27 169 342 
310 9 114 156 170 210 345 390 468 477 491 
311 6 32 170 250 290 340 469 
312 6 75 181 378 395 417 489 
313 4 127 161 355 420 
314 5 283 341 383 452 463 
315 5 186 208 371 427 484 
316 5 182 208 339 388 407 
317 6 58 91 181 185 208 341 
318 11 24 36 40 41 74 125 170 181 393 430 488 
319 6 31 42 118 250 348 352 
320 5 12 74 107 435 480 
321 8 71 233 257 261 290 297 307 324 
322 7 115 124 178 219 290 303 423 
323 3 252 260 499 
324 6 65 67 185 321 372 490 
325 8 85 90 229 354 370 387 404 463 
326 9 94 187 273 279 292 331 337 420 430 
327 6 96 108 211 235 364 380 
328 4 66 122 169 220 
329 9 63 66 182 292 351 374 413 425 450 
330 12 28 60 99 193 271 272 279 280 352 372 374 442 
331 9 14 19 29 86 326 335 370 407 496 
332 11 195 264 272 273 345 380 389 404 448 472 482 
333 5 31 357 376 448 488 
334 9 2 24 48 79 112 209 267 337 497 
335 4 62 83 283 331 
336 8 6 58 80 125 133 181 252 486 
337 7 62 100 152 238 284 326 334 
338 8 187 226 233 299 368 429 448 449 
339 13 15 18 109 133 138 149 174 180 200 246 316 394 454 
340 5 82 235 303 311 465 
341 4 284 314 317 486 
342 7 116 152 234 255 299 309 385 
343 3 250 422 450 
344 3 206 213 395 
345 8 35 94 181 197 310 332 370 438 
346 2 444 460 
347 10 29 43 119 166 198 208 279 351 433 456 
348 10 59 154 169 204 235 244 319 361 376 482 
349 3 18 388 423 
350 9 5 38 136 194 232 259 415 423 425 
351 11 9 22 52 254 287 297 329 347 359 433 484 
352 7 17 32 304 319 330 394 425 
353 4 234 289 476 488 
354 10 19 112 178 218 223 246 269 325 444 490 
355 8 143 146 165 190 226 313 360 435 
356 4 49 83 296 491 
357 6 177 191 232 333 395 481 
358 5 21 150 218 266 373 
359 9 13 55 76 115 145 157 302 351 489 
360 8 101 132 180 268 355 371 414 481 
361 11 11 24 88 115 185 186 348 406 416 464 487 
362 9 16 53 124 211 247 272 274 364 429 
363 8 17 104 120 205 239 387 458 491 
364 8 8 81 200 211 327 362 425 486 
365 2 212 294 
366 4 159 298 383 440 
367 12 30 55 63 76 96 152 184 230 276 288 304 492 
368 6 14 17 180 293 338 375 
369 5 206 245 306 389 462 
370 7 21 258 325 331 345 468 476 
371 11 0 3 35 113 217 225 315 360 374 399 476 
372 10 109 152 226 250 276 324 330 445 448 482 
373 4 125 259 358 424 
374 9 164 329 330 371 429 431 448 474 493 
375 4 95 186 368 418 
376 9 23 27 42 60 209 267 333 348 400 
377 7 40 45 121 246 380 403 477 
378 10 39 129 246 259 273 280 296 306 312 435 
379 3 146 155 196 
380 4 327 332 377 401 
381 6 100 152 205 259 297 302 
382 6 128 252 421 432 454 484 
383 6 253 307 314 366 451 468 
384 2 265 296 
385 7 29 123 244 264 342 403 423 
386 5 40 196 417 444 450 
387 7 275 290 291 296 325 363 480 
388 12 18 104 183 231 251 296 304 316 349 449 467 490 
389 10 25 58 121 204 224 284 332 369 415 451 
390 4 69 76 91 310 
391 7 2 187 249 258 430 447 467 
392 10 31 96 144 182 183 217 243 252 281 474 
393 11 71 120 142 240 265 318 436 441 452 480 483 
394 6 129 132 339 352 397 440 
395 8 89 130 142 180 312 344 357 447 
396 3 60 152 432 
397 6 50 137 233 394 407 455 
398 5 28 225 246 269 285 
399 5 107 126 142 371 489 
400 5 51 130 302 376 440 
401 7 198 223 258 380 420 442 469 
402 1 441 
403 6 63 104 198 303 377 385 
404 6 127 140 325 332 408 437 
405 5 10 29 182 284 407 
406 7 31 93 236 268 361 413 457 
407 5 66 316 331 397 405 
408 4 23 220 287 404 
409 7 144 165 257 280 410 436 480 
410 7 126 210 225 278 409 426 497 
411 4 173 176 275 465 
412 7 36 67 161 276 426 459 497 
413 4 154 229 329 406 
414 5 2 86 93 360 456 
415 6 135 191 249 350 389 463 
416 7 80 144 164 210 218 263 361 
417 5 4 97 238 312 386 
418 5 119 152 252 375 435 
419 7 12 60 76 420 467 479 499 
420 9 44 177 235 248 274 313 326 401 419 
421 7 107 246 250 262 276 280 382 
422 8 17 34 149 270 273 296 343 439 
423 8 128 187 322 349 350 385 461 479 
424 6 0 72 180 373 453 499 
425 10 28 124 168 258 259 329 350 352 364 452 
426 12 21 74 91 172 207 208 253 289 410 412 434 442 
427 6 169 174 199 214 315 440 
428 6 8 143 185 217 226 261 
429 8 37 82 87 207 338 362 374 459 
430 11 6 24 54 130 131 282 318 326 391 435 438 
431 8 0 7 88 105 167 262 282 374 
432 5 99 157 382 396 470 
433 5 33 124 264 347 351 
434 6 10 16 66 139 426 482 
435 8 69 293 320 355 378 418 430 464 
436 7 29 101 125 150 159 393 409 
437 4 11 81 161 404 
438 3 345 430 444 
439 5 62 200 245 422 474 
440 9 92 121 123 264 366 394 400 427 483 
441 7 50 69 126 393 402 443 445 
442 6 267 289 330 401 426 477 
443 5 11 132 171 279 441 
444 15 2 17 37 46 76 135 175 285 292 307 346 354 386 438 453 
445 7 42 91 126 296 372 441 467 
446 5 35 150 213 477 496 
447 5 90 169 301 391 395 
448 8 124 172 241 332 333 338 372 374 
449 7 61 123 217 221 298 338 388 
450 8 187 222 258 302 329 343 386 485 
451 5 49 251 383 389 490 
452 4 263 314 393 425 
453 9 45 128 155 229 240 294 424 444 477 
454 7 96 176 179 202 290 339 382 
455 4 33 234 397 473 
456 7 133 135 177 205 267 347 414 
457 2 123 406 
458 4 59 232 363 495 
459 7 100 111 257 412 429 484 494 
460 12 49 75 96 99 109 144 215 238 258 268 346 479 
461 3 47 259 423 
462 4 33 181 247 369 
463 10 55 129 132 225 227 263 296 314 325 415 
464 6 69 123 258 361 435 499 
465 8 83 116 213 226 284 298 340 411 
466 6 5 28 56 138 189 281 
467 7 104 132 388 391 419 445 497 
468 7 47 101 178 206 310 370 383 
469 7 100 129 147 150 294 311 401 
470 9 8 38 61 62 74 117 207 300 432 
471 4 156 264 483 484 
472 4 31 154 222 332 
473 6 52 123 176 222 254 455 
474 5 272 292 374 392 439 
475 4 141 156 210 244 
476 10 2 35 79 152 164 183 353 370 371 496 
477 8 6 165 237 310 377 442 446 453 
478 6 14 27 91 206 271 479 
479 10 32 78 182 196 288 419 423 460 478 490 
480 7 128 257 320 387 393 409 491 
481 5 84 113 135 357 360 
482 9 105 198 201 222 266 332 348 372 434 
483 7 122 215 266 308 393 440 471 
484 10 59 86 112 214 260 315 351 382 459 471 
485 4 19 71 206 450 
486 8 54 79 91 267 295 336 341 364 
487 4 92 186 275 361 
488 6 37 281 318 333 353 496 
489 8 20 126 133 143 155 312 359 399 
490 9 50 131 133 141 324 354 388 451 479 
491 8 30 256 299 310 356 363 480 499 
492 7 53 136 191 259 266 300 367 
493 6 69 179 186 228 258 374 
494 6 193 211 284 303 304 459 
495 6 102 114 121 248 458 498 
496 6 77 244 331 446 476 488 
497 8 34 73 177 300 334 410 412 467 
498 6 29 148 246 273 296 495 
499 7 13 93 323 419 424 464 491 
