500 116
0 0 
1 1 280 
2 1 476 
3 2 48 104 
4 1 63 
5 0 
6 1 224 
7 1 431 
8 1 25 
9 0 
10 1 253 
11 1 256 
12 2 179 419 
13 0 
14 0 
15 0 
16 0 
17 1 368 
18 0 
19 0 
20 0 
21 1 426 
22 1 262 
23 0 
24 1 318 
25 1 8 
26 1 297 
27 0 
28 1 466 
29 0 
30 0 
31 0 
32 0 
33 0 
34 0 
35 0 
36 0 
37 0 
38 0 
39 0 
40 0 
41 1 172 
42 0 
43 0 
44 0 
45 2 125 377 
46 2 251 444 
47 0 
48 1 3 
49 0 
50 1 490 
51 0 
52 0 
53 1 182 
54 0 
55 0 
56 0 
57 0 
58 0 
59 0 
60 0 
61 1 219 
62 2 99 125 
63 1 4 
64 0 
65 0 
66 1 434 
67 2 192 218 
68 0 
69 1 493 
70 1 206 
71 0 
72 0 
73 2 233 497 
74 1 109 
75 0 
76 1 192 
77 0 
78 0 
79 1 105 
80 0 
81 0 
82 0 
83 1 335 
84 0 
85 0 
86 0 
87 0 
88 0 
89 0 
90 1 447 
91 0 
92 0 
93 0 
94 0 
95 0 
96 0 
97 1 417 
98 0 
99 1 62 
100 0 
101 0 
102 0 
103 0 
104 1 3 
105 1 79 
106 1 229 
107 0 
108 0 
109 1 74 
110 0 
111 0 
112 0 
113 0 
114 1 495 
115 1 304 
116 0 
117 0 
118 0 
119 1 418 
120 0 
121 0 
122 1 230 
123 1 457 
124 0 
125 2 45 62 
126 0 
127 0 
128 0 
129 0 
130 0 
131 1 167 
132 2 463 467 
133 1 339 
134 0 
135 1 137 
136 1 222 
137 1 135 
138 1 206 
139 1 275 
140 1 404 
141 0 
142 1 393 
143 0 
144 0 
145 0 
146 1 178 
147 0 
148 0 
149 0 
150 1 358 
151 0 
152 2 342 367 
153 0 
154 0 
155 0 
156 1 471 
157 0 
158 0 
159 0 
160 0 
161 1 221 
162 0 
163 0 
164 0 
165 0 
166 0 
167 1 131 
168 0 
169 1 177 
170 0 
171 1 180 
172 1 41 
173 0 
174 0 
175 1 199 
176 0 
177 1 169 
178 1 146 
179 3 12 198 454 
180 1 171 
181 0 
182 3 53 316 392 
183 0 
184 0 
185 0 
186 0 
187 1 226 
188 1 210 
189 0 
190 0 
191 0 
192 2 67 76 
193 0 
194 2 221 265 
195 0 
196 1 386 
197 0 
198 1 179 
199 1 175 
200 0 
201 0 
202 0 
203 1 277 
204 0 
205 0 
206 3 70 138 279 
207 0 
208 1 315 
209 0 
210 1 188 
211 1 269 
212 0 
213 1 344 
214 0 
215 0 
216 0 
217 0 
218 2 67 354 
219 1 61 
220 0 
221 2 161 194 
222 1 136 
223 0 
224 1 6 
225 1 463 
226 1 187 
227 0 
228 0 
229 1 106 
230 1 122 
231 0 
232 0 
233 2 73 239 
234 0 
235 0 
236 0 
237 0 
238 0 
239 1 233 
240 0 
241 0 
242 0 
243 0 
244 0 
245 0 
246 0 
247 0 
248 0 
249 0 
250 0 
251 1 46 
252 0 
253 2 10 426 
254 0 
255 0 
256 2 11 491 
257 1 321 
258 0 
259 0 
260 0 
261 0 
262 2 22 431 
263 0 
264 1 471 
265 1 194 
266 0 
267 1 376 
268 0 
269 1 211 
270 0 
271 0 
272 1 285 
273 0 
274 0 
275 1 139 
276 0 
277 1 203 
278 0 
279 1 206 
280 1 1 
281 0 
282 0 
283 0 
284 0 
285 1 272 
286 0 
287 1 293 
288 1 479 
289 0 
290 0 
291 0 
292 0 
293 1 287 
294 0 
295 0 
296 0 
297 1 26 
298 0 
299 0 
300 0 
301 0 
302 1 450 
303 0 
304 1 115 
305 0 
306 1 378 
307 0 
308 0 
309 0 
310 1 390 
311 0 
312 0 
313 0 
314 0 
315 1 208 
316 2 182 388 
317 0 
318 1 24 
319 0 
320 1 435 
321 1 257 
322 0 
323 0 
324 0 
325 0 
326 0 
327 1 364 
328 0 
329 0 
330 0 
331 0 
332 1 389 
333 0 
334 0 
335 1 83 
336 0 
337 0 
338 1 448 
339 1 133 
340 0 
341 0 
342 1 152 
343 1 450 
344 1 213 
345 0 
346 0 
347 0 
348 1 361 
349 0 
350 0 
351 1 433 
352 0 
353 0 
354 1 218 
355 0 
356 0 
357 0 
358 1 150 
359 0 
360 1 371 
361 1 348 
362 0 
363 0 
364 1 327 
365 0 
366 1 383 
367 1 152 
368 1 17 
369 0 
370 0 
371 2 360 374 
372 0 
373 0 
374 2 371 493 
375 0 
376 1 267 
377 2 45 403 
378 1 306 
379 0 
380 1 401 
381 0 
382 0 
383 1 366 
384 0 
385 1 423 
386 1 196 
387 0 
388 1 316 
389 1 332 
390 1 310 
391 0 
392 1 182 
393 1 142 
394 0 
395 0 
396 0 
397 1 455 
398 0 
399 0 
400 0 
401 2 380 420 
402 0 
403 1 377 
404 1 140 
405 0 
406 0 
407 0 
408 0 
409 0 
410 1 497 
411 0 
412 0 
413 0 
414 0 
415 0 
416 0 
417 1 97 
418 1 119 
419 1 12 
420 1 401 
421 0 
422 0 
423 1 385 
424 0 
425 0 
426 2 21 253 
427 0 
428 0 
429 0 
430 0 
431 2 7 262 
432 0 
433 1 351 
434 1 66 
435 1 320 
436 0 
437 0 
438 0 
439 0 
440 1 483 
441 0 
442 0 
443 0 
444 1 46 
445 0 
446 0 
447 1 90 
448 1 338 
449 0 
450 2 302 343 
451 0 
452 0 
453 0 
454 1 179 
455 1 397 
456 0 
457 1 123 
458 0 
459 0 
460 0 
461 0 
462 0 
463 2 132 225 
464 0 
465 0 
466 1 28 
467 2 132 497 
468 0 
469 0 
470 0 
471 2 156 264 
472 0 
473 0 
474 0 
475 0 
476 1 2 
477 0 
478 0 
479 1 288 
480 1 491 
481 0 
482 0 
483 1 440 
484 0 
485 0 
486 0 
487 0 
488 0 
489 0 
490 1 50 
491 2 256 480 
492 0 
493 2 69 374 
494 0 
495 1 114 
496 0 
497 3 73 410 467 
498 0 
499 0 
