500 5596
0 26 2 3 27 54 62 89 106 108 112 235 294 326 343 359 363 377 403 404 415 424 430 439 456 470 485 488 
1 20 33 58 59 85 117 120 138 152 159 160 170 277 288 319 340 408 425 443 445 460 
2 29 0 10 15 52 79 122 140 181 194 207 214 233 256 268 283 291 304 314 346 351 367 397 400 405 422 444 464 474 476 
3 22 0 15 18 21 125 155 176 188 197 283 301 322 339 340 350 355 446 462 471 488 498 499 
4 20 7 49 53 78 99 126 141 151 203 238 239 272 279 313 362 364 370 459 463 494 
5 22 11 30 37 110 146 161 173 174 206 268 270 283 291 303 307 327 363 397 399 414 461 497 
6 15 48 74 115 179 186 263 300 303 340 341 377 380 391 473 497 
7 21 4 16 18 48 80 85 113 116 195 206 248 285 309 354 413 417 421 427 487 489 496 
8 24 102 148 158 169 172 187 203 209 213 230 255 271 276 308 313 350 353 393 421 428 445 465 468 497 
9 22 13 61 66 87 90 112 238 243 255 292 297 313 367 399 415 426 441 442 445 458 475 491 
10 30 2 29 34 41 42 43 44 80 92 136 151 158 177 198 204 215 231 235 241 262 293 334 357 361 387 393 415 438 439 494 
11 25 5 43 57 63 65 76 96 111 146 156 161 164 176 180 217 220 224 236 306 325 363 366 369 451 490 
12 20 32 45 75 84 111 120 201 210 244 272 314 356 373 390 392 396 412 445 459 479 
13 24 9 21 65 133 139 146 188 242 259 280 291 295 317 356 358 387 388 393 409 411 416 455 485 493 
14 26 41 42 71 81 90 102 137 185 189 195 239 248 271 274 292 299 310 323 374 400 408 418 440 462 471 476 
15 27 2 3 16 37 42 70 129 143 145 163 164 194 222 225 268 324 328 334 360 366 369 374 397 407 411 414 484 
16 20 7 15 36 58 64 77 86 94 125 207 217 262 311 346 351 358 430 454 473 499 
17 22 31 73 87 119 222 242 245 249 297 298 300 305 306 308 333 340 372 403 428 431 438 497 
18 33 3 7 19 100 111 130 136 148 149 156 160 164 167 175 199 218 262 273 287 290 293 296 297 318 367 374 384 397 435 451 469 493 498 
19 28 18 38 64 69 70 133 134 139 181 185 204 206 273 274 282 310 313 319 327 332 343 368 383 425 464 472 475 494 
20 21 45 67 74 140 145 155 157 163 165 169 198 316 318 344 375 409 423 438 447 470 492 
21 19 3 13 28 58 122 196 198 215 243 327 337 356 386 429 435 450 462 474 489 
22 15 155 169 277 280 323 335 352 356 359 370 371 389 453 457 470 
23 22 42 63 64 87 109 121 125 130 142 147 231 248 257 274 285 286 302 350 364 400 401 426 
24 20 36 59 77 138 223 245 262 283 298 321 336 341 370 395 402 404 435 446 483 495 
25 22 37 39 41 86 123 124 133 147 173 182 194 215 286 292 313 335 371 375 389 396 444 465 
26 22 28 85 123 125 153 156 165 177 207 212 226 234 276 286 356 358 362 377 443 479 481 488 
27 17 0 44 55 111 127 158 168 176 184 328 329 334 362 382 383 497 498 
28 36 21 26 29 33 36 40 47 50 59 65 74 84 94 127 148 173 194 205 221 234 235 278 285 315 336 408 412 423 426 428 440 443 460 468 478 490 
29 25 10 28 35 46 47 48 103 108 124 159 184 208 258 265 272 282 291 311 312 321 381 391 393 410 435 
30 22 5 103 120 151 183 195 201 221 233 238 245 247 259 270 291 310 327 383 392 409 414 438 
31 25 17 44 59 62 63 113 154 203 244 254 260 265 299 357 368 374 378 384 390 408 464 465 475 477 493 
32 20 12 44 50 60 119 144 162 176 178 194 266 274 305 338 395 417 442 443 465 481 
33 26 1 28 34 36 43 64 79 100 104 122 156 178 202 242 287 330 337 341 360 423 425 430 432 442 445 460 
34 21 10 33 51 86 112 184 198 243 255 256 264 276 324 358 365 396 414 473 495 498 499 
35 23 29 61 65 90 100 106 110 122 144 190 218 245 252 260 284 292 323 326 350 413 422 426 495 
36 29 16 24 28 33 63 76 80 86 96 114 117 156 217 233 250 258 300 344 353 366 371 414 420 449 469 471 482 489 492 
37 24 5 15 25 41 89 93 124 147 226 232 246 279 313 318 322 331 348 359 369 409 411 439 462 467 
38 19 19 39 55 81 84 91 107 124 175 180 190 206 227 257 260 327 372 447 468 
39 12 25 38 56 76 78 122 157 164 284 327 362 498 
40 26 28 65 80 93 98 123 136 143 147 160 186 192 193 199 222 256 259 264 286 288 324 360 364 433 446 461 
41 26 10 14 25 37 44 45 51 63 81 147 177 187 224 254 282 285 296 307 317 328 359 414 415 433 442 484 
42 22 10 14 15 23 70 90 98 110 120 122 128 186 189 226 341 356 377 420 423 430 459 468 
43 16 10 11 33 54 58 170 195 230 304 311 361 363 415 417 430 449 
44 21 10 27 31 32 41 69 71 76 92 146 164 175 222 258 275 307 310 331 378 473 483 
45 18 12 20 41 58 75 77 151 165 185 190 196 199 302 350 431 448 480 497 
46 28 29 83 95 120 132 155 223 230 246 252 265 273 277 292 345 348 355 386 390 391 407 424 442 443 450 451 473 486 
47 21 28 29 86 149 179 196 218 277 279 283 324 326 349 367 407 419 430 434 453 493 498 
48 13 6 7 29 151 260 303 344 349 416 430 443 445 479 
49 17 4 52 77 117 147 154 201 269 276 289 290 308 351 371 384 397 423 
50 23 28 32 63 74 79 196 217 219 224 227 246 249 272 275 336 343 379 390 396 411 420 477 486 
51 28 34 41 83 95 96 97 127 130 146 166 209 210 236 256 260 267 289 292 340 341 351 366 384 387 416 430 446 478 
52 18 2 49 73 193 195 223 238 239 314 335 341 406 439 458 463 464 473 493 
53 14 4 59 66 174 216 235 280 290 305 348 382 405 442 453 
54 27 0 43 58 59 83 117 130 211 229 245 264 288 289 296 299 305 329 330 338 372 397 428 445 464 465 469 494 
55 29 27 38 68 72 82 110 113 138 148 157 161 171 210 281 285 328 331 336 338 362 382 412 413 424 429 450 468 477 485 
56 21 39 66 81 114 119 120 131 236 243 285 291 309 310 332 385 387 415 418 445 454 492 
57 28 11 109 143 164 175 178 200 206 232 242 246 329 330 331 336 347 368 379 389 397 398 406 419 429 434 437 478 494 
58 30 1 16 21 43 45 54 60 110 142 155 163 168 215 217 218 238 251 255 342 344 357 367 383 386 404 439 441 443 463 495 
59 28 1 24 28 31 53 54 66 79 105 123 176 184 206 211 230 250 254 261 273 297 299 311 316 385 402 437 443 450 
60 19 32 58 74 82 119 134 149 190 232 234 307 362 387 407 421 435 437 452 466 
61 25 9 35 67 84 90 96 114 156 285 303 320 330 363 365 391 395 403 404 415 416 430 471 479 481 493 
62 26 0 31 66 87 114 118 121 126 198 218 230 231 286 287 302 320 331 339 383 404 418 442 444 490 494 499 
63 28 11 23 31 36 41 50 68 70 91 104 191 218 220 241 255 303 321 338 347 363 369 376 383 391 417 421 459 467 
64 28 16 19 23 33 84 99 105 109 128 147 148 176 178 186 196 210 212 231 255 272 274 278 280 362 390 393 438 452 
65 26 11 13 28 35 40 92 125 156 164 179 201 215 244 257 259 261 272 287 311 341 356 362 410 425 484 491 
66 29 9 53 56 59 62 67 95 98 106 109 131 148 150 151 157 168 220 222 248 252 271 291 293 313 376 380 464 484 492 
67 19 20 61 66 74 77 79 94 126 136 182 186 188 221 283 308 329 370 372 388 
68 23 55 63 85 99 100 101 106 144 178 244 334 357 366 372 382 391 407 416 424 425 426 463 491 
69 24 19 44 125 150 154 160 161 173 180 192 244 246 267 284 286 288 351 378 379 382 383 396 418 463 
70 21 15 19 42 63 93 99 111 118 140 185 237 269 275 303 308 311 316 365 375 401 438 
71 22 14 44 72 81 98 118 123 132 151 251 284 296 319 342 347 386 400 401 409 440 456 479 
72 28 55 71 93 101 106 110 125 142 147 155 163 180 202 217 219 220 223 276 292 314 371 376 386 394 428 444 464 484 
73 18 17 52 79 85 93 101 130 134 213 219 297 323 335 363 402 406 421 470 
74 30 6 20 28 50 60 67 95 130 131 141 144 147 180 194 218 281 296 333 334 376 378 379 380 395 447 451 455 461 479 490 
75 18 12 45 135 150 206 226 230 246 273 303 311 371 377 381 382 395 428 449 
76 18 11 36 39 44 88 183 262 270 282 294 302 317 337 340 349 379 399 436 
77 28 16 24 45 49 67 88 101 117 145 146 153 169 189 212 234 241 295 305 336 345 374 378 383 406 443 458 493 495 
78 34 4 39 102 110 114 115 118 124 126 134 143 146 162 165 167 189 234 249 251 274 292 310 335 353 369 375 385 396 398 405 431 447 459 460 
79 26 2 33 50 59 67 73 106 124 150 166 186 204 238 292 325 341 357 371 377 420 436 438 442 449 481 498 
80 26 7 10 36 40 86 91 113 138 149 178 190 191 228 237 241 245 247 263 330 399 445 446 450 464 477 482 
81 22 14 38 41 56 71 85 110 194 206 210 211 271 285 289 300 378 395 436 456 470 474 494 
82 26 55 60 93 99 113 154 159 179 238 239 254 263 280 290 293 299 320 330 335 378 383 395 467 468 471 490 
83 18 46 51 54 91 97 99 184 214 280 285 312 340 345 373 381 413 416 495 
84 20 12 28 38 61 64 87 117 131 159 162 179 209 226 323 344 355 397 425 492 499 
85 22 1 7 26 68 73 81 100 119 126 146 165 214 235 244 263 297 307 369 382 391 458 494 
86 33 16 25 34 36 47 80 90 123 125 157 161 191 192 196 213 225 250 251 267 269 270 291 323 327 339 354 365 410 411 451 459 489 499 
87 30 9 17 23 62 84 98 113 120 122 135 152 157 196 208 211 221 257 276 280 281 298 317 348 357 370 388 406 449 474 481 
88 18 76 77 122 159 166 183 189 261 272 301 337 342 358 366 395 422 484 498 
89 26 0 37 103 137 148 150 160 163 164 175 187 228 230 232 253 296 301 320 324 328 348 355 446 450 479 480 
90 23 9 14 35 42 61 86 110 117 125 160 177 190 192 219 221 308 344 408 419 429 438 469 474 
91 14 38 63 80 83 96 217 219 240 276 325 329 379 386 439 
92 26 10 44 65 117 121 140 152 155 163 186 223 289 300 340 348 368 385 393 401 408 416 441 444 448 459 491 
93 25 37 40 70 72 73 82 135 145 209 224 226 243 264 288 301 314 342 349 357 362 365 398 404 418 441 
94 15 16 28 67 146 180 232 306 314 315 341 382 410 412 466 482 
95 26 46 51 66 74 104 110 137 141 164 196 212 220 221 222 247 251 259 260 287 310 338 385 394 435 465 477 
96 20 11 36 51 61 91 120 199 216 223 228 240 317 329 359 362 395 411 417 433 434 
97 21 51 83 132 162 174 183 225 265 330 337 353 390 392 406 414 418 421 451 458 461 488 
98 28 40 42 66 71 87 138 152 163 164 171 197 198 209 222 239 261 265 280 299 300 317 322 379 380 401 414 439 446 
99 27 4 64 68 70 82 83 101 132 136 167 181 201 208 254 278 287 302 306 309 310 326 340 348 359 396 451 474 
100 25 18 33 35 68 85 136 144 145 146 159 163 167 169 268 269 274 287 305 328 344 384 406 411 436 480 
101 14 68 72 73 77 99 102 111 165 219 235 310 413 452 471 
102 21 8 14 78 101 108 134 155 165 185 208 226 246 268 287 310 343 415 439 457 472 473 
103 25 29 30 89 127 151 155 168 183 186 204 212 277 336 339 344 352 371 411 415 432 443 455 462 479 488 
104 14 33 63 95 118 135 257 266 309 316 322 376 386 452 463 
105 18 59 64 134 140 200 212 259 279 360 364 392 407 409 422 437 461 482 499 
106 23 0 35 66 68 72 79 138 158 173 231 234 247 264 278 285 293 326 381 409 428 433 486 499 
107 22 38 147 153 158 169 181 203 207 256 276 320 328 374 403 415 437 448 454 466 479 487 488 
108 29 0 29 102 111 135 150 159 227 232 236 238 249 260 263 279 283 296 304 318 389 395 411 425 430 448 449 466 481 492 
109 17 23 57 64 66 183 185 200 216 331 334 335 430 456 459 466 470 481 
110 33 5 35 42 55 58 72 78 81 90 95 128 186 192 200 202 203 210 222 234 252 289 311 356 371 408 411 415 427 440 461 464 481 485 
111 23 11 12 18 27 70 101 108 127 131 165 172 182 185 236 283 308 310 328 360 373 377 403 410 
112 22 0 9 34 163 174 188 211 226 233 239 246 268 283 288 301 390 397 404 424 431 479 498 
113 22 7 31 55 80 82 87 116 119 127 136 147 197 264 268 280 282 334 379 414 423 434 463 
114 24 36 56 61 62 78 117 119 120 121 145 148 165 234 235 240 242 315 336 361 403 419 470 493 495 
115 19 6 78 130 150 151 159 174 184 200 232 238 322 368 378 412 432 448 467 498 
116 22 7 113 121 168 178 182 191 195 243 272 274 289 317 320 323 326 332 383 393 432 440 464 
117 25 1 36 49 54 77 84 90 92 114 127 166 171 172 176 201 258 277 341 358 366 408 411 437 452 467 
118 20 62 70 71 78 104 124 147 194 195 203 209 214 217 244 269 282 464 480 495 498 
119 27 17 32 56 60 85 113 114 134 157 161 210 217 223 231 236 252 265 267 306 323 327 341 346 348 431 457 483 
120 23 1 12 30 42 46 56 87 96 114 130 167 182 197 221 243 246 275 352 353 359 398 428 447 
121 20 23 62 92 114 116 138 187 192 193 201 215 218 256 333 394 400 410 412 433 476 
122 22 2 21 33 35 39 42 87 88 161 176 194 222 239 307 322 325 348 360 391 431 440 478 
123 27 25 26 40 59 71 86 125 136 146 193 194 228 246 279 311 313 319 356 376 403 412 428 430 439 467 469 480 
124 27 25 29 37 38 78 79 118 141 142 145 170 190 194 246 289 338 367 373 383 404 410 418 424 436 438 471 485 
125 33 3 16 23 26 65 69 72 86 90 123 167 175 192 199 211 215 221 265 280 294 313 320 371 373 374 376 426 427 440 454 465 486 496 
126 26 4 62 67 78 85 164 166 177 184 205 208 229 234 249 266 337 340 358 363 366 414 422 457 471 483 494 
127 32 27 28 51 103 111 113 117 131 137 139 144 146 151 206 217 224 225 250 270 272 343 368 370 375 382 407 412 424 444 455 473 499 
128 22 42 64 110 153 157 185 220 227 247 249 258 270 271 286 297 375 392 422 441 458 482 497 
129 10 15 142 214 218 234 277 292 385 417 454 
130 20 18 23 51 54 73 74 115 120 138 157 164 171 212 245 255 260 274 307 421 439 
131 22 56 66 74 84 111 127 157 186 242 285 286 303 321 323 331 346 356 363 367 383 463 488 
132 28 46 71 97 99 137 152 157 193 202 244 248 258 283 298 330 354 358 360 370 374 383 392 397 404 415 417 418 452 
133 18 13 19 25 169 178 196 233 249 256 261 345 356 360 374 378 380 408 454 
134 22 19 60 73 78 102 105 119 142 182 195 197 248 251 267 314 345 367 371 393 420 428 469 
135 20 75 87 93 104 108 173 185 207 246 270 288 322 350 357 363 376 409 428 491 499 
136 19 10 18 40 67 99 100 113 123 140 149 165 204 264 286 287 337 346 398 448 
137 14 14 89 95 127 132 161 249 328 339 348 378 386 468 488 
138 29 1 24 55 80 98 106 121 130 139 141 147 157 182 197 226 248 287 305 324 339 355 374 379 452 474 475 477 486 497 
139 27 13 19 127 138 153 200 211 250 255 263 268 327 331 338 369 387 394 397 399 402 411 412 436 456 466 488 493 
140 20 2 20 70 92 105 136 141 150 159 169 172 291 297 301 325 351 353 408 470 491 
141 26 4 74 95 124 138 140 143 182 197 256 278 279 280 285 312 316 324 332 337 371 403 416 438 452 466 469 
142 21 23 58 72 124 129 134 158 160 174 209 275 335 368 369 373 409 411 432 445 447 487 
143 23 15 40 57 78 141 178 192 204 209 221 241 289 309 316 318 356 361 362 368 411 430 440 441 
144 25 32 35 68 74 100 127 162 172 212 249 266 290 298 301 303 364 375 380 381 393 397 411 455 464 486 
145 23 15 20 77 93 100 114 124 150 175 181 194 233 258 259 261 297 324 364 387 410 419 437 493 
146 33 5 11 13 44 51 77 78 85 94 100 123 127 169 191 193 213 231 240 253 286 299 301 310 313 330 348 375 391 419 447 450 451 467 
147 31 23 25 37 40 41 49 64 72 74 107 113 118 138 150 186 188 191 195 221 245 250 290 294 310 336 338 342 355 366 444 499 
148 19 8 18 28 55 64 66 89 114 175 184 199 224 258 265 281 317 348 350 379 
149 24 18 47 60 80 136 156 158 182 191 209 229 240 281 291 293 335 357 367 385 415 424 435 464 484 
150 26 66 69 75 79 89 108 115 140 145 147 154 159 172 177 241 265 290 298 299 349 361 419 437 446 463 475 
151 25 4 10 30 45 48 66 71 103 115 127 155 158 186 208 258 269 278 282 346 368 391 419 459 462 481 
152 14 1 87 92 98 132 162 206 222 254 261 287 318 384 443 
153 20 26 77 107 128 139 194 223 227 235 245 338 346 353 396 416 420 441 487 490 496 
154 23 31 49 69 82 150 156 169 170 192 216 241 270 273 280 308 352 374 384 423 424 457 474 496 
155 27 3 20 22 46 58 72 92 102 103 151 187 191 207 273 284 320 322 343 356 367 372 380 395 415 472 477 498 
156 27 11 18 26 33 36 61 65 149 154 165 178 201 216 222 235 251 294 327 336 349 393 430 439 446 455 464 481 
157 27 20 39 55 66 86 87 119 128 130 131 132 138 158 208 218 231 286 291 315 331 332 339 340 352 383 458 470 
158 22 8 10 27 106 107 142 149 151 157 181 203 217 247 291 335 346 420 431 438 443 462 479 
159 25 1 29 82 84 88 100 108 115 140 150 178 203 206 213 230 259 270 285 293 308 322 361 366 443 469 
160 21 1 18 40 69 89 90 142 178 181 197 216 257 309 319 359 370 399 437 441 442 468 
161 23 5 11 55 69 86 119 122 137 180 205 236 237 265 275 298 325 369 394 411 439 442 466 476 
162 21 32 78 84 97 144 152 187 197 198 209 231 287 314 332 389 413 417 425 452 459 464 
163 27 15 20 58 72 89 92 98 100 112 184 196 212 215 233 246 263 289 297 340 359 362 369 383 432 469 489 495 
164 26 11 15 18 39 44 57 65 89 95 98 126 130 166 219 250 251 258 282 294 300 310 313 322 429 436 438 
165 29 20 26 45 78 85 101 102 111 114 136 156 185 188 198 215 220 237 265 278 291 341 349 383 400 432 438 465 483 494 
166 17 51 79 88 117 126 164 171 180 204 220 243 367 372 420 432 435 488 
167 22 18 78 99 100 120 125 174 201 250 253 254 263 276 298 301 312 359 415 463 470 475 494 
168 24 27 58 66 103 116 194 203 217 266 274 276 284 300 301 330 366 376 383 400 413 430 435 472 482 
169 26 8 20 22 77 100 107 133 140 146 154 177 185 221 284 287 290 294 295 311 319 326 343 413 436 444 463 
170 19 1 43 124 154 190 193 246 264 268 288 311 331 348 355 357 371 442 460 466 
171 18 55 98 117 130 166 172 180 195 197 282 331 348 358 373 380 391 439 461 
172 23 8 111 117 140 144 150 171 176 181 189 222 266 318 327 362 385 386 410 434 446 463 466 478 
173 17 5 25 28 69 106 135 188 206 231 236 270 308 311 372 387 420 448 
174 27 5 53 97 112 115 142 167 184 190 204 206 258 260 272 281 302 311 341 343 366 378 396 456 478 480 486 497 
175 22 18 38 44 57 89 125 145 148 193 199 217 271 291 304 316 320 355 412 419 456 461 466 
176 23 3 11 27 32 59 64 117 122 172 186 231 249 269 290 314 364 373 413 415 429 430 472 476 
177 20 10 26 41 90 126 150 169 192 204 208 219 251 258 277 295 317 363 422 434 444 
178 24 32 33 57 64 68 80 116 133 143 156 159 160 187 251 295 324 330 395 400 421 444 450 478 487 
179 23 6 47 65 82 84 224 236 238 256 270 291 293 316 325 366 369 373 422 441 466 473 478 492 
180 21 11 38 69 72 74 94 161 166 171 208 223 251 303 338 358 367 385 414 421 438 454 
181 23 2 19 99 107 145 158 160 172 186 308 312 315 322 325 358 364 380 441 448 451 453 456 478 
182 29 25 67 111 116 120 134 138 141 149 197 199 204 205 221 222 268 297 337 363 390 404 409 420 422 445 448 449 450 453 
183 15 30 76 88 97 103 109 212 235 254 259 260 266 476 482 483 
184 24 27 29 34 59 83 115 126 148 163 174 191 195 198 202 215 219 233 237 321 348 352 409 491 494 
185 25 14 19 45 70 102 109 111 128 135 165 169 192 209 244 317 336 341 361 389 408 412 436 439 440 444 
186 27 6 40 42 64 67 79 92 103 110 131 147 151 176 181 202 223 246 267 289 303 334 358 428 435 446 481 485 
187 19 8 41 89 121 155 162 178 232 237 302 309 314 319 346 348 395 466 487 499 
188 27 3 13 67 112 147 165 173 229 251 261 279 282 289 304 318 332 373 405 408 412 425 430 451 463 468 483 495 
189 15 14 42 77 78 88 172 210 229 251 278 377 390 411 464 487 
190 19 35 38 45 60 80 90 124 170 174 197 201 241 254 261 304 342 390 401 488 
191 23 63 80 86 116 146 147 149 155 184 219 246 272 329 332 361 410 419 451 460 461 464 471 490 
192 25 40 69 86 90 110 121 125 143 154 177 185 194 197 229 254 262 319 334 335 345 353 400 417 423 432 
193 23 40 52 121 123 132 146 170 175 227 254 271 306 312 322 338 350 379 399 412 435 461 465 499 
194 28 2 15 25 28 32 74 81 118 122 123 124 145 153 168 192 229 271 288 295 336 360 365 421 436 460 472 475 497 
195 21 7 14 30 43 52 116 118 134 147 171 184 207 224 233 254 276 349 377 392 437 480 
196 20 21 45 47 50 64 86 87 95 133 163 205 231 232 268 306 308 323 412 476 480 
197 23 3 98 113 120 134 138 141 160 162 171 182 190 192 240 244 260 279 283 327 439 451 465 498 
198 27 10 20 21 34 62 98 162 165 184 210 216 220 283 287 341 346 348 351 355 371 412 416 418 451 456 473 488 
199 18 18 40 45 96 125 148 175 182 216 225 266 277 284 320 325 363 411 479 
200 26 57 105 109 110 115 139 205 213 217 284 304 317 356 368 373 375 377 381 402 404 416 425 450 470 493 496 
201 27 12 30 49 65 99 117 121 156 167 190 203 214 232 246 256 280 291 301 323 328 333 335 368 392 397 406 431 
202 21 33 72 110 132 184 186 206 232 233 269 286 287 313 330 360 365 386 395 438 445 452 
203 24 4 8 31 107 110 118 158 159 168 201 204 205 234 242 253 332 371 379 403 427 457 463 491 498 
204 25 10 19 79 103 136 143 166 174 177 182 203 209 211 226 233 242 262 301 326 331 361 390 441 458 466 
205 16 28 126 161 182 196 200 203 213 243 244 254 335 374 384 428 455 
206 31 5 7 19 38 57 59 75 81 127 152 159 173 174 202 209 217 224 234 255 274 310 337 341 346 376 380 408 424 455 468 472 
207 16 2 16 26 107 135 155 195 317 346 365 386 391 406 442 469 481 
208 18 29 87 99 102 126 151 157 177 180 280 303 340 355 373 388 403 488 489 
209 29 8 51 84 93 98 118 142 143 149 162 185 204 206 218 242 256 268 278 315 340 341 359 369 418 434 442 443 444 497 
210 25 12 51 55 64 81 110 119 189 198 211 213 248 260 274 287 323 344 353 366 379 427 431 433 475 497 
211 23 54 59 81 87 112 125 139 204 210 218 229 235 254 291 304 317 335 352 355 423 432 437 448 
212 26 26 64 77 95 103 105 130 144 163 183 213 215 252 258 285 321 328 331 350 385 392 424 451 459 471 489 
213 20 8 73 86 146 159 200 205 210 212 219 225 257 268 303 333 378 396 413 421 469 
214 20 2 83 85 118 129 201 220 226 276 287 291 293 301 304 310 364 386 398 464 483 
215 19 10 21 25 58 65 121 125 163 165 184 212 218 250 279 287 290 349 356 364 
216 24 53 96 109 154 156 160 198 199 217 235 270 281 303 305 320 340 378 391 397 403 407 413 443 484 
217 27 11 16 36 50 58 72 91 118 119 127 158 168 175 200 206 216 251 255 303 332 351 394 402 404 439 466 485 
218 28 18 35 47 58 62 63 74 121 129 157 209 211 215 222 229 232 242 260 296 339 392 429 457 461 466 474 480 483 
219 24 50 72 73 90 91 101 164 177 184 191 213 316 345 356 374 396 403 423 438 447 463 466 469 479 
220 18 11 63 66 72 95 128 165 166 198 214 233 240 304 341 378 399 455 476 
221 26 28 30 67 87 90 95 120 125 143 147 169 182 224 237 260 270 301 313 327 360 399 406 418 429 447 495 
222 23 15 17 40 44 66 95 98 110 122 152 156 172 182 218 249 263 302 306 366 388 425 477 487 
223 21 24 46 52 72 92 96 119 153 180 186 259 263 272 285 298 303 343 374 455 458 496 
224 24 11 41 50 93 127 148 179 195 206 221 236 273 284 297 321 362 363 378 379 412 434 444 463 478 
225 14 15 86 97 127 199 213 258 262 316 356 396 401 407 465 
226 22 26 37 42 75 84 93 102 112 138 204 214 232 252 262 291 296 312 347 381 394 455 465 
227 18 38 50 108 128 153 193 253 291 296 312 326 331 362 391 406 417 442 457 
228 17 80 89 96 123 253 259 268 276 306 361 387 402 421 439 464 465 472 
229 25 54 126 149 188 189 192 194 211 218 235 245 265 289 295 304 307 332 335 362 388 393 400 423 436 497 
230 23 8 43 46 59 62 75 89 159 252 256 270 278 285 287 304 307 310 323 340 347 370 465 493 
231 18 10 23 62 64 106 119 146 157 162 173 176 196 259 274 278 317 335 452 
232 25 37 57 60 89 94 108 115 187 196 201 202 218 226 244 273 311 320 384 386 408 427 435 479 484 490 
233 23 2 30 36 112 133 145 163 184 195 202 204 220 285 286 309 323 325 381 393 402 413 416 474 
234 24 26 28 60 77 78 106 110 114 126 129 203 206 260 286 293 302 363 405 407 413 428 430 451 460 
235 22 0 10 28 53 85 101 114 153 156 183 211 216 229 273 293 367 370 371 390 406 416 440 
236 25 11 51 56 108 111 119 161 173 179 224 257 280 288 301 311 312 323 334 363 376 401 434 452 460 482 
237 16 70 80 161 165 184 187 221 245 264 368 441 460 465 481 496 499 
238 20 4 9 30 52 58 79 82 108 115 179 291 314 315 316 331 354 368 380 453 468 
239 18 4 14 52 82 98 112 122 302 321 341 361 364 369 375 393 407 469 484 
240 15 91 96 114 146 149 197 220 272 281 293 330 332 420 425 483 
241 16 10 63 77 80 143 150 154 190 253 258 266 285 404 407 458 466 
242 18 13 17 33 57 114 131 203 204 209 218 284 295 322 337 364 392 427 467 
243 17 9 21 34 56 93 116 120 166 205 284 325 366 426 457 463 482 496 
244 23 12 31 65 68 69 85 118 132 185 197 205 232 290 291 343 352 356 400 401 409 426 472 490 
245 24 17 24 30 35 54 80 130 147 153 229 237 260 294 306 321 334 337 349 355 403 444 449 451 498 
246 31 37 46 50 57 69 75 102 112 120 123 124 135 163 170 186 191 201 275 299 302 315 367 375 377 418 423 425 440 446 475 482 
247 17 30 80 95 106 128 158 254 286 308 321 324 361 362 391 401 454 462 
248 17 7 14 23 66 132 134 138 210 272 303 314 344 352 369 380 436 460 
249 19 17 50 78 108 126 128 133 137 144 176 222 259 292 330 335 343 389 390 413 
250 23 36 59 86 127 139 147 164 167 215 273 341 354 368 373 411 417 427 450 451 454 461 463 489 
251 20 58 71 78 86 95 134 156 164 177 178 180 188 189 217 345 368 403 468 477 489 
252 21 35 46 66 110 119 212 226 230 258 261 276 303 310 319 339 363 373 428 468 474 488 
253 15 89 146 167 203 227 228 241 294 309 366 378 387 399 408 427 
254 24 31 41 59 82 99 152 167 183 190 192 193 195 205 211 247 279 283 295 319 328 349 354 358 391 
255 17 8 9 34 58 63 64 130 139 206 217 282 284 338 399 417 423 441 
256 20 2 34 40 51 107 121 133 141 179 201 209 230 274 302 315 352 420 424 438 484 
257 20 23 38 65 87 104 160 213 236 292 344 361 376 393 412 437 445 448 466 475 495 
258 27 29 36 44 117 128 132 145 148 151 164 174 177 212 225 241 252 259 280 289 318 388 400 443 446 447 462 493 
259 27 13 30 40 65 95 105 145 159 183 223 228 231 249 258 267 272 278 287 341 348 374 381 420 424 425 464 477 
260 28 31 35 38 48 51 95 108 130 174 183 197 210 218 221 234 245 273 307 329 352 361 374 418 422 429 478 479 494 
261 23 59 65 88 98 133 145 152 188 190 252 273 306 325 334 343 383 422 442 455 460 475 483 488 
262 17 10 16 18 24 76 192 204 225 226 297 323 376 384 421 476 485 498 
263 22 6 80 82 85 108 139 163 167 222 223 273 275 276 289 348 381 388 403 426 433 490 498 
264 19 34 40 54 93 106 113 136 170 237 274 275 286 341 364 370 396 405 475 490 
265 25 29 31 46 97 98 119 125 148 150 161 165 229 286 317 319 338 415 421 442 451 460 467 474 477 497 
266 17 32 104 126 144 168 172 183 199 241 286 292 302 345 353 376 435 480 
267 23 51 69 86 119 134 186 259 280 285 294 298 302 318 322 325 359 369 398 405 406 442 471 483 
268 24 2 5 15 100 102 112 113 139 170 182 196 209 213 228 288 308 312 313 322 345 355 357 422 492 
269 20 49 70 86 100 118 151 176 202 293 295 337 358 378 379 414 448 475 476 487 499 
270 26 5 30 76 86 127 128 135 154 159 173 179 216 221 230 271 279 288 292 307 329 397 429 432 444 456 480 
271 16 8 14 66 81 128 175 193 194 270 308 346 412 462 473 481 490 
272 25 4 12 29 50 64 65 88 116 127 174 191 223 240 248 259 281 309 312 365 380 404 421 427 434 497 
273 25 18 19 46 59 75 154 155 224 232 235 250 260 261 263 279 306 371 373 375 404 414 455 467 484 498 
274 26 14 19 23 32 64 78 100 116 130 168 206 210 231 256 264 292 315 320 323 331 359 362 372 421 436 490 
275 18 44 50 70 120 142 161 246 263 264 278 288 291 306 349 421 438 443 469 
276 26 8 26 34 49 72 87 91 107 167 168 195 214 228 252 263 321 363 374 375 387 403 406 429 433 475 490 
277 17 1 22 46 47 103 117 129 177 199 289 294 338 361 364 417 447 454 
278 24 28 64 99 106 141 151 165 189 209 230 231 259 275 290 318 339 342 343 370 373 406 435 445 449 
279 26 4 37 47 105 108 123 141 188 197 215 254 270 273 285 295 311 320 344 345 353 360 361 378 391 433 495 
280 30 13 22 53 64 82 83 87 98 113 125 141 154 201 208 236 258 267 289 294 323 361 369 377 395 404 420 463 470 481 486 
281 20 55 74 87 148 149 174 216 240 272 288 296 299 309 371 373 405 419 439 472 493 
282 23 19 29 41 76 113 118 151 164 171 188 255 295 319 335 336 349 373 391 435 439 459 477 482 
283 23 2 3 5 24 47 67 108 111 112 132 197 198 254 292 307 331 362 379 394 402 466 481 486 
284 24 35 39 69 71 155 168 169 199 200 224 242 243 255 310 323 331 360 387 394 440 455 457 461 497 
285 29 7 23 28 41 55 56 61 81 83 106 131 141 159 212 223 230 233 241 267 279 309 333 349 365 371 393 435 457 473 
286 24 23 25 26 40 62 69 128 131 136 146 157 202 233 234 247 264 265 266 298 342 370 410 412 447 
287 26 18 33 62 65 95 99 100 102 136 138 152 162 169 198 202 210 214 215 230 259 297 314 326 391 470 471 
288 19 1 40 54 69 93 112 135 170 194 236 268 270 275 281 297 383 422 456 490 
289 27 49 51 54 81 92 110 116 124 143 163 186 188 229 258 263 277 280 293 305 309 310 325 379 384 422 437 459 
290 21 18 49 53 82 144 147 150 169 176 215 244 278 361 418 426 431 451 455 463 466 481 
291 28 2 5 13 29 30 56 66 86 140 149 157 158 165 175 179 201 211 214 226 227 238 244 275 294 309 320 359 436 
292 26 9 14 25 35 46 51 72 78 79 129 249 257 266 270 274 283 295 296 323 325 326 332 417 426 467 491 
293 24 10 18 66 82 106 149 159 179 214 234 235 240 269 289 299 324 356 357 366 382 383 424 455 496 
294 20 0 76 125 147 156 164 169 245 253 267 277 280 291 299 326 371 374 427 455 458 
295 22 13 77 169 177 178 194 229 242 254 269 279 282 292 329 342 363 395 407 435 452 459 466 
296 23 18 41 54 71 74 89 108 218 226 227 281 292 342 357 383 402 416 419 467 484 491 494 496 
297 19 9 17 18 59 73 85 128 140 145 163 182 224 262 287 288 364 411 415 447 
298 20 17 24 87 132 144 150 161 167 223 267 286 305 313 316 337 417 427 432 482 490 
299 20 14 31 54 59 82 98 146 150 246 281 293 294 304 312 314 335 390 397 442 473 
300 13 6 17 36 81 92 98 164 168 381 457 468 485 488 
301 22 3 88 89 93 112 140 144 146 167 168 201 204 214 221 236 360 366 371 415 432 442 479 
302 28 23 45 62 76 99 174 187 222 234 239 246 256 266 267 303 305 314 341 346 383 402 420 433 440 446 448 455 456 
303 28 5 6 48 61 63 70 75 131 144 180 186 208 213 216 217 223 248 252 302 308 330 336 344 403 434 466 468 497 
304 20 2 43 108 175 188 190 200 211 214 220 229 230 299 348 352 366 385 406 412 458 
305 20 17 32 53 54 77 100 138 216 289 298 302 336 343 356 389 406 431 440 445 448 
306 19 11 17 94 99 119 193 196 222 228 245 261 273 275 315 388 391 400 414 419 
307 20 5 41 44 60 85 122 130 229 230 260 270 283 310 314 372 394 404 438 447 494 
308 22 8 17 49 67 70 90 111 154 159 173 181 196 247 268 271 303 322 361 370 400 409 449 
309 27 7 56 99 104 143 160 187 233 253 272 281 285 289 291 315 327 412 413 433 438 443 468 469 471 473 493 498 
310 29 14 19 30 44 56 78 95 99 101 102 111 146 147 164 206 214 230 252 284 289 307 326 351 353 364 405 426 441 458 
311 24 16 29 43 59 65 70 75 110 123 169 170 173 174 232 236 279 351 366 378 426 429 465 493 496 
312 22 29 83 141 167 181 193 226 227 236 268 272 299 321 347 351 358 374 444 447 453 457 480 
313 25 4 8 9 19 25 37 66 123 125 146 164 202 221 268 298 322 327 330 334 381 384 399 415 444 471 
314 23 2 12 52 72 93 94 134 162 176 187 238 248 287 299 302 307 377 379 410 426 440 494 496 
315 25 28 94 114 157 181 209 238 246 256 274 306 309 318 350 385 389 396 408 420 433 446 451 467 469 473 
316 16 20 59 70 104 141 143 175 179 219 225 238 298 362 389 394 489 
317 23 13 41 76 87 96 98 116 148 177 185 200 207 211 231 265 327 329 337 339 365 383 417 445 
318 19 18 20 37 108 143 152 172 188 258 267 278 315 343 369 386 388 432 433 438 
319 22 1 19 71 123 160 169 187 192 252 254 265 282 321 338 340 379 383 392 402 450 474 491 
320 22 61 62 82 89 107 116 125 155 175 199 216 232 274 279 291 356 364 380 383 389 412 495 
321 23 24 29 63 131 184 212 224 239 245 247 276 312 319 359 363 375 385 398 419 446 476 482 491 
322 24 3 37 98 104 115 122 135 155 159 164 181 193 242 267 268 308 313 343 376 381 392 401 448 459 
323 25 14 22 35 73 84 86 116 119 131 196 201 210 230 233 236 262 274 280 284 292 333 369 404 423 479 
324 21 15 34 40 47 89 138 141 145 178 247 293 337 364 371 376 389 398 405 465 480 497 
325 20 11 79 91 122 140 161 179 181 199 233 243 261 267 289 292 392 427 441 442 465 
326 17 0 35 47 99 106 116 169 204 227 287 292 294 310 372 393 408 482 
327 24 5 19 21 30 38 39 86 119 139 156 172 197 221 309 313 317 334 348 374 416 425 427 469 494 
328 18 15 27 41 55 89 100 107 111 137 201 212 254 332 372 397 428 468 472 
329 17 27 54 57 67 91 96 191 260 270 295 317 331 343 348 385 397 488 
330 24 33 54 57 61 80 82 97 132 146 168 178 202 240 249 303 313 331 334 335 354 383 393 405 419 
331 30 37 44 55 57 62 109 131 139 157 170 171 204 212 227 238 274 283 284 329 330 347 371 411 421 436 461 462 466 478 495 
332 20 19 56 116 141 157 162 188 191 203 217 229 240 292 328 339 420 445 455 469 493 
333 13 17 74 121 201 213 285 323 350 363 372 380 413 487 
334 20 10 15 27 68 74 109 113 186 192 236 245 261 313 327 330 370 377 379 384 437 
335 30 22 25 52 73 78 82 109 142 149 158 192 201 205 211 229 231 249 282 299 330 353 357 365 393 402 410 420 438 450 453 
336 24 24 28 50 55 57 77 103 114 147 156 185 194 282 303 305 367 369 374 379 388 393 399 449 464 
337 22 21 33 76 88 97 126 136 141 182 206 242 245 269 298 317 324 338 345 409 424 435 438 
338 24 32 54 55 63 95 124 139 147 153 180 193 255 265 277 319 337 341 372 374 380 399 433 443 477 
339 19 3 62 86 103 137 138 157 218 252 278 317 332 361 366 385 394 427 438 444 
340 22 1 3 6 17 51 76 83 92 99 126 157 163 208 209 216 230 319 358 454 475 483 490 
341 32 6 24 33 42 51 52 65 79 94 117 119 165 174 185 198 206 209 220 239 250 259 264 302 338 380 388 406 426 452 464 469 495 
342 16 58 71 88 93 147 190 278 286 295 296 348 350 383 410 421 486 
343 22 0 19 50 102 127 155 169 174 223 244 249 261 278 305 318 322 329 375 404 441 457 484 
344 17 20 36 48 58 84 90 100 103 210 248 257 279 303 364 412 420 421 
345 17 46 77 83 133 134 192 219 251 266 268 279 337 404 409 460 467 478 
346 21 2 16 119 131 136 151 153 158 187 198 206 207 271 302 349 391 402 420 439 447 456 
347 10 57 63 71 226 230 312 331 358 437 470 
348 26 37 46 53 87 89 92 99 119 122 137 146 148 170 171 184 187 198 259 263 304 327 329 342 376 416 436 
349 20 47 48 76 93 150 156 165 195 215 245 254 275 282 285 346 371 408 430 440 482 
350 19 3 8 23 35 45 135 148 193 212 315 333 342 361 371 375 377 389 422 479 
351 21 2 16 49 51 69 140 198 217 310 311 312 363 365 388 439 452 453 479 480 483 496 
352 17 22 103 120 154 157 184 211 244 248 256 260 304 434 437 456 457 494 
353 20 8 36 78 97 120 140 153 192 210 266 279 310 335 364 395 416 434 444 447 487 
354 14 7 86 132 238 250 254 330 394 400 405 419 454 455 484 
355 24 3 46 84 89 138 147 170 175 198 208 211 245 268 357 369 379 408 425 440 459 473 476 489 493 
356 32 12 13 21 22 26 42 65 110 123 131 133 143 155 200 215 219 225 244 293 305 320 362 373 380 398 400 431 435 437 448 472 485 
357 19 10 31 58 68 79 87 93 135 149 170 268 293 296 335 355 384 406 440 480 
358 23 13 16 26 34 88 117 126 132 171 180 181 186 254 269 312 340 347 360 417 431 450 451 464 
359 22 0 22 37 41 96 99 120 160 163 167 209 267 274 291 321 360 361 378 435 439 446 463 
360 19 15 33 40 105 111 122 132 133 194 202 221 279 284 301 358 359 382 425 455 
361 24 10 43 114 143 150 159 185 191 204 228 239 247 257 260 277 279 280 290 308 339 350 359 384 424 
362 25 4 26 27 39 55 60 64 65 93 96 143 163 172 224 227 229 247 274 283 316 356 403 415 429 497 
363 26 0 5 11 43 61 63 73 126 131 135 177 182 199 224 234 236 252 276 295 321 333 351 409 452 473 492 
364 28 4 23 40 105 144 145 176 181 214 215 239 242 264 277 297 310 320 324 344 353 369 382 402 409 427 443 451 473 
365 18 34 61 70 86 93 194 202 207 272 285 317 335 351 387 398 446 456 492 
366 31 11 15 36 51 68 88 117 126 147 159 168 174 179 210 222 243 253 293 301 304 311 339 391 411 464 466 484 488 492 495 499 
367 23 2 9 18 47 58 124 131 134 149 155 166 180 235 246 336 400 405 410 428 431 442 485 495 
368 26 19 31 57 92 115 127 142 143 151 200 201 237 238 250 251 376 380 381 390 404 407 442 459 460 486 487 
369 28 11 15 37 63 78 85 139 142 161 163 179 209 239 248 267 280 318 323 336 355 364 389 415 440 441 459 464 472 
370 23 4 22 24 67 87 127 132 160 230 235 264 278 286 308 334 395 400 411 416 437 446 466 489 
371 27 22 25 36 49 72 75 79 103 110 125 134 141 170 198 203 235 273 281 285 294 301 324 331 349 350 430 455 
372 18 17 38 54 67 68 155 166 173 274 307 326 328 333 338 375 393 445 464 
373 26 12 83 111 124 125 142 171 176 179 188 200 208 250 252 273 278 281 282 356 374 388 395 416 426 442 449 
374 25 14 15 18 31 77 107 125 132 133 138 154 205 219 223 259 260 276 294 312 327 336 338 373 382 444 
375 21 20 25 70 78 127 128 144 146 200 239 246 273 276 321 343 350 372 412 449 474 488 
376 26 63 66 72 74 104 123 125 135 168 206 236 257 262 266 322 324 348 368 387 394 412 417 429 441 483 497 
377 21 0 6 26 42 75 79 111 189 195 200 246 280 314 334 350 380 404 409 422 434 473 
378 26 31 44 69 74 77 81 82 115 133 137 174 213 216 220 224 253 269 279 311 359 396 405 417 427 431 479 
379 27 50 57 69 74 76 91 98 113 138 148 193 203 210 224 269 283 289 314 319 334 336 355 395 410 419 454 492 
380 24 6 66 74 98 133 144 155 171 181 206 238 248 272 320 333 338 341 356 368 377 399 408 433 484 
381 21 29 75 83 106 144 200 226 233 259 263 300 313 322 368 412 441 445 454 458 485 496 
382 16 27 53 55 68 69 75 85 94 127 293 360 364 374 400 446 450 
383 31 19 27 30 58 62 63 69 77 82 116 124 131 132 157 163 165 168 261 288 293 296 302 317 319 320 330 342 394 432 458 496 
384 21 18 31 49 51 100 152 154 205 232 262 289 313 334 357 361 386 416 426 435 445 456 
385 21 56 59 78 92 95 129 149 172 180 212 304 315 321 329 339 407 418 420 425 464 476 
386 18 21 46 58 71 72 91 104 137 172 202 207 214 232 318 384 467 470 488 
387 20 10 13 51 56 60 139 145 173 228 253 276 284 365 376 398 447 458 459 460 472 
388 17 13 67 87 208 222 229 258 263 306 318 336 341 351 373 420 425 495 
389 20 22 25 57 108 162 185 249 305 315 316 320 324 350 369 400 423 447 456 460 478 
390 17 12 31 46 50 64 97 112 182 189 190 204 235 249 299 368 478 484 
391 26 6 29 46 61 63 68 85 122 146 151 171 207 216 227 247 254 279 282 287 306 346 366 415 442 477 481 
392 18 12 30 97 105 128 132 195 201 212 218 242 319 322 325 401 406 486 497 
393 24 8 10 13 29 64 92 116 134 144 156 229 233 239 257 285 326 330 335 336 372 415 440 458 463 
394 18 72 95 121 139 161 217 226 283 284 307 316 339 354 376 383 450 486 494 
395 21 24 32 61 74 75 81 82 88 96 108 155 178 187 202 280 295 353 370 373 379 451 
396 19 12 25 34 50 69 78 99 153 174 213 219 225 264 315 378 405 407 458 470 
397 24 2 5 15 18 49 54 57 84 112 132 139 144 201 216 270 299 328 329 405 437 442 449 496 499 
398 16 57 78 93 120 136 214 267 321 324 356 365 387 414 442 443 465 
399 20 5 9 76 80 139 160 193 220 221 253 255 313 336 338 380 414 423 429 432 437 
400 21 2 14 23 71 121 165 168 178 192 229 244 258 306 308 354 356 367 370 382 389 495 
401 16 23 70 71 92 98 190 225 236 244 247 322 392 426 427 492 496 
402 20 24 59 73 139 200 217 228 233 283 296 302 319 335 346 364 416 432 461 462 467 
403 22 0 17 61 107 111 114 123 141 203 208 216 219 245 251 263 276 303 362 430 443 446 495 
404 24 0 24 58 61 62 93 112 124 132 182 200 217 241 272 273 280 307 323 343 345 368 377 450 494 
405 23 2 53 78 188 234 264 267 281 310 324 330 354 367 378 396 397 426 431 436 465 486 489 497 
406 20 52 57 73 77 87 97 100 201 207 221 227 235 267 276 278 304 305 341 357 392 
407 18 15 46 47 60 68 105 127 216 225 234 239 241 295 368 385 396 434 496 
408 20 1 14 28 31 90 92 110 117 133 140 185 188 206 232 253 315 326 349 355 380 
409 22 13 20 30 37 71 105 106 135 142 182 184 244 308 337 345 363 364 377 431 469 471 494 
410 22 29 65 86 94 111 121 124 145 172 191 286 314 335 342 367 379 424 439 446 452 457 477 
411 26 13 15 37 50 86 96 100 103 108 110 117 139 142 143 144 161 189 199 250 297 331 366 370 445 466 495 
412 30 12 28 55 94 115 121 123 127 139 175 185 188 193 196 198 224 257 271 286 304 309 320 344 375 376 381 428 481 492 498 
413 20 7 35 55 83 101 162 168 169 176 213 216 233 234 249 309 333 439 457 479 499 
414 23 5 15 30 34 36 41 97 98 113 126 180 269 273 306 398 399 432 445 452 456 466 472 485 
415 27 0 9 10 41 43 56 61 102 103 107 110 132 149 155 167 176 265 297 301 313 362 369 391 393 416 452 490 
416 25 13 48 51 61 68 83 92 141 153 198 200 233 235 296 327 348 353 370 373 384 402 415 433 436 487 
417 27 7 32 43 63 96 129 132 162 192 227 250 255 277 292 298 317 358 376 378 427 443 450 451 463 465 474 483 
418 18 14 56 62 69 93 97 124 132 198 209 221 246 260 290 385 440 458 469 
419 21 47 57 90 114 145 146 150 151 175 191 281 296 306 321 330 354 379 429 446 472 493 
420 26 36 42 50 79 134 153 158 166 173 182 240 256 259 280 302 315 332 335 344 346 385 388 431 433 455 468 
421 25 7 8 60 63 73 97 130 178 180 194 213 228 262 265 272 274 275 331 342 344 456 480 495 497 498 
422 18 2 35 88 105 126 128 177 179 182 260 261 268 288 289 350 377 440 455 
423 18 20 28 33 42 49 113 154 192 211 219 229 246 255 323 389 399 441 467 
424 18 0 46 55 68 112 124 127 149 154 206 212 256 259 293 337 361 410 430 
425 23 1 19 33 65 68 84 108 162 188 200 222 240 246 259 327 355 360 385 388 450 475 483 490 
426 23 9 23 28 35 68 125 243 244 263 290 292 310 311 314 341 373 384 401 405 444 461 472 486 
427 20 7 110 125 203 210 232 242 250 253 272 294 298 325 327 339 364 378 401 417 449 
428 20 8 17 28 54 72 75 106 120 123 134 135 186 205 234 252 328 367 412 435 462 
429 21 21 55 57 90 164 176 218 221 260 270 276 311 362 376 399 419 438 454 456 464 471 
430 22 0 16 33 42 43 47 48 51 61 108 109 123 143 156 168 176 188 234 349 371 403 424 
431 21 17 45 78 112 119 122 158 201 210 290 305 356 358 367 378 405 409 420 438 461 498 
432 18 33 103 115 116 142 163 165 166 192 211 270 298 301 318 383 399 402 414 
433 20 40 41 96 106 121 210 263 276 279 302 309 315 318 338 380 416 420 458 468 475 
434 18 47 57 96 113 172 177 209 224 236 272 303 352 353 377 407 463 464 488 
435 23 18 21 24 29 60 95 149 166 168 186 193 232 266 278 282 285 295 337 356 359 384 428 474 
436 19 76 79 81 100 124 139 164 169 185 194 229 248 274 291 331 348 405 416 441 
437 21 57 59 60 105 107 117 145 150 160 195 211 257 289 334 347 352 356 370 397 399 441 
438 28 10 17 20 30 64 70 79 90 124 141 158 164 165 180 202 219 256 275 307 309 318 335 337 339 429 431 493 497 
439 26 0 10 37 52 58 91 98 102 123 130 156 161 171 185 197 217 228 281 282 346 351 359 410 413 458 474 
440 24 14 28 71 110 116 122 125 143 185 235 246 284 302 305 314 349 355 357 369 393 418 422 458 485 
441 24 9 58 92 93 128 143 153 160 179 181 204 237 255 310 325 343 369 376 381 423 436 437 495 496 
442 29 9 32 33 41 46 53 62 79 160 161 170 207 209 227 261 265 267 299 301 325 367 368 373 391 397 398 444 480 482 
443 26 1 26 28 32 46 48 58 59 77 103 152 158 159 209 216 258 275 309 338 364 398 403 417 474 478 484 
444 23 2 25 62 72 92 127 147 169 177 178 185 209 224 245 270 312 313 339 353 374 426 442 484 
445 23 1 8 9 12 33 48 54 56 80 142 182 202 257 278 305 317 332 372 381 384 411 414 495 
446 25 3 24 40 51 80 89 98 150 156 172 186 246 258 302 315 321 359 365 370 382 403 410 419 483 489 
447 21 20 38 74 78 120 142 146 219 221 258 277 286 297 307 312 346 353 387 389 478 485 
448 19 45 92 107 108 115 136 173 181 182 211 257 269 302 305 322 356 450 463 488 
449 17 36 43 75 79 87 108 182 245 278 308 336 373 375 397 427 482 483 
450 22 21 46 55 59 80 89 146 178 182 200 250 319 335 358 382 394 404 417 425 448 461 472 
451 29 11 18 46 74 86 97 99 146 181 188 191 197 198 212 234 245 250 265 290 315 358 364 395 417 462 466 469 489 495 
452 22 60 64 101 104 117 132 138 141 162 202 231 236 295 341 351 363 410 414 415 463 472 481 
453 17 22 47 53 181 182 238 312 335 351 455 465 466 474 481 483 486 499 
454 18 16 56 107 125 129 133 180 247 250 277 340 354 379 381 429 456 483 494 
455 28 13 74 103 127 144 156 205 206 220 223 226 261 273 284 290 293 294 302 332 354 360 371 420 422 453 473 474 480 
456 23 0 71 81 109 139 174 175 181 198 270 288 302 346 352 365 384 389 414 421 429 454 465 471 
457 18 22 102 119 126 154 203 218 227 243 284 285 300 312 343 352 410 413 484 
458 23 9 52 77 85 97 128 157 204 223 241 294 304 310 381 383 387 393 396 418 433 439 440 483 
459 23 4 12 42 63 78 86 92 109 151 162 212 282 289 295 322 355 368 369 387 482 484 488 495 
460 17 1 28 33 78 170 191 194 234 236 237 248 261 265 345 368 387 389 
461 20 5 40 74 97 105 110 171 175 191 193 218 250 284 331 402 426 431 450 475 499 
462 18 3 14 21 37 103 151 158 247 258 271 331 402 428 451 473 479 485 491 
463 28 4 52 58 68 69 104 113 131 150 167 169 172 188 203 219 224 243 250 280 290 359 393 417 434 448 452 467 474 
464 30 2 19 31 52 54 66 72 80 110 116 118 144 149 156 162 189 191 214 228 259 336 341 358 366 369 372 385 429 434 499 
465 23 8 25 31 32 54 95 125 165 193 197 225 226 228 230 237 311 324 325 398 405 417 453 456 
466 31 60 94 107 108 109 139 141 161 170 172 175 179 187 204 217 218 219 241 257 283 290 295 303 331 366 370 411 414 451 453 472 
467 19 37 63 82 115 117 123 146 242 265 273 292 296 315 345 386 402 423 463 479 
468 20 8 28 38 42 55 82 137 160 188 206 238 251 252 300 303 309 328 420 433 475 
469 23 18 36 54 90 123 134 141 159 163 207 213 219 239 275 309 315 327 332 341 409 418 451 487 
470 18 0 20 22 73 81 109 114 140 157 167 200 280 287 347 386 396 493 494 
471 18 3 14 36 61 82 101 124 126 191 212 267 287 309 313 409 429 456 492 
472 22 19 102 155 168 176 194 206 228 244 281 328 356 369 387 414 419 426 450 452 466 485 499 
473 22 6 16 34 44 46 52 102 127 179 198 271 285 299 309 315 355 363 364 377 455 462 489 
474 22 2 21 81 87 90 99 138 154 218 233 252 265 319 375 417 435 439 443 453 455 463 479 
475 19 9 19 31 138 150 167 194 210 246 257 261 264 269 276 340 425 433 461 468 
476 13 2 14 121 161 176 183 196 220 262 269 321 355 385 
477 17 31 50 55 80 95 138 155 222 251 259 265 282 338 391 410 486 497 
478 17 28 51 57 122 172 174 178 179 181 224 260 331 345 389 390 443 447 
479 24 12 26 48 61 71 74 89 103 107 112 158 199 219 232 260 301 323 350 351 378 413 462 467 474 
480 18 45 89 100 118 123 174 195 196 218 266 270 312 324 351 357 421 442 455 
481 22 26 32 61 79 87 108 109 110 151 156 186 207 237 271 280 283 290 391 412 452 453 484 
482 18 36 80 94 105 128 168 183 236 243 246 282 298 321 326 349 442 449 459 
483 22 24 44 119 126 165 183 188 214 218 240 261 267 340 351 376 417 425 446 449 453 454 458 
484 24 15 41 65 66 72 88 149 216 232 239 256 273 296 343 354 366 380 390 443 444 457 459 481 495 
485 17 0 13 55 110 124 186 217 262 300 356 367 381 414 440 447 462 472 
486 18 46 50 106 125 138 144 174 280 283 342 368 392 394 405 426 453 477 492 
487 15 7 107 142 153 178 187 189 222 269 333 353 368 416 469 496 
488 23 0 3 26 97 103 107 131 137 139 166 190 198 208 252 261 300 329 366 375 386 434 448 459 
489 17 7 21 36 86 163 208 212 250 251 316 355 370 405 446 451 473 493 
490 20 11 28 62 74 82 153 191 232 244 263 264 271 274 276 288 298 340 415 425 493 
491 13 9 65 68 92 135 140 184 203 292 296 319 321 462 
492 16 20 36 56 66 84 108 179 268 363 365 366 379 401 412 471 486 
493 23 13 18 31 47 52 61 77 114 139 145 200 230 258 281 309 311 332 355 419 438 470 489 490 
494 24 4 10 19 54 57 62 81 85 126 165 167 184 260 296 307 314 327 352 394 404 409 454 470 495 
495 30 24 34 35 58 77 83 114 118 163 188 221 257 279 320 331 341 366 367 388 400 403 411 421 441 445 451 459 484 494 498 
496 21 7 125 153 154 200 223 237 243 293 296 311 314 351 381 383 397 401 407 441 487 499 
497 25 5 6 8 17 27 45 128 138 174 194 209 210 229 265 272 284 303 324 362 376 392 405 421 438 477 
498 23 3 18 27 34 39 47 79 88 112 115 118 155 197 203 245 262 263 273 309 412 421 431 495 
499 23 3 16 34 62 84 86 105 106 127 135 147 187 193 237 269 366 397 413 453 461 464 472 496 
