500 12478
0 42 4 7 61 76 81 121 140 163 173 175 176 183 200 202 216 217 220 239 267 269 285 321 333 351 363 377 394 395 396 407 408 411 417 424 445 447 458 468 485 491 492 495 
1 52 2 9 16 17 23 42 53 98 108 117 127 139 183 185 192 194 199 203 208 209 224 226 229 231 234 242 246 254 263 269 270 272 274 304 310 322 326 336 358 367 370 384 386 393 395 406 418 424 427 441 455 458 
2 48 1 6 12 16 29 30 34 35 50 91 102 113 152 159 190 192 203 206 209 228 243 244 245 255 281 289 324 335 366 378 384 392 394 397 402 422 429 431 437 452 454 458 462 466 467 476 482 485 
3 47 18 21 32 47 54 57 75 80 88 92 96 106 121 123 129 130 131 136 140 142 165 176 177 206 210 235 263 266 272 311 319 325 334 336 355 357 397 422 427 431 440 441 455 464 466 492 495 
4 47 0 12 36 39 46 47 48 75 84 117 121 130 143 158 163 172 184 186 188 207 211 219 222 223 256 257 262 265 278 280 289 306 319 371 384 405 408 422 425 443 449 450 452 453 457 463 483 
5 51 46 73 87 100 106 109 131 138 142 143 149 153 175 176 182 199 217 228 241 258 279 286 290 292 294 313 315 325 333 340 343 346 359 370 377 384 386 390 394 395 404 422 445 448 462 468 478 480 488 490 494 
6 46 2 11 13 16 60 82 91 99 104 110 125 141 143 154 157 183 195 196 205 209 226 228 239 252 260 267 272 301 302 305 327 334 352 353 354 375 387 390 404 409 432 449 471 476 488 496 
7 43 0 24 25 41 42 59 62 67 69 72 84 117 121 135 144 145 148 160 161 177 198 201 215 223 239 267 284 285 339 341 347 371 382 387 408 415 417 418 426 458 460 470 474 
8 52 23 38 39 54 62 63 84 117 143 149 166 174 177 183 186 189 206 211 219 237 246 255 267 269 272 297 299 308 318 323 327 352 359 360 373 385 391 397 398 402 424 431 432 433 447 451 453 458 464 468 473 480 
9 41 1 18 19 24 34 49 53 80 82 108 120 131 135 159 188 199 200 239 273 289 302 322 338 398 402 405 409 414 429 447 449 463 465 467 474 476 477 482 484 489 491 
10 54 15 24 41 42 55 66 77 95 111 112 124 125 135 145 149 152 161 171 190 194 196 197 203 205 213 214 230 232 244 277 288 290 292 294 295 300 309 312 314 345 354 355 358 360 362 364 375 382 383 412 447 449 464 486 
11 44 6 15 33 42 49 51 54 65 68 75 99 126 131 149 157 177 185 190 198 209 211 216 245 260 268 272 286 300 322 344 349 351 357 385 388 389 396 409 434 438 439 444 464 481 
12 59 2 4 24 27 29 31 34 37 38 39 57 77 82 83 91 109 111 114 124 125 127 136 155 183 186 199 206 211 221 223 241 245 275 292 301 316 322 334 351 360 368 372 373 374 376 387 406 410 423 438 445 447 449 450 457 466 467 482 494 
13 52 6 38 41 46 60 68 75 77 85 92 112 147 162 164 169 174 176 183 189 194 205 210 215 223 252 262 265 269 270 275 280 290 298 300 313 320 323 333 334 336 353 369 392 411 412 425 449 455 460 464 474 479 
14 48 40 41 44 60 93 98 118 132 149 157 169 172 182 185 188 192 204 206 208 210 211 212 215 225 229 233 239 242 248 263 289 297 317 325 334 336 347 355 362 394 399 401 409 437 445 448 458 494 
15 58 10 11 27 28 37 47 53 64 69 73 94 99 103 108 116 126 134 135 140 142 155 166 180 185 193 205 211 212 222 234 240 244 261 266 288 305 310 330 341 342 364 377 380 387 391 403 411 414 417 424 429 432 469 470 479 481 485 486 
16 46 1 2 6 33 76 81 88 130 132 138 142 144 145 152 162 172 175 179 195 197 222 246 258 269 279 283 290 291 304 311 323 369 372 377 378 404 419 435 442 454 458 471 473 477 478 495 
17 42 1 18 26 28 55 70 138 141 148 154 160 177 179 211 218 234 248 252 260 266 278 279 285 295 300 309 317 321 335 374 403 410 418 419 433 442 455 457 481 489 491 498 
18 65 3 9 17 28 49 61 70 73 77 78 80 83 87 88 92 99 101 103 104 109 111 117 120 123 126 139 141 142 150 160 171 180 192 219 231 233 241 251 259 261 267 273 312 315 316 320 326 335 340 357 362 390 394 396 397 408 409 423 436 451 462 476 485 486 498 
19 52 9 48 57 61 64 65 71 78 80 92 101 113 118 121 134 157 169 170 184 185 195 205 232 248 255 273 274 296 301 306 307 310 321 347 348 357 360 384 385 399 406 409 416 427 433 446 451 462 467 477 484 499 
20 42 40 46 53 57 86 94 115 134 140 141 142 151 165 200 204 205 218 225 244 246 258 279 295 303 350 351 352 361 364 379 382 404 419 421 424 439 451 463 474 483 487 488 
21 48 3 24 27 67 75 93 95 103 121 139 173 184 193 197 205 207 228 231 237 239 245 254 260 278 279 307 313 319 335 343 345 349 358 375 384 391 418 421 428 444 451 464 465 467 474 475 483 498 
22 46 31 36 39 40 42 44 46 48 58 59 60 67 72 75 79 82 94 100 103 105 122 127 134 143 159 211 250 309 311 320 325 366 367 381 383 390 401 411 413 414 427 438 446 463 469 492 
23 51 1 8 25 29 32 58 59 66 87 88 93 103 114 123 137 145 155 165 166 168 180 187 195 203 221 231 234 237 243 251 271 281 287 306 313 317 335 360 394 416 423 424 444 447 458 467 477 480 481 488 490 
24 50 7 9 10 12 21 36 66 89 95 104 132 135 139 142 143 150 152 176 177 179 182 187 202 220 221 230 234 236 250 255 267 278 297 301 310 323 337 358 368 369 379 389 391 405 429 445 454 465 478 490 
25 49 7 23 44 52 61 68 97 109 126 131 136 148 155 161 164 169 188 190 206 210 245 263 268 288 290 303 316 329 330 344 347 353 354 366 374 380 390 393 401 402 428 447 455 456 459 461 473 492 496 
26 55 17 47 49 50 54 59 67 73 94 98 102 111 113 119 123 126 129 149 155 163 181 197 199 206 223 226 227 239 253 258 274 277 300 302 311 312 329 335 336 347 369 383 395 396 399 414 428 432 445 454 464 481 488 489 496 
27 55 12 15 21 30 31 45 46 61 75 91 104 114 125 139 144 146 150 151 159 167 175 176 188 208 213 215 220 224 229 256 257 261 273 285 307 313 318 347 352 360 365 366 367 404 406 417 418 426 438 445 447 448 451 492 495 
28 47 15 17 18 31 35 43 53 72 75 111 116 133 135 141 145 150 178 205 206 209 213 218 259 268 288 308 326 328 337 346 348 350 356 363 367 369 373 376 389 393 403 415 418 439 460 475 499 
29 45 2 12 23 31 65 66 99 104 116 121 123 130 138 147 153 162 206 207 231 242 245 263 272 285 303 311 314 326 349 356 357 384 393 397 410 416 423 427 441 448 461 477 478 487 492 
30 50 2 27 38 52 53 70 91 96 108 120 130 131 155 157 176 178 191 204 222 239 245 263 269 281 297 298 300 302 307 310 312 320 322 332 333 342 348 356 364 378 393 415 426 428 436 446 450 456 459 496 
31 50 12 22 27 28 29 47 58 63 72 81 95 101 110 112 116 163 164 177 197 201 213 251 252 253 268 271 276 285 288 289 302 312 339 344 349 351 372 374 376 389 401 411 413 416 423 425 427 441 449 458 
32 35 3 23 41 45 54 86 94 103 111 121 154 161 183 185 189 224 242 248 277 316 318 333 337 352 371 374 390 406 416 428 435 455 472 478 493 
33 42 11 16 40 41 84 114 124 132 133 145 150 178 179 190 194 195 201 212 224 237 243 256 258 267 280 300 301 356 375 383 390 394 412 426 429 434 440 445 450 451 469 472 
34 65 2 9 12 43 48 58 59 68 75 76 82 83 90 91 103 109 110 140 157 161 162 166 177 198 202 206 211 213 217 232 237 240 244 245 250 260 263 269 271 272 275 292 310 321 332 340 360 363 368 370 371 375 395 398 401 402 435 442 447 454 463 465 468 472 482 
35 48 2 28 48 52 62 65 70 75 81 91 92 98 100 101 104 106 115 133 174 183 204 209 217 220 231 236 245 291 301 305 324 336 337 341 360 367 382 421 441 449 450 451 455 471 483 484 489 499 
36 60 4 22 24 39 45 52 62 65 77 80 90 99 125 130 144 149 154 156 157 163 176 178 189 206 209 211 234 237 246 251 268 270 272 274 278 299 316 339 352 358 367 370 380 386 396 400 410 425 426 435 450 453 454 476 481 483 490 491 496 498 
37 67 12 15 46 51 53 70 71 72 76 79 80 83 95 99 101 107 110 114 121 124 132 134 135 144 146 151 166 170 172 185 191 197 204 256 264 273 276 278 281 290 291 301 304 330 332 335 341 344 354 355 367 376 393 395 397 399 406 420 434 449 450 459 478 481 485 492 498 
38 52 8 12 13 30 44 53 56 66 69 78 79 88 105 107 110 117 134 150 169 187 193 213 221 225 239 240 249 260 264 268 297 300 305 325 350 361 369 380 389 409 412 418 421 427 435 439 445 454 459 469 483 498 
39 48 4 8 12 22 36 45 56 61 71 72 91 111 118 148 163 176 189 220 228 252 255 265 267 270 290 293 305 308 313 314 316 323 325 337 361 362 371 375 385 401 435 446 453 465 468 473 474 477 
40 57 14 20 22 33 50 52 82 85 86 105 109 125 126 131 141 142 144 152 153 158 160 184 192 194 225 228 233 246 249 253 254 255 276 288 322 323 324 334 337 339 344 362 369 370 377 379 389 392 399 400 405 442 448 464 477 494 495 
41 50 7 10 13 14 32 33 43 49 88 89 94 99 115 118 130 139 153 157 165 173 174 184 207 208 209 211 212 215 233 244 250 260 263 267 274 345 347 357 363 376 388 399 402 414 420 422 432 493 495 496 
42 59 1 7 10 11 22 55 64 67 85 95 99 128 135 136 139 152 156 164 167 170 173 178 190 210 215 224 246 249 250 251 266 283 306 316 317 322 326 331 332 343 349 350 352 353 368 379 386 389 421 426 456 465 469 474 480 487 497 498 499 
43 50 28 34 41 45 51 60 69 86 90 91 97 116 134 136 157 173 176 239 240 242 268 279 290 315 326 340 345 363 365 370 371 373 374 376 384 388 397 398 399 403 408 411 413 445 459 461 470 475 482 484 
44 45 14 22 25 38 64 73 113 121 127 134 145 157 163 173 174 179 197 209 211 213 232 241 245 256 260 263 264 265 276 295 311 313 317 318 334 342 353 359 363 377 392 427 437 440 477 
45 43 27 32 36 39 43 63 70 76 81 115 122 153 164 170 171 196 214 218 221 244 274 279 284 297 306 325 347 351 353 361 362 363 372 375 377 401 429 434 442 452 487 489 494 
46 68 4 5 13 20 22 27 37 47 60 70 75 76 89 94 113 121 128 131 134 140 141 147 149 151 152 158 159 169 173 179 181 182 187 188 202 203 206 209 219 227 234 237 248 259 267 282 284 285 291 303 315 341 345 355 358 376 385 388 402 407 413 428 433 443 457 468 487 498 
47 39 3 4 15 26 31 46 66 86 92 98 102 114 118 119 121 164 166 167 171 205 207 212 222 224 251 291 315 333 340 350 360 400 414 422 441 452 466 477 487 
48 66 4 19 22 34 35 51 64 66 70 74 75 78 82 87 128 146 150 157 163 175 177 195 215 223 229 234 246 248 250 262 265 269 275 296 297 307 314 333 338 348 350 354 358 362 363 368 384 387 391 401 403 406 413 422 439 441 443 444 452 461 463 472 482 486 487 490 
49 54 9 11 18 26 41 50 53 62 88 89 92 99 126 132 141 150 153 168 174 175 176 178 179 212 217 224 235 236 249 257 259 290 291 313 319 326 333 348 354 358 359 381 390 409 410 417 422 426 427 433 445 464 475 497 
50 46 2 26 40 49 62 84 86 90 96 124 142 146 178 188 208 217 219 221 246 255 265 270 278 284 290 307 330 339 357 392 394 396 397 399 409 421 424 440 446 453 455 456 467 478 483 489 
51 40 11 37 43 48 53 56 58 59 79 89 90 95 100 115 139 171 182 194 199 207 214 223 229 240 241 259 266 288 304 309 337 360 398 410 415 449 465 481 482 488 
52 45 25 30 35 36 40 73 77 100 107 113 120 132 137 139 141 143 155 170 188 193 194 229 247 253 274 281 294 306 319 343 346 352 371 387 391 396 414 423 434 438 440 456 463 476 482 
53 65 1 9 15 20 28 30 37 38 49 51 65 68 70 79 84 91 101 118 136 144 148 174 183 191 194 195 204 208 223 225 229 235 242 267 274 281 299 317 324 329 331 333 344 362 376 378 382 402 408 419 424 436 438 439 443 450 459 464 468 469 473 476 494 497 498 
54 51 3 8 11 26 32 55 60 65 73 75 90 95 111 122 126 140 148 164 165 171 172 178 224 227 229 247 250 272 286 290 292 318 329 339 349 363 369 391 401 402 405 410 418 428 430 433 434 471 482 496 498 
55 60 10 17 42 54 62 65 68 77 82 83 99 108 131 133 144 151 168 170 172 175 179 180 184 189 194 195 197 199 208 222 227 239 278 280 292 302 308 315 329 349 351 360 364 399 400 404 405 410 414 425 434 453 458 461 466 471 477 485 489 493 
56 55 38 39 51 58 62 75 76 79 84 85 99 100 133 137 156 166 167 176 178 181 182 189 208 218 236 237 241 242 259 261 273 279 286 298 306 313 314 318 319 353 373 379 380 399 402 439 440 444 452 454 469 471 475 479 486 
57 57 3 12 19 20 87 94 108 110 119 135 152 154 175 184 187 193 194 202 207 210 230 233 238 241 250 268 269 270 272 274 279 283 284 285 287 302 310 314 320 325 344 347 363 371 376 380 385 408 409 411 429 440 459 466 476 479 482 
58 50 22 23 31 34 51 56 64 67 69 72 78 90 102 103 108 120 125 128 131 134 151 177 188 199 201 214 219 226 227 231 238 239 253 256 275 286 318 319 343 362 378 381 424 429 451 456 464 468 488 497 
59 49 7 22 23 26 34 51 63 73 80 90 112 135 149 172 174 183 184 185 201 217 222 230 235 242 257 273 277 291 299 306 307 320 335 348 363 371 384 395 405 409 410 417 438 445 467 468 474 477 499 
60 36 6 13 14 22 43 46 54 89 94 95 96 97 104 129 139 142 150 210 238 249 269 353 361 370 371 398 401 404 408 428 443 455 471 480 485 497 
61 48 0 18 19 25 27 39 79 97 103 130 136 143 156 176 180 192 200 201 206 212 219 226 228 241 249 257 263 274 314 317 319 350 355 366 370 390 398 412 415 420 426 440 444 448 477 481 482 496 
62 54 7 8 35 36 49 50 55 56 75 78 94 100 122 125 147 149 155 160 169 176 177 186 200 210 214 219 220 221 240 246 254 255 258 263 265 279 295 308 323 335 362 367 373 416 426 441 445 446 457 459 463 474 477 484 
63 50 8 31 45 59 64 66 68 69 84 106 107 116 125 127 147 198 199 211 221 231 247 259 262 265 274 283 292 297 314 317 318 332 344 350 360 372 373 403 408 412 421 425 426 436 453 456 463 481 492 495 
64 46 15 19 42 44 48 58 63 67 73 74 101 103 104 106 107 126 136 150 159 172 173 201 207 224 225 234 235 237 241 261 295 310 316 325 331 365 372 375 391 395 409 420 424 434 468 477 
65 48 11 19 29 35 36 53 54 55 94 105 109 121 128 133 136 143 144 148 153 182 186 209 210 225 237 267 280 284 330 333 339 343 345 349 375 399 411 416 417 428 431 440 444 447 461 468 489 490 
66 60 10 23 24 29 38 47 48 63 70 75 88 90 97 103 106 118 121 122 130 139 146 157 163 164 165 191 193 207 210 214 216 217 219 228 262 268 301 317 318 323 329 332 334 339 345 357 360 364 374 396 407 424 432 439 450 451 456 488 494 495 
67 54 7 21 22 26 42 58 64 72 86 91 95 99 101 105 118 133 134 135 141 142 149 151 157 169 190 201 217 225 236 239 256 265 269 271 289 292 300 312 322 348 358 364 376 392 395 398 419 424 428 439 452 459 470 483 
68 43 11 13 25 34 53 55 63 76 85 97 103 111 114 115 146 156 199 204 212 224 231 248 257 269 274 295 298 302 305 308 318 327 341 371 381 423 458 462 478 479 480 487 491 
69 52 7 15 38 43 58 63 73 82 107 117 125 135 147 151 156 165 166 181 207 215 219 221 226 227 228 236 245 261 277 280 288 289 316 322 326 344 350 370 377 383 385 391 397 414 422 425 428 429 435 462 464 496 
70 61 17 18 30 35 37 45 46 48 53 66 88 120 129 132 136 169 171 179 189 195 197 198 199 208 215 226 235 240 242 244 249 265 280 281 288 300 307 313 319 344 345 347 351 352 353 360 379 387 399 420 423 425 426 429 431 432 438 453 464 478 484 
71 48 19 37 39 78 88 90 101 107 125 131 141 149 155 165 168 178 196 202 212 228 229 235 255 264 266 296 298 305 306 311 330 339 349 378 382 401 402 405 411 422 423 431 435 437 450 458 459 464 
72 53 7 22 28 31 37 39 58 67 81 91 94 101 114 118 128 138 141 154 164 169 184 199 200 205 231 269 289 292 298 300 303 309 310 315 326 329 337 339 343 355 366 389 392 393 423 436 440 443 454 481 491 494 498 
73 40 5 15 18 26 44 52 54 59 64 69 98 106 112 122 125 148 149 161 169 172 200 202 204 206 241 249 253 271 290 291 336 378 395 396 402 434 449 480 482 496 
74 42 48 64 80 82 83 89 156 184 205 208 214 241 248 267 268 285 292 301 309 325 332 336 337 368 386 388 393 396 408 413 420 422 423 435 444 455 465 468 485 491 494 497 
75 62 3 4 11 13 21 22 27 28 34 35 46 48 54 56 62 66 78 84 85 88 96 100 108 129 130 161 168 172 185 187 199 205 208 219 230 251 286 307 308 320 326 331 333 340 361 362 364 374 380 381 382 394 403 407 441 442 463 467 476 480 486 498 
76 48 0 16 34 37 45 46 56 68 120 125 129 130 138 165 168 176 194 231 240 251 259 264 265 315 322 336 348 349 351 361 363 391 393 395 407 419 425 427 433 434 449 459 468 476 478 485 497 499 
77 62 10 12 13 18 36 52 55 84 98 114 145 153 181 188 199 202 222 239 249 257 265 271 279 281 283 284 288 289 303 320 323 324 331 332 333 339 343 349 351 353 354 370 371 372 374 381 395 398 403 415 433 447 452 456 461 467 468 470 471 482 488 495 
78 52 18 19 38 48 58 62 71 75 83 84 87 89 93 99 104 119 122 126 129 132 146 157 158 159 160 179 184 213 218 249 252 268 306 313 317 324 330 336 337 345 350 352 357 371 374 382 403 416 429 435 441 462 
79 48 22 37 38 51 53 56 61 93 104 110 117 122 126 140 143 172 177 192 202 215 217 228 236 245 259 278 302 303 305 308 327 329 334 346 359 361 385 391 392 409 414 421 422 437 463 479 484 491 
80 49 3 9 18 19 36 37 59 74 93 96 117 119 140 144 150 152 169 181 184 185 213 216 237 243 247 249 258 263 269 286 289 295 297 303 335 341 357 365 367 372 377 378 402 413 431 442 448 468 481 
81 48 0 16 31 35 45 72 90 103 110 111 112 114 123 134 138 159 164 170 183 191 195 215 220 223 238 259 267 301 306 314 322 336 337 343 348 351 358 372 396 398 410 419 444 452 481 487 488 489 
82 52 6 9 12 22 34 40 48 55 69 74 85 99 116 118 133 136 146 147 159 168 178 185 189 197 228 231 236 254 266 278 280 285 290 293 313 317 354 359 360 372 387 396 413 429 438 447 454 464 476 487 490 494 
83 42 12 18 34 37 55 74 78 96 99 115 116 153 159 188 195 200 201 214 226 245 246 257 269 294 302 307 312 325 336 340 345 348 380 393 394 409 411 422 423 431 432 470 
84 49 4 7 8 33 50 53 56 63 75 77 78 102 105 108 113 121 128 130 141 163 165 184 186 203 246 254 264 266 276 288 292 315 326 335 346 357 362 363 388 414 434 451 452 455 474 475 476 481 489 
85 47 13 40 42 56 68 75 82 86 91 126 150 155 156 170 183 190 201 206 211 223 250 251 260 290 292 293 295 339 346 358 369 390 397 417 422 423 424 426 431 440 449 455 462 468 473 485 497 
86 50 20 32 40 43 47 50 67 85 89 92 101 122 133 141 149 155 177 180 189 193 204 212 226 230 232 233 234 235 252 258 261 270 272 273 277 343 367 368 385 391 399 405 413 429 444 453 454 473 475 496 
87 50 5 18 23 48 57 78 129 141 153 159 178 182 184 187 189 197 205 211 242 246 261 268 270 273 294 306 307 314 322 325 333 348 355 370 379 390 396 397 399 412 416 426 449 454 455 457 460 470 490 498 
88 51 3 16 18 23 38 41 49 66 70 71 75 94 102 106 118 127 134 146 151 162 164 168 176 201 203 251 267 279 282 284 287 295 302 343 345 356 358 369 383 390 406 412 426 430 440 443 447 454 473 490 497 
89 44 24 41 46 49 51 60 74 78 86 101 103 104 105 107 108 121 132 143 151 165 197 206 218 221 223 227 241 252 277 280 295 306 313 346 354 373 380 400 436 455 460 470 476 489 
90 55 34 36 43 50 51 54 58 59 66 71 81 96 97 103 133 146 154 156 169 174 177 180 188 189 197 208 212 218 220 240 260 269 274 279 297 309 312 313 320 322 327 329 336 349 418 437 442 443 455 457 458 461 476 489 499 
91 50 2 6 12 27 30 34 35 39 43 53 67 72 85 106 109 117 128 129 130 135 143 145 153 155 157 161 164 172 175 176 180 194 199 239 244 284 296 303 325 326 341 350 362 396 428 436 437 459 471 475 
92 52 3 13 18 19 35 47 49 86 94 104 110 113 126 137 139 159 171 173 208 214 217 232 235 243 244 289 292 296 298 302 307 318 327 330 366 381 387 410 412 429 433 437 440 443 444 445 461 464 469 483 496 497 
93 50 14 21 23 78 79 80 98 124 134 139 144 162 184 186 194 195 196 206 210 218 235 257 259 268 279 315 316 323 324 330 377 379 384 403 414 415 416 423 435 446 452 453 454 463 475 476 480 489 491 498 
94 62 15 20 22 26 32 41 46 57 60 62 65 72 88 92 96 97 111 124 125 127 143 149 152 155 161 167 177 179 185 189 193 200 209 211 213 234 245 247 262 265 274 277 284 316 323 333 339 341 362 368 380 381 390 392 405 407 411 470 486 488 496 497 
95 41 10 21 24 31 37 42 51 54 60 67 127 132 153 181 194 196 199 251 258 264 266 273 276 305 307 311 322 329 331 352 386 388 394 400 407 422 431 446 456 482 484 
96 46 3 30 50 60 75 80 83 90 94 99 108 114 123 129 130 139 166 171 175 177 188 195 213 221 236 259 265 270 275 277 291 295 299 315 340 356 363 384 407 414 431 477 487 491 492 498 
97 55 25 43 60 61 66 68 90 94 105 110 130 135 169 174 176 183 202 206 212 218 220 232 237 242 246 253 269 279 293 294 304 305 306 313 316 318 323 324 325 330 355 389 393 398 399 414 428 430 431 449 451 471 476 477 491 
98 49 1 14 26 35 47 73 77 93 100 121 129 157 172 173 181 203 214 224 245 248 249 263 267 282 287 288 295 296 310 341 361 367 371 376 381 385 386 407 409 420 442 448 460 461 462 475 481 490 496 
99 60 6 11 15 18 29 36 37 41 42 49 55 56 67 78 82 83 96 103 107 119 123 125 141 146 175 177 178 180 181 202 205 208 223 236 262 273 275 279 281 325 328 347 349 352 357 365 385 398 399 402 404 406 420 422 434 461 471 473 483 496 
100 38 5 22 35 51 52 56 62 75 98 106 117 121 131 150 172 190 195 205 217 218 219 230 245 263 284 292 301 308 321 324 341 371 391 393 397 406 444 471 
101 52 18 19 31 35 37 53 64 67 71 72 86 89 108 118 131 136 138 141 145 147 164 179 183 187 203 223 229 232 263 267 319 320 334 338 340 349 353 356 368 399 400 405 416 439 449 450 455 468 473 474 493 499 
102 40 2 26 47 58 84 88 121 137 147 149 151 152 163 177 180 189 197 199 205 219 243 256 257 259 273 277 297 303 308 332 339 352 359 363 405 410 425 431 472 491 
103 53 15 18 21 22 23 32 34 58 61 64 66 68 81 89 90 99 106 108 115 130 136 143 146 169 183 191 195 201 202 225 237 265 282 297 299 316 322 330 347 359 363 365 372 378 393 408 421 437 440 456 483 489 494 
104 59 6 18 24 27 29 35 60 64 78 79 89 92 117 118 129 134 141 151 156 160 173 174 178 193 202 219 220 222 224 230 235 245 252 253 260 261 273 297 301 309 313 324 332 342 348 374 378 384 395 400 413 420 422 428 431 460 467 472 486 
105 47 22 38 40 65 67 84 89 97 107 123 125 155 169 181 183 185 192 215 219 223 226 227 231 237 244 252 270 297 301 324 327 337 341 342 385 395 397 421 423 426 440 448 468 478 485 492 499 
106 47 3 5 35 63 64 66 73 88 91 100 103 151 153 156 166 184 197 215 217 221 234 249 252 271 283 297 304 334 342 357 364 370 372 377 379 395 403 409 420 431 443 447 448 468 470 476 479 
107 53 37 38 52 63 64 69 71 89 99 105 121 157 162 180 189 198 203 220 225 229 234 237 247 248 251 258 262 269 274 289 309 310 323 329 334 365 371 375 389 390 392 393 409 437 439 447 457 464 466 474 485 486 489 
108 41 1 9 15 30 55 57 58 75 84 89 96 101 103 112 114 118 163 182 184 185 187 192 194 202 218 281 287 291 292 300 301 356 369 389 399 412 413 458 466 471 495 
109 53 5 12 18 25 34 40 65 91 122 140 145 147 152 166 174 175 176 178 180 181 217 222 234 240 246 247 257 262 265 267 271 279 287 288 340 347 350 359 369 373 379 385 388 398 399 408 413 436 444 451 457 474 486 
110 49 6 31 34 37 38 57 79 81 92 97 113 121 122 127 166 168 181 186 197 199 205 210 248 259 260 287 292 294 305 310 311 315 318 338 352 354 362 363 368 389 412 427 436 452 460 468 471 481 489 
111 52 10 12 18 26 28 32 39 54 68 81 94 115 119 125 128 140 141 152 166 182 192 218 231 234 236 254 267 270 282 286 292 295 298 302 306 332 345 347 361 374 387 391 392 395 396 421 429 457 471 474 479 482 
112 45 10 13 31 59 73 81 108 124 127 152 154 155 156 157 161 162 164 171 178 179 188 196 207 215 222 227 282 285 286 295 315 322 352 354 361 367 368 376 392 406 434 439 443 462 466 
113 49 2 19 26 44 46 52 84 92 110 121 122 125 128 130 164 182 183 192 198 199 221 284 286 309 324 330 332 335 341 342 347 350 362 365 393 396 408 412 425 428 433 451 477 479 486 489 493 494 499 
114 57 12 23 27 33 37 47 68 72 77 81 96 108 120 125 146 155 163 183 185 186 188 196 212 249 250 252 253 263 281 284 286 290 293 310 321 325 330 351 365 366 372 385 390 391 398 408 436 439 452 453 456 458 460 464 466 473 486 
115 49 20 35 41 45 51 68 83 103 111 116 132 133 144 152 153 164 165 193 196 203 210 232 252 287 299 301 324 333 335 336 349 351 366 372 374 379 382 392 400 403 408 427 437 453 456 457 467 495 496 
116 40 15 28 29 31 43 63 82 83 115 136 152 178 206 211 231 242 247 248 250 257 263 273 275 296 322 329 332 339 349 365 386 391 399 408 420 444 446 448 461 476 
117 43 1 4 7 8 18 38 69 79 80 91 100 104 121 129 149 159 172 180 199 203 207 218 220 231 234 245 266 289 294 298 319 355 360 365 367 374 385 416 435 436 451 458 476 
118 58 14 19 39 41 47 53 66 67 72 82 88 101 104 108 130 134 151 152 153 164 170 176 183 184 205 206 223 227 229 239 242 245 263 264 265 268 291 296 300 301 314 330 337 338 340 351 403 419 427 428 437 454 455 457 468 482 486 494 
119 49 26 47 57 78 80 99 111 120 127 135 139 161 172 179 193 198 201 217 222 229 245 246 273 280 288 291 314 315 320 321 324 329 371 375 382 383 387 391 425 437 448 449 451 456 461 469 483 485 498 
120 48 9 18 30 52 58 70 76 114 119 128 135 141 156 160 171 174 205 245 248 252 255 277 278 286 293 299 300 304 315 319 331 334 336 338 359 363 375 377 381 388 410 421 438 443 455 470 472 495 
121 47 0 3 4 7 19 21 29 32 37 44 46 47 65 66 84 89 98 100 102 107 110 113 117 129 166 172 217 240 257 263 265 305 313 325 339 360 368 371 382 392 407 448 459 463 468 490 495 
122 38 22 45 54 62 66 73 78 79 86 109 110 113 134 152 160 162 169 173 208 209 248 251 273 275 283 289 329 354 357 360 365 389 436 439 466 476 479 486 
123 43 3 18 23 26 29 81 96 99 105 128 142 146 219 220 236 238 243 273 281 287 289 293 299 305 308 319 331 348 361 374 380 382 395 398 413 432 440 456 465 466 467 480 489 
124 55 10 12 33 37 50 93 94 112 156 157 170 172 179 180 186 189 199 201 203 207 211 228 230 235 243 261 274 277 284 290 299 302 311 318 330 333 339 342 344 346 355 358 368 372 393 397 405 424 436 441 445 447 487 494 497 
125 51 6 10 12 27 36 40 58 62 63 69 71 73 76 94 99 105 111 113 114 136 153 166 170 177 191 201 214 219 222 241 255 257 261 262 270 284 329 341 344 349 365 368 374 398 399 407 413 471 475 484 487 
126 54 11 15 18 25 26 40 49 54 64 78 79 85 92 138 139 168 181 185 195 196 221 228 233 244 249 251 265 272 281 297 298 319 323 344 352 356 359 381 388 389 392 399 413 418 425 428 450 458 459 467 475 479 488 495 
127 45 1 12 22 44 63 88 94 95 110 112 119 135 158 171 181 193 201 206 224 240 276 285 290 296 300 315 325 335 337 338 363 364 375 380 405 414 421 428 431 433 436 448 450 452 488 
128 58 42 46 48 58 65 72 84 91 111 113 120 123 129 142 151 162 171 174 180 184 186 188 192 197 199 207 214 218 227 231 254 257 261 290 291 293 307 316 320 331 351 356 372 376 380 383 396 402 405 412 422 455 461 464 470 490 493 496 
129 55 3 26 60 70 75 76 78 87 91 96 98 104 117 121 128 132 140 147 155 189 196 206 212 214 219 221 224 230 240 242 248 278 306 309 316 339 350 363 374 389 390 392 396 399 413 415 421 443 449 469 470 488 491 492 499 
130 47 3 4 16 29 30 36 41 61 66 75 76 84 91 96 97 103 113 118 163 168 174 175 176 190 213 214 216 228 260 292 293 303 304 306 307 326 348 368 370 379 401 403 421 443 475 481 489 
131 55 3 5 9 11 25 30 40 46 55 58 71 100 101 132 133 146 181 188 196 197 199 204 207 212 230 262 267 271 281 283 286 293 299 315 341 346 348 361 364 366 375 388 395 408 419 421 428 429 442 443 448 467 469 477 490 
132 46 14 16 24 33 37 49 52 70 78 89 95 115 129 131 142 144 146 150 157 161 188 202 236 241 244 245 250 274 276 290 317 357 358 369 381 390 397 405 414 422 424 457 459 470 489 491 
133 44 28 33 35 55 56 65 67 82 86 90 115 131 139 144 150 157 166 172 182 185 186 193 197 200 220 259 277 280 310 316 317 322 324 328 368 374 388 390 396 440 457 474 487 491 
134 55 15 19 20 22 37 38 43 44 46 58 67 81 88 93 104 118 122 161 168 179 184 185 186 197 205 224 228 237 243 247 250 280 281 291 295 300 301 317 325 337 346 348 350 366 399 404 409 417 420 430 447 457 477 482 494 
135 50 7 9 10 15 24 28 37 42 57 59 67 69 91 97 119 120 127 140 169 189 210 214 221 222 223 244 246 251 256 268 269 280 281 308 311 315 323 338 343 350 352 357 376 394 418 455 470 472 473 485 
136 45 3 12 25 42 43 53 61 64 65 70 82 101 103 116 125 140 141 188 195 203 223 260 264 273 286 291 306 311 320 330 335 354 365 374 377 383 392 425 444 448 456 472 475 493 499 
137 46 23 52 56 92 102 144 150 151 155 183 186 199 221 231 235 238 244 251 265 270 272 299 300 303 319 337 346 365 366 370 371 374 377 383 394 402 405 409 421 427 431 451 466 467 469 494 
138 46 5 16 17 29 72 76 81 101 126 150 159 161 168 183 189 191 218 229 251 272 274 276 321 326 327 329 330 331 332 341 357 365 366 389 397 398 401 408 413 431 434 442 443 456 466 495 
139 56 1 18 21 24 27 41 42 51 52 60 66 92 93 96 119 126 133 145 180 185 192 196 209 222 224 225 227 242 244 249 258 288 312 325 332 336 341 347 353 371 395 415 416 425 427 429 444 447 453 455 461 473 480 486 490 492 
140 52 0 3 15 20 34 46 54 79 80 109 111 129 135 136 148 149 155 166 178 208 234 242 251 280 304 309 310 319 322 326 330 341 361 363 366 369 372 373 386 389 396 403 415 447 451 453 454 459 470 476 478 480 
141 50 6 17 18 20 28 40 46 49 52 67 71 72 84 86 87 99 101 104 111 120 136 142 146 163 166 188 195 201 220 227 245 252 275 278 283 294 298 367 373 388 407 409 411 424 432 434 443 454 461 465 
142 48 3 5 15 16 18 20 24 40 50 60 67 123 128 132 141 147 167 178 184 191 203 206 210 229 233 238 256 258 263 266 267 269 296 320 325 334 335 353 356 373 377 402 416 432 433 440 480 498 
143 53 4 5 6 8 22 24 52 61 65 79 89 91 94 103 163 164 176 185 188 200 201 209 213 221 224 247 252 263 268 289 305 326 333 342 357 366 387 389 398 421 425 430 433 440 441 445 460 467 468 469 472 476 481 
144 52 7 16 27 36 37 40 53 55 65 80 93 115 132 133 137 147 157 166 168 177 178 181 185 204 210 245 248 272 298 305 318 323 324 325 345 363 375 383 388 428 435 443 444 455 463 466 467 475 480 482 483 499 
145 56 7 10 16 23 28 33 44 77 91 101 109 139 147 162 164 170 174 185 187 194 195 199 212 215 218 220 223 226 237 242 260 265 282 299 323 328 331 344 349 359 384 391 402 407 408 413 425 426 433 440 442 452 460 482 484 498 
146 61 27 37 48 50 66 68 78 82 88 90 99 103 114 123 131 132 141 161 162 175 181 202 214 218 222 241 248 251 263 271 274 278 279 293 300 308 320 321 324 331 333 343 351 375 376 379 382 389 396 402 408 413 426 437 442 443 445 472 473 478 497 
147 50 13 29 46 62 63 69 82 101 102 109 129 142 144 145 160 203 222 225 236 240 260 261 273 287 298 321 335 358 374 380 383 384 398 401 407 408 425 434 435 438 445 456 457 459 471 482 483 487 488 490 
148 41 7 17 25 39 53 54 65 73 140 150 156 168 186 209 227 251 252 257 269 273 297 309 312 323 324 326 333 351 372 383 385 391 406 425 426 442 443 451 452 481 495 
149 62 5 8 10 11 14 26 36 46 59 62 67 71 73 86 94 102 117 140 151 161 166 167 168 170 181 189 192 196 218 229 233 237 246 249 257 294 297 305 327 335 348 355 363 366 367 372 384 395 398 399 400 403 408 419 428 431 436 445 447 463 473 474 
150 49 18 24 27 28 33 38 48 49 60 64 80 85 100 132 133 137 138 148 161 180 188 189 190 200 213 232 238 275 280 286 287 293 295 328 349 371 372 395 415 418 422 434 438 451 452 470 471 491 492 
151 49 20 27 37 46 55 58 67 69 88 89 102 104 106 118 128 137 149 161 162 174 179 180 185 194 201 233 259 268 281 297 303 309 322 332 341 357 366 378 388 390 393 410 420 427 450 461 464 492 495 
152 53 2 10 16 24 40 42 46 57 80 94 102 109 111 112 115 116 118 122 187 215 232 234 236 252 265 272 286 324 332 335 357 366 369 380 389 393 397 398 400 413 418 419 422 435 446 458 459 469 474 481 494 498 499 
153 54 5 29 40 41 45 49 65 77 83 87 91 95 106 115 118 125 154 165 183 205 207 216 220 224 225 228 235 238 239 260 261 265 285 336 340 344 346 348 361 373 383 403 411 422 435 446 450 454 459 472 474 481 485 493 
154 35 6 17 32 36 57 72 90 112 153 176 184 196 211 249 259 261 271 278 282 297 312 318 321 330 387 410 418 421 427 428 448 449 460 477 495 
155 55 12 15 23 25 26 30 52 62 71 85 86 91 94 105 112 114 129 137 140 168 204 208 210 236 256 282 293 299 300 304 306 317 322 323 328 339 346 349 369 370 376 380 386 388 416 424 452 453 464 470 475 479 488 496 499 
156 37 36 42 56 61 68 69 74 85 90 104 106 112 120 124 148 163 165 205 227 245 266 285 311 313 315 324 326 334 347 358 368 378 383 397 405 463 491 
157 55 6 11 14 19 30 34 36 41 43 44 48 66 67 78 91 98 107 112 124 132 133 144 191 198 199 209 217 233 236 254 281 283 305 309 327 345 352 357 362 376 381 392 394 405 429 432 435 437 438 445 448 463 466 468 472 
158 41 4 40 46 78 127 172 184 189 195 202 206 208 221 240 241 248 264 268 273 287 289 298 311 339 343 345 352 359 367 382 384 385 398 411 428 431 440 443 466 483 499 
159 50 2 9 22 27 46 64 78 81 82 83 87 92 117 138 164 178 185 189 195 196 205 206 214 218 237 244 246 248 251 269 271 277 289 295 313 321 354 359 384 391 417 437 447 455 463 464 481 488 498 499 
160 42 7 17 18 40 62 78 104 120 122 147 161 170 171 181 190 196 221 244 257 269 291 294 305 330 334 340 357 361 377 385 398 401 403 416 421 456 465 468 470 476 494 498 
161 62 7 10 25 32 34 73 75 91 94 112 119 132 134 138 146 149 150 151 160 187 193 194 203 205 211 216 220 231 238 248 252 262 264 269 276 284 299 303 331 334 337 340 342 354 358 364 367 380 383 385 387 390 410 412 420 429 431 436 454 467 486 493 
162 42 13 16 29 34 88 93 107 112 122 128 145 146 151 167 174 192 196 225 230 237 267 268 274 282 284 288 294 301 312 319 322 329 331 337 339 367 409 412 419 427 457 488 
163 50 0 4 26 31 36 39 44 48 66 84 102 108 114 130 141 143 156 182 193 219 225 235 237 244 259 269 271 281 283 286 312 329 330 333 334 336 357 358 416 429 434 437 441 445 455 470 475 476 488 494 
164 61 13 25 31 42 45 47 54 66 72 81 88 91 101 112 113 115 118 143 145 159 168 171 174 180 185 195 197 209 210 214 220 227 232 235 241 259 267 290 316 317 354 370 374 375 383 389 390 404 410 412 413 424 426 438 442 445 467 468 471 472 473 
165 48 3 20 23 41 54 66 69 71 76 84 89 115 153 156 181 190 192 196 198 221 222 227 231 243 244 251 281 290 297 313 329 344 363 369 377 382 393 397 400 424 431 435 439 445 448 461 478 488 
166 56 8 15 23 34 37 47 56 69 96 106 109 110 111 121 125 133 140 141 144 149 182 184 191 202 219 220 240 244 246 277 285 286 298 301 327 331 346 366 371 372 381 385 391 400 403 410 432 445 454 458 471 480 486 491 496 498 
167 44 27 42 47 56 94 142 149 162 169 179 180 184 186 198 218 226 238 241 252 253 296 297 306 309 316 318 356 369 380 387 391 398 411 424 449 452 454 455 475 478 479 485 487 497 
168 41 23 49 55 71 75 76 82 88 110 126 130 134 138 144 148 149 155 164 212 221 269 309 312 316 322 323 347 351 383 391 401 408 461 465 467 474 478 486 490 497 499 
169 54 13 14 19 25 38 46 62 67 70 72 73 80 90 97 103 105 122 135 167 186 193 201 202 204 222 230 240 261 266 301 307 308 309 311 331 336 339 342 343 345 347 358 378 382 390 398 403 406 448 449 478 480 481 492 
170 52 19 37 42 45 52 55 81 85 118 124 125 145 149 160 188 189 202 204 205 213 215 226 249 257 261 270 274 275 278 280 289 292 307 326 328 331 343 345 350 360 362 364 385 393 400 402 403 418 433 436 448 474 
171 50 10 18 45 47 51 54 70 92 96 112 120 127 128 160 164 179 202 215 231 250 256 257 267 277 290 292 293 295 298 303 306 317 327 328 344 352 360 374 379 393 396 416 436 439 442 457 464 466 467 472 
172 55 4 14 16 37 54 55 59 64 73 75 79 91 98 100 117 119 121 124 133 158 173 175 187 191 224 228 234 236 238 247 257 258 260 271 280 284 286 296 306 323 333 342 377 378 394 402 413 436 443 448 472 475 482 488 497 
173 48 0 21 41 42 43 44 46 64 92 98 104 122 172 177 178 184 187 196 197 204 211 236 281 282 296 315 323 328 337 365 375 377 382 385 392 409 413 426 444 462 463 475 480 485 488 492 494 496 
174 56 8 13 35 41 44 49 53 59 90 97 104 109 120 128 130 145 151 162 164 175 176 179 197 202 203 206 209 214 215 224 228 252 269 284 294 304 310 316 318 321 328 335 346 386 392 395 414 425 433 451 463 470 471 473 475 497 
175 50 0 5 16 27 48 49 55 57 91 96 99 109 130 146 172 174 176 185 191 192 204 220 255 260 272 280 287 288 290 302 303 326 367 371 384 385 398 404 417 438 444 447 452 456 457 465 478 481 488 496 
176 64 0 3 5 13 24 27 30 36 39 43 49 56 61 62 76 88 91 97 109 118 130 143 154 174 175 198 201 214 242 244 254 258 265 270 290 307 311 315 317 321 324 329 330 337 351 360 366 373 380 384 388 391 395 400 405 410 416 418 430 443 444 479 488 498 
177 50 3 7 8 11 17 24 31 34 48 58 62 79 86 90 94 96 99 102 125 144 173 191 200 209 221 236 264 268 269 278 298 318 326 329 346 347 361 366 369 374 379 401 403 404 427 448 449 470 478 497 
178 54 28 30 33 36 42 49 50 54 56 71 82 87 99 104 109 112 116 140 142 144 159 173 180 185 210 215 217 232 237 257 299 310 321 331 344 357 373 380 383 389 398 403 420 433 436 453 455 458 459 464 467 480 481 487 
179 51 16 17 24 33 44 46 49 55 70 78 94 101 112 119 124 134 151 167 171 174 180 185 186 192 215 235 238 245 265 272 287 302 312 329 342 353 357 361 370 375 378 382 386 394 397 405 412 446 462 477 481 
180 61 15 18 23 55 61 86 90 91 99 102 107 109 117 124 128 139 150 151 164 167 178 179 181 182 183 186 210 216 221 233 265 275 276 277 279 291 299 302 303 325 353 354 360 372 377 378 381 404 405 410 430 431 448 451 455 456 467 476 479 490 496 
181 54 26 46 56 69 77 80 95 98 99 105 109 110 126 127 131 144 146 149 160 165 180 183 201 204 226 241 258 268 270 273 276 281 287 308 324 332 351 357 376 389 407 408 423 427 428 433 443 444 450 462 478 479 483 492 
182 48 5 14 24 46 51 56 65 87 108 111 113 133 163 166 180 192 203 206 238 243 246 254 257 262 280 285 286 291 292 296 314 323 343 350 374 377 382 386 390 408 432 452 453 459 461 474 485 489 
183 52 0 1 6 8 12 13 32 35 53 59 81 85 97 101 103 105 113 114 118 137 138 153 180 181 207 225 226 235 240 270 274 294 318 335 344 356 363 370 374 390 402 408 412 420 431 432 437 452 459 476 481 498 
184 59 4 19 21 40 41 55 57 59 72 74 78 80 84 87 93 106 108 118 128 134 142 154 158 166 167 173 186 195 198 204 208 212 214 221 226 230 254 270 293 301 306 307 316 320 322 340 357 386 412 426 432 433 436 444 447 471 482 486 494 
185 51 1 11 14 15 19 32 37 59 75 80 82 94 105 108 114 126 133 134 139 143 144 145 151 159 164 175 178 179 187 200 201 202 212 227 242 246 251 285 292 314 315 326 340 346 358 395 405 440 448 467 487 
186 54 4 8 12 62 65 84 93 110 114 124 128 133 134 137 148 167 169 179 180 184 188 189 192 193 200 203 210 221 228 260 276 278 281 312 336 352 370 376 385 390 393 396 405 434 440 442 444 447 457 471 472 485 488 498 
187 43 23 24 38 46 57 75 87 101 108 145 152 161 172 173 185 191 196 200 205 216 229 239 255 266 274 284 298 301 314 318 323 339 347 370 382 412 424 441 447 462 476 478 489 
188 60 4 9 14 25 27 46 50 52 58 77 83 90 96 112 114 128 131 132 136 141 143 150 170 186 194 199 203 204 208 217 222 225 230 245 272 274 279 283 295 298 307 345 349 353 368 387 393 395 398 408 411 420 432 440 464 465 477 478 490 496 
189 49 8 13 32 36 39 55 56 70 82 86 87 90 94 102 107 124 129 135 138 149 150 158 159 170 186 194 198 212 214 218 237 241 242 246 249 254 273 286 298 340 344 363 388 393 435 452 458 461 466 
190 45 2 10 11 25 33 42 67 85 100 130 150 160 165 197 207 211 213 225 255 287 288 293 301 302 329 338 344 346 351 355 371 373 392 395 398 418 434 442 446 454 459 465 469 475 489 
191 47 30 37 53 66 81 103 125 138 142 157 166 172 175 177 187 195 206 249 261 268 269 277 289 292 300 304 306 313 315 328 350 351 361 370 376 378 387 390 410 432 459 461 470 479 482 493 497 
192 55 1 2 14 18 40 61 79 105 108 111 113 128 139 149 162 165 175 179 182 186 195 225 235 236 240 245 247 249 251 256 257 278 312 317 319 323 333 342 346 348 349 367 373 377 393 395 401 412 417 437 451 454 470 480 481 
193 53 15 21 38 52 57 66 86 94 104 115 119 127 133 161 163 169 186 203 214 223 225 259 270 279 284 293 297 303 310 331 334 341 343 348 352 353 356 357 378 385 387 388 396 424 454 455 464 465 470 480 482 483 498 
194 52 1 10 13 33 40 51 52 53 55 57 76 91 93 95 108 145 151 161 188 189 195 198 200 217 222 226 227 229 275 278 294 312 326 335 384 389 393 401 404 433 447 448 454 476 477 484 485 487 489 494 495 496 
195 70 6 16 19 23 33 48 53 55 70 81 83 93 96 100 103 126 136 141 145 158 159 164 184 191 192 194 197 208 218 223 225 230 231 240 252 255 257 259 260 262 268 302 312 320 330 333 335 368 377 389 391 409 412 417 422 426 431 433 436 437 440 443 451 452 474 478 483 486 487 496 
196 47 6 10 45 71 93 95 112 114 115 126 129 131 139 149 154 159 160 162 165 173 187 201 219 231 243 244 254 264 266 281 293 296 299 303 326 348 355 357 368 375 430 433 443 448 450 479 482 
197 49 10 16 21 26 31 37 44 55 70 82 87 89 90 102 106 110 128 131 133 134 164 173 174 190 195 199 217 232 242 278 306 313 374 381 383 388 402 405 407 409 416 421 432 436 438 460 471 473 494 
198 49 7 11 34 63 70 107 113 119 157 165 167 176 184 189 194 199 200 209 236 237 239 240 247 248 261 269 289 301 302 304 308 323 331 338 345 346 349 357 358 374 386 416 420 428 443 471 474 481 487 
199 53 1 5 9 12 26 51 55 58 63 68 70 72 75 77 91 95 102 110 113 117 124 128 131 137 145 157 188 197 198 201 224 237 244 245 256 265 269 277 308 320 347 360 362 388 409 415 419 435 436 440 442 452 474 
200 43 0 9 20 61 62 72 73 83 94 133 143 150 177 185 186 187 194 198 232 251 253 266 280 294 301 305 307 321 323 339 343 356 359 391 411 412 416 451 452 458 471 474 475 
201 55 7 31 33 58 59 61 64 67 83 85 88 103 119 124 125 127 141 143 151 169 176 181 185 196 199 204 244 252 268 270 271 284 289 290 298 309 320 322 328 334 338 349 354 356 366 391 414 430 437 445 459 462 484 485 491 
202 57 0 24 34 46 57 71 73 77 79 97 99 103 104 108 132 146 158 166 169 170 171 174 185 203 210 230 244 248 250 267 269 275 277 279 296 302 306 326 328 345 347 364 373 376 379 382 391 392 422 434 436 442 443 461 469 488 494 
203 51 1 2 10 23 46 84 88 98 101 107 115 117 124 136 142 147 161 174 182 186 188 193 202 208 209 233 238 253 259 275 280 286 289 299 302 322 324 332 343 348 351 355 364 390 404 424 429 449 453 455 465 
204 47 14 20 30 35 37 53 68 73 86 131 144 155 169 170 173 175 181 184 188 201 219 232 236 264 271 278 280 285 299 304 306 309 328 354 359 360 380 389 394 424 431 432 452 465 481 484 490 
205 41 6 10 13 15 19 20 21 28 47 72 74 75 87 99 100 102 110 118 120 134 153 156 159 161 170 187 214 223 235 237 248 295 303 317 399 414 419 423 438 466 469 
206 59 2 3 8 12 14 25 26 28 29 34 36 46 61 73 85 89 93 97 116 118 127 129 142 158 159 174 182 191 208 212 219 225 234 236 247 257 263 270 286 287 297 304 315 323 349 350 357 365 381 387 389 397 398 406 409 452 456 485 495 
207 54 4 21 29 41 47 51 57 64 66 69 112 117 124 128 131 153 183 190 209 210 214 217 232 235 249 250 254 256 260 267 292 298 314 320 321 354 355 361 372 385 398 425 426 428 429 438 446 450 471 478 479 483 491 495 
208 56 1 14 27 41 50 53 55 56 70 74 75 90 92 99 122 140 155 158 184 188 195 203 206 210 215 236 243 246 253 265 269 272 289 307 316 323 331 333 342 365 370 378 383 401 402 408 414 422 427 432 445 451 466 476 491 495 
209 49 1 2 6 11 28 35 36 41 44 46 65 94 122 139 143 148 157 164 174 177 198 203 207 212 265 273 279 304 323 337 342 347 350 363 374 391 402 404 409 416 429 433 435 439 441 457 467 482 487 
210 58 3 13 14 25 42 57 60 62 65 66 93 110 115 135 142 144 155 164 178 180 186 202 207 208 229 235 236 240 241 258 270 293 312 317 321 331 333 336 344 365 377 381 382 383 390 395 397 407 425 439 444 449 453 454 465 475 477 493 
211 48 4 8 11 12 14 15 17 22 34 36 41 44 63 85 87 94 116 124 154 161 173 190 222 227 230 238 268 281 298 304 309 321 327 329 372 378 391 398 418 426 443 450 459 460 469 489 496 497 
212 51 14 15 33 41 47 49 61 68 71 86 90 97 114 129 131 145 168 184 185 189 206 209 213 232 252 259 269 288 296 298 299 324 335 347 348 368 370 374 376 381 385 398 401 403 427 442 456 464 466 478 498 
213 41 10 27 28 31 34 38 44 78 80 94 96 130 143 150 170 190 212 218 237 238 262 277 281 297 317 332 342 343 358 366 374 376 380 401 415 427 447 449 466 484 493 
214 53 10 45 51 58 62 66 74 83 92 98 125 128 129 130 135 146 159 164 174 176 184 189 193 205 207 233 235 241 243 263 292 294 309 313 314 335 339 340 346 361 378 404 406 409 416 421 445 450 455 459 475 481 482 
215 53 7 13 14 27 41 42 48 69 70 79 81 105 106 112 145 152 170 171 174 178 179 208 218 231 238 242 246 248 250 252 264 273 275 292 311 316 319 336 342 359 361 366 369 387 401 426 428 429 444 457 462 469 479 
216 35 0 11 66 80 130 153 161 180 187 220 225 246 248 274 277 285 291 294 300 305 319 323 344 350 358 372 394 397 404 435 454 465 467 486 494 
217 49 0 5 34 35 49 50 59 66 67 79 92 100 106 109 119 121 157 178 188 194 197 207 225 238 243 248 249 250 262 278 280 306 311 313 314 335 337 341 364 392 397 408 429 450 455 457 458 475 498 
218 51 17 20 28 45 56 78 89 90 93 97 100 108 111 117 128 138 145 146 149 159 167 189 195 213 215 221 234 259 273 275 278 288 295 311 320 321 363 369 376 384 389 409 416 417 423 424 437 440 445 467 493 
219 51 4 8 18 46 50 58 61 62 66 69 75 100 102 104 105 123 125 129 163 166 196 204 206 220 224 228 243 244 254 256 266 287 288 323 325 346 358 359 371 373 383 407 409 410 415 423 426 435 446 469 470 
220 54 0 24 27 35 39 62 81 90 97 104 107 117 123 133 141 145 153 161 164 166 175 216 219 224 227 232 244 286 298 322 326 341 346 356 360 364 374 376 377 378 385 409 421 423 436 437 439 440 455 456 468 478 480 486 
221 56 12 23 24 38 45 50 62 63 69 89 96 106 113 126 129 135 137 143 158 160 165 168 177 180 184 186 218 233 240 244 249 255 274 290 294 303 307 312 322 330 335 359 366 367 374 392 398 400 421 422 444 455 460 461 465 481 
222 53 4 15 16 30 47 55 59 77 104 109 112 119 125 135 139 146 147 165 169 188 194 211 224 232 234 235 245 251 255 268 289 301 316 319 325 338 347 373 374 383 402 405 409 415 438 462 463 464 470 472 483 485 495 
223 51 4 7 12 13 26 48 51 53 81 85 89 99 101 105 118 135 136 145 193 195 205 237 243 259 265 270 274 277 279 281 283 286 287 290 336 346 354 369 376 386 406 408 410 419 429 446 448 465 468 472 473 
224 41 1 27 32 33 42 47 49 54 64 68 98 104 127 129 134 139 143 153 172 174 199 219 220 222 236 239 240 258 263 269 284 298 326 348 361 400 454 456 471 472 496 
225 53 14 20 38 40 53 64 65 67 103 107 139 147 153 162 163 183 188 190 192 193 195 206 216 217 232 248 276 279 295 296 304 307 312 316 319 332 348 350 359 365 371 394 405 409 417 442 456 459 462 467 482 494 499 
226 51 1 6 26 58 61 69 70 83 86 105 145 167 170 181 183 184 194 237 246 248 255 260 264 269 272 273 289 300 302 312 327 339 340 350 351 359 361 364 366 389 391 392 396 398 409 441 444 450 465 470 479 
227 48 26 46 54 55 58 69 89 105 112 118 128 139 141 148 156 164 165 185 194 211 220 250 261 274 285 288 299 303 308 326 328 339 342 357 366 368 393 408 410 421 424 426 443 445 450 455 466 479 
228 47 2 5 6 21 39 40 61 66 69 71 79 82 124 126 130 134 153 172 174 186 219 246 255 260 261 262 277 279 290 304 315 323 325 335 342 364 369 376 380 390 393 395 403 416 427 440 486 
229 40 1 14 27 48 51 52 53 54 71 101 107 118 119 138 142 149 187 194 210 239 243 251 252 261 274 285 288 307 325 335 356 368 370 393 406 452 473 492 493 496 
230 53 10 24 57 59 75 86 100 104 124 129 131 162 169 184 188 195 202 211 232 243 256 262 264 265 269 270 280 285 287 296 305 310 318 324 327 340 351 362 366 367 372 378 386 407 414 418 439 452 453 469 484 488 497 
231 47 1 18 21 23 29 35 58 63 68 72 76 82 105 111 116 117 128 137 161 165 171 195 196 215 240 245 258 273 286 287 305 341 357 358 378 379 384 404 405 413 423 452 465 469 476 496 498 
232 42 10 19 34 44 86 92 97 101 115 150 152 164 178 197 200 204 207 212 220 222 225 230 243 260 263 308 319 327 369 383 384 413 420 438 449 454 455 456 464 471 475 488 
233 40 14 18 40 41 57 86 126 142 149 151 157 180 203 214 221 251 274 278 297 299 305 312 326 372 389 396 398 401 408 417 418 425 453 460 467 468 478 492 496 499 
234 49 1 15 17 23 24 36 46 48 64 86 94 106 107 109 111 117 140 152 172 206 218 222 243 263 265 275 311 313 332 343 355 370 372 415 421 433 436 439 440 442 446 451 456 470 473 478 484 487 498 
235 47 3 49 53 59 64 70 71 86 92 93 104 124 137 153 163 164 179 183 192 205 207 210 214 222 237 260 268 272 283 302 306 312 329 334 372 375 376 384 388 393 424 461 464 470 475 482 491 
236 54 24 35 49 56 67 69 79 82 96 99 111 123 132 147 152 155 157 172 173 177 192 198 204 206 208 210 224 237 242 258 261 267 269 273 277 308 312 323 324 341 343 345 348 367 377 378 397 403 410 421 442 448 449 486 
237 55 8 21 23 33 34 36 46 56 64 65 80 97 103 105 107 134 145 149 159 162 163 178 189 198 199 205 213 223 226 235 236 258 263 265 273 276 286 292 314 323 329 345 349 357 374 382 386 398 410 411 424 430 441 446 490 
238 47 57 58 60 81 123 137 142 150 153 161 167 172 179 182 203 211 213 215 217 247 249 263 264 269 283 287 306 307 312 323 328 335 342 364 367 369 379 391 409 440 447 463 471 480 481 485 497 
239 54 0 6 7 9 14 21 26 30 38 43 55 58 67 77 91 118 153 187 198 224 229 240 248 249 252 255 269 276 279 281 291 296 318 343 350 358 364 374 379 380 392 395 406 422 425 428 449 456 462 463 464 473 481 493 
240 48 15 34 38 43 51 62 70 76 90 109 121 127 129 147 158 166 169 183 192 195 198 210 221 224 231 239 259 260 262 278 293 304 305 325 350 363 377 386 406 407 423 430 439 452 470 471 479 481 
241 45 5 12 18 44 51 56 57 61 64 73 74 89 125 132 146 158 164 167 181 189 210 214 251 253 255 266 272 292 296 312 313 325 326 332 355 380 396 406 430 436 442 469 483 487 498 
242 50 1 14 29 32 43 53 56 59 70 87 97 116 118 129 139 140 145 176 185 189 197 215 236 246 255 266 275 288 291 306 308 310 317 318 326 330 340 350 353 365 366 375 386 410 411 424 434 436 485 498 
243 35 2 23 33 80 92 102 123 124 134 165 182 196 208 214 217 219 223 229 230 232 234 284 303 311 323 333 373 380 396 406 416 418 431 438 470 
244 60 2 10 15 20 34 41 45 70 91 92 105 126 132 135 137 139 159 160 163 165 166 176 196 199 201 202 219 220 221 245 249 260 261 267 271 276 287 304 309 315 316 318 330 354 366 371 392 393 411 428 447 449 461 462 471 476 482 489 491 496 
245 56 2 11 12 21 25 29 30 34 35 44 69 79 83 94 98 100 104 117 118 119 120 132 141 144 156 179 188 192 199 222 231 244 250 254 258 280 287 293 297 305 308 311 317 332 334 348 360 364 394 404 413 420 427 433 467 469 
246 50 1 8 16 20 36 40 42 48 50 62 83 84 87 97 109 119 135 149 159 166 182 185 189 208 215 216 226 228 242 256 261 277 282 336 348 357 369 372 375 384 391 392 393 398 405 410 428 445 452 480 
247 43 52 54 63 80 94 107 109 116 134 143 172 192 198 206 238 256 259 269 285 303 305 306 347 357 363 374 388 394 398 401 402 410 428 442 448 450 451 466 486 490 494 496 499 
248 48 14 17 19 32 46 48 68 74 98 107 110 116 120 122 129 144 146 158 159 161 198 202 205 215 216 217 225 226 239 260 275 285 299 308 338 345 371 375 379 381 395 396 414 443 465 468 470 489 
249 53 38 40 42 49 60 61 70 73 77 78 80 98 106 114 126 139 149 154 170 189 191 192 207 217 221 238 239 244 252 255 260 275 290 294 306 313 317 320 351 369 371 385 392 393 399 400 417 418 420 434 438 457 487 
250 41 22 24 34 41 42 48 54 57 85 114 116 132 134 171 202 207 215 217 227 245 262 278 279 282 283 311 318 345 354 376 392 397 399 415 445 447 458 466 468 481 498 
251 50 18 23 31 36 42 47 75 76 85 88 95 107 122 126 135 137 138 140 146 148 159 165 185 192 200 222 229 233 241 252 291 337 339 342 343 349 359 365 371 372 376 381 395 401 423 442 465 475 480 481 
252 57 6 13 17 31 39 78 86 89 104 105 106 114 115 120 141 143 148 152 161 167 174 195 201 212 215 229 239 249 251 258 265 274 284 285 299 303 305 310 320 323 335 337 343 346 354 360 369 376 379 383 406 437 445 446 455 460 463 
253 36 26 31 40 52 58 73 97 104 114 167 200 203 208 241 258 259 264 280 330 343 354 358 361 375 384 388 398 400 407 411 424 428 430 431 435 458 
254 45 1 21 40 62 82 84 111 128 157 176 182 184 189 196 207 219 245 268 289 302 316 319 321 335 336 346 354 357 378 404 413 418 425 429 431 437 440 445 449 469 475 483 486 490 494 
255 51 2 8 19 24 39 40 50 62 71 120 125 175 187 190 195 221 222 226 228 239 241 242 249 271 276 297 305 324 328 339 351 359 383 385 386 388 394 396 411 412 422 423 425 436 441 448 450 453 466 467 484 
256 55 4 27 33 37 44 58 67 102 135 142 155 171 192 199 207 219 230 246 247 267 268 274 276 283 293 301 305 308 318 324 329 337 340 341 342 347 348 350 359 384 386 387 390 393 395 406 407 410 434 437 466 467 476 497 498 
257 49 4 27 49 59 61 68 77 83 93 102 109 116 121 125 128 148 149 160 170 171 172 178 182 192 195 206 259 282 313 316 334 339 368 373 381 396 402 410 412 421 423 430 431 432 433 464 469 479 493 
258 48 5 16 20 26 33 62 80 86 95 107 139 142 172 176 181 210 224 231 236 237 245 252 253 265 267 282 332 341 343 353 357 358 361 372 381 395 417 437 438 439 452 464 472 482 492 495 496 498 
259 53 18 28 46 49 51 56 63 76 79 81 93 96 102 110 133 151 154 163 164 193 195 203 212 218 223 240 247 253 257 268 275 278 282 287 291 304 325 334 338 390 395 401 406 415 416 422 434 437 444 450 453 463 484 
260 53 6 11 17 21 34 38 41 44 85 90 104 110 130 136 145 147 153 172 175 186 195 207 226 228 232 235 240 244 248 249 267 272 274 283 288 312 329 351 357 360 369 377 385 388 415 433 439 465 476 482 486 491 493 
261 47 15 18 27 56 64 69 86 87 104 124 125 128 147 153 154 169 170 191 198 227 228 229 236 244 246 264 267 277 287 295 302 303 304 313 314 336 386 390 393 407 429 446 461 464 466 468 486 
262 51 4 13 48 63 66 94 99 107 109 125 131 161 182 195 213 217 228 230 240 250 264 288 292 300 302 312 323 331 343 344 345 358 369 371 376 386 389 397 402 430 437 438 449 450 457 464 468 478 484 486 497 
263 45 1 3 14 25 29 30 34 41 44 61 62 80 98 100 101 114 116 118 121 142 143 146 206 214 224 232 234 237 238 267 274 293 304 310 321 334 337 398 418 426 429 450 476 483 492 
264 47 37 38 44 71 76 84 95 118 136 158 161 177 196 204 215 226 230 238 253 261 262 281 286 292 299 318 322 341 348 367 372 401 408 413 429 444 445 451 452 459 464 468 474 491 496 497 499 
265 58 4 13 39 44 48 50 62 63 67 70 76 77 94 96 103 109 118 121 126 137 145 152 153 176 179 180 199 208 209 223 230 234 237 252 258 277 288 289 296 300 317 320 322 327 337 360 361 367 371 381 382 384 420 436 471 477 496 497 
266 38 3 15 17 42 51 71 82 84 95 117 142 156 169 187 196 200 219 241 242 283 289 340 341 349 371 372 375 383 388 395 400 403 404 452 469 470 476 498 
267 59 0 6 7 8 18 24 33 39 41 46 53 65 74 81 88 98 101 109 111 131 142 162 164 171 202 207 236 244 256 258 260 261 263 271 272 283 288 298 306 308 312 330 349 353 357 361 364 373 374 394 402 410 412 418 445 460 468 470 472 
268 49 11 25 28 31 36 38 43 57 66 74 78 87 93 118 135 143 151 158 162 177 181 191 195 201 211 222 235 254 256 259 273 292 306 325 333 341 342 391 395 406 414 421 425 433 441 442 485 492 493 
269 57 0 1 8 13 16 30 34 48 57 60 67 68 72 80 83 90 97 107 135 142 148 159 160 161 163 168 174 177 191 198 199 202 208 212 224 226 230 236 238 239 247 273 277 294 296 297 333 341 372 392 395 417 429 436 457 463 467 
270 48 1 13 36 39 50 57 86 87 96 105 111 125 137 170 176 181 183 184 193 201 206 210 223 230 272 291 299 307 315 334 350 353 372 377 389 399 404 405 409 423 435 441 442 451 471 475 476 483 
271 41 23 31 34 67 73 77 106 109 131 146 154 159 163 172 201 204 244 255 267 283 288 290 311 312 314 318 324 325 331 345 362 375 384 393 410 428 436 446 462 469 490 
272 51 1 3 6 8 11 29 34 36 54 57 86 126 137 138 144 152 175 179 188 208 226 235 241 260 267 270 273 282 288 294 295 301 305 322 350 352 362 374 393 396 407 420 446 447 450 452 460 469 475 476 478 
273 62 9 18 19 27 37 56 59 86 87 95 99 102 104 116 119 122 123 136 147 148 158 181 189 209 215 218 226 231 236 237 268 269 272 275 287 290 305 313 329 330 343 356 363 364 366 375 379 399 400 407 420 426 431 438 442 447 448 464 481 483 497 499 
274 57 1 19 26 36 41 45 52 53 57 61 63 68 90 94 107 124 132 138 146 162 170 183 187 188 216 221 223 227 229 233 252 256 260 263 278 283 292 298 314 332 340 341 349 352 356 357 373 383 399 416 427 433 458 459 465 492 499 
275 51 12 13 34 48 58 96 99 116 122 141 150 170 180 194 202 203 215 218 234 242 248 249 259 273 277 290 304 314 320 329 330 340 350 362 367 368 371 372 375 379 384 396 397 399 400 405 419 423 425 428 432 
276 36 31 37 40 44 84 95 127 132 138 161 180 181 186 225 237 239 244 255 256 280 285 294 298 300 305 322 337 343 372 382 401 403 427 462 484 487 
277 46 10 26 32 59 69 86 89 94 96 102 120 124 133 159 166 171 180 191 199 202 213 216 223 228 236 246 261 265 269 275 284 288 292 316 328 337 341 365 368 381 404 413 428 441 496 499 
278 50 4 17 21 24 36 37 50 55 79 82 120 129 141 146 154 170 177 186 192 194 197 204 217 218 233 240 250 259 274 292 295 318 321 327 354 356 360 368 382 387 391 409 415 424 450 463 465 466 489 491 
279 47 5 16 17 20 21 43 45 56 57 62 77 88 90 93 97 99 109 146 180 188 193 202 209 223 225 228 239 250 280 313 322 349 354 364 367 376 395 398 401 432 442 445 448 454 459 464 499 
280 44 4 13 33 55 65 69 70 82 89 119 133 134 135 140 150 170 172 175 182 200 203 204 217 230 245 253 276 279 289 300 301 312 319 323 353 378 396 398 407 439 440 453 462 475 
281 44 2 23 30 37 52 53 70 77 99 108 114 123 126 131 134 135 151 157 163 165 173 181 186 196 211 213 223 239 264 292 317 324 338 344 348 379 389 391 413 422 444 455 482 490 
282 35 46 88 98 103 111 112 145 154 155 162 173 246 250 257 258 259 272 288 295 303 314 326 330 340 349 420 425 436 438 443 446 450 452 466 481 
283 39 16 42 57 63 77 106 122 131 141 157 163 188 223 235 238 250 256 260 266 267 271 274 284 291 296 298 308 318 330 349 367 374 377 391 398 422 470 478 495 
284 57 7 45 46 50 57 65 77 88 91 94 100 113 114 124 125 161 162 172 174 187 193 201 224 243 252 277 283 287 301 304 305 310 312 321 323 326 343 345 352 365 368 371 372 379 381 399 402 413 424 425 433 440 466 467 468 474 494 
285 50 0 7 17 27 29 31 46 57 74 82 112 127 153 156 166 182 185 204 216 227 229 230 247 248 252 276 290 299 301 323 330 333 334 342 347 352 353 356 383 385 387 398 404 410 423 442 450 460 482 494 
286 45 5 11 54 56 58 75 80 111 112 113 114 120 131 136 150 152 163 166 172 182 189 203 206 220 223 231 237 264 295 298 308 315 318 324 366 370 374 402 404 411 412 447 455 457 490 
287 48 23 57 88 98 108 109 110 115 123 147 150 158 175 179 181 190 206 219 223 230 231 238 244 245 259 261 273 284 294 310 322 333 335 374 387 394 397 409 426 435 437 451 452 472 479 490 494 495 
288 59 10 15 25 28 31 40 51 69 70 77 84 98 109 119 139 162 175 190 212 218 219 227 229 242 260 262 265 267 271 272 277 282 302 307 311 317 319 321 324 326 333 344 349 351 358 368 381 390 391 421 432 443 444 464 468 475 480 489 490 
289 49 2 4 9 14 31 67 69 72 77 80 92 107 117 122 123 143 158 159 170 191 198 201 203 208 222 226 254 265 266 280 300 336 355 356 373 379 402 409 414 419 423 431 439 446 468 469 472 483 499 
290 49 5 10 13 16 25 37 39 43 49 50 54 73 82 85 114 124 127 128 132 164 165 171 175 176 201 221 223 228 249 271 273 275 285 317 327 335 339 357 365 392 410 448 472 482 485 487 492 493 494 
291 39 16 35 37 46 47 49 59 73 96 108 118 119 128 134 136 160 180 182 216 239 242 251 259 270 283 312 315 343 346 358 365 383 388 403 421 437 443 448 475 
292 60 5 10 12 34 54 55 63 67 72 74 84 85 92 100 108 110 111 130 170 171 182 185 191 207 214 215 237 241 262 264 268 274 277 278 281 296 299 328 340 350 357 366 369 372 376 382 388 407 411 419 423 425 429 446 450 453 470 475 486 499 
293 49 39 82 85 97 114 120 123 128 130 131 146 150 155 171 184 190 193 196 210 240 245 256 263 299 315 323 327 333 344 346 352 366 371 377 395 406 412 414 426 435 462 466 467 470 471 479 480 487 492 
294 42 5 10 52 83 87 97 110 117 141 149 160 162 174 183 194 200 214 216 221 249 269 272 276 287 306 310 313 357 360 361 381 386 413 419 420 424 430 431 439 443 445 494 
295 46 10 17 20 44 62 64 68 80 85 88 89 96 98 111 112 134 150 159 171 188 205 218 225 261 272 278 282 286 320 323 324 325 328 347 355 359 399 408 418 421 428 458 466 472 485 492 
296 49 19 48 71 91 92 98 116 118 127 142 167 172 173 182 196 202 212 225 230 239 241 265 269 283 292 307 329 333 339 341 342 355 373 378 387 390 397 420 427 430 439 442 459 461 471 472 487 489 497 
297 42 8 14 24 30 38 45 48 63 80 90 102 103 104 105 106 126 148 149 151 154 165 167 193 206 213 233 245 255 269 318 332 352 354 366 385 430 432 452 465 471 475 491 
298 55 13 30 56 68 71 72 92 111 117 126 141 144 147 158 166 171 177 187 188 189 201 207 211 212 220 224 267 274 276 283 286 301 305 326 334 356 361 386 391 393 398 402 406 409 410 414 417 428 448 451 455 460 462 474 489 
299 47 8 36 53 59 96 103 115 120 123 124 131 137 145 155 161 178 180 196 203 204 212 227 233 248 252 264 270 285 292 293 310 327 345 354 357 364 372 411 420 422 445 446 462 467 474 489 499 
300 53 10 11 13 17 26 30 33 38 67 70 72 108 118 120 127 134 137 146 155 191 216 226 262 265 276 280 289 313 320 341 352 359 364 366 374 379 380 381 384 390 391 393 414 425 427 429 436 443 455 469 478 490 494 
301 52 6 12 19 24 33 35 37 66 74 81 100 104 105 108 115 118 134 162 166 169 184 187 190 198 200 222 256 272 280 284 285 298 316 318 330 339 340 343 362 365 367 370 382 393 397 398 416 425 454 463 473 489 
302 48 6 9 26 30 31 55 57 68 79 83 88 92 111 124 175 179 180 190 195 198 202 203 226 235 254 261 262 288 306 320 323 338 342 347 366 391 398 419 420 439 464 471 478 481 483 488 494 498 
303 47 20 25 29 46 72 77 79 80 91 102 130 137 151 161 171 175 180 193 196 205 221 227 243 247 252 261 282 308 314 328 332 349 351 357 372 379 383 387 411 412 422 448 456 468 479 489 493 
304 47 1 16 37 51 97 106 120 130 140 155 174 191 198 204 206 209 211 225 228 240 244 259 261 263 275 284 325 328 335 346 355 356 361 370 382 399 415 424 441 453 460 467 468 471 483 485 491 
305 55 6 15 35 38 39 68 71 79 95 97 110 121 123 143 144 149 157 160 200 216 230 231 233 240 245 247 252 255 256 272 273 276 284 298 312 322 323 330 360 368 371 381 389 392 403 413 425 434 453 455 463 472 481 484 490 
306 61 4 19 23 42 45 52 56 59 71 78 81 87 89 97 111 129 130 136 155 167 171 172 184 191 197 202 204 217 235 238 242 247 249 267 268 294 302 309 315 318 323 335 340 349 363 364 378 392 393 398 412 422 432 441 446 451 467 469 472 476 487 
307 43 19 21 27 30 48 50 59 70 75 83 87 92 95 128 130 169 170 176 184 188 200 208 221 225 229 238 270 288 296 312 323 334 348 420 424 426 437 438 456 478 485 493 494 
308 51 8 28 39 55 62 68 75 79 100 102 123 135 146 169 181 198 199 227 232 236 242 245 248 256 267 283 286 303 342 349 356 358 368 371 376 391 399 408 411 424 439 445 449 451 469 472 473 475 476 487 495 
309 39 10 17 22 51 72 74 90 104 107 113 129 140 148 151 157 167 168 169 201 204 211 214 244 306 318 324 333 335 344 397 398 399 403 409 414 419 438 441 489 
310 44 1 15 19 24 30 34 57 64 72 98 107 110 114 133 140 174 178 193 230 242 252 263 284 287 294 299 315 326 328 338 349 373 374 387 391 416 417 439 441 457 459 467 470 487 
311 38 3 16 22 26 29 44 71 95 110 124 135 136 156 158 169 176 215 217 218 234 243 245 250 271 288 320 329 342 375 381 399 407 441 449 468 482 484 488 
312 60 10 18 26 30 31 67 83 90 139 148 154 162 163 168 179 186 192 194 195 210 221 225 226 233 235 236 238 241 260 262 267 271 280 284 291 305 307 314 331 335 354 357 360 364 365 381 391 396 402 417 420 425 429 437 446 448 450 455 469 483 
313 54 5 13 21 23 27 39 44 49 56 70 78 82 89 90 97 104 121 156 159 165 191 197 214 217 234 241 249 257 261 273 279 294 300 324 326 327 329 351 367 378 383 418 424 425 451 465 466 470 471 479 480 482 484 494 
314 48 10 29 39 48 56 57 61 63 81 87 118 119 182 185 187 207 214 217 237 261 271 274 275 282 303 312 321 322 323 338 343 344 375 379 404 408 409 421 426 427 428 431 439 450 457 467 477 497 
315 52 5 18 43 46 47 55 72 76 84 93 96 110 112 119 120 127 131 135 156 173 176 185 191 206 228 244 270 286 291 293 306 310 321 356 366 391 399 400 408 409 414 423 431 450 458 459 470 471 478 481 486 488 
316 45 12 18 25 32 36 39 42 64 69 93 94 97 103 128 129 133 164 167 168 174 184 208 215 222 225 244 254 257 277 301 321 334 350 355 365 372 403 413 418 419 433 436 442 465 494 
317 52 14 17 23 42 44 53 61 63 66 78 82 132 133 134 155 164 171 176 192 205 210 213 242 245 249 265 281 288 290 320 321 322 330 337 352 354 360 396 408 419 425 440 441 449 452 462 465 482 483 489 494 499 
318 56 8 27 32 44 54 56 58 63 66 68 92 97 110 124 144 154 167 174 177 183 187 230 239 242 244 250 256 264 271 278 283 286 297 301 306 309 326 337 339 343 345 350 368 393 396 399 410 426 450 460 465 474 479 482 489 499 
319 41 3 4 21 49 52 56 58 61 70 101 117 120 123 126 137 140 162 192 215 216 222 225 232 254 280 288 336 354 364 370 381 394 412 413 434 436 453 470 483 490 493 
320 44 13 18 22 30 57 59 75 77 90 101 119 128 136 142 146 184 195 199 201 207 218 249 252 265 275 295 300 302 311 317 335 346 354 369 370 372 390 392 407 421 430 454 463 498 
321 50 0 17 19 34 100 114 119 138 146 147 154 159 174 176 178 200 207 210 211 218 254 263 278 284 288 314 315 316 317 332 334 342 351 359 374 378 380 389 391 397 403 405 410 417 435 447 452 471 475 495 
322 50 1 9 11 12 30 40 42 67 69 76 81 87 90 95 103 112 116 133 140 151 155 162 168 184 201 203 220 221 264 265 272 276 279 287 305 314 317 333 350 357 365 375 377 394 399 426 432 459 466 499 
323 62 8 13 16 24 39 40 62 66 77 93 94 97 107 126 135 144 145 148 155 168 172 173 182 187 192 198 200 206 208 209 216 219 228 236 237 238 243 252 262 280 284 285 293 295 302 305 306 307 314 340 348 352 363 372 383 391 465 472 482 483 493 496 
324 48 2 35 40 53 77 78 93 97 100 104 105 113 115 119 133 144 146 148 152 156 176 181 203 212 230 236 255 256 271 281 286 288 295 309 313 328 363 373 380 382 409 415 421 431 435 439 450 473 
325 45 3 5 14 22 38 39 45 57 64 74 83 87 91 97 99 114 121 127 134 139 142 144 180 219 222 228 229 240 241 259 268 271 295 304 369 373 379 382 383 395 407 441 445 493 496 
326 57 1 18 28 29 42 43 49 69 72 75 84 91 130 138 140 143 148 156 170 175 177 185 194 196 202 220 224 227 233 241 242 282 284 288 298 310 313 318 332 340 352 357 364 372 375 385 392 401 422 429 435 440 441 454 460 483 493 
327 40 6 8 68 79 90 92 105 138 149 157 166 171 211 226 230 232 265 278 290 293 299 313 332 341 347 360 367 396 400 406 412 418 425 433 440 455 457 459 465 478 
328 42 28 99 133 145 150 155 170 171 173 174 191 201 202 204 227 238 255 277 292 295 303 304 310 324 342 357 360 362 365 383 390 391 393 420 440 443 444 454 455 461 473 494 
329 52 25 26 53 54 55 66 72 79 90 95 107 116 119 122 125 138 162 163 165 176 177 179 190 211 235 237 256 260 273 275 296 311 313 336 348 370 390 406 415 426 428 430 443 445 446 448 449 452 453 483 497 499 
330 56 15 25 37 50 65 71 78 92 93 97 103 113 114 118 124 136 138 140 154 160 163 176 195 221 242 244 253 267 273 275 282 283 285 301 305 317 332 338 343 349 358 359 361 370 371 380 387 388 390 394 404 430 439 479 486 498 
331 48 42 53 64 75 77 95 120 123 128 138 145 146 161 162 166 169 170 178 193 198 208 210 262 271 312 333 344 347 353 356 359 363 369 375 377 378 381 382 384 395 411 421 438 466 468 472 488 492 
332 45 30 34 37 42 63 66 74 77 102 104 111 113 116 138 139 151 152 181 203 213 225 234 241 245 258 274 297 303 321 326 327 330 348 356 362 367 409 411 418 423 441 461 478 487 495 
333 53 0 5 13 30 32 47 48 49 53 65 75 77 87 94 115 124 143 146 148 163 172 192 195 208 210 243 268 269 285 287 288 293 296 309 322 331 350 364 366 370 400 403 408 414 432 439 446 454 464 480 485 487 493 
334 47 3 6 12 13 14 40 44 66 79 101 106 107 120 142 156 160 161 163 193 201 235 245 257 259 263 270 285 298 307 316 321 343 361 377 378 382 386 388 392 396 401 418 420 454 469 470 475 
335 59 2 17 18 21 23 26 37 59 62 80 84 113 115 127 136 142 147 149 152 174 183 194 195 212 214 217 221 228 229 238 252 254 287 290 304 306 309 312 320 339 342 345 347 353 365 368 369 377 404 431 435 438 442 449 450 451 462 465 494 
336 46 1 3 13 14 26 35 73 74 76 78 81 83 90 115 120 139 153 163 169 186 210 215 223 246 254 261 289 319 329 353 359 362 366 387 398 403 413 414 415 418 426 430 451 460 461 494 
337 47 24 28 32 35 39 40 51 72 74 78 81 105 118 127 134 137 161 162 173 176 209 217 251 252 256 263 265 276 277 317 318 351 353 386 393 400 401 417 419 420 426 432 441 449 456 457 486 
338 33 9 48 101 110 118 120 127 135 190 198 201 222 248 259 281 302 310 314 330 340 366 375 384 392 396 397 400 408 413 443 452 485 488 
339 51 7 31 36 40 50 54 65 66 71 72 77 85 94 102 116 121 124 129 155 158 162 169 187 200 214 226 227 251 255 257 290 296 301 318 335 341 348 366 382 383 388 403 410 439 446 447 464 468 475 478 481 
340 50 5 18 34 43 47 75 83 96 101 109 118 153 160 161 184 185 189 214 226 230 242 256 266 274 275 282 292 301 306 323 326 338 347 359 365 373 375 389 408 416 418 425 435 438 441 442 443 451 469 481 
341 50 7 15 35 37 46 68 80 91 94 98 100 105 113 125 131 138 139 140 151 193 217 220 231 236 256 258 264 266 268 269 274 277 296 300 327 339 343 352 359 367 382 386 410 422 435 449 462 476 491 494 
342 45 15 30 44 104 105 106 113 124 143 161 169 172 179 192 208 209 213 215 227 228 238 251 256 268 285 296 302 308 311 321 328 335 361 365 368 378 391 418 444 456 459 466 469 472 476 
343 53 5 21 42 52 58 65 72 77 81 86 88 135 146 158 169 170 182 193 200 203 213 234 236 239 251 252 253 258 262 273 276 284 291 301 314 318 330 334 341 354 355 361 365 374 399 400 411 437 441 457 463 485 494 
344 45 11 25 31 37 40 53 57 63 69 70 124 125 126 145 153 165 171 178 183 189 190 210 216 262 281 288 293 309 314 331 354 356 361 365 378 382 391 407 423 429 445 455 465 473 474 
345 40 10 21 41 43 46 65 66 70 78 83 88 111 144 157 158 169 170 188 198 202 236 237 248 250 262 271 284 299 318 335 360 379 387 409 436 448 456 461 485 494 
346 49 5 28 52 79 84 85 89 124 131 134 137 153 155 166 174 177 185 190 192 198 214 219 220 223 252 254 291 293 304 320 348 374 380 406 407 412 426 440 442 452 455 472 473 478 481 484 489 490 492 
347 48 7 14 19 25 26 27 41 45 57 70 99 103 109 111 113 139 156 168 169 177 187 199 202 209 212 222 247 256 285 295 302 327 331 335 340 352 358 363 369 382 389 402 411 420 438 457 458 474 
348 57 19 28 30 48 49 59 67 76 81 83 87 104 123 130 131 134 149 153 192 193 196 203 212 224 225 236 245 246 256 264 281 307 323 329 332 339 346 350 357 363 365 381 387 396 397 403 404 406 422 438 454 455 456 480 488 490 497 
349 62 11 21 29 31 42 54 55 65 71 76 77 90 99 101 115 116 125 145 150 155 188 192 198 201 206 237 251 266 267 274 279 282 283 288 303 306 308 310 330 362 366 375 390 393 394 395 396 398 405 414 415 421 438 442 443 448 454 460 470 473 478 487 
350 53 20 28 38 42 47 48 61 63 69 78 91 109 113 129 134 135 170 182 191 206 209 216 225 226 239 240 242 256 270 272 275 292 316 318 322 333 348 359 368 371 380 387 395 398 420 425 427 431 460 467 471 491 496 
351 51 0 11 12 20 31 45 55 70 76 77 81 114 115 118 128 146 148 168 176 181 190 191 203 226 230 249 255 260 288 303 313 321 337 356 358 363 372 383 395 397 398 403 412 424 426 429 445 456 462 468 492 
352 48 6 8 20 27 32 36 42 52 70 78 95 99 102 110 112 126 135 157 158 171 186 193 272 274 284 285 293 297 300 317 323 326 341 347 359 361 366 380 402 409 414 416 427 440 462 463 465 484 
353 41 6 13 25 42 44 45 56 60 70 77 101 139 142 179 180 188 193 242 258 267 270 280 285 331 335 336 337 359 361 377 410 416 426 427 433 437 439 444 468 469 473 
354 57 6 10 25 37 48 49 77 82 89 110 112 122 136 159 161 164 180 201 204 207 223 244 250 252 253 254 278 279 297 299 312 317 319 320 343 344 363 367 378 395 405 409 412 419 428 432 435 442 450 462 467 468 471 480 485 496 499 
355 36 3 10 14 37 46 61 72 87 97 117 124 149 190 196 203 207 234 241 289 295 296 304 316 343 357 373 374 396 429 431 434 442 446 465 470 483 
356 47 28 29 30 33 88 96 101 108 126 128 142 167 183 193 200 201 220 229 273 274 278 285 289 298 304 308 315 331 332 344 351 365 371 379 383 391 407 409 426 438 439 451 465 479 480 483 495 
357 64 3 11 18 19 29 41 50 66 78 80 84 99 106 122 132 135 138 143 151 152 157 160 163 178 179 181 184 193 196 198 206 227 231 237 246 247 254 258 260 267 274 290 292 294 299 303 312 322 326 328 348 355 374 376 381 397 398 423 428 463 471 472 481 495 
358 50 1 10 21 24 36 46 48 49 67 81 85 88 124 132 147 156 161 163 169 185 198 213 216 219 231 239 253 258 262 288 291 308 330 347 351 363 375 380 395 400 402 415 449 470 477 480 483 484 488 493 
359 50 5 8 44 49 79 82 102 103 109 120 126 145 158 159 200 204 215 219 221 225 226 251 255 256 295 300 321 330 331 336 340 341 350 352 353 368 379 381 387 409 418 423 426 434 465 473 481 483 490 493 
360 48 8 10 12 19 23 27 34 35 47 51 55 63 66 70 82 117 121 122 170 171 176 180 199 204 220 245 252 260 265 278 294 305 312 317 327 328 345 369 387 394 425 427 432 434 436 449 476 481 
361 58 20 38 39 45 60 75 76 79 98 111 112 123 131 140 153 160 177 179 191 207 214 215 224 226 253 258 265 267 294 298 304 330 334 342 343 344 352 353 371 381 382 390 401 403 410 413 418 430 440 456 468 476 477 485 487 489 490 497 
362 41 10 14 18 39 40 45 48 53 58 62 75 84 91 94 110 113 157 170 199 230 271 272 275 301 328 332 336 349 381 382 392 394 398 414 416 418 421 439 457 472 493 
363 52 0 28 34 41 43 44 45 48 54 57 59 76 84 96 102 103 110 120 127 129 140 144 149 165 183 189 209 218 240 247 273 306 323 324 331 347 348 351 354 358 389 395 399 425 430 432 444 465 472 477 487 497 
364 46 10 15 20 30 55 66 67 75 106 127 131 161 170 202 203 217 220 226 228 238 239 245 267 273 279 299 300 306 312 319 326 333 366 368 384 394 397 410 415 421 427 438 449 460 461 465 
365 51 27 43 64 80 99 103 107 113 114 116 117 122 125 136 137 138 173 206 208 210 225 242 251 277 284 290 291 301 312 316 322 328 335 340 342 343 344 348 356 383 387 392 401 414 430 442 445 452 455 456 498 
366 56 2 22 25 27 61 72 92 114 115 131 134 137 138 140 143 149 151 152 166 176 177 201 213 215 221 226 227 230 242 244 273 286 292 293 297 300 302 315 333 336 338 339 349 352 364 401 419 429 434 449 453 455 463 470 482 489 
367 46 1 22 27 28 35 36 37 62 80 86 98 112 117 141 149 158 161 162 175 192 221 230 236 238 264 265 275 279 283 301 313 327 332 341 354 375 381 392 409 412 416 417 419 489 496 499 
368 52 12 24 34 42 48 74 86 94 101 110 112 121 124 125 130 133 156 188 195 196 212 227 229 257 275 277 278 284 288 305 308 318 335 342 350 359 364 377 383 387 406 420 432 439 443 449 459 462 472 484 494 497 
369 46 13 16 24 26 28 38 40 54 85 88 108 109 132 140 152 155 165 167 177 215 218 223 228 232 238 246 249 252 260 262 292 320 325 331 335 347 360 376 390 400 416 444 458 462 468 478 
370 45 1 5 34 36 40 43 60 61 69 77 87 106 130 137 155 164 179 183 186 187 191 208 212 229 234 286 301 304 319 320 329 330 333 373 378 385 395 410 419 443 466 474 488 491 493 
371 56 4 7 32 34 39 43 52 57 59 60 68 77 78 98 100 107 119 121 137 139 150 166 175 190 219 225 244 248 249 251 262 265 266 275 284 293 305 308 330 350 356 361 374 375 377 390 414 415 422 428 434 439 441 460 473 486 
372 54 12 16 31 45 63 64 77 80 81 82 103 106 114 115 124 128 140 148 149 150 166 180 207 211 216 230 233 234 235 246 251 258 264 266 269 270 275 276 284 292 299 303 316 320 323 326 351 379 381 395 406 438 444 499 
373 47 8 12 28 43 56 62 63 89 109 140 141 142 153 176 178 190 192 202 219 222 243 257 267 274 289 296 310 324 325 340 355 370 389 398 410 418 426 438 448 452 453 460 462 468 479 481 486 
374 63 12 17 25 31 32 43 66 75 77 78 104 111 115 117 123 125 129 133 136 137 147 164 171 177 182 183 197 198 209 212 213 220 221 222 237 239 247 267 272 283 286 287 300 310 321 343 346 355 357 371 380 385 390 395 396 409 412 417 433 446 455 462 490 
375 54 6 10 21 33 34 39 45 64 65 107 119 120 127 131 144 146 164 173 179 196 235 242 246 248 253 266 271 273 275 311 314 322 326 331 338 340 349 358 367 371 385 387 396 426 428 431 439 441 454 457 458 468 475 498 
376 51 12 28 31 37 41 43 46 53 57 67 98 112 128 135 146 155 157 181 186 191 202 212 213 218 220 223 228 235 250 251 252 262 279 292 308 357 369 377 396 404 412 441 442 452 456 462 480 483 486 496 497 
377 50 0 5 15 16 40 44 45 69 80 93 106 120 136 137 142 160 165 172 173 180 182 192 195 210 220 236 240 260 270 283 293 322 331 334 335 353 368 371 376 408 410 415 433 447 458 460 462 469 484 491 
378 54 2 16 30 53 58 71 73 80 103 104 151 156 169 172 179 180 191 193 208 211 214 220 230 231 236 254 280 296 306 313 321 331 334 342 344 354 370 392 397 406 407 422 426 431 449 457 459 461 467 468 472 479 486 492 
379 44 20 24 40 42 56 70 87 93 106 109 115 130 146 171 177 202 231 238 239 248 252 273 275 281 284 289 300 303 314 325 345 356 359 372 395 396 418 447 460 461 491 497 498 499 
380 47 15 25 36 38 56 57 75 83 89 94 123 127 128 147 152 155 161 167 176 178 204 213 228 239 241 243 300 321 324 330 346 350 352 358 374 391 398 403 415 417 422 424 443 470 476 482 494 
381 52 22 49 58 68 75 77 92 94 98 120 126 132 157 166 180 197 206 210 212 248 251 257 258 265 277 284 288 294 300 305 311 312 319 331 348 357 359 361 362 367 372 385 398 405 407 430 435 441 456 466 483 486 
382 50 7 10 20 35 53 71 75 78 115 119 121 123 146 158 165 169 173 179 182 187 202 210 237 265 276 278 292 301 304 324 325 331 334 339 341 344 347 361 362 407 409 413 418 430 439 458 461 475 485 487 
383 50 10 22 26 33 69 88 119 128 136 137 144 147 148 153 156 161 164 168 178 197 208 210 219 222 232 252 255 266 274 285 291 303 313 323 325 328 339 351 356 365 368 389 394 398 402 437 448 467 472 493 
384 48 1 2 4 5 19 21 29 43 48 59 93 96 104 145 147 149 158 159 175 176 194 218 231 232 235 246 253 256 265 271 275 300 331 338 364 386 390 397 404 406 415 439 446 465 466 468 489 498 
385 45 8 11 19 39 46 57 69 79 86 98 99 105 109 114 117 148 158 160 161 166 170 173 175 186 193 207 212 220 249 255 260 285 297 326 370 374 375 381 396 402 425 460 464 481 489 
386 42 1 5 36 42 74 95 98 116 140 155 174 179 182 184 198 223 230 237 240 242 255 256 261 262 294 298 334 337 341 384 395 413 441 444 460 461 469 470 472 482 483 499 
387 45 6 7 12 15 48 52 70 82 92 111 119 143 154 161 167 188 191 193 206 215 256 278 285 287 296 303 310 330 336 345 348 350 359 360 365 368 375 400 406 433 434 456 460 474 488 
388 43 11 41 43 46 74 84 95 109 120 126 131 133 141 144 151 155 176 189 193 197 199 235 247 253 255 260 266 291 292 330 334 339 391 411 420 426 435 458 461 465 466 475 498 
389 46 11 24 28 31 38 40 42 72 97 107 108 110 122 126 129 138 140 143 146 152 164 178 181 194 195 204 206 218 226 233 262 270 281 305 321 340 347 363 373 383 403 421 428 451 482 486 
390 57 5 6 18 22 25 32 33 49 61 85 87 88 94 107 114 129 132 133 151 161 164 169 182 183 186 191 203 210 228 256 259 261 288 296 300 320 328 329 330 349 361 369 371 374 384 404 412 415 420 422 425 445 451 453 475 490 493 
391 62 8 15 21 24 48 52 54 64 69 76 79 86 100 111 114 116 119 145 148 159 166 167 168 176 195 200 201 202 209 211 226 238 246 268 278 281 283 288 298 300 302 308 310 312 315 321 323 328 342 344 356 380 388 404 410 413 423 448 472 483 484 495 
392 52 2 13 40 44 50 67 72 79 94 107 111 112 115 121 126 129 136 157 173 174 190 202 217 221 226 239 244 246 249 250 269 290 305 306 320 326 334 338 362 365 367 378 398 412 425 428 432 446 458 486 488 492 
393 54 1 25 28 29 30 37 72 74 76 83 97 100 103 107 113 124 151 152 165 170 171 186 188 189 192 194 227 228 229 235 244 246 249 256 261 271 272 298 300 301 306 318 328 337 349 395 399 411 435 437 454 476 480 492 
394 43 0 2 5 14 18 23 33 50 75 83 95 135 137 157 172 179 204 216 225 245 247 255 267 287 319 322 330 349 360 362 364 383 401 421 422 427 434 440 445 448 470 478 491 
395 63 0 1 5 26 34 37 59 64 67 73 76 77 104 105 106 111 123 131 139 149 150 174 176 185 188 190 192 210 228 239 248 251 256 258 259 266 268 269 279 293 325 331 349 350 351 354 358 363 370 372 374 379 386 393 404 405 410 421 446 477 484 488 491 
396 62 0 11 18 26 36 50 52 66 73 74 81 82 87 91 111 113 128 129 133 140 146 171 186 193 226 233 241 243 248 255 257 272 275 280 312 317 318 327 334 338 348 349 355 374 375 376 379 385 398 402 407 426 428 439 453 466 467 469 470 477 482 485 
397 46 2 3 8 18 29 37 43 50 69 85 87 100 105 124 132 138 152 156 165 179 206 210 216 217 236 250 262 275 287 296 301 309 321 338 348 351 357 364 378 384 403 415 417 438 439 499 
398 74 8 9 34 43 51 60 61 67 77 81 97 99 109 114 123 125 138 143 147 149 152 158 160 167 169 175 178 188 190 206 207 211 212 221 226 233 237 246 247 253 263 279 280 283 285 298 301 302 306 309 336 349 350 351 357 362 373 380 381 383 392 396 400 422 449 452 454 468 474 477 484 486 494 498 
399 56 14 19 26 37 40 41 43 50 55 56 65 70 86 87 97 99 101 108 109 116 125 126 129 134 149 205 249 250 270 273 274 275 284 295 304 308 309 311 315 318 322 343 363 393 408 414 420 433 439 450 456 457 462 468 482 483 
400 40 36 40 47 55 89 95 101 104 115 149 152 165 166 170 176 221 224 249 253 266 273 275 315 327 333 337 338 343 358 369 387 398 408 418 440 470 472 473 494 499 
401 46 14 22 25 31 34 39 45 48 54 60 71 130 138 147 160 168 177 192 194 208 212 213 215 233 247 251 259 264 276 279 326 334 337 361 365 366 394 408 424 437 441 452 462 464 482 492 
402 49 2 8 9 25 34 41 46 53 54 56 71 73 80 99 128 137 142 145 146 170 172 183 197 208 209 222 247 257 262 267 284 286 289 298 312 347 352 358 383 385 396 413 414 422 423 434 464 491 497 
403 50 15 17 28 43 48 63 75 77 78 93 106 115 118 130 140 149 153 160 166 169 170 177 178 212 228 236 266 276 291 305 309 316 321 333 336 339 348 351 361 380 389 397 405 408 421 456 477 487 489 493 
404 43 5 6 16 20 27 55 60 99 134 164 175 177 180 194 203 209 214 216 231 245 254 266 270 277 285 286 314 330 335 348 376 384 390 391 395 417 418 420 465 466 475 481 484 
405 50 4 9 24 40 54 55 59 71 86 94 101 102 124 127 128 132 137 156 157 176 179 180 185 186 197 222 225 231 246 270 275 321 349 354 381 395 403 417 424 439 441 446 453 469 472 475 477 478 482 494 
406 50 1 12 19 27 32 37 48 88 99 100 112 148 169 206 214 223 229 239 240 241 243 252 256 259 268 293 298 327 329 346 348 368 372 378 384 387 413 416 417 420 429 431 450 465 466 478 484 485 486 499 
407 43 0 46 66 75 76 94 95 96 98 121 125 141 145 147 181 197 210 219 230 240 253 256 261 272 273 280 292 311 320 325 344 346 356 378 381 382 396 411 421 436 439 444 487 
408 57 0 4 7 18 43 53 57 60 63 74 103 109 113 114 115 116 131 138 145 146 147 149 168 181 182 183 188 208 217 223 227 233 264 295 308 314 315 317 333 338 340 377 399 400 401 403 410 420 426 427 428 430 436 438 439 457 494 
409 68 6 9 11 14 18 19 38 49 50 57 59 64 79 83 98 106 107 134 137 141 162 173 195 197 199 206 209 214 218 219 220 222 225 226 238 270 278 287 289 298 309 314 315 324 332 345 352 354 356 359 367 374 382 410 416 423 438 439 445 450 452 460 464 474 483 486 487 498 
410 59 12 17 29 36 49 51 54 55 59 81 92 102 120 151 154 161 164 166 176 180 191 219 223 227 236 237 242 246 247 256 257 267 271 285 290 298 318 321 339 341 353 361 364 370 373 377 391 395 408 409 416 423 435 439 441 454 470 474 476 
411 43 0 13 15 22 31 43 57 65 71 83 94 141 153 158 167 188 200 237 242 244 253 255 286 292 299 303 308 331 332 343 347 388 393 407 412 431 441 444 445 469 472 476 488 
412 50 10 13 33 38 61 63 87 88 92 108 110 113 128 161 162 164 179 183 184 187 192 195 200 255 257 267 286 293 303 306 319 327 346 351 354 367 374 376 390 392 411 427 431 433 434 456 457 481 494 495 
413 51 22 31 43 46 48 74 80 82 86 104 108 109 123 125 126 129 138 145 146 152 164 172 173 231 232 245 254 264 277 281 284 294 305 316 319 336 338 361 382 386 391 402 406 416 424 428 429 432 453 483 492 
414 45 9 15 22 26 41 47 52 55 69 79 84 93 96 97 127 132 174 201 205 208 230 248 268 289 293 298 300 309 315 333 336 349 352 362 365 371 399 402 426 432 433 436 476 483 486 
415 39 7 28 30 51 61 77 93 129 139 140 150 199 213 219 222 234 250 259 260 278 304 324 329 336 349 358 364 371 377 380 384 390 397 423 427 431 432 435 452 
416 49 19 23 29 31 32 62 65 78 87 93 101 117 139 142 155 160 163 171 176 197 198 200 209 214 218 228 243 259 274 301 310 340 352 353 362 367 369 406 409 410 413 426 428 439 447 462 465 483 498 
417 43 0 7 15 27 49 59 65 85 134 159 175 192 195 218 225 233 249 258 269 298 310 312 321 337 367 374 380 397 404 405 406 418 432 434 440 443 451 471 479 484 489 494 496 
418 54 1 7 17 21 27 28 38 54 90 126 135 150 152 154 170 176 190 211 230 233 243 249 254 263 267 295 313 316 327 332 334 336 340 342 359 361 362 373 379 382 400 404 417 420 423 438 460 461 472 473 481 488 491 499 
419 35 16 17 20 53 67 76 81 118 131 149 152 162 199 205 223 275 289 292 294 302 309 316 317 337 354 366 367 370 428 442 448 452 462 465 480 
420 53 37 41 61 64 70 74 98 99 104 106 116 134 151 161 178 183 188 198 232 245 249 265 272 273 282 294 296 299 302 307 312 328 334 337 347 350 368 388 390 399 404 406 408 418 432 436 451 461 466 471 476 484 485 
421 51 20 21 35 38 42 50 63 79 103 105 111 120 127 129 130 131 137 143 154 160 197 214 220 221 227 234 236 257 268 288 291 295 314 320 324 331 349 362 364 389 394 395 403 407 437 441 463 469 489 492 493 
422 53 2 3 4 5 41 47 48 49 69 71 74 79 83 85 95 99 104 128 132 150 152 153 195 202 208 221 239 255 259 281 283 299 303 306 326 341 348 371 378 380 390 394 398 402 426 429 431 436 438 445 457 464 483 
423 47 12 18 23 29 31 52 68 70 71 72 74 83 85 93 105 181 205 218 219 220 231 240 251 255 257 270 275 285 289 292 315 332 344 357 359 391 402 409 410 415 418 426 447 453 486 493 496 
424 48 0 1 8 15 20 23 50 53 58 64 66 67 85 124 132 141 155 164 165 167 187 193 203 204 218 227 235 237 242 253 278 284 294 304 307 308 313 351 380 401 405 413 438 455 462 464 467 488 
425 51 4 13 31 36 55 63 69 70 76 102 113 119 126 136 139 143 145 147 148 174 207 210 233 239 254 255 268 275 282 284 292 300 301 305 312 313 317 327 340 350 360 363 385 390 392 429 433 438 449 463 476 
426 58 7 27 30 33 36 42 49 61 62 63 70 85 87 88 105 145 146 148 164 173 184 195 207 211 215 219 227 263 273 287 293 307 314 318 322 329 336 337 346 351 353 356 359 373 375 378 388 396 408 414 416 422 423 430 459 464 470 474 
427 42 1 3 19 22 29 31 38 44 49 76 110 115 118 137 139 151 154 162 177 181 208 212 213 228 245 274 276 296 300 314 350 352 353 360 364 394 408 412 415 453 475 495 
428 60 21 25 26 30 32 46 54 60 65 67 69 91 97 104 113 118 126 127 131 144 149 154 158 181 198 207 215 239 244 246 247 253 271 275 277 295 298 314 329 354 357 371 375 389 392 396 408 413 416 419 430 439 464 466 472 482 483 486 490 498 
429 48 2 9 15 24 33 45 57 58 69 70 78 82 86 92 111 131 139 157 161 163 203 207 209 215 217 223 254 261 263 264 269 292 300 312 326 344 351 355 366 406 413 422 425 457 465 474 476 489 
430 43 54 88 97 134 143 176 180 196 201 237 240 241 253 257 262 294 296 297 320 329 330 336 361 363 365 381 382 408 426 428 431 435 444 446 456 458 463 466 473 476 490 498 499 
431 54 2 3 8 65 70 71 80 83 85 95 96 97 102 104 106 127 137 138 149 158 161 165 180 183 195 204 243 253 254 257 273 289 294 314 315 324 335 350 355 375 378 406 411 412 415 422 430 447 451 479 481 489 493 497 
432 44 6 8 15 26 41 66 70 83 123 141 142 157 166 182 183 184 188 191 197 204 208 257 275 279 288 297 306 322 333 337 354 360 363 368 392 413 414 415 417 420 448 455 489 491 
433 49 8 17 19 46 49 54 76 77 92 113 127 142 143 145 170 174 178 181 184 194 195 196 209 234 245 257 260 268 274 284 316 327 353 374 377 387 399 412 414 425 441 448 453 460 463 464 475 496 498 
434 43 11 33 37 45 52 54 55 64 73 76 84 99 112 138 141 147 150 163 186 190 202 242 249 256 259 305 319 355 359 360 366 371 387 394 402 412 417 443 479 491 493 494 498 
435 44 16 32 34 36 38 39 69 71 74 78 93 117 144 147 152 153 157 165 189 199 209 216 219 253 270 287 293 321 324 326 335 340 341 354 381 388 393 410 415 430 466 474 489 499 
436 51 18 30 53 63 72 89 91 109 110 114 117 122 124 127 149 161 170 171 172 178 184 195 197 199 202 220 234 241 242 255 265 269 271 282 300 316 319 345 360 407 408 414 420 422 449 465 468 472 477 497 498 
437 45 2 14 44 71 79 90 91 92 103 107 115 118 119 146 157 159 163 183 192 195 201 218 220 252 254 256 258 259 262 287 291 307 312 343 353 383 393 401 421 448 451 454 467 476 489 
438 53 11 12 22 27 52 53 59 70 82 120 147 150 157 164 175 197 205 207 222 232 243 249 258 262 273 282 307 309 331 335 340 347 348 349 356 364 372 373 397 408 409 418 422 424 425 446 454 456 469 472 480 492 498 
439 58 11 20 28 38 48 53 56 66 67 101 107 112 114 122 165 171 209 210 220 230 234 240 258 260 280 289 294 296 302 308 310 314 324 330 333 339 353 356 362 368 371 375 382 384 396 397 399 405 407 408 409 410 416 428 447 456 476 492 
440 53 3 33 44 50 52 56 57 61 65 72 85 88 92 103 105 123 133 142 143 145 158 185 186 188 195 199 218 220 228 234 238 254 280 284 317 326 327 328 346 352 361 394 400 417 441 446 455 464 467 470 480 484 487 
441 47 1 3 29 31 35 47 48 62 75 78 124 143 163 187 209 226 237 255 268 270 277 304 306 309 310 311 317 325 326 332 337 340 343 371 375 376 381 386 401 405 410 411 421 433 440 478 498 
442 49 16 17 34 40 45 75 80 90 98 131 138 145 146 148 164 171 186 190 199 202 212 225 234 236 241 247 251 268 270 273 279 285 296 316 335 340 346 349 354 355 365 376 419 452 454 459 471 496 497 
443 52 4 46 48 53 60 72 88 90 92 106 112 120 129 130 131 138 141 144 146 148 158 172 176 181 195 196 198 202 211 227 248 282 288 291 294 300 328 329 338 340 349 368 370 380 417 434 447 451 460 466 477 485 
444 46 11 21 23 48 56 61 65 74 81 86 92 100 109 116 136 139 144 173 175 176 181 184 186 210 215 221 226 259 264 281 288 328 342 353 363 369 372 386 407 411 430 448 455 472 476 496 
445 53 0 5 12 14 24 26 27 33 38 43 49 59 62 92 124 143 146 147 149 157 163 164 165 166 201 208 214 218 227 246 250 252 254 264 267 279 294 299 308 325 329 344 351 365 390 394 409 411 422 447 453 463 466 
446 45 19 22 30 39 50 62 93 95 116 152 153 179 190 207 219 223 234 237 252 261 271 272 282 289 292 299 306 312 329 333 339 355 374 384 392 395 405 430 438 440 455 472 473 492 494 
447 51 0 8 9 10 12 23 25 27 34 65 77 82 88 106 107 124 134 139 140 149 159 175 184 186 187 194 213 238 244 250 272 273 286 321 339 377 379 416 423 431 439 443 445 448 458 469 475 482 483 487 497 
448 58 5 14 27 29 40 61 80 98 105 106 116 119 121 127 131 136 154 157 165 169 170 172 177 180 185 194 196 223 236 247 255 273 279 290 291 298 303 312 329 345 349 373 383 391 394 419 432 433 437 444 447 458 475 483 484 494 496 498 
449 56 4 6 9 10 12 13 31 35 37 51 73 76 85 87 97 101 119 129 154 167 169 177 203 210 213 232 236 239 244 254 262 308 311 317 329 335 337 341 358 360 364 366 368 378 398 425 436 450 451 463 464 480 482 485 493 496 
450 45 4 12 30 33 35 36 37 53 66 71 101 126 127 151 153 181 196 207 211 214 217 226 227 247 255 259 262 263 272 278 282 285 292 312 314 315 318 324 335 354 399 406 409 449 455 
451 50 8 18 19 20 21 27 33 35 58 66 84 97 109 113 117 119 137 140 148 150 174 180 192 195 200 208 234 247 264 270 287 298 306 308 313 335 336 340 356 389 390 417 420 431 437 443 449 454 455 489 
452 59 2 4 45 47 48 56 67 77 81 84 93 110 114 127 145 148 150 155 167 175 182 183 189 195 199 200 204 206 229 230 231 240 246 258 264 266 272 282 287 297 317 321 329 338 346 365 373 376 398 401 409 415 419 442 460 467 475 484 494 
453 45 4 8 36 39 50 55 63 70 86 93 114 115 139 140 155 178 182 203 210 230 233 255 259 280 292 304 305 319 329 366 373 390 396 405 413 423 427 433 445 462 474 480 482 494 496 
454 51 2 16 24 26 34 36 38 56 72 82 86 87 88 93 118 140 141 153 161 166 167 190 192 193 194 210 216 224 232 279 301 320 326 328 333 334 348 349 375 393 398 410 437 438 442 451 460 465 479 492 495 
455 57 1 3 13 17 25 32 35 50 60 74 84 85 87 89 90 101 118 120 128 135 139 144 159 163 167 178 180 193 203 214 217 220 221 227 232 252 281 286 298 300 305 312 327 328 344 346 348 365 366 374 424 432 440 444 446 450 451 
456 51 25 30 42 50 52 58 63 66 77 95 103 114 115 119 123 136 138 147 160 175 180 206 212 220 224 225 232 234 239 303 307 337 342 345 348 351 361 365 376 381 387 399 403 412 430 438 439 468 470 475 498 
457 45 4 12 17 46 62 87 90 107 109 111 115 118 132 133 134 147 162 171 175 186 209 215 217 249 262 269 286 310 314 327 337 343 347 362 375 378 399 408 412 422 429 466 482 484 491 
458 42 0 1 2 7 8 14 16 23 31 55 68 71 90 108 114 117 126 152 166 178 189 200 217 250 253 274 295 315 347 369 375 377 382 388 392 430 447 448 468 469 472 480 
459 45 25 30 37 38 43 53 57 62 67 71 76 91 121 126 132 140 147 152 153 178 182 183 190 191 201 211 214 225 264 274 279 296 310 315 322 327 342 368 378 426 442 464 467 472 498 
460 46 7 13 28 87 89 98 104 110 114 143 145 154 197 211 221 233 252 267 272 285 298 304 318 326 336 349 350 364 371 373 377 379 385 386 387 409 418 433 443 452 454 462 471 480 492 496 
461 41 25 29 43 48 55 65 77 90 92 98 99 116 119 128 139 141 151 165 168 182 189 191 202 221 235 244 261 296 328 332 336 345 364 378 379 382 386 388 418 420 493 
462 48 2 5 18 19 68 69 78 85 98 112 173 179 181 187 201 215 222 225 239 244 271 276 280 293 298 299 317 335 341 351 352 354 368 369 373 374 376 377 399 401 416 419 424 453 460 475 484 485 
463 43 4 9 20 22 34 48 52 62 63 75 79 93 121 144 149 156 157 159 173 174 222 238 239 252 259 269 278 301 305 320 343 352 357 366 421 425 430 433 445 449 476 486 488 
464 59 3 8 10 11 13 21 26 40 49 53 58 69 70 71 82 92 107 114 128 151 155 159 171 178 188 193 212 222 232 235 239 257 258 261 262 264 273 279 288 302 333 339 385 401 402 409 422 424 426 428 433 440 449 459 465 468 477 478 485 
465 56 9 21 24 34 39 42 51 74 123 141 160 168 175 188 190 193 203 204 210 216 221 223 226 231 248 251 260 274 278 297 313 316 317 318 323 327 335 344 352 355 356 359 363 364 384 388 404 406 416 419 429 436 454 464 483 484 
466 58 2 3 12 47 55 57 107 108 112 114 122 123 137 138 144 157 158 171 189 205 208 212 213 227 247 250 255 256 261 278 282 284 293 295 313 322 331 342 370 381 384 388 396 404 406 420 428 430 435 443 445 457 471 478 480 487 488 494 
467 54 2 9 12 19 21 23 50 59 75 77 104 115 123 126 131 137 143 144 161 164 168 171 178 180 185 209 216 218 225 233 245 255 256 269 284 293 299 304 306 310 314 350 354 378 383 396 424 437 440 452 459 473 495 496 
468 61 0 5 8 34 39 46 53 58 59 64 65 74 76 77 80 85 101 105 106 110 118 121 143 157 160 164 220 223 233 248 250 261 262 264 267 284 288 289 303 304 311 331 339 351 353 354 361 369 373 375 378 384 398 399 436 456 458 464 490 491 494 
469 50 15 22 33 38 42 53 56 92 119 129 131 137 143 152 190 202 205 211 215 219 230 231 241 245 254 257 266 271 272 289 300 306 308 312 334 340 342 353 377 386 396 405 411 421 438 447 458 471 484 490 
470 59 7 15 43 67 77 83 87 89 94 106 120 128 129 132 135 140 150 155 160 163 174 177 191 192 193 219 222 226 234 235 240 243 248 266 267 283 292 293 310 313 315 319 334 349 355 358 366 380 386 394 396 400 410 426 440 456 472 485 495 
471 54 6 16 35 54 55 56 60 77 91 97 99 100 108 110 111 125 147 150 164 166 174 184 186 197 198 200 207 224 232 238 240 244 265 270 293 296 297 302 304 313 315 321 350 354 357 417 420 442 460 466 469 474 475 491 
472 56 32 33 34 48 102 104 120 135 136 143 146 153 157 164 171 172 186 222 223 224 258 267 287 289 290 295 296 305 306 308 323 331 342 346 357 362 363 368 378 383 386 391 400 405 411 418 428 436 438 444 446 458 459 470 476 479 
473 39 8 16 25 39 53 85 86 88 99 101 114 135 139 146 149 164 174 197 223 229 234 239 301 308 324 328 344 346 349 353 359 371 400 418 430 446 467 483 488 
474 45 7 9 13 20 21 39 42 59 62 84 101 107 109 111 133 149 152 153 168 170 182 195 198 199 200 264 284 298 299 318 344 347 370 387 398 409 410 426 429 435 453 471 482 487 497 
475 56 21 28 43 49 56 84 86 91 93 98 125 126 130 136 144 155 163 167 172 173 174 190 200 210 214 217 232 235 251 254 270 272 280 288 291 292 297 308 321 334 339 375 382 388 390 404 405 427 433 447 448 452 456 462 471 491 
476 59 2 6 9 18 36 52 53 57 75 76 82 84 89 90 93 97 106 116 117 122 140 143 160 163 180 183 187 194 208 231 244 256 260 263 266 270 272 306 308 341 342 360 361 380 393 410 411 414 420 425 429 430 437 439 444 463 472 481 499 
477 39 9 16 19 23 29 39 40 44 47 55 59 61 62 64 96 97 113 131 134 154 179 188 194 210 265 314 358 361 363 395 396 398 403 405 436 443 464 481 497 
478 50 5 16 24 29 32 37 50 68 70 76 105 140 146 165 167 168 169 175 177 181 187 188 195 207 212 220 233 234 262 272 283 300 302 307 315 327 332 339 346 349 369 394 405 406 441 464 466 485 491 497 
479 40 13 15 56 57 68 79 106 111 113 122 126 155 167 176 180 181 191 196 207 215 226 227 240 257 287 293 303 313 318 330 356 373 378 417 431 434 454 472 487 497 
480 45 5 8 23 42 60 68 73 75 93 123 139 140 142 144 166 169 173 178 192 193 220 238 246 251 288 293 313 333 348 354 356 358 376 393 419 438 440 449 453 458 460 466 481 482 494 
481 57 11 15 17 23 26 36 37 51 61 63 72 80 81 84 98 110 130 143 148 152 153 159 169 175 178 179 183 192 198 204 214 221 238 239 240 250 251 273 282 302 305 315 339 340 346 357 359 360 373 385 404 412 418 431 476 477 480 
482 55 2 9 12 34 43 48 51 52 54 57 61 73 77 95 111 118 134 144 145 147 172 184 191 193 196 209 214 225 235 244 258 260 281 285 290 311 313 317 318 323 366 380 386 389 396 399 401 405 428 447 449 453 457 474 480 
483 54 4 20 21 35 36 38 50 67 92 99 103 119 144 147 158 181 193 195 207 222 241 254 263 270 273 289 302 304 312 317 319 323 326 329 355 356 358 359 376 381 386 391 399 409 413 414 416 422 428 447 448 465 473 489 
484 45 9 19 35 43 62 70 79 95 125 145 194 201 204 213 230 234 255 259 262 276 305 311 313 346 352 358 368 377 391 395 398 404 406 417 420 440 448 452 457 462 465 469 485 490 498 
485 49 0 2 15 18 37 55 60 74 76 85 105 107 119 135 153 167 173 182 186 194 201 206 222 238 242 268 290 295 304 307 333 338 343 345 354 361 382 396 406 420 443 449 462 464 470 478 484 489 499 
486 48 10 15 18 48 56 75 94 104 107 109 113 114 118 122 139 161 166 168 184 195 216 220 228 236 247 254 260 261 262 292 315 330 337 371 373 376 378 381 389 392 398 406 409 414 423 428 463 493 
487 47 20 29 42 45 46 47 48 68 81 82 96 124 125 133 147 167 178 185 194 195 198 209 234 241 249 276 290 293 296 306 308 310 332 333 349 361 363 382 403 407 409 440 447 466 474 479 494 
488 46 5 6 20 23 26 51 58 66 77 81 94 126 127 129 147 155 159 162 163 165 172 173 175 176 186 202 230 232 302 311 315 331 338 348 358 370 387 392 395 411 418 424 463 466 473 494 
489 55 9 17 26 35 45 50 55 65 81 84 89 90 93 103 107 110 113 123 130 132 182 187 190 194 211 244 248 278 288 296 298 299 301 303 309 317 318 346 361 366 367 384 385 403 417 421 429 431 432 435 437 451 483 485 493 
490 42 5 23 24 36 48 65 82 87 88 98 121 128 131 139 147 168 180 188 204 237 247 254 271 281 286 287 288 300 305 319 346 348 359 361 374 390 428 430 468 469 484 493 
491 48 0 9 17 36 68 72 74 79 93 96 97 102 129 132 133 150 156 166 201 207 208 235 244 260 264 278 297 304 341 350 370 377 379 394 395 402 418 432 434 457 468 471 475 478 492 494 495 496 
492 42 0 3 22 25 27 29 37 63 96 105 129 139 150 151 169 173 181 229 233 258 263 268 274 290 293 295 331 346 351 378 392 393 401 413 421 438 439 446 454 460 491 499 
493 42 32 41 55 101 113 128 136 153 161 191 210 213 218 229 239 257 260 268 290 303 307 319 323 325 326 333 358 359 362 370 383 390 403 421 423 431 434 449 461 486 489 490 
494 64 5 12 14 40 45 53 66 72 74 82 103 113 118 124 134 137 152 160 163 173 184 194 197 202 216 225 247 254 284 285 287 290 294 300 302 307 313 316 317 328 335 336 341 343 345 368 380 398 400 405 408 412 417 434 446 448 452 453 466 468 480 487 488 491 
495 40 0 3 16 27 40 41 63 66 77 108 115 120 121 126 138 148 151 154 194 206 207 208 222 258 283 287 308 321 332 356 357 391 412 427 454 467 470 491 496 498 
496 54 6 25 26 30 36 41 54 61 69 73 86 92 94 98 99 115 128 155 166 173 175 180 188 194 195 211 224 229 231 233 244 247 258 264 265 277 323 325 350 354 367 376 417 423 433 442 444 448 449 453 460 467 491 495 
497 45 42 49 53 58 60 74 76 85 88 92 94 124 146 167 168 172 174 177 191 211 230 238 256 262 264 265 273 296 314 329 348 361 363 368 376 379 402 431 436 442 447 474 477 478 479 
498 59 17 18 21 36 37 38 42 46 53 54 72 75 87 93 96 119 142 145 152 159 160 166 176 183 186 193 212 217 231 234 241 242 250 256 258 266 302 320 330 365 375 379 384 388 398 409 416 428 430 433 434 436 438 441 448 456 459 484 495 
499 47 19 28 35 42 59 76 90 101 105 113 129 136 144 152 155 158 159 168 225 233 247 264 273 274 277 279 289 292 299 317 318 322 329 354 367 372 379 386 397 400 406 418 430 435 476 485 492 
