500 1159
0 3 81 173 175 
1 2 209 304 
2 3 50 190 458 
3 5 96 123 177 235 336 
4 3 75 207 443 
5 8 131 142 313 340 343 370 386 490 
6 5 13 91 125 260 302 
7 3 341 408 415 
8 2 62 464 
9 3 135 273 477 
10 3 161 232 277 
11 5 75 198 209 385 444 
12 9 31 109 136 241 372 373 376 445 447 
13 4 6 85 162 270 
14 1 204 
15 3 166 364 403 
16 3 197 378 473 
17 5 248 279 300 309 410 
18 6 77 83 335 396 409 485 
19 6 64 101 169 232 360 462 
20 4 134 244 258 463 
21 6 197 239 313 345 391 467 
22 6 44 72 79 159 366 492 
23 8 93 103 137 187 231 281 317 444 
24 8 36 89 202 255 310 379 429 445 
25 2 97 126 
26 7 59 98 197 223 335 399 445 
27 4 150 208 229 418 
28 5 72 145 350 369 418 
29 2 206 477 
30 3 263 310 446 
31 5 12 116 271 389 423 
32 3 161 352 374 
33 2 224 412 
34 4 211 332 402 442 
35 3 106 341 471 
36 6 24 65 149 278 410 426 
37 8 124 170 185 264 399 459 478 492 
38 2 44 350 
39 3 111 305 371 
40 6 141 152 276 288 399 405 
41 5 173 209 274 432 495 
42 6 136 173 178 249 316 322 
43 5 45 51 91 176 373 
44 7 22 38 113 157 179 295 311 
45 2 43 221 
46 7 169 181 206 219 285 358 407 
47 1 414 
48 6 297 354 358 362 439 463 
49 5 224 236 257 354 422 
50 3 2 330 453 
51 6 43 59 89 194 214 223 
52 2 77 319 
53 5 68 208 382 438 476 
54 3 75 229 418 
55 1 82 
56 5 76 176 306 314 475 
57 5 207 210 230 285 408 
58 4 67 103 131 134 
59 7 26 51 73 201 371 384 499 
60 5 139 371 404 428 480 
61 5 156 212 350 420 444 
62 3 8 75 240 
63 5 107 344 373 426 495 
64 3 19 234 424 
65 5 36 105 121 237 431 
66 1 456 
67 4 58 142 265 419 
68 4 53 111 231 308 
69 4 73 226 245 385 
70 5 199 208 242 319 345 
71 3 149 202 306 
72 7 22 28 154 303 315 339 481 
73 6 59 69 98 149 290 480 
74 6 388 396 423 444 468 497 
75 7 4 11 54 62 78 88 407 
76 4 56 120 176 395 
77 5 18 52 279 351 433 
78 8 75 119 122 129 306 357 403 416 
79 7 22 93 259 305 346 392 479 
80 3 93 335 365 
81 4 0 215 259 489 
82 6 55 231 285 317 359 429 
83 9 18 116 226 245 294 302 307 312 470 
84 3 288 335 481 
85 5 13 295 431 440 462 
86 4 226 230 343 429 
87 4 184 261 412 498 
88 7 75 164 251 284 287 295 356 
89 6 24 51 105 223 295 306 
90 3 336 443 476 
91 6 6 43 175 244 284 296 
92 10 113 292 302 429 440 444 445 461 496 497 
93 7 23 79 80 98 184 218 489 
94 4 111 213 362 488 
95 4 199 311 352 394 
96 8 3 114 129 130 166 363 384 492 
97 7 25 105 212 253 355 389 430 
98 6 26 73 93 157 288 310 
99 5 281 328 347 352 461 
100 4 117 219 301 391 
101 5 19 183 400 416 499 
102 3 189 259 352 
103 3 23 58 183 
104 5 117 245 261 313 460 
105 8 65 89 97 125 183 341 397 499 
106 4 35 197 372 420 
107 6 63 198 329 371 375 466 
108 3 218 287 292 
109 3 12 176 240 
110 4 310 315 368 471 
111 8 39 68 94 125 128 166 182 387 
112 4 162 352 443 462 
113 4 44 92 286 365 
114 9 96 249 290 372 398 408 458 466 473 
115 6 299 335 336 351 366 456 
116 8 31 83 178 211 273 386 408 446 
117 7 100 104 180 218 231 289 451 
118 7 170 268 351 403 455 457 494 
119 3 78 382 449 
120 5 76 277 278 443 455 
121 2 65 240 
122 3 78 248 357 
123 4 3 289 308 489 
124 4 37 228 405 494 
125 8 6 105 111 170 262 368 399 413 
126 4 25 344 392 479 
127 1 285 
128 5 111 174 316 372 376 
129 7 78 96 230 421 470 491 492 
130 4 96 306 475 481 
131 3 5 58 375 
132 2 161 290 
133 1 193 
134 5 20 58 243 337 404 
135 5 9 169 221 222 485 
136 3 12 42 140 
137 3 23 144 251 
138 4 329 330 341 401 
139 3 60 224 244 
140 9 136 341 369 372 373 451 454 459 478 
141 4 40 163 201 411 
142 4 5 67 233 266 
143 3 188 441 468 
144 3 137 325 363 
145 4 28 220 349 359 
146 3 175 274 351 
147 2 401 459 
148 3 326 442 443 
149 6 36 71 73 218 335 395 
150 3 27 438 470 
151 1 464 
152 4 40 286 332 397 
153 2 239 348 
154 2 72 421 
155 2 282 306 
156 1 61 
157 4 44 98 209 217 
158 4 184 345 384 385 
159 5 22 178 189 269 417 
160 2 291 416 
161 9 10 32 132 248 284 331 340 412 431 
162 2 13 112 
163 7 141 225 244 330 416 429 445 
164 5 88 174 209 404 442 
165 1 313 
166 6 15 96 111 202 432 496 
167 5 198 226 253 316 318 
168 1 461 
169 7 19 46 135 202 222 266 308 
170 4 37 118 125 289 
171 6 267 277 360 374 416 466 
172 4 247 258 271 377 
173 5 0 41 42 492 494 
174 3 128 164 304 
175 4 0 91 146 290 
176 8 43 56 76 109 258 265 290 324 
177 3 3 298 427 
178 6 42 116 159 357 380 464 
179 2 44 265 
180 5 117 233 277 302 431 
181 4 46 183 308 351 
182 6 111 192 254 374 386 485 
183 7 101 103 105 181 274 432 437 
184 6 87 93 158 270 340 447 
185 4 37 292 326 395 
186 2 221 396 
187 6 23 191 216 239 301 347 
188 3 143 204 398 
189 5 102 159 246 363 452 
190 4 2 392 454 489 
191 6 187 206 261 269 289 292 
192 3 182 333 454 
193 5 133 223 310 353 357 
194 5 51 195 198 227 496 
195 6 194 252 268 377 409 486 
196 3 296 357 433 
197 4 16 21 26 106 
198 9 11 107 167 194 237 302 443 471 474 
199 6 70 95 320 362 440 452 
200 1 356 
201 6 59 141 320 322 459 491 
202 5 24 71 166 169 250 
203 6 280 302 332 351 424 465 
204 4 14 188 299 380 
205 0 
206 6 29 46 191 287 357 381 
207 9 4 57 210 214 292 361 426 438 471 
208 7 27 53 70 236 333 445 495 
209 8 1 11 41 157 164 212 337 391 
210 3 57 207 312 
211 4 34 116 460 469 
212 5 61 97 209 232 370 
213 7 94 237 277 332 447 449 484 
214 3 51 207 421 
215 2 81 359 
216 1 187 
217 3 157 225 450 
218 6 93 108 117 149 278 416 
219 5 46 100 325 359 409 
220 4 145 346 409 486 
221 5 45 135 186 366 398 
222 3 135 169 316 
223 6 26 51 89 193 281 336 
224 3 33 49 139 
225 7 163 217 232 276 371 417 467 
226 5 69 83 86 167 248 
227 2 194 299 
228 3 124 323 393 
229 3 27 54 274 
230 8 57 86 129 243 265 296 340 414 
231 6 23 68 82 117 258 476 
232 6 10 19 212 225 263 454 
233 4 142 180 326 401 
234 3 64 372 451 
235 4 3 424 461 470 
236 5 49 208 343 403 410 
237 4 65 198 213 398 
238 2 307 480 
239 6 21 153 187 276 428 473 
240 7 62 109 121 278 325 386 470 
241 2 12 430 
242 5 70 246 308 326 365 
243 3 134 230 438 
244 9 20 91 139 163 315 316 354 392 462 
245 4 69 83 104 287 
246 3 189 242 375 
247 4 172 306 388 402 
248 4 17 122 161 226 
249 6 42 114 255 313 351 487 
250 4 202 376 397 468 
251 3 88 137 291 
252 7 195 274 299 310 323 376 437 
253 4 97 167 375 428 
254 4 182 289 357 494 
255 5 24 249 276 359 388 
256 7 283 293 308 340 406 410 466 
257 3 49 412 430 
258 8 20 172 176 231 267 353 358 464 
259 5 79 81 102 395 450 
260 3 6 283 377 
261 5 87 104 191 302 429 
262 7 125 292 323 369 386 449 497 
263 4 30 232 310 426 
264 2 37 413 
265 6 67 176 179 230 367 471 
266 4 142 169 289 388 
267 10 171 258 283 298 306 364 402 410 470 472 
268 5 118 195 342 421 433 
269 5 159 191 296 333 429 
270 6 13 184 272 372 404 441 
271 3 31 172 428 
272 4 270 350 362 396 
273 7 9 116 290 366 426 497 499 
274 5 41 146 183 229 252 
275 4 277 320 368 375 
276 5 40 225 239 255 401 
277 8 10 120 171 180 213 275 413 499 
278 6 36 120 218 240 327 354 
279 4 17 77 401 454 
280 1 203 
281 4 23 99 223 338 
282 1 155 
283 4 256 260 267 330 
284 10 88 91 161 301 326 368 413 424 467 494 
285 7 46 57 82 127 423 460 494 
286 2 113 152 
287 5 88 108 206 245 294 
288 7 40 84 98 307 432 475 490 
289 8 117 123 170 191 254 266 373 472 
290 9 73 114 132 175 176 273 357 392 448 
291 2 160 251 
292 9 92 108 185 191 207 262 388 423 475 
293 5 256 333 346 377 406 
294 6 83 287 310 361 424 443 
295 5 44 85 88 89 347 
296 9 91 196 230 269 341 373 378 390 497 
297 2 48 385 
298 3 177 267 398 
299 6 115 204 227 252 327 489 
300 3 17 366 455 
301 4 100 187 284 340 
302 8 6 83 92 180 198 203 261 488 
303 2 72 308 
304 2 1 174 
305 4 39 79 368 490 
306 12 56 71 78 89 130 155 247 267 340 349 378 467 
307 3 83 238 288 
308 11 68 123 169 181 242 256 303 408 411 424 439 
309 1 17 
310 10 24 30 98 110 193 252 263 294 391 441 
311 3 44 95 329 
312 4 83 210 354 396 
313 8 5 21 104 165 249 329 351 466 
314 4 56 409 450 467 
315 3 72 110 244 
316 5 42 128 167 222 244 
317 7 23 82 320 352 354 396 440 
318 2 167 396 
319 3 52 70 493 
320 4 199 201 275 317 
321 1 410 
322 3 42 201 399 
323 6 228 252 262 348 465 482 
324 2 176 373 
325 7 144 219 240 369 373 383 493 
326 6 148 185 233 242 284 375 
327 3 278 299 367 
328 3 99 357 391 
329 6 107 138 311 313 430 443 
330 6 50 138 163 283 332 371 
331 4 161 333 381 468 
332 5 34 152 203 213 330 
333 8 192 208 269 293 331 366 439 454 
334 1 401 
335 10 18 26 80 84 115 149 339 442 450 465 
336 5 3 90 115 223 415 
337 4 134 209 419 456 
338 2 281 366 
339 3 72 335 447 
340 8 5 161 184 230 256 301 306 451 
341 7 7 35 105 138 140 296 367 
342 3 268 365 459 
343 5 5 86 236 374 494 
344 3 63 126 391 
345 3 21 70 158 
346 5 79 220 293 455 481 
347 4 99 187 295 402 
348 3 153 323 357 
349 3 145 306 460 
350 6 28 38 61 272 398 471 
351 13 77 115 118 146 181 203 249 313 363 372 426 462 492 
352 7 32 95 99 102 112 317 484 
353 3 193 258 426 
354 7 48 49 244 278 312 317 442 
355 2 97 429 
356 3 88 200 483 
357 10 78 122 178 193 196 206 254 290 328 348 
358 3 46 48 258 
359 6 82 145 215 219 255 423 
360 3 19 171 425 
361 2 207 294 
362 4 48 94 199 272 
363 6 96 144 189 351 444 487 
364 2 15 267 
365 6 80 113 242 342 383 387 
366 7 22 115 221 273 300 333 338 
367 4 265 327 341 419 
368 6 110 125 275 284 305 420 
369 4 28 140 262 325 
370 3 5 212 493 
371 8 39 59 60 107 225 330 374 415 
372 10 12 106 114 128 140 234 270 351 395 444 
373 8 12 43 63 140 289 296 324 325 
374 8 32 171 182 343 371 395 412 446 
375 6 107 131 246 253 275 326 
376 5 12 128 250 252 456 
377 4 172 195 260 293 
378 5 16 296 306 461 486 
379 1 24 
380 2 178 204 
381 3 206 331 385 
382 3 53 119 430 
383 2 325 365 
384 3 59 96 158 
385 6 11 69 158 297 381 425 
386 10 5 116 182 240 262 441 460 469 472 482 
387 2 111 365 
388 6 74 247 255 266 292 411 
389 2 31 97 
390 2 296 493 
391 6 21 100 209 310 328 344 
392 6 79 126 190 244 290 428 
393 1 228 
394 3 95 401 422 
395 6 76 149 185 259 372 374 
396 7 18 74 186 272 312 317 318 
397 3 105 152 250 
398 6 114 188 221 237 298 350 
399 6 26 37 40 125 322 433 
400 2 101 440 
401 8 138 147 233 276 279 334 394 437 
402 5 34 247 267 347 414 
403 4 15 78 118 236 
404 4 60 134 164 270 
405 4 40 124 417 478 
406 3 256 293 417 
407 2 46 75 
408 6 7 57 114 116 308 494 
409 5 18 195 219 220 314 
410 7 17 36 236 256 267 321 423 
411 3 141 308 388 
412 5 33 87 161 257 374 
413 4 125 264 277 284 
414 5 47 230 402 432 433 
415 3 7 336 371 
416 8 78 101 160 163 171 218 428 498 
417 5 159 225 405 406 479 
418 3 27 28 54 
419 3 67 337 367 
420 6 61 106 368 432 436 476 
421 4 129 154 214 268 
422 2 49 394 
423 7 31 74 285 292 359 410 447 
424 6 64 203 235 284 294 308 
425 4 360 385 429 449 
426 7 36 63 207 263 273 351 353 
427 1 177 
428 7 60 239 253 271 392 416 498 
429 9 24 82 86 92 163 261 269 355 425 
430 5 97 241 257 329 382 
431 4 65 85 161 180 
432 6 41 166 183 288 414 420 
433 5 77 196 268 399 414 
434 0 
435 1 474 
436 1 420 
437 5 183 252 401 467 476 
438 4 53 150 207 243 
439 3 48 308 333 
440 6 85 92 199 317 400 441 
441 5 143 270 310 386 440 
442 7 34 148 164 335 354 452 496 
443 9 4 90 112 120 148 198 294 329 477 
444 7 11 23 61 74 92 363 372 
445 7 12 24 26 92 163 208 466 
446 3 30 116 374 
447 5 12 184 213 339 423 
448 1 290 
449 5 119 213 262 425 485 
450 4 217 259 314 335 
451 4 117 140 234 340 
452 3 189 199 442 
453 1 50 
454 8 140 190 192 232 279 333 460 479 
455 4 118 120 300 346 
456 5 66 115 337 376 498 
457 1 118 
458 3 2 114 480 
459 6 37 140 147 201 342 472 
460 7 104 211 285 349 386 454 471 
461 5 92 99 168 235 378 
462 5 19 85 112 244 351 
463 2 20 48 
464 5 8 151 178 258 477 
465 3 203 323 335 
466 8 107 114 171 256 313 445 471 487 
467 6 21 225 284 306 314 437 
468 4 74 143 250 331 
469 2 211 386 
470 6 83 129 150 235 240 267 
471 8 35 110 198 207 265 350 460 466 
472 4 267 289 386 459 
473 3 16 114 239 
474 2 198 435 
475 4 56 130 288 292 
476 5 53 90 231 420 437 
477 5 9 29 443 464 497 
478 3 37 140 405 
479 5 79 126 417 454 487 
480 5 60 73 238 458 481 
481 5 72 84 130 346 480 
482 2 323 386 
483 1 356 
484 2 213 352 
485 4 18 135 182 449 
486 3 195 220 378 
487 5 249 363 466 479 494 
488 3 94 302 494 
489 5 81 93 123 190 299 
490 3 5 288 305 
491 2 129 201 
492 6 22 37 96 129 173 351 
493 4 319 325 370 390 
494 10 118 124 173 254 284 285 343 408 487 488 
495 3 41 63 208 
496 4 92 166 194 442 
497 6 74 92 262 273 296 477 
498 4 87 416 428 456 
499 5 59 101 105 273 277 
