50 113
0 2 4 7 
1 3 13 28 33 
2 2 26 45 
3 5 22 32 34 35 42 
4 6 0 14 16 30 31 34 
5 3 9 37 39 
6 2 12 48 
7 4 0 18 36 48 
8 4 21 38 39 40 
9 7 5 11 12 15 21 28 49 
10 3 12 23 33 
11 10 9 12 18 19 22 27 34 41 42 48 
12 6 6 9 10 11 30 41 
13 1 1 
14 5 4 15 25 34 44 
15 3 9 14 22 
16 6 4 33 35 42 44 49 
17 7 21 26 27 42 44 47 49 
18 6 7 11 21 29 33 41 
19 6 11 20 26 27 29 31 
20 3 19 32 38 
21 7 8 9 17 18 22 26 36 
22 7 3 11 15 21 31 40 43 
23 5 10 31 33 40 42 
24 4 28 40 46 49 
25 2 14 39 
26 6 2 17 19 21 30 33 
27 3 11 17 19 
28 6 1 9 24 35 41 45 
29 6 18 19 38 39 43 44 
30 4 4 12 26 40 
31 4 4 19 22 23 
32 3 3 20 46 
33 7 1 10 16 18 23 26 41 
34 5 3 4 11 14 37 
35 3 3 16 28 
36 3 7 21 49 
37 3 5 34 44 
38 3 8 20 29 
39 4 5 8 25 29 
40 7 8 22 23 24 30 45 47 
41 5 11 12 18 28 33 
42 8 3 11 16 17 23 43 46 49 
43 3 22 29 42 
44 5 14 16 17 29 37 
45 3 2 28 40 
46 3 24 32 42 
47 3 17 40 48 
48 4 6 7 11 47 
49 6 9 16 17 24 36 42 
