50 226
0 8 4 7 10 26 27 38 46 48 
1 7 5 7 13 17 28 33 36 
2 7 7 21 26 31 38 41 45 
3 12 8 21 22 23 25 32 33 34 35 40 42 44 
4 12 0 11 14 16 19 28 30 31 34 42 45 46 
5 7 1 8 9 37 39 40 46 
6 6 8 12 20 32 37 48 
7 11 0 1 2 15 17 18 27 31 36 41 48 
8 10 3 5 6 12 14 21 23 38 39 40 
9 8 5 11 12 15 20 21 28 49 
10 7 0 12 23 33 35 36 42 
11 12 4 9 12 18 19 20 22 27 34 41 42 48 
12 8 6 8 9 10 11 30 41 45 
13 3 1 39 46 
14 8 4 8 15 25 27 34 36 44 
15 7 7 9 14 22 23 32 49 
16 7 4 31 33 35 42 44 49 
17 12 1 7 21 22 26 27 35 37 42 44 47 49 
18 7 7 11 21 24 29 33 41 
19 11 4 11 20 26 27 29 30 31 34 40 44 
20 9 6 9 11 19 23 32 35 38 48 
21 13 2 3 8 9 17 18 22 26 31 36 41 42 43 
22 8 3 11 15 17 21 31 40 43 
23 12 3 8 10 15 20 24 31 32 33 40 42 45 
24 11 18 23 26 28 30 35 36 39 40 46 49 
25 6 3 14 26 39 41 48 
26 10 0 2 17 19 21 24 25 30 33 35 
27 6 0 7 11 14 17 19 
28 9 1 4 9 24 30 35 41 45 49 
29 8 18 19 36 38 39 43 44 46 
30 13 4 12 19 24 26 28 34 37 39 40 41 45 46 
31 10 2 4 7 16 19 21 22 23 48 49 
32 8 3 6 15 20 23 34 43 46 
33 10 1 3 10 16 18 23 26 35 41 47 
34 10 3 4 11 14 19 30 32 35 37 44 
35 12 3 10 16 17 20 24 26 28 33 34 43 46 
36 8 1 7 10 14 21 24 29 49 
37 8 5 6 17 30 34 41 44 48 
38 6 0 2 8 20 29 45 
39 8 5 8 13 24 25 29 30 45 
40 11 3 5 8 19 22 23 24 30 44 45 47 
41 12 2 7 11 12 18 21 25 28 30 33 37 42 
42 14 3 4 10 11 16 17 21 23 41 43 44 46 48 49 
43 6 21 22 29 32 35 42 
44 11 3 14 16 17 19 29 34 37 40 42 45 
45 10 2 4 12 23 28 30 38 39 40 44 
46 10 0 4 5 13 24 29 30 32 35 42 
47 4 17 33 40 48 
48 10 0 6 7 11 20 25 31 37 42 47 
49 9 9 15 16 17 24 28 31 36 42 
