50 91
0 2 4 7 
1 3 13 28 33 
2 0 
3 4 22 32 34 42 
4 6 0 14 16 30 31 34 
5 1 39 
6 2 12 48 
7 2 0 18 
8 3 21 39 40 
9 6 11 12 15 21 28 49 
10 2 23 33 
11 8 9 19 22 27 34 41 42 48 
12 3 6 9 41 
13 1 1 
14 5 4 15 25 34 44 
15 3 9 14 22 
16 5 4 33 35 44 49 
17 7 21 26 27 42 44 47 49 
18 5 7 21 29 33 41 
19 4 11 26 29 31 
20 2 32 38 
21 6 8 9 17 18 22 26 
22 6 3 11 15 21 31 43 
23 4 10 31 33 40 
24 3 40 46 49 
25 2 14 39 
26 4 17 19 21 30 
27 2 11 17 
28 4 1 9 35 45 
29 6 18 19 38 39 43 44 
30 3 4 26 40 
31 4 4 19 22 23 
32 3 3 20 46 
33 6 1 10 16 18 23 41 
34 5 3 4 11 14 37 
35 2 16 28 
36 1 49 
37 1 34 
38 2 20 29 
39 4 5 8 25 29 
40 6 8 23 24 30 45 47 
41 4 11 12 18 33 
42 6 3 11 17 43 46 49 
43 3 22 29 42 
44 4 14 16 17 29 
45 2 28 40 
46 3 24 32 42 
47 3 17 40 48 
48 3 6 11 47 
49 6 9 16 17 24 36 42 
