50 101
0 6 5 7 8 25 40 47 
1 2 9 15 
2 3 11 29 36 
3 1 49 
4 1 45 
5 6 0 6 12 26 30 36 
6 8 5 9 10 15 16 18 20 24 
7 5 0 23 38 45 49 
8 6 0 15 16 30 34 40 
9 5 1 6 33 41 47 
10 4 6 13 21 42 
11 2 2 49 
12 3 5 40 46 
13 3 10 21 32 
14 4 36 38 39 40 
15 6 1 6 8 16 30 34 
16 5 6 8 15 21 25 
17 1 34 
18 4 6 24 28 36 
19 3 40 42 49 
20 5 6 24 27 37 42 
21 5 10 13 16 47 48 
22 3 27 32 42 
23 2 7 38 
24 5 6 18 20 25 35 
25 5 0 16 24 28 42 
26 3 5 37 39 
27 4 20 22 31 49 
28 5 18 25 44 46 48 
29 1 2 
30 4 5 8 15 46 
31 1 27 
32 5 13 22 34 47 49 
33 2 9 41 
34 6 8 15 17 32 41 44 
35 2 24 37 
36 4 2 5 14 18 
37 3 20 26 35 
38 4 7 14 23 44 
39 5 14 26 40 44 48 
40 9 0 8 12 14 19 39 43 45 47 
41 5 9 33 34 48 49 
42 6 10 19 20 22 25 43 
43 2 40 42 
44 4 28 34 38 39 
45 3 4 7 40 
46 3 12 28 30 
47 5 0 9 21 32 40 
48 5 21 28 39 41 49 
49 8 3 7 11 19 27 32 41 48 
