50 174
0 9 2 5 7 8 17 25 40 44 47 
1 5 9 15 16 24 42 
2 6 0 9 11 29 30 36 
3 3 7 24 49 
4 5 5 6 11 34 45 
5 12 0 4 6 8 12 26 30 36 40 41 45 48 
6 12 4 5 9 10 15 16 18 20 22 23 24 44 
7 10 0 3 17 23 35 37 38 39 45 49 
8 8 0 5 15 16 30 34 35 40 
9 11 1 2 6 19 23 28 30 31 33 41 47 
10 7 6 13 18 19 21 32 42 
11 7 2 4 18 26 42 48 49 
12 5 5 40 43 46 48 
13 7 10 20 21 22 32 36 42 
14 6 19 28 36 38 39 40 
15 6 1 6 8 16 30 34 
16 7 1 6 8 15 17 21 25 
17 5 0 7 16 32 34 
18 7 6 10 11 24 28 36 38 
19 8 9 10 14 20 40 42 46 49 
20 8 6 13 19 24 27 36 37 42 
21 7 10 13 16 32 33 47 48 
22 7 6 13 27 31 32 34 42 
23 7 6 7 9 24 27 29 38 
24 9 1 3 6 18 20 23 25 35 48 
25 6 0 16 24 28 42 48 
26 4 5 11 37 39 
27 7 20 22 23 31 33 45 49 
28 7 9 14 18 25 44 46 48 
29 3 2 23 43 
30 7 2 5 8 9 15 46 49 
31 5 9 22 27 33 48 
32 8 10 13 17 21 22 34 47 49 
33 5 9 21 27 31 41 
34 9 4 8 15 17 22 32 39 41 44 
35 4 7 8 24 37 
36 6 2 5 13 14 18 20 
37 5 7 20 26 35 48 
38 7 7 14 18 23 43 44 49 
39 7 7 14 26 34 40 44 48 
40 10 0 5 8 12 14 19 39 43 45 47 
41 6 5 9 33 34 48 49 
42 10 1 10 11 13 19 20 22 25 43 45 
43 5 12 29 38 40 42 
44 6 0 6 28 34 38 39 
45 6 4 5 7 27 40 42 
46 4 12 19 28 30 
47 5 0 9 21 32 40 
48 12 5 11 12 21 24 25 28 31 37 39 41 49 
49 10 3 7 11 19 27 30 32 38 41 48 
