550 1541
0 4 81 173 175 333 
1 6 153 159 174 254 276 497 
2 5 90 358 366 492 519 
3 4 27 85 186 420 
4 6 7 65 243 394 425 436 
5 12 63 90 93 120 136 240 244 256 334 368 503 545 
6 2 533 539 
7 4 4 58 65 203 
8 3 64 225 363 
9 5 27 34 200 271 316 
10 6 63 186 197 373 432 506 
11 10 46 73 178 238 309 310 313 382 384 508 
12 2 48 156 
13 2 39 485 
14 4 148 187 399 464 
15 8 111 175 206 426 463 494 515 524 
16 5 92 240 246 274 498 
17 8 27 40 116 175 212 280 343 471 
18 6 42 57 193 303 317 522 
19 7 204 246 320 352 398 474 528 
20 8 27 30 34 114 321 447 524 534 
21 9 40 90 134 174 184 220 347 414 467 
22 8 53 106 161 230 280 296 422 451 
23 5 331 370 374 469 495 
24 6 82 146 192 369 427 448 
25 6 113 121 238 311 516 535 
26 2 61 319 
27 9 3 9 17 20 68 323 370 392 506 
28 4 123 278 396 430 
29 4 108 115 306 328 
30 3 20 125 313 
31 5 59 180 250 290 418 
32 6 119 136 266 323 407 536 
33 7 152 168 328 374 389 468 495 
34 8 9 20 88 148 167 181 194 500 
35 4 168 207 401 467 
36 7 183 194 318 330 412 441 447 
37 6 161 162 197 262 420 483 
38 10 70 107 112 183 185 250 256 435 441 481 
39 6 13 56 253 448 492 514 
40 6 17 21 91 121 137 501 
41 6 272 394 406 431 444 510 
42 3 18 76 125 
43 5 78 412 469 473 477 
44 8 49 73 238 284 296 317 414 482 
45 4 335 458 512 542 
46 7 11 144 164 173 259 438 474 
47 3 214 409 549 
48 7 12 222 278 316 360 433 514 
49 3 44 203 311 
50 4 249 349 479 487 
51 7 150 301 324 327 347 402 525 
52 5 128 164 192 195 314 
53 6 22 78 206 376 389 504 
54 6 88 320 353 377 429 543 
55 6 99 105 243 313 337 405 
56 3 39 77 380 
57 6 18 125 154 207 276 450 
58 5 7 149 264 280 396 
59 2 31 100 
60 5 69 140 187 310 464 
61 5 26 99 219 296 491 
62 3 157 176 316 
63 9 5 10 73 82 116 193 219 451 504 
64 4 8 123 398 547 
65 8 4 7 75 99 241 284 335 476 
66 3 183 516 524 
67 7 69 90 114 143 148 158 477 
68 4 27 132 188 407 
69 10 60 67 233 257 278 305 387 494 497 504 
70 7 38 202 253 299 312 409 459 
71 7 97 143 184 230 260 317 350 
72 5 115 145 413 457 499 
73 8 11 44 63 211 370 424 456 498 
74 8 93 196 306 325 374 382 387 392 
75 5 65 76 309 356 502 
76 6 42 75 257 393 402 424 
77 6 56 129 133 246 332 499 
78 10 43 53 105 256 342 382 419 506 539 542 
79 6 80 141 300 418 490 501 
80 3 79 447 471 
81 7 0 110 143 250 319 359 371 
82 13 24 63 128 307 317 444 455 459 460 476 511 512 519 
83 5 139 173 431 444 471 
84 4 108 257 383 498 
85 8 3 146 187 229 352 367 368 404 
86 8 138 159 267 282 389 430 502 532 
87 6 104 145 273 361 404 426 
88 8 34 54 317 336 383 402 407 516 
89 4 111 213 295 385 
90 10 2 5 21 67 116 267 333 349 432 519 
91 5 40 131 149 224 451 
92 5 16 323 451 467 519 
93 8 5 74 210 222 269 327 485 541 
94 5 188 279 454 459 502 
95 5 218 349 391 395 486 
96 4 176 245 250 524 
97 5 71 136 265 284 484 
98 8 144 149 202 305 347 350 388 404 
99 7 55 61 65 159 321 337 511 
100 5 59 153 172 382 461 
101 8 282 323 405 431 441 491 499 506 
102 7 269 305 306 321 336 426 531 
103 9 118 180 239 293 315 353 469 507 520 
104 8 87 133 260 295 320 377 395 493 
105 8 55 78 132 184 236 238 275 543 
106 5 22 167 374 375 540 
107 4 38 110 273 401 
108 4 29 84 217 326 
109 4 194 213 394 508 
110 8 81 107 118 246 265 335 385 477 
111 8 15 89 145 176 190 469 494 542 
112 5 38 192 220 309 370 
113 6 25 194 336 392 396 425 
114 7 20 67 185 376 425 446 447 
115 6 29 72 196 365 371 539 
116 6 17 63 90 200 353 482 
117 1 319 
118 5 103 110 303 397 464 
119 6 32 163 215 216 479 497 
120 3 5 434 541 
121 2 25 40 
122 6 125 126 137 197 380 400 
123 12 28 64 255 297 411 430 458 461 462 540 543 548 
124 4 142 185 223 433 
125 7 30 42 57 122 188 221 499 
126 3 122 329 356 
127 5 146 184 395 524 534 
128 5 52 82 282 381 458 
129 3 77 440 498 
130 4 297 413 414 539 
131 3 91 238 298 
132 6 68 105 273 305 442 524 
133 7 77 104 160 231 400 446 511 
134 3 21 284 393 
135 1 397 
136 5 5 32 97 189 213 
137 4 40 122 389 397 
138 6 86 294 408 455 494 495 
139 6 83 143 218 229 309 457 
140 4 60 261 310 386 
141 7 79 148 184 231 240 312 331 
142 4 124 391 410 496 
143 12 67 71 81 139 176 189 205 215 269 304 499 537 
144 3 46 98 337 
145 9 72 87 111 155 385 449 483 511 538 
146 5 24 85 127 198 200 
147 5 272 343 363 407 449 
148 5 14 34 67 141 358 
149 9 58 91 98 264 274 357 371 413 463 
150 5 51 172 183 196 302 
151 3 345 347 482 
152 2 33 395 
153 6 1 100 290 297 322 356 
154 4 57 180 257 386 
155 6 145 243 266 350 386 471 
156 5 12 225 365 409 434 
157 5 62 171 241 366 409 
158 6 67 176 238 358 370 469 
159 7 1 86 99 184 342 347 495 
160 6 133 176 283 442 476 545 
161 4 22 37 296 471 
162 7 37 191 216 239 301 347 515 
163 3 119 323 481 
164 5 46 52 213 302 505 
165 8 167 229 264 289 344 352 372 375 
166 4 263 340 461 536 
167 9 34 106 165 241 284 288 431 434 463 
168 7 33 35 351 399 411 427 536 
169 5 188 265 378 439 515 
170 1 543 
171 6 157 230 371 399 402 548 
172 6 100 150 213 291 303 506 
173 7 0 46 83 316 392 394 531 
174 4 1 21 188 244 
175 12 0 15 17 196 218 248 267 340 365 381 475 510 
176 7 62 96 111 143 158 160 218 
177 4 198 340 410 434 
178 10 11 184 188 209 266 335 400 412 445 501 
179 5 228 340 390 397 522 
180 5 31 103 154 207 417 
181 4 34 485 494 544 
182 4 197 315 468 508 
183 8 36 38 66 150 197 312 314 349 
184 9 21 71 105 127 141 159 178 206 428 
185 4 38 114 124 495 
186 4 3 10 357 466 
187 7 14 60 85 242 431 465 515 
188 9 68 94 125 169 174 178 370 433 510 
189 5 136 143 308 340 535 
190 4 111 410 417 472 
191 1 162 
192 9 24 52 112 202 246 341 387 437 491 
193 4 18 63 238 458 
194 6 34 36 109 113 398 468 
195 6 52 242 265 443 503 525 
196 9 74 115 150 175 203 247 321 395 433 
197 8 10 37 122 182 183 299 353 544 
198 5 146 177 331 403 406 
199 2 292 371 
200 9 9 116 146 259 296 305 441 501 508 
201 1 410 
202 6 70 98 192 233 406 462 
203 10 7 49 196 268 302 313 377 392 424 485 
204 5 19 224 344 442 515 
205 4 143 233 251 290 
206 10 15 53 184 276 360 380 408 409 447 485 
207 5 35 57 180 213 292 
208 2 292 475 
209 5 178 217 231 280 388 
210 7 93 246 285 304 342 429 478 
211 5 73 278 299 370 441 
212 7 17 334 359 370 383 436 497 
213 9 89 109 136 164 172 207 345 398 504 
214 7 47 216 237 374 400 483 512 
215 9 119 143 316 326 341 373 439 443 499 
216 8 119 162 214 354 372 450 536 541 
217 5 108 209 315 486 541 
218 7 95 139 175 176 282 376 539 
219 7 61 63 336 436 467 513 530 
220 7 21 112 264 279 312 361 477 
221 2 125 371 
222 6 48 93 232 336 387 486 
223 9 124 287 302 310 368 406 414 474 476 
224 7 91 204 252 331 343 436 473 
225 8 8 156 245 317 417 434 449 486 
226 4 378 499 527 539 
227 4 251 371 447 507 
228 6 179 257 259 268 486 529 
229 6 85 139 165 257 264 513 
230 5 22 71 171 428 514 
231 8 133 141 209 245 272 327 333 539 
232 2 222 275 
233 4 69 202 205 280 
234 1 390 
235 9 262 284 287 329 360 374 385 428 455 
236 5 105 285 322 356 370 
237 3 214 269 493 
238 11 11 25 44 105 131 158 193 307 350 365 458 
239 6 103 162 247 341 376 432 
240 5 5 16 141 478 513 
241 10 65 157 167 257 321 334 365 394 458 503 
242 7 187 195 247 310 329 414 437 
243 8 4 55 155 328 360 365 377 484 
244 5 5 174 269 375 483 
245 6 96 225 231 308 470 546 
246 8 16 19 77 110 192 210 332 415 
247 6 196 239 242 409 458 474 
248 1 175 
249 7 50 322 346 444 487 496 525 
250 6 31 38 81 96 315 317 
251 7 205 227 341 344 357 372 406 
252 4 224 406 456 532 
253 4 39 70 448 490 
254 4 1 314 336 451 
255 4 123 285 326 343 
256 7 5 38 78 452 484 486 528 
257 9 69 76 84 154 228 229 241 280 417 
258 1 403 
259 5 46 200 228 380 387 
260 6 71 104 264 389 506 523 
261 5 140 301 471 475 485 
262 5 37 235 308 363 527 
263 3 166 402 436 
264 10 58 149 165 220 229 260 360 373 431 470 
265 7 97 110 169 195 316 364 451 
266 6 32 155 178 399 472 487 
267 8 86 90 175 317 419 522 530 545 
268 5 203 228 375 377 543 
269 7 93 102 143 237 244 300 371 
270 2 333 496 
271 4 9 292 447 541 
272 6 41 147 231 335 455 507 
273 3 87 107 132 
274 6 16 149 327 353 426 532 
275 3 105 232 511 
276 10 1 57 206 325 354 398 438 447 501 537 
277 3 295 434 522 
278 7 28 48 69 211 412 466 543 
279 4 94 220 309 470 
280 6 17 22 58 209 233 257 
281 2 296 437 
282 6 86 101 128 218 414 436 
283 6 160 334 377 490 542 546 
284 7 44 65 97 134 167 235 509 
285 5 210 236 255 314 446 
286 2 515 524 
287 5 223 235 303 410 459 
288 4 167 400 417 451 
289 2 165 448 
290 6 31 153 205 368 437 462 
291 2 172 460 
292 5 199 207 208 271 365 
293 2 103 449 
294 8 138 323 342 351 354 364 400 516 
295 3 89 104 277 
296 8 22 44 61 161 200 281 310 460 
297 5 123 130 153 392 413 
298 2 131 466 
299 6 70 197 211 433 457 539 
300 4 79 269 385 459 
301 5 51 162 261 380 499 
302 6 150 164 203 223 313 345 
303 6 18 118 172 287 359 467 
304 3 143 210 328 
305 8 69 98 102 132 200 333 334 496 
306 7 29 74 102 323 386 426 460 
307 5 82 238 337 341 381 
308 6 189 245 262 342 473 493 
309 6 11 75 112 139 279 518 
310 6 11 60 140 223 242 296 
311 4 25 49 486 547 
312 7 70 141 183 220 367 376 521 
313 8 11 30 55 203 302 411 455 492 
314 5 52 183 254 285 355 
315 5 103 182 217 250 346 
316 11 9 48 62 173 215 265 323 342 448 513 545 
317 10 18 44 71 82 88 225 250 267 351 503 
318 3 36 333 349 
319 8 26 81 117 388 426 447 457 470 
320 5 19 54 104 359 370 
321 6 20 99 102 196 241 545 
322 3 153 236 249 
323 11 27 32 92 101 163 294 306 316 422 474 494 
324 4 51 330 347 482 
325 9 74 276 355 386 396 398 453 492 527 
326 4 108 215 255 481 
327 6 51 93 231 274 397 496 
328 5 29 33 243 304 441 
329 6 126 235 242 363 447 448 
330 3 36 324 387 
331 5 23 141 198 224 372 
332 5 77 246 362 492 493 
333 8 0 90 231 270 305 318 345 397 
334 5 5 212 241 283 305 
335 5 45 65 110 178 272 
336 6 88 102 113 219 222 254 
337 8 55 99 144 307 351 429 489 499 
338 1 388 
339 1 549 
340 7 166 175 177 179 189 428 526 
341 5 192 215 239 251 307 
342 7 78 159 210 294 308 316 480 
343 7 17 147 224 255 390 402 483 
344 3 165 204 251 
345 7 151 213 302 333 404 460 522 
346 5 249 315 376 459 508 
347 7 21 51 98 151 159 162 324 
348 1 387 
349 8 50 90 95 183 318 511 514 515 
350 5 71 98 155 238 525 
351 4 168 294 317 337 
352 5 19 85 165 411 512 
353 9 54 103 116 197 274 372 443 459 531 
354 5 216 276 294 387 413 
355 4 314 325 426 505 
356 4 75 126 153 236 
357 4 149 186 251 432 
358 5 2 148 158 362 409 
359 7 81 212 303 320 394 429 493 
360 6 48 206 235 243 264 417 
361 3 87 220 422 
362 4 332 358 490 499 
363 5 8 147 262 329 532 
364 2 265 294 
365 9 115 156 175 238 241 243 292 495 519 
366 3 2 157 410 
367 5 85 312 403 488 497 
368 5 5 85 223 290 455 
369 4 24 443 477 511 
370 12 23 27 73 112 158 188 211 212 236 320 414 450 
371 9 81 115 149 171 199 221 227 269 391 
372 6 165 216 251 331 353 490 
373 7 10 215 264 407 420 451 544 
374 9 23 33 74 106 214 235 447 448 528 
375 6 106 165 244 268 388 498 
376 7 53 114 218 239 312 346 463 
377 8 54 104 203 243 268 283 380 508 
378 4 169 226 404 457 
379 2 407 487 
380 7 56 122 206 259 301 377 381 
381 4 128 175 307 380 
382 4 11 74 78 100 
383 5 84 88 212 440 498 
384 2 11 402 
385 6 89 110 145 235 300 503 
386 6 140 154 155 306 325 448 
387 9 69 74 192 222 259 330 348 354 399 
388 5 98 209 319 338 375 
389 6 33 53 86 137 260 524 
390 4 179 234 343 547 
391 3 95 142 371 
392 6 27 74 113 173 203 297 
393 4 76 134 396 435 
394 8 4 41 109 173 241 359 505 530 
395 7 95 104 127 152 196 429 466 
396 6 28 58 113 325 393 403 
397 6 118 135 137 179 327 333 
398 6 19 64 194 213 276 325 
399 5 14 168 171 266 387 
400 7 122 133 178 214 288 294 443 
401 4 35 107 423 500 
402 10 51 76 88 171 263 343 384 447 491 500 
403 6 198 258 367 396 416 538 
404 6 85 87 98 345 378 515 
405 4 55 101 491 511 
406 7 41 198 202 223 251 252 465 
407 9 32 68 88 147 373 379 441 466 495 
408 6 138 206 513 520 536 542 
409 8 47 70 156 157 206 247 358 471 
410 9 142 177 190 201 287 366 437 454 481 
411 5 123 168 313 352 496 
412 4 36 43 178 278 
413 9 72 130 149 297 354 426 456 491 515 
414 7 21 44 130 223 242 282 370 
415 2 246 502 
416 2 403 488 
417 7 180 190 225 257 288 360 520 
418 3 31 79 503 
419 2 78 267 
420 7 3 37 373 426 467 485 505 
421 1 431 
422 5 22 323 361 482 548 
423 2 401 533 
424 4 73 76 203 500 
425 6 4 113 114 429 491 517 
426 9 15 87 102 274 306 319 355 413 420 
427 3 24 168 510 
428 6 184 230 235 340 466 549 
429 7 54 210 337 359 395 425 517 
430 5 28 86 123 493 510 
431 10 41 83 101 167 187 264 421 455 488 545 
432 4 10 90 239 357 
433 5 48 124 188 196 299 
434 6 120 156 167 177 225 277 
435 4 38 393 449 466 
436 9 4 212 219 224 263 282 492 500 525 
437 6 192 242 281 290 410 534 
438 3 46 276 513 
439 3 169 215 440 
440 5 129 383 439 518 524 
441 8 36 38 101 200 211 328 407 542 
442 4 132 160 204 548 
443 6 195 215 353 369 400 512 
444 4 41 82 83 249 
445 2 178 475 
446 4 114 133 285 516 
447 13 20 36 80 114 206 227 271 276 319 329 374 402 507 
448 9 24 39 253 289 316 329 374 386 505 
449 5 145 147 225 293 435 
450 4 57 216 370 521 
451 9 22 63 91 92 254 265 288 373 503 
452 2 256 482 
453 2 325 506 
454 3 94 410 483 
455 10 82 138 235 272 313 368 431 462 478 492 
456 5 73 252 413 513 544 
457 7 72 139 299 319 378 487 547 
458 8 45 123 128 193 238 241 247 489 
459 8 70 82 94 287 300 346 353 464 
460 5 82 291 296 306 345 
461 3 100 123 166 
462 4 123 202 290 455 
463 5 15 149 167 376 507 
464 6 14 60 118 459 465 539 
465 3 187 406 464 
466 8 186 278 298 395 407 428 435 549 
467 6 21 35 92 219 303 420 
468 5 33 182 194 476 515 
469 7 23 43 103 111 158 493 536 
470 4 245 264 279 319 
471 7 17 80 83 155 161 261 409 
472 4 190 266 523 539 
473 4 43 224 308 482 
474 5 19 46 223 247 323 
475 6 175 208 261 445 484 491 
476 5 65 82 160 223 468 
477 5 43 67 110 220 369 
478 4 210 240 455 486 
479 2 50 119 
480 1 342 
481 5 38 163 326 410 500 
482 8 44 116 151 324 422 452 473 514 
483 7 37 145 214 244 343 454 522 
484 5 97 243 256 475 494 
485 7 13 93 181 203 206 261 420 
486 8 95 217 222 225 228 256 311 478 
487 7 50 249 266 379 457 501 530 
488 4 367 416 431 544 
489 3 337 458 518 
490 7 79 253 283 362 372 521 525 
491 8 61 101 192 402 405 413 425 475 
492 9 2 39 313 325 332 436 455 528 545 
493 7 104 237 308 332 359 430 469 
494 7 15 69 111 138 181 323 484 
495 8 23 33 138 159 185 365 407 506 
496 6 142 249 270 305 327 411 
497 5 1 69 119 212 367 
498 6 16 73 84 129 375 383 
499 10 72 77 101 125 143 215 226 301 337 362 
500 6 34 401 402 424 436 481 
501 7 40 79 178 200 276 487 536 
502 4 75 86 94 415 
503 7 5 195 241 317 385 418 451 
504 4 53 63 69 213 
505 5 164 355 394 420 448 
506 8 10 27 78 101 172 260 453 495 
507 5 103 227 272 447 463 
508 6 11 109 182 200 346 377 
509 1 284 
510 6 41 175 188 427 430 520 
511 8 82 99 133 145 275 349 369 405 
512 5 45 82 214 352 443 
513 7 219 229 240 316 408 438 456 
514 6 39 48 230 349 482 544 
515 10 15 162 169 187 204 286 349 404 413 468 
516 6 25 66 88 294 446 546 
517 2 425 429 
518 3 309 440 489 
519 6 2 82 90 92 365 535 
520 4 103 408 417 510 
521 3 312 450 490 
522 7 18 179 267 277 345 483 525 
523 2 260 472 
524 9 15 20 66 96 127 132 286 389 440 
525 7 51 195 249 350 436 490 522 
526 1 340 
527 4 226 262 325 536 
528 5 19 256 374 492 541 
529 1 228 
530 4 219 267 394 487 
531 3 102 173 353 
532 4 86 252 274 363 
533 2 6 423 
534 3 20 127 437 
535 4 25 189 519 540 
536 8 32 166 168 216 408 469 501 527 
537 2 143 276 
538 2 145 403 
539 10 6 78 115 130 218 226 231 299 464 472 
540 3 106 123 535 
541 6 93 120 216 217 271 528 
542 6 45 78 111 283 408 441 
543 6 54 105 123 170 268 278 
544 7 181 197 373 456 488 514 545 
545 8 5 160 267 316 321 431 492 544 
546 3 245 283 516 
547 4 64 311 390 457 
548 4 123 171 422 442 
549 4 47 339 428 466 
