550 1221
0 3 81 173 175 
1 2 159 254 
2 4 90 358 492 519 
3 4 27 85 186 420 
4 3 7 243 425 
5 9 63 90 93 120 240 256 334 368 545 
6 1 533 
7 4 4 58 65 203 
8 3 64 225 363 
9 3 27 200 316 
10 4 63 186 197 432 
11 8 73 178 309 310 313 382 384 508 
12 2 48 156 
13 1 485 
14 3 148 187 464 
15 5 111 206 463 515 524 
16 4 92 240 246 498 
17 8 27 40 116 175 212 280 343 471 
18 5 42 193 303 317 522 
19 6 204 246 352 398 474 528 
20 6 34 114 321 447 524 534 
21 7 40 90 184 220 347 414 467 
22 7 53 106 161 230 280 422 451 
23 2 469 495 
24 4 146 192 427 448 
25 5 113 238 311 516 535 
26 2 61 319 
27 6 3 9 17 68 370 506 
28 3 123 396 430 
29 3 115 306 328 
30 2 125 313 
31 5 59 180 250 290 418 
32 5 136 266 323 407 536 
33 4 152 168 374 468 
34 7 20 88 148 167 181 194 500 
35 2 207 401 
36 6 183 194 318 330 441 447 
37 5 161 197 262 420 483 
38 9 70 107 112 183 250 256 435 441 481 
39 5 56 253 448 492 514 
40 4 17 21 121 137 
41 5 394 406 431 444 510 
42 2 18 76 
43 5 78 412 469 473 477 
44 7 49 73 284 296 317 414 482 
45 4 335 458 512 542 
46 4 144 164 173 474 
47 3 214 409 549 
48 6 12 222 278 316 360 514 
49 3 44 203 311 
50 4 249 349 479 487 
51 6 150 324 327 347 402 525 
52 4 128 164 192 195 
53 6 22 78 206 376 389 504 
54 6 88 320 353 377 429 543 
55 5 105 243 313 337 405 
56 1 39 
57 4 125 154 276 450 
58 5 7 149 264 280 396 
59 2 31 100 
60 4 69 187 310 464 
61 4 26 99 219 296 
62 3 157 176 316 
63 9 5 10 73 82 116 193 219 451 504 
64 4 8 123 398 547 
65 6 7 99 241 284 335 476 
66 3 183 516 524 
67 6 69 114 143 148 158 477 
68 4 27 132 188 407 
69 6 60 67 233 305 497 504 
70 5 38 202 299 312 409 
71 6 97 143 184 230 317 350 
72 3 115 145 457 
73 8 11 44 63 211 370 424 456 498 
74 8 93 196 306 325 374 382 387 392 
75 4 76 309 356 502 
76 6 42 75 257 393 402 424 
77 4 129 133 332 499 
78 8 43 53 256 342 419 506 539 542 
79 5 80 141 300 490 501 
80 2 79 471 
81 5 0 110 250 359 371 
82 10 63 128 307 317 455 459 460 476 511 512 
83 4 139 173 444 471 
84 4 108 257 383 498 
85 6 3 146 187 229 368 404 
86 5 138 159 267 282 532 
87 5 104 145 273 404 426 
88 5 34 54 383 402 407 
89 4 111 213 295 385 
90 7 2 5 21 333 349 432 519 
91 3 131 224 451 
92 5 16 323 451 467 519 
93 6 5 74 269 327 485 541 
94 3 279 454 502 
95 5 218 349 391 395 486 
96 4 176 245 250 524 
97 2 71 136 
98 5 202 347 350 388 404 
99 4 61 65 159 511 
100 5 59 153 172 382 461 
101 8 282 323 405 431 441 491 499 506 
102 6 269 305 306 321 336 531 
103 8 118 180 293 315 353 469 507 520 
104 5 87 133 295 395 493 
105 7 55 132 184 236 238 275 543 
106 5 22 167 374 375 540 
107 2 38 110 
108 3 84 217 326 
109 4 194 213 394 508 
110 5 81 107 335 385 477 
111 7 15 89 145 176 190 494 542 
112 3 38 192 370 
113 4 25 194 336 392 
114 6 20 67 185 376 425 446 
115 5 29 72 196 365 371 
116 5 17 63 200 353 482 
117 1 319 
118 3 103 303 397 
119 4 163 215 216 497 
120 1 5 
121 1 40 
122 6 125 126 137 197 380 400 
123 9 28 64 430 458 461 462 540 543 548 
124 3 185 223 433 
125 6 30 57 122 188 221 499 
126 3 122 329 356 
127 4 146 395 524 534 
128 4 52 82 282 381 
129 3 77 440 498 
130 4 297 413 414 539 
131 3 91 238 298 
132 4 68 105 273 305 
133 6 77 104 231 400 446 511 
134 2 284 393 
135 1 397 
136 3 32 97 213 
137 3 40 122 397 
138 4 86 294 494 495 
139 5 83 218 229 309 457 
140 1 261 
141 7 79 148 184 231 240 312 331 
142 2 391 496 
143 9 67 71 176 189 205 269 304 499 537 
144 2 46 337 
145 9 72 87 111 155 385 449 483 511 538 
146 5 24 85 127 198 200 
147 3 363 407 449 
148 5 14 34 67 141 358 
149 7 58 264 274 357 371 413 463 
150 3 51 172 183 
151 3 345 347 482 
152 2 33 395 
153 5 100 290 297 322 356 
154 3 57 257 386 
155 4 145 243 266 350 
156 3 12 409 434 
157 4 62 171 241 366 
158 5 67 176 358 370 469 
159 7 1 86 99 184 342 347 495 
160 5 176 283 442 476 545 
161 4 22 37 296 471 
162 4 191 216 239 515 
163 3 119 323 481 
164 4 46 52 213 302 
165 8 167 229 264 289 344 352 372 375 
166 3 340 461 536 
167 8 34 106 165 241 284 288 434 463 
168 4 33 411 427 536 
169 2 378 439 
170 1 543 
171 6 157 230 371 399 402 548 
172 6 100 150 213 291 303 506 
173 6 0 46 83 392 394 531 
174 2 188 244 
175 9 0 17 196 218 248 267 340 381 510 
176 7 62 96 111 143 158 160 218 
177 3 340 410 434 
178 7 11 184 188 266 335 400 501 
179 5 228 340 390 397 522 
180 3 31 103 207 
181 4 34 485 494 544 
182 3 315 468 508 
183 7 36 38 66 150 197 312 349 
184 8 21 71 105 141 159 178 206 428 
185 3 114 124 495 
186 4 3 10 357 466 
187 6 14 60 85 242 431 465 
188 7 68 125 174 178 370 433 510 
189 4 143 308 340 535 
190 3 111 417 472 
191 1 162 
192 8 24 52 112 202 246 387 437 491 
193 3 18 63 458 
194 5 34 36 109 113 468 
195 3 52 503 525 
196 7 74 115 175 203 247 321 433 
197 7 10 37 122 183 299 353 544 
198 2 146 406 
199 2 292 371 
200 7 9 116 146 296 305 441 508 
201 1 410 
202 6 70 98 192 233 406 462 
203 7 7 49 196 268 313 377 424 
204 4 19 224 442 515 
205 2 143 290 
206 8 15 53 184 276 408 409 447 485 
207 4 35 180 213 292 
208 2 292 475 
209 2 217 231 
210 4 246 304 342 478 
211 4 73 278 299 370 
212 7 17 334 359 370 383 436 497 
213 9 89 109 136 164 172 207 345 398 504 
214 5 47 237 374 400 483 
215 5 119 326 373 443 499 
216 7 119 162 354 372 450 536 541 
217 4 108 209 315 486 
218 7 95 139 175 176 282 376 539 
219 7 61 63 336 436 467 513 530 
220 5 21 264 312 361 477 
221 2 125 371 
222 4 48 232 336 387 
223 8 124 287 302 310 368 406 474 476 
224 7 91 204 252 331 343 436 473 
225 6 8 245 317 417 449 486 
226 3 378 527 539 
227 3 251 371 447 
228 5 179 257 259 486 529 
229 6 85 139 165 257 264 513 
230 5 22 71 171 428 514 
231 6 133 141 209 245 272 539 
232 2 222 275 
233 3 69 202 280 
234 1 390 
235 7 262 287 329 374 385 428 455 
236 3 105 322 356 
237 3 214 269 493 
238 7 25 105 131 307 350 365 458 
239 3 162 341 376 
240 5 5 16 141 478 513 
241 8 65 157 167 257 321 365 394 503 
242 5 187 247 310 329 437 
243 8 4 55 155 328 360 365 377 484 
244 3 174 269 483 
245 6 96 225 231 308 470 546 
246 6 16 19 192 210 332 415 
247 4 196 242 458 474 
248 1 175 
249 5 50 322 444 487 525 
250 5 31 38 81 96 315 
251 5 227 341 344 357 372 
252 4 224 406 456 532 
253 1 39 
254 4 1 314 336 451 
255 3 285 326 343 
256 5 5 38 78 452 486 
257 7 76 84 154 228 229 241 417 
258 1 403 
259 2 228 387 
260 4 264 389 506 523 
261 4 140 301 475 485 
262 5 37 235 308 363 527 
263 2 402 436 
264 10 58 149 165 220 229 260 360 373 431 470 
265 3 316 364 451 
266 4 32 155 178 399 
267 5 86 175 317 530 545 
268 3 203 377 543 
269 7 93 102 143 237 244 300 371 
270 2 333 496 
271 3 292 447 541 
272 4 231 335 455 507 
273 2 87 132 
274 4 149 327 353 532 
275 3 105 232 511 
276 8 57 206 325 398 438 447 501 537 
277 2 295 522 
278 4 48 211 412 543 
279 2 94 470 
280 4 17 22 58 233 
281 2 296 437 
282 4 86 101 128 218 
283 4 160 334 542 546 
284 4 44 65 134 167 
285 3 255 314 446 
286 2 515 524 
287 5 223 235 303 410 459 
288 4 167 400 417 451 
289 2 165 448 
290 5 31 153 205 437 462 
291 2 172 460 
292 5 199 207 208 271 365 
293 2 103 449 
294 6 138 323 342 351 364 516 
295 3 89 104 277 
296 7 44 61 161 200 281 310 460 
297 4 130 153 392 413 
298 1 131 
299 5 70 197 211 433 539 
300 3 79 269 385 
301 2 261 499 
302 4 164 223 313 345 
303 6 18 118 172 287 359 467 
304 2 143 210 
305 7 69 102 132 200 333 334 496 
306 5 29 74 102 323 386 
307 5 82 238 337 341 381 
308 5 189 245 262 473 493 
309 4 11 75 139 518 
310 5 11 60 223 242 296 
311 2 25 49 
312 7 70 141 183 220 367 376 521 
313 8 11 30 55 203 302 411 455 492 
314 3 254 285 355 
315 5 103 182 217 250 346 
316 9 9 48 62 265 323 342 448 513 545 
317 8 18 44 71 82 225 267 351 503 
318 3 36 333 349 
319 5 26 117 426 457 470 
320 3 54 359 370 
321 4 20 102 196 241 
322 3 153 236 249 
323 10 32 92 101 163 294 306 316 422 474 494 
324 3 51 330 347 
325 9 74 276 355 386 396 398 453 492 527 
326 4 108 215 255 481 
327 5 51 93 274 397 496 
328 2 29 243 
329 6 126 235 242 363 447 448 
330 2 36 324 
331 3 141 224 372 
332 5 77 246 362 492 493 
333 6 90 270 305 318 345 397 
334 4 5 212 283 305 
335 5 45 65 110 178 272 
336 5 102 113 219 222 254 
337 7 55 144 307 351 429 489 499 
338 1 388 
339 1 549 
340 5 166 175 177 179 189 
341 3 239 251 307 
342 5 78 159 210 294 316 
343 6 17 224 255 390 402 483 
344 2 165 251 
345 6 151 213 302 333 404 460 
346 3 315 376 459 
347 6 21 51 98 151 159 324 
348 1 387 
349 8 50 90 95 183 318 511 514 515 
350 5 71 98 155 238 525 
351 3 294 317 337 
352 4 19 165 411 512 
353 8 54 103 116 197 274 372 459 531 
354 2 216 387 
355 4 314 325 426 505 
356 4 75 126 153 236 
357 4 149 186 251 432 
358 5 2 148 158 362 409 
359 5 81 212 303 320 429 
360 4 48 243 264 417 
361 2 220 422 
362 3 332 358 499 
363 5 8 147 262 329 532 
364 2 265 294 
365 6 115 238 241 243 292 519 
366 2 157 410 
367 3 312 403 497 
368 3 5 85 223 
369 1 511 
370 9 27 73 112 158 188 211 212 320 450 
371 9 81 115 149 171 199 221 227 269 391 
372 6 165 216 251 331 353 490 
373 6 215 264 407 420 451 544 
374 8 33 74 106 214 235 447 448 528 
375 4 106 165 388 498 
376 7 53 114 218 239 312 346 463 
377 5 54 203 243 268 380 
378 2 169 226 
379 2 407 487 
380 3 122 377 381 
381 4 128 175 307 380 
382 3 11 74 100 
383 4 84 88 212 498 
384 2 11 402 
385 6 89 110 145 235 300 503 
386 4 154 306 325 448 
387 7 74 192 222 259 348 354 399 
388 3 98 338 375 
389 3 53 260 524 
390 4 179 234 343 547 
391 3 95 142 371 
392 4 74 113 173 297 
393 3 76 134 396 
394 6 41 109 173 241 505 530 
395 5 95 104 127 152 466 
396 5 28 58 325 393 403 
397 6 118 135 137 179 327 333 
398 5 19 64 213 276 325 
399 3 171 266 387 
400 6 122 133 178 214 288 443 
401 3 35 423 500 
402 10 51 76 88 171 263 343 384 447 491 500 
403 5 258 367 396 416 538 
404 5 85 87 98 345 515 
405 4 55 101 491 511 
406 6 41 198 202 223 252 465 
407 8 32 68 88 147 373 379 441 466 
408 3 206 513 536 
409 6 47 70 156 206 358 471 
410 7 177 201 287 366 437 454 481 
411 4 168 313 352 496 
412 2 43 278 
413 6 130 149 297 426 456 515 
414 3 21 44 130 
415 2 246 502 
416 2 403 488 
417 6 190 225 257 288 360 520 
418 1 31 
419 1 78 
420 4 3 37 373 485 
421 1 431 
422 5 22 323 361 482 548 
423 2 401 533 
424 4 73 76 203 500 
425 5 4 114 429 491 517 
426 4 87 319 355 413 
427 2 24 168 
428 4 184 230 235 549 
429 5 54 337 359 425 517 
430 3 28 123 510 
431 8 41 101 187 264 421 455 488 545 
432 3 10 90 357 
433 4 124 188 196 299 
434 3 156 167 177 
435 3 38 449 466 
436 7 212 219 224 263 492 500 525 
437 6 192 242 281 290 410 534 
438 2 276 513 
439 2 169 440 
440 4 129 439 518 524 
441 6 36 38 101 200 407 542 
442 3 160 204 548 
443 3 215 400 512 
444 3 41 83 249 
445 1 475 
446 4 114 133 285 516 
447 10 20 36 206 227 271 276 329 374 402 507 
448 7 24 39 289 316 329 374 386 
449 5 145 147 225 293 435 
450 3 57 216 370 
451 9 22 63 91 92 254 265 288 373 503 
452 2 256 482 
453 2 325 506 
454 3 94 410 483 
455 7 82 235 272 313 431 478 492 
456 5 73 252 413 513 544 
457 5 72 139 319 487 547 
458 6 45 123 193 238 247 489 
459 5 82 287 346 353 464 
460 4 82 291 296 345 
461 3 100 123 166 
462 3 123 202 290 
463 5 15 149 167 376 507 
464 5 14 60 459 465 539 
465 3 187 406 464 
466 4 186 395 407 435 
467 4 21 92 219 303 
468 3 33 182 194 
469 6 23 43 103 158 493 536 
470 4 245 264 279 319 
471 5 17 80 83 161 409 
472 3 190 523 539 
473 4 43 224 308 482 
474 5 19 46 223 247 323 
475 5 208 261 445 484 491 
476 4 65 82 160 223 
477 4 43 67 110 220 
478 4 210 240 455 486 
479 1 50 
480 0 
481 5 38 163 326 410 500 
482 7 44 116 151 422 452 473 514 
483 7 37 145 214 244 343 454 522 
484 3 243 475 494 
485 6 13 93 181 206 261 420 
486 6 95 217 225 228 256 478 
487 6 50 249 379 457 501 530 
488 3 416 431 544 
489 3 337 458 518 
490 3 79 372 525 
491 6 101 192 402 405 425 475 
492 8 2 39 313 325 332 436 455 545 
493 5 104 237 308 332 469 
494 5 111 138 181 323 484 
495 5 23 138 159 185 506 
496 5 142 270 305 327 411 
497 4 69 119 212 367 
498 6 16 73 84 129 375 383 
499 8 77 101 125 143 215 301 337 362 
500 6 34 401 402 424 436 481 
501 5 79 178 276 487 536 
502 3 75 94 415 
503 5 195 241 317 385 451 
504 4 53 63 69 213 
505 2 355 394 
506 7 27 78 101 172 260 453 495 
507 4 103 272 447 463 
508 4 11 109 182 200 
509 0 
510 5 41 175 188 430 520 
511 8 82 99 133 145 275 349 369 405 
512 4 45 82 352 443 
513 7 219 229 240 316 408 438 456 
514 6 39 48 230 349 482 544 
515 7 15 162 204 286 349 404 413 
516 5 25 66 294 446 546 
517 2 425 429 
518 3 309 440 489 
519 5 2 90 92 365 535 
520 3 103 417 510 
521 1 312 
522 5 18 179 277 483 525 
523 2 260 472 
524 8 15 20 66 96 127 286 389 440 
525 7 51 195 249 350 436 490 522 
526 0 
527 4 226 262 325 536 
528 3 19 374 541 
529 1 228 
530 4 219 267 394 487 
531 3 102 173 353 
532 4 86 252 274 363 
533 2 6 423 
534 3 20 127 437 
535 4 25 189 519 540 
536 8 32 166 168 216 408 469 501 527 
537 2 143 276 
538 2 145 403 
539 8 78 130 218 226 231 299 464 472 
540 3 106 123 535 
541 4 93 216 271 528 
542 5 45 78 111 283 441 
543 6 54 105 123 170 268 278 
544 7 181 197 373 456 488 514 545 
545 7 5 160 267 316 431 492 544 
546 3 245 283 516 
547 3 64 390 457 
548 4 123 171 422 442 
549 3 47 339 428 
