550 1855
0 5 81 173 175 333 411 
1 9 133 153 159 174 179 254 260 276 497 
2 7 90 128 181 358 366 492 519 
3 5 27 85 186 420 517 
4 7 7 65 78 243 394 425 436 
5 13 63 65 90 93 120 136 240 244 256 334 368 503 545 
6 2 533 539 
7 7 4 58 65 195 203 318 327 
8 3 64 225 363 
9 5 27 34 200 271 316 
10 8 63 137 186 197 204 373 432 506 
11 12 46 73 136 178 238 288 309 310 313 382 384 508 
12 4 48 156 220 255 
13 2 39 485 
14 5 148 175 187 399 464 
15 11 111 152 175 191 206 356 426 463 494 515 524 
16 6 92 240 246 274 479 498 
17 9 27 40 116 159 175 212 280 343 471 
18 8 42 57 193 303 317 354 410 522 
19 8 204 246 320 352 398 474 526 528 
20 8 27 30 34 114 321 447 524 534 
21 12 40 48 58 90 134 174 184 220 319 347 414 467 
22 8 53 106 161 230 280 296 422 451 
23 5 331 370 374 469 495 
24 6 82 146 192 369 427 448 
25 6 113 121 238 311 516 535 
26 2 61 319 
27 11 3 9 17 20 68 323 370 392 424 453 506 
28 5 123 259 278 396 430 
29 5 108 115 272 306 328 
30 3 20 125 313 
31 8 59 158 180 208 250 283 290 418 
32 6 119 136 266 323 407 536 
33 12 152 168 218 328 374 389 408 468 495 536 545 548 
34 10 9 20 44 56 88 148 167 181 194 500 
35 5 168 207 351 401 467 
36 9 183 194 202 318 330 381 412 441 447 
37 7 161 162 197 200 262 420 483 
38 10 70 107 112 183 185 250 256 435 441 481 
39 7 13 56 253 268 448 492 514 
40 6 17 21 91 121 137 501 
41 8 206 272 394 406 431 444 510 516 
42 3 18 76 125 
43 6 78 412 448 469 473 477 
44 10 34 49 73 238 284 295 296 317 414 482 
45 4 335 458 512 542 
46 8 11 144 164 173 259 310 438 474 
47 6 142 201 214 409 425 549 
48 8 12 21 222 278 316 360 433 514 
49 4 44 203 311 360 
50 5 249 349 355 479 487 
51 10 150 301 311 319 324 327 347 402 437 525 
52 6 128 164 192 195 280 314 
53 8 22 78 206 304 376 389 473 504 
54 6 88 320 353 377 429 543 
55 8 99 105 121 243 313 337 405 507 
56 6 34 39 77 145 282 380 
57 8 18 125 154 207 276 289 450 477 
58 6 7 21 149 264 280 396 
59 4 31 100 259 431 
60 6 69 140 187 310 464 469 
61 7 26 85 99 219 296 491 500 
62 4 157 176 316 492 
63 9 5 10 73 82 116 193 219 451 504 
64 5 8 123 398 408 547 
65 9 4 5 7 75 99 241 284 335 476 
66 5 152 183 496 516 524 
67 10 69 81 90 101 114 143 148 158 431 477 
68 4 27 132 188 407 
69 10 60 67 233 257 278 305 387 494 497 504 
70 9 38 202 253 299 312 358 409 459 531 
71 7 97 143 184 230 260 317 350 
72 7 115 145 248 332 413 457 499 
73 8 11 44 63 211 370 424 456 498 
74 9 93 196 306 325 374 382 387 392 473 
75 6 65 76 151 309 356 502 
76 7 42 75 118 257 393 402 424 
77 6 56 129 133 246 332 499 
78 12 4 43 53 105 256 342 382 419 456 506 539 542 
79 7 80 141 154 300 418 490 501 
80 5 79 126 238 447 471 
81 9 0 67 110 143 247 250 319 359 371 
82 14 24 63 109 128 307 317 444 455 459 460 476 511 512 519 
83 5 139 173 431 444 471 
84 5 108 179 257 383 498 
85 10 3 61 146 187 229 317 352 367 368 404 
86 8 138 159 267 282 389 430 502 532 
87 8 104 145 273 361 404 411 426 536 
88 9 34 54 317 336 383 402 407 516 538 
89 4 111 213 295 385 
90 10 2 5 21 67 116 267 333 349 432 519 
91 8 40 131 149 224 231 297 451 493 
92 6 16 183 323 451 467 519 
93 9 5 74 210 222 269 327 485 486 541 
94 6 188 279 386 454 459 502 
95 5 218 349 391 395 486 
96 5 176 245 250 416 524 
97 6 71 136 246 265 284 484 
98 8 144 149 202 305 347 350 388 404 
99 7 55 61 65 159 321 337 511 
100 5 59 153 172 382 461 
101 11 67 134 282 323 405 431 441 489 491 499 506 
102 7 269 305 306 321 336 426 531 
103 10 118 164 180 239 293 315 353 469 507 520 
104 8 87 133 260 295 320 377 395 493 
105 9 55 78 132 184 236 238 275 281 543 
106 8 22 167 374 375 383 412 472 540 
107 5 38 110 273 393 401 
108 5 29 84 217 326 435 
109 5 82 194 213 394 508 
110 9 81 107 118 246 265 328 335 385 477 
111 8 15 89 145 176 190 469 494 542 
112 7 38 192 220 309 325 370 449 
113 6 25 194 336 392 396 425 
114 8 20 67 185 203 376 425 446 447 
115 7 29 72 196 365 371 488 539 
116 8 17 63 90 200 338 353 468 482 
117 1 319 
118 6 76 103 110 303 397 464 
119 7 32 163 215 216 344 479 497 
120 5 5 234 263 434 541 
121 4 25 40 55 236 
122 6 125 126 137 197 380 400 
123 15 28 64 255 297 323 340 411 430 452 458 461 462 540 543 548 
124 7 142 185 217 223 410 433 465 
125 8 30 42 57 122 188 221 280 499 
126 5 80 122 329 356 400 
127 6 146 184 395 519 524 534 
128 7 2 52 82 206 282 381 458 
129 3 77 440 498 
130 5 297 396 413 414 539 
131 3 91 238 298 
132 6 68 105 273 305 442 524 
133 8 1 77 104 160 231 400 446 511 
134 5 21 101 173 284 393 
135 2 397 404 
136 7 5 11 32 97 143 189 213 
137 5 10 40 122 389 397 
138 8 86 217 232 294 408 455 494 495 
139 8 83 143 218 229 235 309 361 457 
140 5 60 261 310 386 440 
141 7 79 148 184 231 240 312 331 
142 6 47 124 391 410 496 523 
143 13 67 71 81 136 139 176 189 205 215 269 304 499 537 
144 3 46 98 337 
145 10 56 72 87 111 155 385 449 483 511 538 
146 5 24 85 127 198 200 
147 7 272 343 363 407 449 450 519 
148 7 14 34 67 141 218 347 358 
149 11 58 91 98 264 274 292 357 371 413 433 463 
150 7 51 161 172 183 196 302 435 
151 4 75 345 347 482 
152 4 15 33 66 395 
153 9 1 100 290 297 322 353 356 405 476 
154 5 57 79 180 257 386 
155 6 145 243 266 350 386 471 
156 7 12 225 365 397 409 434 542 
157 5 62 171 241 366 409 
158 8 31 67 176 238 241 358 370 469 
159 10 1 17 86 99 184 284 342 347 391 495 
160 6 133 176 283 442 476 545 
161 5 22 37 150 296 471 
162 9 37 191 216 239 298 301 347 424 515 
163 4 119 323 447 481 
164 6 46 52 103 213 302 505 
165 9 167 209 229 264 289 344 352 372 375 
166 4 263 340 461 536 
167 10 34 106 165 241 284 288 411 431 434 463 
168 7 33 35 351 399 411 427 536 
169 5 188 265 378 439 515 
170 2 542 543 
171 9 157 175 230 314 371 399 402 415 548 
172 7 100 150 213 291 303 416 506 
173 8 0 46 83 134 316 392 394 531 
174 4 1 21 188 244 
175 14 0 14 15 17 171 196 218 248 267 340 365 381 475 510 
176 7 62 96 111 143 158 160 218 
177 4 198 340 410 434 
178 12 11 184 188 191 209 266 335 400 412 445 501 508 
179 8 1 84 228 340 390 397 522 535 
180 6 31 103 154 207 417 436 
181 5 2 34 485 494 544 
182 6 197 315 326 468 508 548 
183 10 36 38 66 92 150 197 312 314 349 444 
184 9 21 71 105 127 141 159 178 206 428 
185 4 38 114 124 495 
186 5 3 10 357 466 483 
187 8 14 60 85 242 431 465 477 515 
188 9 68 94 125 169 174 178 370 433 510 
189 6 136 143 308 340 470 535 
190 5 111 401 410 417 472 
191 4 15 162 178 311 
192 10 24 52 112 202 246 341 387 437 491 545 
193 6 18 63 214 238 276 458 
194 6 34 36 109 113 398 468 
195 9 7 52 242 265 443 487 503 525 529 
196 10 74 115 150 175 203 247 273 321 395 433 
197 8 10 37 122 182 183 299 353 544 
198 6 146 177 279 331 403 406 
199 2 292 371 
200 11 9 37 116 146 210 259 296 305 441 501 508 
201 2 47 410 
202 10 36 70 98 192 233 406 434 435 462 465 
203 11 7 49 114 196 268 302 313 377 392 424 485 
204 6 10 19 224 344 442 515 
205 5 143 233 251 290 465 
206 13 15 41 53 128 184 276 360 380 408 409 411 447 485 
207 7 35 57 180 213 259 292 310 
208 3 31 292 475 
209 6 165 178 217 231 280 388 
210 9 93 200 246 285 304 342 409 429 478 
211 5 73 278 299 370 441 
212 8 17 334 359 370 383 406 436 497 
213 10 89 109 136 164 172 207 345 398 504 534 
214 8 47 193 216 237 374 400 483 512 
215 9 119 143 316 326 341 373 439 443 499 
216 8 119 162 214 354 372 450 536 541 
217 7 108 124 138 209 315 486 541 
218 9 33 95 139 148 175 176 282 376 539 
219 7 61 63 336 436 467 513 530 
220 8 12 21 112 264 279 312 361 477 
221 3 125 371 417 
222 7 48 93 232 336 387 470 486 
223 9 124 287 302 310 368 406 414 474 476 
224 8 91 204 252 316 331 343 436 473 
225 10 8 156 245 317 417 434 449 480 486 516 
226 5 262 378 499 527 539 
227 4 251 371 447 507 
228 7 179 257 259 268 358 486 529 
229 6 85 139 165 257 264 513 
230 5 22 71 171 428 514 
231 9 91 133 141 209 245 272 327 333 539 
232 3 138 222 275 
233 7 69 202 205 266 280 364 508 
234 2 120 390 
235 10 139 262 284 287 329 360 374 385 428 455 
236 6 105 121 285 322 356 370 
237 4 214 269 488 493 
238 13 11 25 44 80 105 131 158 193 307 319 350 365 458 
239 7 103 162 243 247 341 376 432 
240 5 5 16 141 478 513 
241 11 65 157 158 167 257 321 334 365 394 458 503 
242 7 187 195 247 310 329 414 437 
243 10 4 55 155 239 328 360 365 377 474 484 
244 5 5 174 269 375 483 
245 7 96 225 231 308 470 521 546 
246 10 16 19 77 97 110 192 210 332 414 415 
247 8 81 196 239 242 290 409 458 474 
248 2 72 175 
249 7 50 322 346 444 487 496 525 
250 7 31 38 81 96 315 317 464 
251 8 205 227 341 344 357 372 406 456 
252 4 224 406 456 532 
253 5 39 70 448 459 490 
254 6 1 314 336 410 451 549 
255 6 12 123 285 326 343 518 
256 10 5 38 78 353 386 452 453 484 486 528 
257 9 69 76 84 154 228 229 241 280 417 
258 2 304 403 
259 8 28 46 59 200 207 228 380 387 
260 9 1 71 104 264 331 389 506 523 534 
261 5 140 301 471 475 485 
262 7 37 226 235 308 311 363 527 
263 4 120 166 402 436 
264 10 58 149 165 220 229 260 360 373 431 470 
265 9 97 110 169 195 313 316 352 364 451 
266 7 32 155 178 233 399 472 487 
267 9 86 90 175 317 419 445 522 530 545 
268 6 39 203 228 375 377 543 
269 8 93 102 143 237 244 300 371 413 
270 3 333 483 496 
271 4 9 292 447 541 
272 7 29 41 147 231 335 455 507 
273 4 87 107 132 196 
274 7 16 149 327 353 426 444 532 
275 3 105 232 511 
276 11 1 57 193 206 325 354 398 438 447 501 537 
277 4 295 415 434 522 
278 7 28 48 69 211 412 466 543 
279 7 94 198 220 309 396 470 503 
280 9 17 22 52 58 125 209 233 257 283 
281 3 105 296 437 
282 7 56 86 101 128 218 414 436 
283 9 31 160 280 315 334 377 490 542 546 
284 8 44 65 97 134 159 167 235 509 
285 5 210 236 255 314 446 
286 3 496 515 524 
287 5 223 235 303 410 459 
288 6 11 167 385 400 417 451 
289 4 57 165 337 448 
290 7 31 153 205 247 368 437 462 
291 2 172 460 
292 7 149 199 207 208 271 365 420 
293 2 103 449 
294 8 138 323 342 351 354 364 400 516 
295 4 44 89 104 277 
296 9 22 44 61 161 200 281 310 373 460 
297 6 91 123 130 153 392 413 
298 3 131 162 466 
299 6 70 197 211 433 457 539 
300 4 79 269 385 459 
301 5 51 162 261 380 499 
302 6 150 164 203 223 313 345 
303 6 18 118 172 287 359 467 
304 7 53 143 210 258 328 408 484 
305 8 69 98 102 132 200 333 334 496 
306 8 29 74 102 308 323 386 426 460 
307 5 82 238 337 341 381 
308 8 189 245 262 306 342 473 482 493 
309 6 11 75 112 139 279 518 
310 9 11 46 60 140 207 223 242 296 383 
311 7 25 49 51 191 262 486 547 
312 8 70 141 183 220 367 376 497 521 
313 9 11 30 55 203 265 302 411 455 492 
314 6 52 171 183 254 285 355 
315 6 103 182 217 250 283 346 
316 12 9 48 62 173 215 224 265 323 342 448 513 545 
317 11 18 44 71 82 85 88 225 250 267 351 503 
318 4 7 36 333 349 
319 12 21 26 51 81 117 238 357 388 426 447 457 470 
320 5 19 54 104 359 370 
321 6 20 99 102 196 241 545 
322 3 153 236 249 
323 13 27 32 92 101 123 163 294 306 316 337 422 474 494 
324 5 51 330 347 352 482 
325 10 74 112 276 355 386 396 398 453 492 527 
326 5 108 182 215 255 481 
327 7 7 51 93 231 274 397 496 
328 6 29 33 110 243 304 441 
329 8 126 235 242 333 338 363 447 448 
330 3 36 324 387 
331 7 23 141 198 224 260 372 514 
332 6 72 77 246 362 492 493 
333 9 0 90 231 270 305 318 329 345 397 
334 6 5 212 241 283 305 374 
335 5 45 65 110 178 272 
336 9 88 102 113 219 222 254 342 435 508 
337 10 55 99 144 289 307 323 351 429 489 499 
338 3 116 329 388 
339 1 549 
340 8 123 166 175 177 179 189 428 526 
341 5 192 215 239 251 307 
342 8 78 159 210 294 308 316 336 480 
343 7 17 147 224 255 390 402 483 
344 5 119 165 204 251 495 
345 8 151 213 302 333 404 414 460 522 
346 6 249 315 376 459 508 544 
347 8 21 51 98 148 151 159 162 324 
348 1 387 
349 8 50 90 95 183 318 511 514 515 
350 6 71 98 155 238 407 525 
351 5 35 168 294 317 337 
352 7 19 85 165 265 324 411 512 
353 11 54 103 116 153 197 256 274 372 443 459 531 
354 6 18 216 276 294 387 413 
355 6 50 314 325 426 445 505 
356 6 15 75 126 153 236 540 
357 5 149 186 251 319 432 
358 8 2 70 148 158 228 362 390 409 
359 7 81 212 303 320 394 429 493 
360 8 48 49 206 235 243 264 417 419 
361 5 87 139 220 422 517 
362 4 332 358 490 499 
363 5 8 147 262 329 532 
364 3 233 265 294 
365 10 115 156 175 238 241 243 292 467 495 519 
366 3 2 157 410 
367 5 85 312 403 488 497 
368 6 5 85 223 290 455 475 
369 4 24 443 477 511 
370 12 23 27 73 112 158 188 211 212 236 320 414 450 
371 10 81 115 149 171 199 221 227 269 391 453 
372 6 165 216 251 331 353 490 
373 9 10 215 264 296 407 420 451 477 544 
374 11 23 33 74 106 214 235 334 447 448 467 528 
375 6 106 165 244 268 388 498 
376 7 53 114 218 239 312 346 463 
377 10 54 104 203 243 268 283 380 432 484 508 
378 4 169 226 404 457 
379 2 407 487 
380 7 56 122 206 259 301 377 381 
381 6 36 128 175 307 380 422 
382 4 11 74 78 100 
383 7 84 88 106 212 310 440 498 
384 3 11 402 543 
385 7 89 110 145 235 288 300 503 
386 8 94 140 154 155 256 306 325 448 
387 9 69 74 192 222 259 330 348 354 399 
388 6 98 209 319 338 375 431 
389 8 33 53 86 137 260 519 524 549 
390 5 179 234 343 358 547 
391 4 95 142 159 371 
392 6 27 74 113 173 203 297 
393 5 76 107 134 396 435 
394 8 4 41 109 173 241 359 505 530 
395 7 95 104 127 152 196 429 466 
396 8 28 58 113 130 279 325 393 403 
397 9 118 135 137 156 179 327 333 404 507 
398 6 19 64 194 213 276 325 
399 5 14 168 171 266 387 
400 8 122 126 133 178 214 288 294 443 
401 5 35 107 190 423 500 
402 10 51 76 88 171 263 343 384 447 491 500 
403 7 198 258 367 396 416 457 538 
404 8 85 87 98 135 345 378 397 515 
405 5 55 101 153 491 511 
406 8 41 198 202 212 223 251 252 465 
407 11 32 68 88 147 350 373 379 441 452 466 495 
408 9 33 64 138 206 304 513 520 536 542 
409 9 47 70 156 157 206 210 247 358 471 
410 12 18 124 142 177 190 201 254 287 366 437 454 481 
411 11 0 87 123 167 168 206 313 352 496 533 539 
412 5 36 43 106 178 278 
413 10 72 130 149 269 297 354 426 456 491 515 
414 9 21 44 130 223 242 246 282 345 370 
415 4 171 246 277 502 
416 4 96 172 403 488 
417 8 180 190 221 225 257 288 360 520 
418 3 31 79 503 
419 4 78 267 360 462 
420 8 3 37 292 373 426 467 485 505 
421 1 431 
422 7 22 323 361 381 472 482 548 
423 2 401 533 
424 6 27 73 76 162 203 500 
425 7 4 47 113 114 429 491 517 
426 9 15 87 102 274 306 319 355 413 420 
427 3 24 168 510 
428 6 184 230 235 340 466 549 
429 7 54 210 337 359 395 425 517 
430 5 28 86 123 493 510 
431 14 41 59 67 83 101 167 187 264 388 421 455 468 488 545 
432 6 10 90 239 357 377 543 
433 7 48 124 149 188 196 299 439 
434 7 120 156 167 177 202 225 277 
435 8 38 108 150 202 336 393 449 466 
436 10 4 180 212 219 224 263 282 492 500 525 
437 7 51 192 242 281 290 410 534 
438 4 46 276 500 513 
439 4 169 215 433 440 
440 6 129 140 383 439 518 524 
441 8 36 38 101 200 211 328 407 542 
442 5 132 160 204 528 548 
443 6 195 215 353 369 400 512 
444 7 41 82 83 183 249 274 498 
445 4 178 267 355 475 
446 4 114 133 285 516 
447 14 20 36 80 114 163 206 227 271 276 319 329 374 402 507 
448 10 24 39 43 253 289 316 329 374 386 505 
449 6 112 145 147 225 293 435 
450 5 57 147 216 370 521 
451 9 22 63 91 92 254 265 288 373 503 
452 5 123 256 407 476 482 
453 5 27 256 325 371 506 
454 3 94 410 483 
455 10 82 138 235 272 313 368 431 462 478 492 
456 8 73 78 251 252 413 466 513 544 
457 8 72 139 299 319 378 403 487 547 
458 9 45 123 128 193 238 241 247 489 514 
459 9 70 82 94 253 287 300 346 353 464 
460 5 82 291 296 306 345 
461 3 100 123 166 
462 5 123 202 290 419 455 
463 5 15 149 167 376 507 
464 7 14 60 118 250 459 465 539 
465 6 124 187 202 205 406 464 
466 9 186 278 298 395 407 428 435 456 549 
467 8 21 35 92 219 303 365 374 420 
468 7 33 116 182 194 431 476 515 
469 8 23 43 60 103 111 158 493 536 
470 6 189 222 245 264 279 319 
471 7 17 80 83 155 161 261 409 
472 7 106 190 266 422 503 523 539 
473 6 43 53 74 224 308 482 
474 6 19 46 223 243 247 323 
475 7 175 208 261 368 445 484 491 
476 7 65 82 153 160 223 452 468 
477 8 43 57 67 110 187 220 369 373 
478 4 210 240 455 486 
479 3 16 50 119 
480 3 225 342 539 
481 5 38 163 326 410 500 
482 9 44 116 151 308 324 422 452 473 514 
483 9 37 145 186 214 244 270 343 454 522 
484 7 97 243 256 304 377 475 494 
485 7 13 93 181 203 206 261 420 
486 9 93 95 217 222 225 228 256 311 478 
487 8 50 195 249 266 379 457 501 530 
488 6 115 237 367 416 431 544 
489 4 101 337 458 518 
490 7 79 253 283 362 372 521 525 
491 10 61 101 192 402 405 413 425 475 521 540 
492 10 2 39 62 313 325 332 436 455 528 545 
493 8 91 104 237 308 332 359 430 469 
494 7 15 69 111 138 181 323 484 
495 9 23 33 138 159 185 344 365 407 506 
496 8 66 142 249 270 286 305 327 411 
497 6 1 69 119 212 312 367 
498 7 16 73 84 129 375 383 444 
499 10 72 77 101 125 143 215 226 301 337 362 
500 8 34 61 401 402 424 436 438 481 
501 7 40 79 178 200 276 487 536 
502 4 75 86 94 415 
503 9 5 195 241 279 317 385 418 451 472 
504 4 53 63 69 213 
505 5 164 355 394 420 448 
506 8 10 27 78 101 172 260 453 495 
507 7 55 103 227 272 397 447 463 
508 9 11 109 178 182 200 233 336 346 377 
509 1 284 
510 7 41 175 188 427 430 520 522 
511 8 82 99 133 145 275 349 369 405 
512 5 45 82 214 352 443 
513 7 219 229 240 316 408 438 456 
514 8 39 48 230 331 349 458 482 544 
515 10 15 162 169 187 204 286 349 404 413 468 
516 9 25 41 66 88 225 294 446 533 546 
517 5 3 361 425 429 530 
518 4 255 309 440 489 
519 9 2 82 90 92 127 147 365 389 535 
520 4 103 408 417 510 
521 5 245 312 450 490 491 
522 8 18 179 267 277 345 483 510 525 
523 3 142 260 472 
524 9 15 20 66 96 127 132 286 389 440 
525 7 51 195 249 350 436 490 522 
526 2 19 340 
527 5 226 262 325 536 544 
528 6 19 256 374 442 492 541 
529 2 195 228 
530 5 219 267 394 487 517 
531 4 70 102 173 353 
532 4 86 252 274 363 
533 4 6 411 423 516 
534 5 20 127 213 260 437 
535 5 25 179 189 519 540 
536 10 32 33 87 166 168 216 408 469 501 527 
537 2 143 276 
538 4 88 145 403 545 
539 12 6 78 115 130 218 226 231 299 411 464 472 480 
540 5 106 123 356 491 535 
541 6 93 120 216 217 271 528 
542 8 45 78 111 156 170 283 408 441 
543 8 54 105 123 170 268 278 384 432 
544 9 181 197 346 373 456 488 514 527 545 
545 11 5 33 160 192 267 316 321 431 492 538 544 
546 3 245 283 516 
547 4 64 311 390 457 
548 6 33 123 171 182 422 442 
549 6 47 254 339 389 428 466 
