550 6404
0 18 7 61 76 81 163 173 175 202 333 395 396 411 445 468 492 500 514 515 
1 18 58 89 133 153 159 174 179 222 254 260 276 308 320 334 336 405 476 497 
2 26 13 90 92 109 128 143 181 235 266 278 284 292 322 337 358 362 366 367 382 417 443 476 484 492 519 536 
3 22 15 27 85 113 116 161 175 186 205 207 247 277 342 357 381 384 392 420 462 475 517 531 
4 23 7 11 19 57 62 65 78 171 184 222 243 252 340 367 381 394 425 432 436 437 476 493 511 
5 30 29 63 65 90 93 96 120 127 136 212 218 240 244 256 303 334 342 347 368 386 400 438 439 448 469 471 495 503 544 545 
6 13 75 149 171 188 196 233 234 276 336 337 390 533 539 
7 22 0 4 32 58 65 67 108 120 164 179 195 203 284 290 318 327 396 413 438 514 526 539 
8 15 33 64 80 108 109 210 221 225 249 329 363 412 495 519 537 
9 21 15 17 27 34 80 116 150 164 174 200 235 271 283 316 339 384 397 414 486 525 542 
10 23 21 30 37 56 63 114 137 173 186 197 204 233 310 332 339 373 384 397 422 432 506 512 513 
11 27 4 20 46 48 73 92 136 178 182 238 259 288 309 310 313 324 382 384 386 387 394 419 464 469 498 500 508 
12 20 48 75 101 109 156 161 199 219 220 239 255 278 311 341 365 412 431 464 469 528 
13 20 2 20 39 46 60 152 169 190 197 244 283 347 366 372 383 453 454 474 485 504 
14 23 24 50 94 125 148 171 175 187 195 201 216 253 270 300 355 399 405 411 419 464 513 536 546 
15 29 3 9 24 37 110 111 152 175 191 206 228 243 356 363 369 375 392 426 433 463 475 481 493 494 500 510 515 524 532 
16 28 17 92 124 171 173 191 233 236 240 246 250 251 255 266 274 283 289 302 304 313 382 404 422 436 478 479 498 503 
17 31 9 16 27 40 54 93 116 159 168 175 176 191 212 224 280 295 306 343 366 385 417 418 421 432 458 459 471 496 517 520 544 
18 16 31 42 47 57 112 193 199 210 303 317 354 362 410 483 522 547 
19 31 4 31 82 110 204 212 214 238 244 246 261 314 320 326 350 352 356 365 391 398 428 435 451 471 474 482 490 523 526 528 530 
20 28 11 13 22 27 30 34 49 55 58 60 114 264 275 280 321 336 345 366 368 382 418 424 447 463 489 524 534 545 
21 23 10 26 40 48 58 69 83 90 134 146 174 184 220 263 319 347 350 393 414 467 473 482 530 
22 29 20 33 53 81 85 87 101 106 118 129 161 174 230 280 296 305 316 369 386 422 451 456 473 486 489 513 515 531 535 
23 15 143 152 153 165 173 246 255 291 331 339 370 374 469 495 549 
24 27 14 15 49 76 82 94 116 146 175 192 211 235 280 323 333 358 365 369 394 395 427 432 434 439 448 475 504 
25 22 42 62 99 112 113 121 142 197 201 209 219 238 241 311 372 379 384 494 516 533 535 539 
26 20 21 32 36 61 82 103 118 217 236 243 319 320 344 358 385 398 416 470 523 529 
27 28 3 9 17 20 68 69 78 83 113 180 190 191 217 264 305 323 357 358 370 392 416 424 453 475 486 496 506 516 
28 22 65 117 119 123 208 259 260 275 278 283 292 346 351 396 408 423 430 432 448 465 515 519 
29 15 5 75 108 115 137 202 231 272 291 306 325 328 344 360 409 
30 20 10 20 46 102 125 138 144 168 201 257 313 330 335 351 414 448 456 506 528 532 
31 27 18 19 46 50 59 65 92 158 169 180 208 211 216 246 250 283 290 295 320 382 393 404 412 418 486 516 521 
32 25 7 26 40 86 96 100 119 136 177 246 250 266 278 323 388 402 407 412 436 447 464 469 509 526 536 
33 39 8 22 58 81 94 100 109 122 152 167 168 177 192 218 223 225 232 233 250 275 276 283 299 328 338 370 374 389 408 468 477 482 485 494 495 505 536 545 548 
34 29 9 20 44 56 84 86 88 109 123 139 148 167 170 174 181 194 228 229 255 257 267 337 389 390 447 450 455 500 530 
35 21 48 57 71 81 95 105 119 141 168 207 244 324 351 389 401 410 467 471 531 542 549 
36 24 26 57 128 147 183 194 202 270 295 296 318 330 379 381 412 421 431 434 441 442 447 484 506 537 
37 26 10 15 76 82 106 141 161 162 197 200 221 248 255 262 335 364 376 390 402 410 420 483 484 509 540 544 
38 28 69 70 86 98 101 107 112 144 158 180 183 185 240 250 256 266 277 283 284 287 360 414 421 432 433 435 441 481 
39 25 13 53 56 120 122 159 225 245 250 253 268 278 279 283 291 355 362 364 399 408 448 480 492 509 514 
40 27 17 21 32 58 67 71 82 86 90 91 121 137 139 143 144 160 179 185 218 253 266 350 356 433 450 501 524 
41 30 46 56 69 78 125 134 135 147 173 206 224 261 272 346 353 359 374 376 394 406 412 428 431 444 507 509 510 516 528 540 
42 23 18 25 63 76 120 125 151 186 216 236 262 268 272 284 288 334 375 377 382 421 510 520 530 
43 22 78 86 185 189 197 202 243 261 265 292 365 377 412 422 448 469 473 477 506 518 521 528 
44 29 34 49 51 53 54 73 82 96 100 110 122 152 192 201 234 235 238 239 284 295 296 317 351 414 418 441 477 482 524 
45 22 53 89 95 129 213 224 251 260 270 275 283 335 344 399 429 458 461 488 494 511 512 542 
46 17 11 13 30 31 41 144 164 173 216 259 310 365 399 438 470 474 504 
47 17 18 65 88 142 201 214 266 318 409 420 425 432 442 459 477 536 549 
48 25 11 12 21 35 121 139 202 218 222 259 276 278 283 299 309 316 334 337 350 358 360 396 433 514 532 
49 18 20 24 44 57 71 186 203 213 215 297 311 328 360 373 409 428 507 544 
50 28 14 31 59 79 81 90 94 129 130 191 207 215 219 235 249 258 272 273 306 310 340 349 354 355 381 446 479 487 
51 33 44 54 74 146 150 154 211 269 271 301 311 319 324 327 347 350 355 358 367 386 387 391 396 401 402 431 437 442 461 480 497 525 528 
52 22 60 102 128 130 133 163 164 169 192 195 212 262 275 280 287 300 314 347 379 404 442 512 
53 26 22 39 44 45 78 117 179 206 227 235 247 262 278 304 311 376 389 422 443 450 473 479 482 504 540 541 
54 19 17 44 51 88 91 198 218 302 310 319 320 353 377 404 429 446 484 517 543 
55 26 20 94 99 105 112 121 142 167 212 243 259 283 308 313 337 341 375 405 424 430 452 479 485 490 506 507 
56 21 10 34 39 41 77 83 145 160 253 282 321 337 339 341 357 380 400 420 471 532 547 
57 26 4 18 35 36 49 73 78 95 98 113 125 154 193 207 234 273 276 283 289 342 388 417 423 450 477 541 
58 23 1 7 20 21 33 40 90 120 134 145 149 253 264 268 280 287 368 384 396 443 489 492 502 
59 24 31 50 86 100 113 158 172 190 192 205 220 224 248 259 265 266 293 295 316 318 403 431 434 476 
60 28 13 20 52 63 69 101 107 131 140 144 150 163 179 187 196 202 214 235 284 310 314 345 367 437 464 469 484 528 
61 18 0 26 85 99 102 134 144 219 262 286 296 446 450 468 475 491 500 535 
62 21 4 25 138 150 157 158 176 208 211 219 253 281 301 308 316 353 356 366 492 531 539 
63 30 5 10 42 60 69 71 73 82 89 100 109 116 123 154 162 181 193 219 226 273 300 306 312 390 392 403 451 457 498 504 
64 19 8 72 113 122 123 128 166 222 252 281 338 345 358 372 398 408 444 542 547 
65 24 4 5 7 28 31 47 69 70 75 97 99 149 241 258 284 298 334 335 355 388 390 439 457 476 
66 14 81 152 183 312 342 369 376 396 437 453 496 516 524 536 
67 24 7 40 68 69 81 90 101 114 140 143 148 155 158 178 238 242 257 278 289 300 390 396 431 477 
68 15 27 67 132 177 180 188 252 263 276 334 407 437 446 518 532 
69 31 21 27 38 41 60 63 65 67 142 233 237 257 274 278 305 307 325 326 352 357 387 401 406 422 424 494 497 504 507 533 534 
70 22 38 65 145 202 209 220 233 241 246 253 278 299 312 358 409 438 442 459 488 508 518 531 
71 28 35 40 49 63 97 140 141 143 165 167 184 223 229 230 252 260 317 322 350 353 397 426 438 441 442 500 520 543 
72 23 64 115 121 145 158 193 211 248 261 312 321 332 357 368 381 413 418 421 436 457 499 535 541 
73 21 11 44 57 63 120 203 211 238 255 272 298 317 328 370 417 424 456 493 498 499 526 
74 20 51 93 128 158 179 196 280 306 325 326 337 374 382 387 392 416 473 502 503 512 
75 20 6 12 29 65 76 123 142 151 184 207 285 287 297 309 336 356 409 502 510 521 
76 27 0 24 37 42 75 117 118 145 185 213 254 257 301 308 320 359 379 385 388 393 402 424 430 435 459 464 467 
77 18 56 80 92 107 115 129 133 137 180 246 271 294 332 378 468 499 504 512 
78 31 4 27 41 43 53 57 90 105 114 138 150 166 169 199 214 240 241 256 270 304 342 382 401 417 419 423 456 506 522 539 542 
79 18 50 80 87 141 154 197 225 282 296 300 302 303 392 418 436 447 490 501 
80 22 8 9 77 79 99 126 162 186 215 231 238 281 323 347 353 375 409 414 447 448 455 471 
81 26 0 22 33 35 50 66 67 104 110 124 143 192 210 218 236 247 250 251 255 319 359 371 401 437 503 511 
82 35 19 24 26 37 40 44 63 109 119 125 128 154 174 186 229 247 304 307 311 317 342 345 381 402 427 444 448 455 459 460 476 479 511 512 519 
83 27 21 27 56 89 117 139 149 150 151 173 190 270 271 279 334 339 358 370 378 401 418 431 444 456 471 484 512 
84 22 34 88 106 108 157 169 179 218 234 257 275 287 302 306 381 383 391 392 426 431 493 498 
85 23 3 22 61 86 99 101 146 187 221 229 235 291 317 352 367 368 404 415 426 497 513 529 537 
86 27 32 34 38 40 43 59 85 115 131 138 159 182 262 267 282 307 346 351 353 379 389 414 430 482 501 502 532 
87 21 22 79 104 108 114 145 146 245 273 288 319 340 361 398 404 411 426 477 502 523 536 
88 26 34 47 54 84 103 174 180 233 236 257 260 278 291 317 328 330 336 380 383 402 404 407 420 475 516 538 
89 18 1 45 63 83 91 111 115 125 211 213 224 295 318 365 385 438 465 537 
90 26 2 5 21 40 50 58 67 78 112 116 120 165 252 253 267 289 333 338 349 406 432 479 481 519 527 549 
91 18 40 54 89 128 131 149 224 231 235 297 398 411 437 451 463 470 493 505 
92 27 2 11 16 31 77 133 170 183 219 232 248 294 323 357 362 366 408 426 430 451 458 467 503 507 515 519 538 
93 21 5 17 74 124 172 178 210 222 269 327 367 370 381 414 471 481 485 486 529 539 541 
94 24 14 24 33 50 55 157 188 233 235 238 266 279 297 316 386 424 439 454 459 477 491 502 513 530 
95 23 35 45 57 98 177 200 209 218 223 254 257 267 268 282 294 349 391 395 459 467 484 486 509 
96 17 5 32 44 143 145 150 152 176 245 250 314 416 488 500 522 523 524 
97 25 65 71 130 136 142 158 163 183 236 243 246 265 281 284 304 332 347 353 382 406 451 466 484 490 544 
98 22 38 57 95 121 144 145 149 152 202 270 302 305 347 350 374 388 404 414 458 492 514 517 
99 28 25 55 61 65 80 85 117 146 159 168 193 229 243 286 311 316 320 321 337 355 381 445 481 511 513 526 527 535 
100 24 32 33 44 59 63 116 153 172 176 217 224 226 295 317 380 382 405 426 431 443 461 489 492 547 
101 34 12 22 38 60 67 85 134 147 158 188 196 229 282 283 285 296 314 323 363 398 405 418 423 431 441 469 472 485 489 491 493 499 506 549 
102 18 30 52 61 114 122 135 202 269 305 306 321 336 342 370 378 426 427 531 
103 22 26 88 118 138 149 155 164 180 239 246 293 315 327 353 368 448 469 492 507 509 520 523 
104 22 81 87 133 138 142 163 199 204 209 260 295 320 355 377 395 408 409 431 452 488 493 521 
105 23 35 55 78 111 132 184 209 236 238 263 267 275 281 354 406 407 434 449 452 475 485 543 544 
106 26 22 37 84 143 155 166 167 179 216 253 271 302 345 374 375 383 397 412 416 431 435 456 472 478 535 540 
107 15 38 60 77 110 162 273 290 298 338 358 372 393 401 404 523 
108 15 7 8 29 84 87 131 178 217 220 244 258 326 435 448 491 
109 27 2 8 12 33 34 63 82 125 141 148 194 213 236 253 279 300 303 345 361 385 394 436 437 469 483 487 508 
110 27 15 19 44 81 107 118 140 143 152 180 185 238 246 265 286 328 335 338 351 368 385 392 406 429 456 477 544 
111 22 15 89 105 126 142 145 151 176 184 190 261 318 335 401 422 447 469 473 494 506 542 549 
112 23 18 25 38 55 90 131 141 192 220 256 266 309 325 370 381 400 422 449 506 516 518 535 537 
113 25 3 25 27 57 59 64 137 171 194 206 212 217 219 277 336 376 392 396 422 425 432 442 481 484 490 
114 28 10 20 67 78 87 102 161 167 174 179 185 203 233 261 294 329 354 370 376 398 404 424 425 446 447 454 537 540 
115 20 29 72 77 86 89 150 183 196 197 216 260 291 365 371 379 462 488 520 529 539 
116 30 3 9 17 24 63 90 100 118 166 186 200 233 246 253 254 268 294 336 338 342 349 353 394 428 433 442 466 468 482 549 
117 21 28 53 76 83 99 141 150 174 182 217 265 270 276 311 312 319 385 448 500 516 522 
118 25 22 26 76 103 110 116 135 186 246 257 288 303 310 340 341 397 408 426 464 469 477 490 507 517 542 
119 20 28 32 35 82 163 215 216 250 274 275 302 337 344 346 351 388 449 479 497 498 
120 20 5 7 39 42 58 73 90 131 151 234 248 263 305 353 400 434 440 445 521 541 
121 24 25 40 48 55 72 98 127 132 134 161 162 199 208 236 328 331 356 406 412 474 495 497 499 544 
122 25 33 39 44 64 102 125 126 127 137 153 197 204 227 239 252 262 301 378 380 398 400 405 414 488 503 
123 30 28 34 63 64 75 125 146 159 174 210 222 255 267 297 323 340 393 408 411 430 450 452 458 461 462 492 504 540 543 548 
124 21 16 81 93 142 168 185 217 223 242 249 300 305 410 429 431 433 446 465 487 526 546 
125 29 14 30 41 42 57 82 89 109 122 123 188 211 221 251 280 290 308 311 332 357 371 387 388 435 474 475 499 512 520 
126 24 80 111 122 135 151 214 245 254 309 313 318 328 329 355 356 357 400 411 420 424 488 491 515 541 
127 24 5 121 122 146 166 184 204 264 276 284 301 320 322 345 362 395 398 412 474 498 506 519 524 534 
128 25 2 36 52 64 74 82 91 138 161 194 196 206 269 282 329 381 385 386 400 427 438 458 482 503 509 
129 21 22 45 50 77 132 160 184 199 242 312 326 419 422 440 446 474 477 484 496 498 521 
130 15 50 52 97 223 228 297 362 396 413 414 466 491 510 517 539 
131 23 60 86 91 108 112 120 136 140 208 238 266 269 275 298 303 322 348 366 377 465 490 532 545 
132 17 68 105 121 129 206 230 273 286 305 357 362 416 442 451 486 524 549 
133 19 1 52 77 92 104 155 160 177 231 350 400 446 471 483 511 512 514 536 549 
134 29 21 41 58 61 101 121 158 173 180 198 199 250 252 265 273 280 284 305 306 381 385 389 393 418 448 456 491 495 530 
135 16 41 102 118 126 187 225 235 247 258 294 306 363 397 403 404 425 
136 18 5 11 32 97 131 143 189 207 213 230 276 277 293 331 359 371 377 382 
137 16 10 29 40 77 113 122 153 164 185 206 301 378 389 397 485 525 
138 33 30 62 78 86 103 104 128 145 150 161 163 204 207 214 217 232 235 241 294 312 316 318 351 374 397 399 408 453 455 477 494 495 541 
139 19 34 40 48 83 143 166 218 229 235 236 254 277 284 309 361 394 457 521 528 
140 23 60 67 71 110 131 141 166 261 275 304 310 347 371 386 391 426 435 440 495 511 519 528 546 
141 25 35 37 71 79 109 112 117 140 148 152 184 231 240 242 258 264 267 283 285 310 312 331 393 505 525 
142 19 25 47 55 69 75 97 104 111 124 152 167 249 385 391 401 410 495 496 523 
143 34 2 23 40 67 71 81 96 106 110 136 139 176 189 197 201 205 215 230 236 254 263 269 290 304 330 336 354 411 470 478 499 508 533 537 
144 30 30 38 40 46 60 61 98 158 216 251 255 267 268 305 314 321 337 353 387 393 421 455 463 469 472 485 502 512 539 548 
145 28 56 58 70 72 76 87 96 98 111 138 155 197 254 284 299 325 338 353 385 407 411 433 449 451 483 511 537 538 
146 19 21 24 51 85 87 99 123 127 178 188 191 198 200 273 306 336 360 379 482 
147 23 36 41 101 202 212 219 272 276 278 289 301 310 343 363 407 442 449 450 452 472 488 499 519 
148 26 14 34 67 109 141 218 220 257 274 284 326 330 347 358 361 376 397 412 429 433 462 472 487 502 505 517 
149 28 6 58 65 83 91 98 103 176 199 212 264 274 287 290 292 295 303 314 349 357 371 393 413 433 436 439 463 499 
150 30 9 51 60 62 78 83 96 115 117 138 153 159 161 172 183 196 205 211 248 302 303 327 368 428 429 435 447 487 532 533 
151 20 42 75 83 111 120 126 190 218 238 279 328 333 345 347 353 406 447 462 482 499 
152 26 13 15 23 33 44 66 96 98 110 141 142 173 176 206 214 278 309 365 393 395 407 472 489 490 503 509 
153 28 1 23 100 122 137 150 165 205 276 290 297 322 343 347 353 356 405 412 420 427 432 437 442 450 462 475 476 545 
154 19 51 57 63 79 82 180 227 228 237 257 277 285 306 325 328 386 490 495 517 
155 20 67 103 106 133 145 185 196 230 243 266 289 344 350 366 386 391 398 421 471 478 
156 17 12 174 188 191 225 342 365 397 409 423 431 434 435 492 513 536 542 
157 17 62 84 94 171 188 195 207 236 241 262 316 328 366 409 466 485 491 
158 25 31 38 59 62 67 72 74 97 101 134 144 159 176 238 241 280 327 334 358 366 370 392 445 469 525 
159 29 1 17 39 86 99 123 150 158 184 228 254 280 284 300 342 347 391 420 423 429 439 446 455 479 495 518 526 541 545 
160 17 40 56 129 133 176 268 269 283 318 337 362 396 442 464 476 490 545 
161 22 3 12 22 37 114 121 128 138 150 249 264 267 268 275 296 335 387 427 465 468 471 532 
162 25 37 63 80 107 121 173 176 191 196 200 205 216 229 239 298 301 314 347 382 424 462 515 519 533 541 
163 22 0 52 60 97 104 119 138 197 204 232 274 278 323 333 336 345 389 421 447 481 521 533 
164 20 7 9 46 52 103 137 194 213 238 302 308 311 370 446 452 460 497 505 510 514 
165 20 23 71 90 153 167 170 173 209 229 234 264 289 344 351 352 372 375 453 470 493 
166 29 64 78 106 116 127 139 140 193 197 232 242 243 247 252 254 256 263 319 330 340 349 355 380 402 419 458 461 516 536 
167 26 33 34 55 71 106 114 142 165 190 234 241 274 284 288 316 318 319 385 395 411 414 431 434 463 511 514 
168 20 17 30 33 35 99 124 244 331 332 351 382 390 399 411 419 427 479 489 527 536 
169 23 13 31 52 78 84 188 196 201 216 219 253 265 266 283 301 326 336 375 378 430 439 450 515 
170 13 34 92 165 204 222 247 407 414 443 476 542 543 545 
171 25 4 6 14 16 113 157 175 176 230 236 266 277 286 314 344 348 371 399 402 415 429 452 484 505 548 
172 18 59 93 100 150 198 213 287 291 293 303 416 455 471 489 493 506 509 541 
173 27 0 10 16 23 41 46 83 134 152 162 165 186 232 316 343 356 361 370 381 392 394 421 428 438 463 531 534 
174 26 1 9 21 22 34 82 88 114 117 123 156 188 244 269 271 273 320 339 341 358 367 376 386 437 463 549 
175 25 0 3 14 15 17 24 171 196 218 238 248 259 267 271 306 320 340 365 381 430 443 475 489 510 515 
176 24 17 62 96 100 111 143 149 152 158 160 162 171 197 198 218 227 269 270 303 322 328 346 380 546 
177 25 32 33 68 95 133 179 183 198 265 278 287 310 316 340 350 357 368 376 403 410 434 450 462 505 548 
178 26 11 67 93 108 146 183 184 188 191 206 209 223 224 266 335 346 400 402 412 445 480 501 508 511 534 537 
179 26 1 7 40 53 60 74 84 106 114 177 202 218 228 237 260 317 322 327 340 346 390 397 508 522 535 548 
180 21 27 31 38 68 77 88 103 110 134 154 207 218 225 249 283 334 363 417 436 486 502 
181 19 2 34 63 190 230 247 252 263 323 329 352 403 443 468 485 494 522 525 544 
182 19 11 86 117 197 241 243 244 293 313 315 319 321 326 330 401 409 468 508 548 
183 25 36 38 66 92 97 115 150 177 178 197 231 239 241 292 312 314 349 383 385 393 444 463 485 489 490 
184 27 4 21 71 75 105 111 127 129 141 159 178 191 206 230 235 266 287 311 321 342 361 405 428 430 513 531 548 
185 18 38 40 43 76 110 114 124 137 155 234 282 293 332 338 346 495 508 513 
186 18 3 10 42 49 80 82 116 118 173 244 248 357 364 365 382 466 483 499 
187 20 14 60 85 135 235 242 250 263 330 349 429 431 452 464 465 477 515 516 521 532 
188 23 6 68 94 101 125 146 156 157 169 174 178 191 214 268 365 370 384 400 433 445 510 535 546 
189 19 43 136 143 191 245 254 264 308 309 340 342 364 403 407 470 487 520 535 544 
190 23 13 27 59 83 111 151 167 181 234 269 298 322 330 355 395 401 410 415 417 472 482 522 542 
191 23 15 16 17 27 50 146 156 162 178 184 188 189 224 226 251 292 311 322 337 351 414 507 549 
192 26 24 33 44 52 59 81 112 202 246 265 286 289 318 329 341 375 379 387 437 452 469 489 491 503 507 545 
193 17 18 57 63 72 99 166 214 226 238 246 276 278 328 331 458 498 527 
194 18 34 36 109 113 128 164 212 214 225 254 259 283 330 398 468 470 478 491 
195 25 7 14 52 157 230 242 252 265 316 326 347 359 384 443 464 483 487 492 503 522 524 525 529 530 547 
196 27 6 60 74 101 115 128 150 155 162 169 175 203 212 217 247 269 273 274 321 325 360 391 395 404 415 433 461 
197 25 10 13 25 37 43 79 115 122 143 145 163 166 176 182 183 202 227 275 299 353 409 459 510 544 545 
198 14 54 134 146 172 176 177 279 331 377 403 406 497 501 545 
199 14 12 18 78 104 121 129 134 149 292 356 362 371 404 490 
200 24 9 37 95 116 146 162 210 223 259 296 305 340 356 359 406 410 421 441 465 475 501 508 519 540 
201 14 14 25 30 44 47 143 169 335 398 410 442 453 536 542 
202 30 0 29 36 43 48 60 70 98 102 147 179 192 197 232 233 238 249 254 268 335 366 397 406 434 435 462 465 467 504 544 
203 24 7 49 73 114 196 204 219 220 246 268 289 302 313 333 359 377 392 403 404 424 462 485 506 529 
204 23 10 19 104 122 127 138 163 170 203 224 263 265 267 278 324 344 408 418 442 481 495 510 515 
205 18 3 59 143 150 153 162 216 231 233 243 251 290 311 335 349 465 492 514 
206 24 15 41 53 113 128 132 137 152 178 184 276 342 360 380 408 409 411 447 459 485 486 504 521 540 
207 22 3 35 50 57 75 136 138 157 180 212 213 247 259 285 292 310 337 353 399 432 472 514 
208 18 28 31 62 121 131 253 274 292 309 315 322 327 345 397 438 472 475 516 
209 23 25 70 95 104 105 165 178 217 223 230 231 239 271 277 280 295 325 388 418 451 455 461 476 
210 20 8 18 81 93 123 200 230 246 251 281 285 304 342 362 384 391 409 411 429 478 
211 20 24 31 51 62 72 73 89 125 150 220 256 278 294 299 317 370 400 402 441 521 
212 32 5 17 19 52 55 113 147 149 194 196 207 214 236 255 278 288 293 325 334 359 370 380 383 395 406 414 436 439 497 506 515 520 
213 27 45 49 76 89 109 136 164 172 207 228 234 250 300 324 328 331 345 354 358 370 377 398 401 405 504 531 534 
214 32 19 47 60 78 126 138 152 188 193 194 212 216 226 237 258 305 320 349 366 370 374 400 429 448 463 475 483 507 512 518 520 546 
215 28 49 50 80 119 143 226 231 300 301 316 326 334 338 341 370 373 375 383 392 426 428 439 443 467 470 499 531 534 
216 28 14 31 42 46 106 115 119 144 162 169 205 214 224 276 310 354 363 372 374 411 421 435 450 526 536 540 541 544 
217 24 26 27 100 108 113 117 124 138 196 209 223 246 268 315 333 343 346 369 378 425 486 497 535 541 
218 32 5 33 40 48 54 81 84 95 139 148 151 175 176 179 180 223 244 282 287 356 376 414 432 464 481 485 492 504 524 532 539 541 
219 23 12 25 50 61 62 63 92 113 147 169 203 221 243 300 336 353 368 436 467 475 489 513 530 
220 24 12 21 59 70 108 112 148 203 211 252 253 264 265 272 279 293 301 312 325 355 361 477 501 543 
221 21 8 37 85 125 219 239 250 280 299 306 330 371 402 403 409 417 449 454 509 519 529 
222 19 1 4 48 64 93 123 170 226 232 249 301 336 381 387 470 473 486 493 502 
223 26 33 71 95 124 130 178 200 209 217 218 241 248 275 287 302 310 312 365 368 406 414 472 474 476 527 541 
224 21 17 41 45 59 89 91 100 178 191 204 216 252 316 331 343 351 402 413 436 437 473 
225 21 8 33 39 79 135 156 180 194 245 283 317 344 360 398 417 434 449 480 486 496 516 
226 20 63 100 191 193 214 215 222 261 262 275 295 325 343 378 412 450 482 499 527 539 
227 23 53 122 154 176 197 229 248 251 262 275 301 302 307 330 331 371 410 424 447 501 507 512 528 
228 23 15 34 130 154 159 179 213 257 259 268 317 341 358 368 384 443 477 486 499 513 529 539 549 
229 27 34 71 82 85 99 101 139 162 165 227 256 257 260 264 268 286 289 308 392 397 406 410 412 417 513 515 539 
230 20 22 71 132 136 143 155 171 181 184 195 209 210 277 280 299 331 352 428 443 514 
231 24 29 80 91 133 141 183 205 209 215 245 272 286 327 333 368 381 383 407 409 451 460 505 533 539 
232 18 33 92 138 163 166 173 202 222 269 275 280 329 352 393 418 438 479 502 
233 25 6 10 16 33 69 70 88 94 114 116 202 205 259 266 280 321 333 355 364 432 454 462 473 485 508 
234 23 6 44 57 84 120 165 167 185 190 213 290 294 296 310 325 344 351 356 358 368 390 458 538 
235 36 2 9 24 44 50 53 60 85 91 94 135 138 139 184 187 248 262 266 273 284 287 306 329 332 360 363 374 385 401 428 455 476 498 508 527 531 
236 21 16 26 42 81 88 97 105 109 121 139 143 157 171 212 245 247 285 322 356 370 487 
237 15 69 154 179 214 269 285 297 410 412 447 465 470 488 493 503 
238 32 11 19 25 44 67 73 80 94 105 110 131 151 158 164 175 193 202 243 256 266 307 318 319 350 365 385 458 464 499 504 508 531 
239 27 12 44 103 122 162 183 209 221 243 244 247 258 274 301 311 323 341 349 376 432 466 471 476 477 504 507 535 
240 15 5 16 38 78 141 320 358 386 430 440 462 478 513 536 540 
241 26 25 65 70 78 138 157 158 167 182 183 223 252 257 268 287 321 334 340 365 394 400 402 450 454 458 503 
242 23 67 124 129 141 166 187 195 246 247 267 272 299 310 316 317 325 329 331 414 418 437 489 548 
243 27 4 15 26 43 55 97 99 155 166 182 205 219 238 239 250 269 316 328 342 360 365 377 384 474 484 507 521 
244 24 5 13 19 35 108 168 174 182 186 218 239 269 316 336 349 355 375 386 419 441 483 494 499 545 
245 16 39 87 96 126 189 225 231 236 308 326 338 470 521 532 544 546 
246 32 16 19 23 31 32 70 77 97 103 110 116 118 192 193 203 210 217 242 257 268 270 291 306 332 371 405 414 415 437 473 529 538 
247 26 3 53 81 82 135 166 170 181 196 207 236 239 242 262 290 293 368 390 409 434 451 458 468 474 494 517 
248 22 37 59 72 92 120 150 175 186 223 227 235 252 333 385 395 415 421 430 501 520 528 545 
249 27 8 50 124 142 161 180 202 222 314 322 346 379 388 407 409 417 426 444 456 465 470 482 487 496 525 539 540 
250 25 16 31 32 33 38 39 81 96 119 134 187 213 221 243 289 294 299 315 317 320 352 388 464 477 525 
251 24 16 45 81 125 144 191 205 210 227 275 282 301 341 344 357 372 378 382 405 406 441 456 522 537 
252 27 4 64 68 71 90 122 134 166 181 195 220 224 241 248 264 267 330 364 389 402 406 431 456 474 482 523 532 
253 27 14 39 40 56 58 62 70 90 106 109 116 169 208 220 348 391 395 408 425 448 458 459 490 496 531 542 549 
254 23 1 76 95 116 126 139 143 145 159 166 189 194 202 314 336 368 403 410 436 451 469 492 549 
255 19 12 16 23 34 37 73 81 123 144 212 285 326 343 460 469 491 518 531 538 
256 18 5 38 78 112 166 211 229 238 315 353 368 386 452 453 454 484 486 528 
257 28 30 34 67 69 76 84 88 95 118 148 154 228 229 241 246 280 289 305 323 358 366 371 389 414 417 420 447 495 
258 16 50 65 108 135 141 214 239 274 291 304 322 400 403 424 443 519 
259 24 11 28 46 48 55 59 175 194 200 207 228 233 262 309 328 366 368 380 387 394 448 452 472 504 
260 20 1 28 45 71 88 104 115 179 229 264 331 389 413 424 432 506 523 534 537 544 
261 17 19 41 43 72 111 114 140 226 291 301 310 343 401 471 475 485 547 
262 32 37 42 52 53 61 86 122 157 226 227 235 247 259 308 311 320 328 345 352 360 363 389 410 417 423 428 429 448 492 507 520 527 
263 28 21 68 105 120 143 166 181 187 204 270 280 307 314 329 331 352 387 402 405 407 410 435 436 465 485 488 500 539 
264 26 20 27 58 127 141 149 161 165 189 220 229 252 260 300 336 356 360 373 378 379 413 429 431 457 470 486 
265 28 43 59 97 110 117 134 169 177 192 195 204 220 313 316 336 342 352 358 364 367 378 394 404 421 451 471 506 512 
266 29 2 16 32 38 40 47 59 94 112 131 155 169 171 178 184 233 235 238 290 354 397 399 436 472 487 497 520 526 541 
267 28 34 86 90 95 105 123 141 144 161 175 204 242 252 308 317 336 391 419 425 433 445 448 484 511 522 530 542 545 
268 26 39 42 58 95 116 144 160 161 188 202 203 217 228 229 241 246 321 349 375 377 380 392 422 423 543 544 
269 26 51 93 102 128 131 143 160 174 176 190 196 232 237 243 244 276 300 301 345 371 380 389 402 405 413 548 
270 20 14 36 45 78 83 98 117 176 246 263 289 296 333 350 392 470 480 483 487 496 
271 16 9 51 77 83 106 174 175 209 292 374 401 416 443 447 541 548 
272 23 29 41 42 50 73 147 220 231 242 274 277 315 322 335 361 398 402 418 446 455 472 481 507 
273 16 50 57 63 87 107 132 134 146 174 196 235 285 373 442 450 521 
274 30 16 69 119 148 149 163 167 196 208 239 258 272 298 312 314 327 345 353 364 376 387 393 413 426 435 444 481 482 532 540 
275 36 20 28 33 45 52 84 105 119 131 140 161 197 223 226 227 232 251 288 297 298 304 323 339 355 356 381 391 413 447 456 465 472 505 511 521 529 
276 32 1 6 33 48 57 68 117 127 136 147 153 193 206 216 269 307 325 354 387 394 398 431 433 438 447 470 473 501 504 520 531 537 
277 22 3 38 113 136 139 154 171 209 230 272 295 309 330 352 366 415 434 457 506 522 523 533 
278 31 2 12 28 32 39 48 53 67 69 70 88 147 152 163 177 193 204 211 212 382 402 412 438 450 466 469 471 487 543 545 548 
279 19 39 83 94 109 151 198 220 290 309 314 352 358 370 396 425 438 470 503 526 
280 26 17 20 22 24 52 58 74 125 134 158 159 209 221 230 232 233 257 263 283 323 332 355 403 416 450 471 
281 15 62 64 80 97 105 210 296 354 437 439 444 448 493 531 532 
282 23 56 79 86 95 101 128 185 218 251 284 323 339 359 368 370 414 418 434 436 438 459 492 545 
283 33 9 13 16 28 31 33 38 39 45 48 55 57 101 141 160 169 180 194 225 280 289 315 334 377 391 419 422 435 463 474 490 542 546 
284 27 2 7 38 42 44 60 65 97 127 134 139 145 148 159 167 235 282 286 295 308 336 428 456 461 480 509 540 
285 20 75 101 141 154 207 210 236 237 255 273 287 304 314 432 446 469 475 510 520 532 
286 22 61 99 110 132 171 192 229 231 284 293 337 351 371 400 432 488 496 513 515 524 525 527 
287 26 38 52 58 75 84 149 172 177 184 218 223 235 241 285 303 310 329 348 374 394 396 410 453 459 514 539 
288 20 11 42 87 118 167 212 275 328 342 359 361 385 390 400 417 422 451 460 495 516 
289 22 16 57 67 90 147 155 165 192 203 229 250 257 270 283 300 310 323 337 388 444 448 489 
290 27 7 31 107 125 143 149 153 205 234 247 266 279 315 346 368 382 407 425 433 435 437 443 448 455 462 492 543 
291 17 23 29 39 85 88 115 172 246 258 261 298 336 360 451 460 531 541 
292 20 2 28 43 149 183 191 199 207 208 271 342 344 348 353 365 393 396 420 440 499 
293 15 59 103 136 172 182 185 212 220 247 286 300 420 426 449 505 
294 23 77 92 95 114 116 135 138 211 234 250 295 323 326 342 343 351 354 364 394 400 427 516 525 
295 18 17 31 36 44 59 89 100 104 149 209 226 277 284 294 312 382 474 485 
296 21 22 36 44 61 79 101 161 200 234 270 281 310 329 348 373 397 430 460 478 518 549 
297 19 49 75 91 94 123 130 153 237 275 340 362 366 392 413 425 482 499 505 541 
298 20 65 73 107 131 162 190 274 275 291 332 345 349 354 375 386 416 432 464 466 488 
299 20 33 48 70 145 197 211 221 230 242 250 352 368 374 414 433 439 456 457 482 539 
300 27 14 52 63 67 79 109 124 159 213 215 219 264 269 289 293 323 344 385 400 430 459 468 509 536 542 546 549 
301 25 51 62 76 122 127 137 147 162 169 215 220 222 227 239 251 261 269 380 382 408 453 454 499 523 535 
302 22 16 54 79 84 98 106 119 150 164 203 223 227 304 312 313 345 378 413 531 538 539 541 
303 28 5 18 79 109 118 131 149 150 172 176 287 359 365 371 378 393 394 400 415 419 438 453 467 483 498 514 520 544 
304 22 16 53 78 82 97 140 143 210 258 275 285 302 318 328 401 408 468 476 484 488 489 513 
305 24 22 27 69 98 102 120 124 132 134 144 200 214 257 327 333 334 337 377 387 408 416 417 420 496 
306 30 17 29 50 63 74 84 102 134 135 146 154 175 221 235 246 308 323 339 378 386 391 396 426 448 449 460 461 469 516 530 
307 17 69 82 86 227 238 263 276 337 341 356 371 381 389 472 486 489 491 
308 24 1 55 62 76 125 164 189 229 245 262 267 284 306 342 348 391 434 437 458 473 477 482 493 520 
309 17 11 48 75 112 126 139 152 189 208 259 277 279 347 351 450 459 518 
310 29 10 11 46 50 54 60 118 140 141 147 177 207 216 223 234 242 261 287 289 296 316 325 364 376 383 396 410 481 544 
311 25 12 25 49 51 53 82 99 117 125 164 184 191 205 239 262 331 343 347 379 391 442 446 478 486 547 
312 27 63 66 70 72 117 129 138 141 183 220 223 274 295 302 315 335 336 348 367 376 433 459 497 521 526 535 544 
313 16 11 16 30 55 126 182 203 265 302 314 331 380 411 455 475 492 
314 26 19 52 60 96 101 144 149 162 171 183 249 254 263 274 279 285 313 355 434 442 469 476 503 539 543 545 
315 16 103 182 208 217 250 256 272 283 290 312 324 325 343 346 413 513 
316 31 9 22 48 59 62 94 99 138 157 167 173 177 195 215 224 242 243 244 265 310 323 342 358 425 448 458 474 483 513 540 545 
317 22 18 44 71 73 82 85 88 100 179 211 225 228 242 250 267 351 439 467 479 491 494 503 
318 24 7 36 47 59 89 111 126 138 160 167 192 238 304 333 349 350 389 390 415 416 469 486 487 548 
319 21 21 26 51 54 81 87 117 166 167 182 238 323 357 388 426 435 447 457 470 471 540 
320 26 1 19 26 31 54 76 99 104 127 174 175 214 240 250 262 324 339 359 370 388 421 434 438 479 521 535 
321 18 20 56 72 99 102 144 182 184 196 233 241 268 330 337 346 466 507 545 
322 22 2 71 127 131 153 176 179 190 191 208 236 249 258 272 365 383 399 407 475 510 543 547 
323 32 24 27 32 80 92 101 123 163 181 239 257 275 280 282 289 294 300 306 316 319 334 337 354 409 422 431 445 474 494 501 536 547 
324 21 11 35 51 204 213 315 320 330 336 347 352 420 424 458 475 482 505 508 517 542 546 
325 28 29 69 74 112 145 154 196 209 212 220 226 234 242 276 310 315 340 355 386 396 398 439 453 477 479 492 527 548 
326 16 19 69 74 108 129 148 169 182 195 215 245 255 294 372 481 490 
327 19 7 51 93 103 150 158 179 208 231 274 305 397 400 406 465 482 496 527 542 
328 26 29 33 49 73 88 110 121 126 151 154 157 176 193 213 243 259 262 288 304 340 370 398 430 441 490 510 
329 28 8 114 126 128 181 192 232 235 242 263 287 296 333 337 338 343 352 363 379 392 398 408 421 447 448 515 530 548 
330 22 30 36 88 143 148 166 182 187 190 194 221 227 252 277 321 324 336 350 387 400 462 541 
331 26 23 121 136 141 168 193 198 213 224 227 230 242 260 263 311 313 350 362 372 393 403 485 502 514 526 529 
332 19 10 72 77 97 125 168 185 235 246 280 298 362 447 465 487 492 493 496 508 
333 23 0 24 90 151 163 203 217 231 233 248 270 305 318 329 345 381 397 436 445 450 483 487 523 
334 23 1 5 42 48 65 68 83 158 180 212 215 241 283 305 323 374 379 388 449 469 473 482 539 
335 19 30 37 45 65 110 111 161 178 201 202 205 272 312 390 404 409 484 497 536 
336 40 1 6 20 75 88 102 113 116 143 146 163 169 219 222 244 254 264 265 267 284 291 312 324 330 342 348 353 376 379 398 425 435 463 464 466 508 509 530 537 540 
337 29 2 6 34 48 55 56 74 99 119 144 160 191 207 286 289 305 307 321 323 329 340 351 378 429 437 454 489 499 501 
338 16 33 64 90 107 110 116 145 185 215 245 329 388 423 441 458 510 
339 19 9 10 23 56 83 174 275 282 306 320 370 389 392 398 446 476 481 500 549 
340 28 4 50 87 118 123 166 175 177 179 189 200 241 297 325 328 337 374 383 416 428 457 483 507 511 517 526 530 537 
341 17 12 55 56 118 174 192 215 228 239 251 307 396 418 423 468 524 539 
342 30 3 5 57 66 78 82 102 116 156 159 184 189 206 210 243 265 288 292 294 308 316 336 347 379 423 455 479 480 520 538 
343 21 17 147 153 173 217 224 226 255 261 294 311 315 329 367 390 398 402 413 483 537 541 
344 20 26 29 45 119 155 165 171 204 225 234 251 292 300 360 367 377 418 429 495 549 
345 27 20 60 64 82 106 109 127 151 163 208 213 262 269 274 298 302 333 387 404 414 425 428 460 490 522 539 545 
346 23 28 41 86 119 176 178 179 185 217 249 290 315 321 365 370 376 378 392 414 459 472 508 544 
347 25 5 13 21 51 52 80 97 98 140 148 151 153 159 162 195 309 311 324 342 369 401 403 442 472 483 
348 15 131 171 253 287 292 296 308 312 336 372 378 387 395 415 418 
349 24 50 90 95 116 149 166 183 187 205 214 239 244 268 298 318 374 404 438 502 506 511 514 515 549 
350 21 19 21 40 48 51 71 98 133 155 177 238 270 318 330 331 365 407 453 455 463 525 
351 27 28 30 35 44 86 110 119 138 165 168 191 224 234 286 294 309 317 337 361 362 393 412 438 445 449 456 477 
352 26 19 69 85 165 181 230 232 250 262 263 265 277 279 299 324 329 356 363 384 389 411 421 425 490 505 512 
353 33 41 54 62 71 80 86 97 103 116 120 144 145 151 153 197 207 219 256 274 292 336 372 379 380 385 401 431 443 459 464 486 491 531 
354 22 18 50 105 114 143 213 216 266 276 281 294 298 323 368 381 387 413 415 440 449 497 517 
355 25 14 39 50 51 65 99 104 126 166 190 220 233 244 275 280 314 325 372 396 426 445 471 487 498 505 
356 22 15 19 40 62 75 121 126 153 173 199 200 218 234 236 264 275 307 352 406 437 540 544 
357 20 3 27 56 69 72 92 125 126 132 149 177 186 251 319 399 414 421 432 523 546 
358 26 2 24 26 27 48 51 64 70 83 107 148 158 174 213 228 234 240 257 265 279 316 362 390 403 409 477 
359 19 41 76 81 136 195 200 203 212 282 288 303 320 367 374 394 429 460 493 532 
360 20 29 38 48 49 146 196 206 225 235 243 262 264 291 344 372 417 419 486 503 537 
361 21 87 109 139 148 173 184 220 272 288 351 396 421 422 431 435 449 466 468 473 510 517 
362 25 2 18 39 92 127 130 132 160 199 210 297 331 332 351 358 379 418 421 476 490 498 499 515 524 548 
363 15 8 15 101 135 147 180 216 235 262 329 352 395 427 504 532 
364 17 37 39 186 189 233 252 265 274 294 310 390 426 453 467 478 501 503 
365 32 12 19 24 43 46 89 115 152 156 175 186 188 223 238 241 243 292 303 322 346 350 415 419 433 439 461 467 470 482 495 498 519 
366 19 2 13 17 20 62 92 131 155 157 158 202 214 257 259 277 297 409 410 424 
367 19 2 4 51 60 85 93 174 265 312 343 344 359 371 399 403 425 488 497 509 
368 33 5 20 58 72 85 103 110 150 177 219 223 228 231 234 247 254 256 259 282 290 299 354 376 385 412 426 443 455 475 496 500 529 534 
369 16 15 22 24 66 217 347 393 402 421 433 443 459 477 504 511 515 
370 28 23 27 33 73 83 93 102 112 114 158 164 173 188 211 212 213 214 215 236 279 282 320 328 339 346 414 450 509 
371 23 81 115 125 136 140 149 171 199 221 227 246 257 269 286 303 307 367 391 398 453 474 483 536 
372 19 13 25 64 107 165 216 251 326 331 348 353 355 360 373 435 462 490 494 510 
373 14 10 49 215 264 273 296 372 407 420 451 477 492 531 544 
374 26 23 33 41 74 98 106 138 214 216 235 271 287 299 334 340 349 359 379 426 447 448 454 467 499 528 538 
375 17 15 42 55 80 106 165 169 192 215 244 268 298 383 388 402 466 498 
376 23 37 41 53 66 113 114 148 174 177 218 239 274 310 312 336 346 368 385 463 472 509 511 517 
377 24 42 43 54 104 131 136 198 203 213 243 268 283 305 344 380 409 425 432 463 484 497 508 523 549 
378 19 77 83 102 122 137 169 217 226 251 264 265 302 303 306 337 346 348 404 457 
379 23 25 36 52 76 86 115 146 192 249 264 311 329 334 336 342 353 362 374 396 407 429 479 487 
380 21 56 88 100 122 166 176 206 212 259 268 269 301 313 353 377 381 393 421 425 511 515 
381 27 3 4 36 50 72 82 84 93 99 112 128 134 173 175 222 231 275 307 333 354 380 422 473 482 488 491 492 
382 22 2 11 16 20 31 42 74 78 97 100 136 162 168 186 251 278 290 295 301 432 470 544 
383 20 13 84 88 106 183 212 215 231 310 322 340 375 440 441 456 472 473 481 498 527 
384 19 3 9 10 11 25 58 188 195 210 228 243 352 402 410 442 450 465 536 543 
385 26 17 26 76 89 109 110 117 128 134 142 145 167 183 235 238 248 288 300 353 368 376 441 481 503 526 544 
386 23 5 11 22 51 94 128 140 154 155 174 240 244 256 298 306 325 387 391 448 465 485 499 544 
387 26 11 51 69 74 125 144 161 192 222 259 263 274 276 305 330 345 348 354 386 399 422 489 506 519 528 546 
388 25 32 57 65 76 98 119 125 209 249 250 289 319 320 334 338 375 392 431 453 456 457 465 519 535 541 
389 25 33 34 35 53 86 134 137 163 252 257 260 262 269 307 318 339 352 404 450 496 519 521 524 527 549 
390 23 6 34 37 63 65 67 168 179 234 247 288 318 335 343 358 364 393 407 499 531 542 546 547 
391 22 19 51 84 95 140 142 155 159 196 210 253 267 275 283 306 308 311 371 386 438 446 522 
392 25 3 15 27 63 74 79 84 110 113 158 173 203 215 229 268 270 297 329 339 346 388 452 498 504 517 
393 29 21 31 76 107 123 134 141 144 149 152 183 232 274 292 303 331 351 369 380 390 396 414 419 435 439 471 523 531 544 
394 22 4 11 24 41 109 116 139 173 241 259 265 276 287 294 303 359 440 477 505 508 529 530 
395 20 0 24 95 104 127 152 167 190 196 212 248 253 348 363 424 429 466 480 514 534 
396 26 0 7 28 48 51 58 66 67 113 130 160 279 287 292 306 310 325 341 355 361 379 393 403 440 451 484 
397 24 9 10 71 106 118 135 137 138 148 156 179 202 208 229 266 296 327 333 404 411 423 455 507 542 
398 26 19 26 64 87 91 101 114 122 127 155 194 201 213 225 272 276 325 328 329 336 339 343 371 438 457 517 
399 21 14 39 45 46 138 168 171 207 266 322 357 367 387 400 405 420 446 460 468 470 510 
400 37 5 56 112 120 122 126 128 133 178 188 211 214 241 258 286 288 294 300 303 327 330 399 408 409 413 414 416 434 439 443 450 480 485 488 497 519 541 
401 33 35 51 69 78 81 83 107 111 142 182 190 213 235 261 271 304 347 353 419 422 423 424 434 449 452 453 457 483 492 500 517 521 530 
402 31 32 37 51 76 82 88 166 171 178 211 221 224 241 252 263 269 272 278 343 369 375 384 425 447 450 473 491 500 528 531 534 
403 25 59 63 135 177 181 189 198 203 221 254 258 280 331 347 358 367 396 416 419 423 427 453 457 515 538 
404 25 16 31 52 54 85 87 88 98 107 114 135 196 199 203 265 335 345 349 378 389 397 452 493 514 515 
405 24 1 14 55 100 101 122 153 184 213 246 251 263 269 399 421 449 465 478 489 491 511 526 540 549 
406 21 41 69 90 97 105 110 121 151 198 200 202 212 223 229 251 252 327 356 444 465 529 
407 25 32 68 88 105 145 147 152 170 189 231 249 263 290 322 350 373 379 390 412 441 452 466 495 506 528 
408 27 28 33 39 64 92 104 118 123 138 204 206 253 301 304 305 329 400 435 448 464 472 476 479 513 520 536 542 
409 28 29 47 49 70 75 80 104 156 157 182 197 206 210 221 231 247 249 323 335 358 366 377 400 428 455 471 483 485 
410 25 18 35 37 124 142 177 190 200 201 227 229 237 254 262 263 287 310 366 384 436 437 454 481 493 514 
411 21 0 14 87 91 123 126 143 145 167 168 206 210 216 313 352 397 444 473 496 533 539 
412 22 8 12 31 32 36 41 43 106 121 127 148 153 178 226 229 237 278 351 368 407 467 510 
413 21 7 72 130 149 224 260 264 269 274 275 297 302 315 343 354 400 426 456 491 515 540 
414 32 9 21 30 38 44 80 86 93 98 122 130 167 170 191 212 218 223 242 246 257 282 299 345 346 357 370 393 400 418 448 489 524 
415 14 85 171 190 196 246 248 277 303 318 348 354 365 502 524 
416 18 26 27 74 96 106 132 172 271 280 298 305 318 340 400 403 436 488 523 
417 22 2 17 57 73 78 180 190 221 225 229 249 257 262 288 305 360 428 454 516 520 525 545 
418 27 17 20 31 44 72 79 83 101 134 204 209 232 242 272 282 341 344 348 362 414 433 434 453 456 486 496 503 
419 21 11 14 78 129 166 168 244 267 283 303 360 365 393 401 403 423 458 462 479 499 522 
420 28 3 37 47 56 88 126 153 159 257 292 293 305 324 373 399 421 426 432 440 462 467 472 485 492 499 505 510 512 
421 26 17 36 38 42 72 144 155 163 173 200 216 248 265 320 329 352 357 361 362 369 380 405 420 431 516 523 
422 23 10 16 22 43 53 69 111 112 113 129 268 283 288 323 361 381 387 401 448 472 482 508 548 
423 19 28 57 78 101 156 159 262 268 338 341 342 397 401 403 419 476 495 527 533 
424 29 20 27 55 69 73 76 94 114 126 162 203 227 258 260 324 366 395 401 425 435 446 447 465 472 500 503 511 529 544 
425 26 4 47 113 114 135 217 253 267 279 290 297 316 336 345 352 367 377 380 402 424 429 438 489 491 517 520 
426 26 15 71 84 85 87 92 100 102 118 140 215 249 274 293 306 319 355 364 368 374 413 420 456 510 529 543 
427 13 24 82 102 128 153 161 168 294 363 403 444 510 531 
428 23 19 41 49 116 150 173 184 215 230 235 262 284 340 345 409 417 465 466 467 533 537 538 549 
429 22 45 54 110 124 148 150 159 171 187 210 214 262 264 337 344 359 379 395 425 464 517 539 
430 19 28 55 76 86 92 123 169 175 184 240 248 296 300 328 466 468 493 506 510 
431 31 12 36 41 51 59 67 83 84 100 101 104 106 124 156 167 187 252 264 276 323 353 361 388 421 455 457 468 488 514 541 545 
432 29 4 10 17 24 28 38 47 90 113 153 207 218 233 239 260 285 286 298 357 377 382 420 499 511 512 518 529 543 549 
433 23 15 38 40 48 116 124 145 148 149 188 196 267 276 290 299 312 365 369 418 439 473 483 523 
434 25 24 36 59 105 120 156 167 177 202 225 247 277 282 308 314 320 400 401 418 438 444 446 458 477 503 
435 27 19 38 76 106 108 125 140 150 156 202 216 263 274 283 290 319 336 361 372 393 408 424 448 449 466 490 540 
436 27 4 16 32 72 79 109 149 180 212 219 224 254 263 266 282 333 410 416 444 447 456 468 492 500 504 525 547 
437 25 4 51 60 66 68 81 91 109 153 174 192 224 242 246 281 290 308 337 356 410 451 471 530 532 534 
438 30 5 7 46 70 71 89 128 173 208 232 276 278 279 282 303 320 349 351 391 398 425 434 441 456 500 507 510 513 536 547 
439 21 5 24 65 94 149 159 169 212 215 281 299 317 325 365 393 400 433 440 478 493 537 
440 15 120 129 140 240 292 354 383 394 396 420 439 478 518 521 524 
441 18 36 38 44 71 101 200 211 244 251 328 338 383 385 407 438 442 514 542 
442 26 36 47 51 52 70 71 113 116 132 147 153 160 201 204 273 311 314 347 384 441 464 483 494 526 528 548 
443 21 2 53 58 100 170 175 181 195 215 228 230 258 271 290 353 368 369 400 449 512 541 
444 18 41 64 82 83 183 249 274 281 289 406 411 427 434 436 476 498 500 507 
445 18 0 99 120 158 178 188 267 323 333 351 355 475 477 479 510 522 537 544 
446 21 50 54 61 68 114 124 129 133 159 164 272 285 311 339 391 399 424 434 452 475 516 
447 28 20 32 34 36 79 80 111 114 150 151 163 206 227 237 257 271 275 276 319 329 332 374 402 424 436 451 499 507 
448 31 5 24 28 30 39 43 80 82 103 108 117 134 214 253 259 262 267 281 289 290 306 316 329 374 386 408 414 422 435 505 521 
449 19 105 112 119 145 147 221 225 293 306 334 351 354 361 401 405 435 443 464 478 
450 28 34 40 53 57 61 123 147 153 169 177 216 226 241 273 278 280 309 333 370 384 389 400 402 489 521 525 539 540 
451 24 19 22 63 91 92 97 132 145 209 231 247 254 265 288 291 373 396 437 447 475 480 503 506 538 
452 21 55 104 105 123 147 164 171 187 192 256 259 392 401 404 407 446 466 474 476 482 542 
453 25 13 27 66 138 165 201 256 287 301 303 325 350 364 371 388 401 403 418 490 495 506 526 530 532 538 
454 15 13 94 114 221 233 241 256 301 337 374 410 417 455 483 508 
455 23 34 80 82 138 144 159 172 209 235 272 290 313 342 350 368 397 409 431 454 462 477 478 492 
456 26 22 30 73 78 83 106 110 134 249 251 252 275 284 299 351 383 388 413 418 426 436 438 466 513 518 544 
457 21 63 65 72 139 264 277 299 319 340 378 388 398 401 403 431 487 499 527 529 531 547 
458 27 17 45 92 98 123 128 166 193 234 238 241 247 253 308 316 324 338 419 434 465 481 489 494 506 511 514 546 
459 21 17 47 70 76 82 94 95 197 206 253 282 287 300 309 312 346 353 369 464 489 515 
460 11 82 164 231 255 288 291 296 306 345 359 399 
461 14 45 51 100 123 166 196 209 284 306 365 488 518 533 537 
462 19 3 115 123 148 151 153 162 177 202 203 233 240 290 330 372 419 420 455 489 
463 18 15 20 91 144 149 167 173 174 183 214 283 336 350 376 377 472 484 507 
464 26 11 12 14 32 60 76 118 160 187 195 218 238 250 298 336 353 408 429 442 449 459 465 483 506 511 539 
465 27 28 89 124 131 161 187 200 202 205 237 249 263 275 327 332 384 386 388 405 406 424 428 458 464 492 500 548 
466 22 97 116 130 157 186 239 278 298 321 336 361 375 395 407 428 430 435 452 456 516 529 549 
467 19 21 35 76 92 95 202 215 219 303 317 364 365 374 412 420 428 473 483 490 
468 23 0 33 61 77 116 161 181 182 194 247 300 304 341 361 399 430 431 436 469 476 513 515 539 
469 27 5 11 12 23 32 43 60 101 103 109 111 118 144 158 192 254 255 278 285 306 314 318 334 468 493 536 545 
470 22 26 46 91 143 165 189 194 215 222 237 245 249 264 270 276 279 319 365 382 399 512 523 
471 24 5 17 19 35 56 80 83 93 133 155 161 172 239 261 265 278 280 319 355 393 409 437 486 500 
472 28 101 106 144 147 148 152 190 207 208 223 259 266 272 275 307 346 347 376 383 408 420 422 424 463 503 518 523 539 
473 24 21 22 43 53 74 111 222 224 233 246 276 308 334 361 381 383 402 411 433 467 482 495 505 531 
474 18 13 19 46 121 125 127 129 223 243 247 252 283 295 316 323 371 452 547 
475 26 3 15 24 27 61 88 105 125 153 175 200 208 214 219 261 285 313 322 324 368 445 446 451 484 491 548 
476 25 1 2 4 59 65 82 153 160 170 209 223 235 239 304 314 339 362 408 423 444 452 468 479 527 529 
477 30 33 43 44 47 57 67 87 94 110 118 129 138 187 220 228 239 250 308 325 351 358 369 373 394 434 445 455 494 503 532 
478 17 16 106 143 155 194 210 240 296 311 364 405 439 440 449 455 486 506 
479 23 16 50 53 55 82 90 119 159 168 232 317 320 325 342 379 408 419 445 476 508 509 511 525 
480 12 39 51 178 225 270 284 342 395 400 451 483 539 
481 20 15 38 90 93 99 113 163 204 218 272 274 310 326 339 383 385 410 458 500 540 
482 30 19 21 33 44 53 86 116 128 146 151 190 226 249 252 274 297 299 308 324 327 334 365 381 422 452 473 508 514 522 535 
483 28 18 37 109 133 145 186 195 214 244 270 303 316 333 340 343 347 371 401 409 433 442 454 464 467 480 513 522 548 
484 22 2 36 37 54 60 83 95 97 113 129 171 243 256 267 304 335 377 396 463 475 494 511 
485 24 13 33 55 93 101 105 137 144 157 181 183 203 206 218 233 261 263 295 331 386 400 409 420 492 
486 25 9 22 27 31 93 95 132 180 206 217 222 225 228 256 264 307 311 318 353 360 418 471 478 519 547 
487 21 50 109 124 148 150 189 195 236 249 266 270 278 318 332 333 355 379 457 501 530 541 
488 20 45 70 96 104 115 122 126 147 237 263 286 298 304 367 381 400 416 431 461 544 
489 28 20 22 58 100 101 152 168 172 175 183 192 219 242 289 304 307 337 387 405 414 425 450 458 459 462 491 518 529 
490 26 19 55 79 97 113 118 131 152 154 160 183 199 253 283 326 328 345 352 362 372 435 453 467 521 525 534 
491 23 61 94 101 108 126 130 134 157 192 194 255 307 317 353 381 402 405 413 425 475 489 521 540 
492 34 0 2 39 58 62 98 100 103 123 156 195 205 218 254 262 282 290 313 325 332 373 381 401 420 436 455 465 485 496 517 528 536 545 548 
493 21 4 15 73 84 91 101 104 165 172 222 237 281 308 332 359 404 410 430 439 469 536 
494 19 15 25 33 45 69 111 138 181 244 247 317 323 372 442 458 477 484 514 546 
495 23 5 8 23 33 121 134 138 140 142 154 159 185 204 257 288 344 365 407 423 453 473 506 538 
496 20 17 27 66 129 142 225 249 253 270 286 305 327 332 368 389 411 418 492 532 544 
497 20 1 51 69 85 119 121 164 198 212 217 266 312 335 354 367 377 400 510 531 539 
498 20 11 16 63 73 84 119 127 129 193 235 303 355 362 365 375 383 392 444 512 548 
499 30 72 73 77 101 121 125 143 147 149 151 186 215 226 228 238 244 292 297 301 337 362 374 386 390 419 420 432 447 457 531 
500 23 0 11 15 34 61 71 96 117 263 339 368 401 402 424 436 438 444 465 471 481 518 529 535 
501 21 40 79 86 178 198 200 220 227 248 276 323 337 364 487 512 516 519 522 524 536 549 
502 17 58 74 75 86 87 94 144 148 180 222 232 331 349 415 521 545 546 
503 28 5 16 74 81 92 122 128 152 192 195 237 241 279 314 317 360 364 385 418 424 434 451 472 477 517 526 539 544 
504 21 13 24 46 53 63 69 77 123 202 206 213 218 238 239 259 276 363 369 392 436 521 
505 18 33 91 141 148 164 171 177 231 275 293 297 324 352 355 394 420 448 473 
506 28 10 27 30 36 43 55 78 101 111 112 127 172 203 212 260 265 277 349 387 407 430 451 453 458 464 478 495 547 
507 23 41 49 55 69 92 103 118 191 192 214 227 239 243 262 272 321 340 397 438 444 447 463 518 
508 24 11 70 109 143 178 179 182 185 200 233 235 238 324 332 336 346 377 394 422 454 479 482 517 523 
509 17 32 37 39 41 95 103 128 152 172 221 284 300 336 367 370 376 479 
510 28 15 41 42 75 130 164 175 188 197 204 285 322 328 338 361 372 399 412 420 426 427 430 438 445 497 520 522 535 
511 25 4 45 81 82 99 133 140 145 167 178 267 275 340 349 369 376 380 405 424 432 458 464 479 484 520 
512 20 10 45 52 74 77 82 83 125 133 144 214 227 265 352 420 432 443 470 498 501 
513 24 10 14 22 85 94 99 156 184 185 219 228 229 240 286 304 315 316 408 438 456 468 483 515 544 
514 24 0 7 39 48 98 133 164 167 205 207 230 287 303 331 349 395 404 410 431 441 458 482 494 544 
515 25 0 15 22 28 92 126 162 169 175 187 204 212 229 286 329 349 362 369 380 403 404 413 459 468 513 
516 22 25 27 31 41 66 88 112 117 166 187 208 225 288 294 306 417 421 446 466 501 533 546 
517 24 3 17 54 98 118 130 148 154 247 324 340 354 361 376 392 398 401 425 429 492 503 508 519 530 
518 17 43 68 70 112 159 214 255 296 309 432 440 456 461 472 489 500 507 
519 24 2 8 28 82 90 92 127 140 147 162 200 221 258 365 387 388 389 400 486 501 517 534 535 542 
520 24 17 42 71 103 115 125 189 212 214 248 262 266 276 285 303 308 342 408 417 425 510 511 540 544 
521 27 31 43 75 104 120 129 139 163 187 206 211 243 245 273 275 312 320 389 401 440 448 450 490 491 502 504 545 
522 23 18 78 96 117 179 181 190 195 251 267 277 345 391 419 445 482 483 501 510 525 533 539 540 
523 21 19 26 87 96 103 107 142 252 260 277 301 333 357 377 393 416 421 433 470 472 508 
524 20 15 20 40 44 66 96 127 132 195 218 286 341 362 389 414 415 440 501 527 534 
525 19 9 51 137 141 158 181 195 249 250 286 294 350 417 436 450 479 490 522 544 
526 19 7 19 32 73 99 124 159 216 266 279 312 331 340 385 405 442 453 503 537 
527 20 90 99 168 193 223 226 235 262 286 325 327 383 389 423 457 476 524 536 543 544 
528 20 12 19 30 41 43 51 60 139 140 227 248 256 374 387 402 407 442 492 539 541 
529 22 26 85 93 115 195 203 221 228 246 275 331 368 394 406 424 426 432 457 466 476 489 500 
530 20 19 21 34 42 94 134 195 219 267 306 329 336 340 394 401 437 453 487 517 543 
531 30 3 22 35 62 70 102 173 184 213 215 235 238 253 255 276 281 291 302 353 373 390 393 402 427 457 473 497 499 534 547 
532 23 15 30 48 56 68 86 131 150 161 187 218 245 252 274 281 285 359 363 437 453 477 496 545 
533 15 6 25 69 143 150 162 163 231 277 411 423 428 461 516 522 
534 18 20 69 127 173 178 213 215 260 368 395 402 437 490 519 524 531 539 549 
535 22 22 25 61 72 99 106 112 179 188 189 217 239 301 312 320 388 482 500 510 519 540 541 
536 26 2 14 32 33 47 66 87 133 156 166 168 201 216 240 300 323 335 371 384 408 438 469 492 493 501 527 
537 21 8 36 85 89 112 114 143 145 178 251 260 276 336 340 343 360 428 439 445 461 526 
538 15 88 92 145 234 246 255 302 342 374 403 428 451 453 495 545 
539 35 6 7 25 62 78 93 115 130 144 218 226 228 229 231 249 263 287 299 302 314 334 341 345 411 429 450 464 468 472 480 497 503 522 528 534 
540 26 37 41 53 106 114 123 200 206 216 240 249 274 284 316 319 336 356 405 413 435 450 481 491 520 522 535 
541 28 53 57 72 93 120 126 138 159 162 172 216 217 218 223 266 271 291 297 302 330 343 388 400 431 443 487 528 535 
542 25 9 35 45 64 78 111 118 156 170 190 201 253 267 283 300 324 327 390 397 408 441 452 519 543 545 
543 17 54 71 105 123 170 220 268 278 290 314 322 384 426 432 527 530 542 
544 38 5 17 37 49 97 105 110 121 181 189 197 202 216 245 260 268 303 310 312 346 356 373 382 385 386 393 424 445 456 488 496 503 513 514 520 525 527 545 
545 31 5 20 33 131 153 159 160 170 192 197 198 244 248 267 278 282 314 316 321 345 417 431 469 492 502 521 532 538 542 544 548 
546 17 14 124 140 176 188 214 245 283 300 324 357 387 390 458 494 502 516 
547 17 18 56 64 100 195 261 311 322 323 390 436 438 457 474 486 506 531 
548 24 33 123 144 171 177 179 182 184 242 269 271 278 318 325 329 362 422 442 465 475 483 492 498 545 
549 27 23 35 47 90 101 111 116 132 133 174 191 228 253 254 296 300 339 344 349 377 389 405 428 432 466 501 534 
