600 1609
0 3 81 173 175 
1 4 109 204 447 587 
2 5 258 392 419 473 531 
3 3 36 270 402 
4 9 43 225 236 407 434 437 464 480 584 
5 5 6 84 118 253 295 
6 5 5 233 300 307 445 
7 3 255 416 554 
8 4 167 340 411 456 
9 6 152 275 286 462 521 595 
10 9 84 111 216 347 348 351 420 422 546 
11 3 35 143 562 
12 1 421 
13 4 33 72 349 530 
14 6 40 297 328 349 358 459 
15 9 23 29 281 342 355 431 490 527 595 
16 6 75 203 305 456 566 580 
17 5 203 415 457 531 563 
18 7 28 104 158 186 193 273 480 
19 11 26 103 113 147 197 241 291 327 454 521 574 
20 8 108 161 216 285 335 351 477 506 
21 4 334 373 472 498 
22 7 33 97 143 320 378 399 588 
23 6 15 137 210 415 434 483 
24 2 166 437 
25 5 118 165 301 439 594 
26 6 19 139 173 378 569 591 
27 2 335 523 
28 6 18 216 337 407 447 575 
29 5 15 240 370 427 511 
30 7 71 203 219 379 425 440 519 
31 6 86 146 165 179 192 498 
32 3 152 346 412 
33 9 13 22 75 86 210 222 333 339 565 
34 8 36 101 259 322 420 457 462 533 
35 8 11 36 42 221 227 267 352 549 
36 8 3 34 35 181 225 247 363 379 
37 3 181 582 594 
38 5 58 71 137 210 259 
39 5 158 492 549 553 557 
40 8 14 75 99 310 322 343 440 508 
41 4 307 430 484 514 
42 5 35 62 82 91 392 
43 5 4 78 273 413 587 
44 5 88 126 170 324 513 
45 2 67 504 
46 7 51 181 189 350 524 527 547 
47 6 50 173 273 309 337 340 
48 5 168 296 466 479 594 
49 6 123 355 388 412 464 578 
50 7 47 85 223 293 317 385 550 
51 4 46 305 542 571 
52 4 77 146 320 510 
53 4 79 95 211 405 
54 3 318 436 559 
55 4 169 292 412 489 
56 4 141 294 313 453 
57 7 154 163 197 274 300 532 585 
58 5 38 148 423 572 584 
59 5 68 210 253 304 445 
60 9 96 429 437 464 485 509 538 543 553 
61 3 334 470 526 
62 4 42 208 514 586 
63 8 132 239 242 249 426 477 523 536 
64 7 98 264 310 351 397 484 517 
65 4 225 255 523 567 
66 5 264 423 477 509 551 
67 10 45 89 192 302 321 370 378 383 388 546 
68 4 59 248 295 441 
69 6 139 275 284 306 483 487 
70 5 71 157 324 401 552 
71 11 30 38 70 110 187 274 307 310 318 379 538 
72 4 13 129 201 212 
73 7 125 232 265 372 441 481 493 
74 11 192 371 381 508 519 523 524 540 575 576 583 
75 8 16 33 40 145 179 450 477 579 
76 5 205 331 446 558 599 
77 8 52 119 242 257 258 294 491 512 
78 9 43 99 114 221 262 364 398 439 567 
79 4 53 178 200 571 
80 8 99 118 123 232 287 389 471 561 
81 5 0 233 450 466 549 
82 5 42 119 189 282 509 
83 4 322 450 466 518 
84 8 5 10 150 209 267 425 481 583 
85 5 50 160 335 383 553 
86 9 31 33 171 213 217 308 451 520 525 
87 2 287 351 
88 9 44 299 304 357 460 502 505 543 559 
89 3 67 254 416 
90 5 97 188 207 417 496 
91 9 42 257 298 380 406 416 466 474 481 
92 9 184 220 221 236 251 341 446 479 541 
93 8 148 170 208 324 362 375 433 595 
94 7 190 288 371 423 475 477 514 
95 5 53 278 345 552 553 
96 4 60 215 227 390 
97 4 22 90 273 382 
98 5 64 189 208 389 503 
99 10 40 78 80 180 269 319 411 517 548 562 
100 3 367 415 502 
101 4 34 182 442 584 
102 4 143 147 371 562 
103 7 19 115 136 137 320 489 495 
104 4 18 262 415 544 
105 1 319 
106 6 241 335 402 531 583 584 
107 2 355 373 
108 3 20 248 355 
109 7 1 304 305 316 376 559 579 
110 5 71 546 574 577 578 
111 8 10 168 171 176 195 238 276 486 
112 3 178 211 489 
113 5 19 256 283 495 533 
114 5 78 259 388 398 567 
115 3 103 182 259 
116 5 178 236 454 570 571 
117 3 214 331 391 
118 5 5 25 80 302 334 
119 6 77 82 196 365 411 476 
120 2 185 294 
121 3 234 439 463 
122 2 574 582 
123 4 49 80 414 575 
124 6 139 140 273 284 364 512 
125 5 73 251 376 546 582 
126 5 44 156 165 237 256 
127 8 251 270 356 442 455 471 535 570 
128 3 294 332 537 
129 4 72 289 519 583 
130 5 148 176 203 266 268 
131 5 274 345 365 409 451 
132 2 63 294 
133 10 134 144 227 241 283 333 441 452 465 571 
134 3 133 547 549 
135 2 220 530 
136 5 103 358 365 390 424 
137 5 23 38 103 258 387 
138 4 177 200 284 405 
139 8 26 69 124 232 276 301 430 500 
140 7 124 166 209 367 429 549 561 
141 5 56 202 307 465 470 
142 5 161 231 338 497 531 
143 8 11 22 102 144 283 458 565 590 
144 6 133 143 158 220 266 434 
145 5 75 174 332 449 538 
146 10 31 52 334 396 431 456 511 519 539 542 
147 4 19 102 438 559 
148 10 58 93 130 183 270 313 317 460 463 492 
149 5 311 371 387 496 528 
150 5 84 156 269 330 406 
151 4 365 430 571 599 
152 7 9 32 155 301 343 421 433 
153 4 190 452 454 591 
154 5 57 178 234 560 582 
155 7 152 168 187 260 301 430 511 
156 3 126 150 562 
157 10 70 190 214 335 339 417 486 551 563 596 
158 8 18 39 144 211 308 420 470 477 
159 3 162 216 426 
160 4 85 423 432 482 
161 9 20 142 182 335 375 430 545 547 582 
162 3 159 367 589 
163 2 57 584 
164 2 374 483 
165 7 25 31 126 187 376 410 460 
166 7 24 140 243 306 383 541 573 
167 3 8 336 577 
168 4 48 111 155 201 
169 7 55 216 260 355 401 451 505 
170 3 44 93 399 
171 5 86 111 266 336 487 
172 6 298 320 351 395 469 581 
173 5 0 26 47 373 427 
174 4 145 193 331 406 
175 6 0 218 297 534 571 580 
176 5 111 130 293 353 360 
177 5 138 188 358 531 587 
178 9 79 112 116 154 318 363 427 474 535 
179 7 31 75 199 417 490 552 570 
180 3 99 190 519 
181 9 36 37 46 233 234 272 310 380 459 
182 5 101 115 161 383 566 
183 3 148 232 246 
184 7 92 185 243 281 417 555 576 
185 8 120 184 233 304 534 559 570 583 
186 5 18 223 284 468 521 
187 9 71 155 165 215 283 420 446 529 558 
188 9 90 177 285 295 310 342 408 412 468 
189 9 46 82 98 246 264 342 428 433 539 
190 8 94 153 157 180 301 356 428 522 
191 6 277 404 504 535 581 598 
192 7 31 67 74 254 302 351 467 
193 5 18 174 283 471 575 
194 8 221 320 447 462 470 528 566 574 
195 8 111 230 232 333 412 424 517 554 
196 6 119 247 319 419 451 488 
197 6 19 57 301 450 462 496 
198 5 215 291 351 422 424 
199 6 179 251 294 342 349 598 
200 6 79 138 433 519 568 595 
201 4 72 168 464 517 
202 2 141 441 
203 5 16 17 30 130 470 
204 9 1 261 286 328 373 384 427 454 597 
205 4 76 240 274 499 
206 4 330 455 498 513 
207 6 90 214 313 407 442 498 
208 6 62 93 98 462 497 549 
209 10 84 140 223 236 267 296 405 456 519 538 
210 9 23 33 38 59 257 454 486 491 503 
211 6 53 112 158 222 312 526 
212 5 72 268 430 506 595 
213 2 86 292 
214 5 117 157 207 252 268 
215 8 96 187 198 333 455 498 507 536 
216 10 10 20 28 159 169 242 566 569 582 597 
217 3 86 546 596 
218 4 175 291 503 545 
219 6 30 284 306 421 549 590 
220 4 92 135 144 228 
221 10 35 78 92 194 252 284 286 328 372 509 
222 3 33 211 409 
223 6 50 186 209 307 473 598 
224 5 340 357 423 593 597 
225 7 4 36 65 233 343 398 562 
226 3 350 384 593 
227 9 35 96 133 234 292 331 461 509 596 
228 4 220 456 529 544 
229 5 286 388 491 499 514 
230 5 195 258 424 461 532 
231 3 142 405 568 
232 9 73 80 139 183 195 275 430 524 595 
233 7 6 81 181 185 225 349 401 
234 7 121 154 181 227 407 433 506 
235 3 248 501 588 
236 10 4 92 116 209 298 338 347 401 437 467 
237 4 126 244 332 493 
238 3 111 263 460 
239 2 63 463 
240 3 29 205 245 
241 7 19 106 133 317 360 525 529 
242 4 63 77 216 469 
243 5 166 184 245 577 586 
244 4 237 272 379 428 
245 6 240 243 276 293 327 584 
246 4 183 189 479 504 
247 4 36 196 408 570 
248 4 68 108 235 559 
249 7 63 338 357 366 369 379 531 
250 1 483 
251 7 92 125 127 199 285 469 490 
252 2 214 221 
253 6 5 59 318 424 519 593 
254 4 89 192 536 597 
255 4 7 65 285 545 
256 3 113 126 310 
257 7 77 91 210 323 324 486 556 
258 8 2 77 137 230 278 471 475 515 
259 7 34 38 114 115 377 508 528 
260 3 155 169 454 
261 2 204 561 
262 5 78 104 342 351 496 
263 5 238 286 330 367 465 
264 6 64 66 189 355 565 584 
265 5 73 356 421 453 491 
266 6 130 144 171 310 371 387 
267 8 35 84 209 362 393 406 524 535 
268 3 130 212 214 
269 3 99 150 277 
270 9 3 127 148 278 330 350 411 428 563 
271 7 332 363 373 375 430 469 504 
272 5 181 244 354 492 591 
273 6 18 43 47 97 124 573 
274 7 57 71 131 205 332 333 491 
275 5 9 69 232 370 577 
276 7 111 139 245 384 385 453 505 
277 2 191 269 
278 3 95 258 270 
279 5 350 428 488 498 598 
280 0 
281 4 15 184 332 518 
282 1 82 
283 8 113 133 143 187 193 370 382 463 
284 8 69 124 138 186 219 221 478 534 
285 6 20 188 251 255 339 422 
286 6 9 204 221 229 263 440 
287 5 80 87 452 455 456 
288 2 94 354 
289 6 129 325 426 482 553 569 
290 2 332 383 
291 5 19 198 218 308 387 
292 6 55 213 227 392 513 560 
293 4 50 176 245 464 
294 8 56 77 120 128 132 199 336 529 
295 4 5 68 188 489 
296 3 48 209 405 
297 4 14 175 459 533 
298 6 91 172 236 407 492 501 
299 2 88 576 
300 4 6 57 395 514 
301 9 25 139 152 155 190 197 492 585 598 
302 8 67 118 192 332 425 503 504 584 
303 3 322 432 570 
304 6 59 88 109 185 364 492 
305 7 16 51 109 318 438 518 581 
306 3 69 166 219 
307 6 6 41 71 141 223 556 
308 5 86 158 291 323 392 
309 4 47 367 475 588 
310 7 40 64 71 181 188 256 266 
311 2 149 457 
312 2 211 352 
313 4 56 148 207 386 
314 4 365 390 480 570 
315 0 
316 1 109 
317 6 50 148 241 363 491 568 
318 9 54 71 178 253 305 381 425 434 496 
319 6 99 105 196 338 460 580 
320 10 22 52 103 172 194 321 418 536 561 590 
321 6 67 320 471 478 494 569 
322 8 34 40 83 303 397 414 441 594 
323 5 257 308 521 551 586 
324 6 44 70 93 257 335 591 
325 2 289 436 
326 1 327 
327 8 19 245 326 351 392 410 430 484 
328 6 14 204 221 391 457 568 
329 4 390 443 505 531 
330 5 150 206 263 270 577 
331 7 76 117 174 227 392 480 592 
332 11 128 145 237 271 274 281 290 302 388 421 478 
333 7 33 133 195 215 274 578 595 
334 7 21 61 118 146 469 477 502 
335 10 20 27 85 106 157 161 324 359 449 486 
336 6 167 171 294 410 416 542 
337 4 28 47 393 463 
338 6 142 236 249 319 374 518 
339 4 33 157 285 351 
340 6 8 47 224 406 486 562 
341 6 92 424 496 569 585 599 
342 9 15 188 189 199 262 456 487 522 582 
343 5 40 152 225 359 424 
344 1 562 
345 4 95 131 351 425 
346 4 32 349 536 579 
347 5 10 236 548 564 583 
348 3 10 483 490 
349 6 13 14 199 233 346 451 
350 7 46 226 270 279 423 504 578 
351 14 10 20 64 87 172 192 198 262 327 339 345 367 563 592 
352 6 35 312 420 454 516 520 
353 4 176 392 409 535 
354 2 272 288 
355 7 15 49 107 108 169 264 379 
356 4 127 190 265 507 
357 6 88 224 249 435 504 586 
358 6 14 136 177 419 550 576 
359 4 335 343 454 540 
360 6 176 241 457 566 587 595 
361 1 598 
362 5 93 267 366 376 580 
363 7 36 178 271 317 400 432 599 
364 6 78 124 304 393 398 497 
365 7 119 131 136 151 314 461 594 
366 2 249 362 
367 6 100 140 162 263 309 351 
368 3 438 487 513 
369 2 249 568 
370 4 29 67 275 283 
371 6 74 94 102 149 266 561 
372 3 73 221 569 
373 5 21 107 173 204 271 
374 4 164 338 389 499 
375 8 93 161 271 429 498 551 574 586 
376 5 109 125 165 362 415 
377 2 259 436 
378 6 22 26 67 400 474 573 
379 7 30 36 71 244 249 355 386 
380 4 91 181 557 592 
381 2 74 318 
382 3 97 283 538 
383 8 67 85 166 182 290 518 575 580 
384 4 204 226 276 422 
385 4 50 276 553 593 
386 6 313 379 522 547 586 590 
387 7 137 149 266 291 433 528 571 
388 7 49 67 114 229 332 396 547 
389 4 80 98 374 450 
390 5 96 136 314 329 422 
391 5 117 328 403 499 544 
392 8 2 42 292 308 327 331 353 443 
393 6 267 337 364 433 515 562 
394 0 
395 3 172 300 410 
396 4 146 388 562 585 
397 3 64 322 514 
398 4 78 114 225 364 
399 2 22 170 
400 7 363 378 433 445 487 540 575 
401 7 70 169 233 236 411 496 502 
402 3 3 106 570 
403 4 391 490 491 548 
404 3 191 488 494 
405 7 53 138 209 231 296 528 539 
406 6 91 150 174 267 340 507 
407 10 4 28 207 234 298 438 516 518 526 538 
408 4 188 247 477 590 
409 3 131 222 353 
410 6 165 327 336 395 484 542 
411 5 8 99 119 270 401 
412 7 32 49 55 188 195 416 435 
413 2 43 507 
414 3 123 322 417 
415 6 17 23 100 104 376 440 
416 7 7 89 91 336 412 458 598 
417 6 90 157 179 184 414 462 
418 2 320 491 
419 4 2 196 358 447 
420 6 10 34 158 187 352 597 
421 7 12 152 219 265 332 516 535 
422 6 10 198 285 384 390 593 
423 8 58 66 94 160 224 350 482 534 
424 9 136 195 198 230 253 341 343 513 569 
425 10 30 84 302 318 345 439 496 526 527 548 
426 5 63 159 289 475 576 
427 4 29 173 178 204 
428 6 189 190 244 270 279 461 
429 5 60 140 375 533 579 
430 9 41 139 151 155 161 212 232 271 327 
431 3 15 146 456 
432 4 160 303 363 592 
433 12 93 152 189 200 234 387 393 400 453 541 544 595 
434 7 4 23 144 318 457 547 565 
435 2 357 412 
436 5 54 325 377 502 599 
437 5 4 24 60 236 480 
438 4 147 305 368 407 
439 4 25 78 121 425 
440 4 30 40 286 415 
441 5 68 73 133 202 322 
442 7 101 127 207 454 461 472 582 
443 4 329 392 478 591 
444 2 459 526 
445 4 6 59 400 451 
446 4 76 92 187 463 
447 5 1 28 194 419 505 
448 2 529 544 
449 4 145 335 505 588 
450 6 75 81 83 197 389 521 
451 7 86 131 169 196 349 445 530 
452 4 133 153 287 586 
453 5 56 265 276 433 565 
454 13 19 116 153 204 210 260 352 359 442 544 562 583 595 
455 4 127 206 215 287 
456 10 8 16 146 209 228 287 342 431 487 502 
457 8 17 34 311 328 360 434 470 583 
458 3 143 416 597 
459 7 14 181 297 444 464 561 568 
460 7 88 148 165 238 319 483 530 
461 5 227 230 365 428 442 
462 9 9 34 194 197 208 417 493 495 526 
463 8 121 148 239 283 337 446 481 537 
464 7 4 49 60 201 293 459 587 
465 4 133 141 263 513 
466 6 48 81 83 91 508 510 
467 2 192 236 
468 4 186 188 547 570 
469 5 172 242 251 271 334 
470 7 61 141 158 194 203 457 531 
471 8 80 127 193 258 321 520 525 557 
472 3 21 442 595 
473 5 2 223 529 532 553 
474 6 91 178 378 499 521 528 
475 4 94 258 309 426 
476 3 119 546 557 
477 8 20 63 66 75 94 158 334 408 
478 5 284 321 332 443 527 
479 4 48 92 246 591 
480 6 4 18 314 331 437 495 
481 4 73 84 91 463 
482 3 160 289 423 
483 9 23 69 164 250 348 460 551 598 599 
484 4 41 64 327 410 
485 2 60 552 
486 7 111 157 210 257 335 340 549 
487 7 69 171 342 368 400 456 515 
488 3 196 279 404 
489 5 55 103 112 295 556 
490 5 15 179 251 348 403 
491 9 77 210 229 265 274 317 403 418 591 
492 6 39 148 272 298 301 304 
493 3 73 237 462 
494 3 321 404 506 
495 7 103 113 462 480 514 515 571 
496 9 90 149 197 262 318 341 401 425 545 
497 3 142 208 364 
498 8 21 31 206 207 215 279 375 538 
499 5 205 229 374 391 474 
500 1 139 
501 3 235 298 553 
502 6 88 100 334 401 436 456 
503 5 98 210 218 302 553 
504 7 45 191 246 271 302 350 357 
505 7 88 169 276 329 447 449 548 
506 5 20 212 234 494 531 
507 6 215 356 406 413 548 588 
508 5 40 74 259 466 572 
509 5 60 66 82 221 227 
510 2 52 466 
511 3 29 146 155 
512 3 77 124 585 
513 6 44 206 292 368 424 465 
514 8 41 62 94 229 300 397 495 537 
515 4 258 393 487 495 
516 3 352 407 421 
517 6 64 99 195 201 535 573 
518 6 83 281 305 338 383 407 
519 8 30 74 129 146 180 200 209 253 
520 5 86 352 471 543 547 
521 6 9 19 186 323 450 474 
522 4 190 342 386 570 
523 4 27 63 65 74 
524 4 46 74 232 267 
525 3 86 241 471 
526 6 61 211 407 425 444 462 
527 4 15 46 425 478 
528 6 149 194 259 387 405 474 
529 6 187 228 241 294 448 473 
530 5 13 135 451 460 599 
531 9 2 17 106 142 177 249 329 470 506 
532 4 57 230 473 587 
533 4 34 113 297 429 
534 4 175 185 284 423 
535 7 127 178 191 267 353 421 517 
536 5 63 215 254 320 346 
537 3 128 463 514 
538 8 60 71 145 209 382 407 498 593 
539 4 146 189 405 541 
540 3 74 359 400 
541 4 92 166 433 539 
542 4 51 146 336 410 
543 3 60 88 520 
544 6 104 228 391 433 448 454 
545 5 161 218 255 496 592 
546 6 10 67 110 125 217 476 
547 8 46 134 161 386 388 434 468 520 
548 7 99 347 403 425 505 507 558 
549 8 35 39 81 134 140 208 219 486 
550 2 50 358 
551 5 66 157 323 375 483 
552 4 70 95 179 485 
553 9 39 60 85 95 289 385 473 501 503 
554 3 7 195 567 
555 1 184 
556 3 257 307 489 
557 4 39 380 471 476 
558 3 76 187 548 
559 6 54 88 109 147 185 248 
560 2 154 292 
561 6 80 140 261 320 371 459 
562 10 11 99 102 156 225 340 344 393 396 454 
563 4 17 157 270 351 
564 1 347 
565 5 33 143 264 434 453 
566 5 16 182 194 216 360 
567 4 65 78 114 554 
568 6 200 231 317 328 369 459 
569 7 26 216 289 321 341 372 424 
570 10 116 127 179 185 247 303 314 402 468 522 
571 8 51 79 116 133 151 175 387 495 
572 2 58 508 
573 7 166 273 378 517 575 589 591 
574 5 19 110 122 194 375 
575 7 28 74 123 193 383 400 573 
576 6 74 184 299 358 426 581 
577 5 110 167 243 275 330 
578 4 49 110 333 350 
579 4 75 109 346 429 
580 6 16 175 319 362 383 597 
581 4 172 191 305 576 
582 9 37 122 125 154 161 216 342 442 594 
583 8 74 84 106 129 185 347 454 457 
584 8 4 58 101 106 163 245 264 302 
585 5 57 301 341 396 512 
586 7 62 243 323 357 375 386 452 
587 6 1 43 177 360 464 532 
588 6 22 235 309 449 507 593 
589 2 162 573 
590 6 143 219 320 386 408 593 
591 8 26 153 272 324 443 479 491 573 
592 5 331 351 380 432 545 
593 8 224 226 253 385 422 538 588 590 
594 6 25 37 48 322 365 582 
595 11 9 15 93 200 212 232 333 360 433 454 472 
596 3 157 217 227 
597 7 204 216 224 254 420 458 580 
598 8 191 199 223 279 301 361 416 483 
599 7 76 151 341 363 436 483 530 
