600 7263
0 15 7 76 81 163 173 175 202 333 396 411 445 492 500 514 515 
1 20 8 39 83 103 109 124 129 172 204 210 226 258 284 286 355 426 447 510 587 589 
2 28 9 28 43 81 135 166 178 184 192 222 237 258 262 266 267 282 317 343 376 384 392 419 436 461 473 531 559 562 
3 23 11 36 55 97 127 192 207 231 234 242 270 312 325 367 402 406 414 452 457 460 473 566 579 
4 25 22 43 52 140 167 181 194 225 232 236 237 276 293 407 409 434 437 440 464 471 480 556 562 584 588 
5 24 6 53 84 92 97 118 136 150 188 189 198 219 221 245 253 294 295 368 442 464 481 489 526 569 
6 19 5 36 37 233 239 274 300 307 309 350 362 406 421 437 445 526 532 560 569 
7 18 0 46 63 88 164 176 189 224 255 271 299 300 401 412 416 440 520 554 
8 22 1 95 119 137 155 157 167 174 220 256 290 304 314 340 375 411 423 456 479 524 537 554 
9 25 2 36 75 92 110 119 126 145 152 203 226 262 275 286 293 322 399 421 428 462 473 486 511 521 595 
10 27 12 13 58 84 86 111 130 174 216 220 276 326 347 348 351 362 420 422 424 425 432 457 502 507 536 538 546 
11 24 3 35 62 88 96 143 148 186 206 207 226 242 265 298 328 352 399 418 451 456 515 562 569 583 
12 20 10 88 105 126 133 180 219 283 302 308 319 389 390 410 421 440 495 521 565 596 
13 25 10 33 56 60 72 80 86 101 138 155 185 240 284 296 304 349 398 421 431 443 456 529 530 571 594 
14 25 25 40 62 77 190 197 203 209 226 260 267 297 309 315 327 328 334 349 358 366 384 459 538 540 558 
15 33 16 19 23 29 33 34 38 49 57 66 72 87 96 165 187 219 261 262 281 286 342 355 369 408 431 474 483 490 491 506 527 539 595 
16 27 15 27 38 75 98 117 149 150 153 164 190 191 203 228 249 252 276 294 305 310 320 375 456 462 473 566 580 
17 19 35 91 164 203 228 321 415 423 425 455 457 472 525 531 537 561 563 567 576 
18 32 21 28 58 65 81 101 104 112 120 153 156 158 160 181 186 189 193 208 214 219 273 423 434 439 480 495 504 525 527 541 577 583 
19 27 15 26 42 68 103 113 124 133 147 155 165 176 190 197 241 253 281 291 327 426 454 457 500 521 574 580 589 
20 29 58 88 108 136 140 142 156 161 173 184 216 229 285 335 351 360 371 424 441 477 506 511 528 541 544 568 570 586 590 
21 17 18 146 155 156 168 176 249 258 294 334 342 373 377 472 498 552 577 
22 27 4 27 33 45 67 97 126 143 162 186 231 274 309 320 345 346 378 383 385 399 426 455 517 574 587 588 596 
23 22 15 41 96 108 118 137 140 210 271 278 283 393 415 432 434 438 454 458 483 504 525 540 
24 22 64 83 90 166 167 191 205 232 245 263 317 370 376 437 438 447 452 482 549 559 560 586 
25 26 14 59 100 118 152 153 165 187 211 219 248 270 281 291 301 311 381 433 435 439 524 575 576 591 594 599 
26 23 19 35 89 94 139 151 166 173 175 191 208 258 262 338 371 378 400 465 494 535 554 569 591 
27 17 16 22 35 51 100 256 312 335 348 354 378 411 467 523 540 545 561 
28 29 2 18 53 87 145 167 171 203 207 216 222 249 315 326 337 365 368 373 403 407 440 447 452 477 539 550 561 569 575 
29 21 15 73 103 108 144 190 204 223 240 281 350 354 370 382 427 492 511 516 551 568 573 
30 38 44 61 71 109 132 145 151 160 173 203 218 219 228 243 269 274 276 283 284 326 327 334 350 379 389 421 425 440 459 519 528 533 536 545 546 587 596 599 
31 29 42 54 82 84 86 121 137 146 165 168 172 179 192 226 253 255 265 335 387 388 445 448 453 498 528 560 569 583 593 
32 19 40 50 64 86 113 152 189 269 296 334 346 355 412 416 476 487 494 515 586 
33 29 13 15 22 39 75 86 94 162 187 188 210 222 273 304 313 323 326 333 334 339 376 398 429 480 486 510 545 565 566 
34 30 15 36 39 60 87 94 101 174 203 215 229 241 249 259 322 323 348 379 383 420 436 448 451 457 462 508 530 533 535 590 
35 32 11 17 26 27 36 42 52 63 69 70 73 146 200 207 218 219 221 227 267 349 352 416 418 455 541 546 549 564 574 575 579 587 
36 35 3 6 9 34 35 88 95 97 132 141 181 213 225 242 247 300 309 313 324 328 332 333 363 379 381 385 386 402 421 427 460 495 508 592 598 
37 23 6 113 181 204 234 257 266 313 322 323 335 361 394 412 449 460 534 541 547 562 564 582 594 
38 29 15 16 39 55 58 71 136 137 143 155 167 197 210 254 259 285 320 350 370 396 402 406 418 422 468 509 511 516 555 
39 26 1 33 34 38 84 94 104 158 166 269 277 282 323 341 345 372 445 457 492 502 528 549 553 557 586 598 
40 30 14 32 42 49 75 77 79 99 108 122 126 136 148 178 218 227 261 264 265 310 321 322 343 377 440 444 467 503 508 550 
41 21 23 61 67 101 185 196 223 232 242 247 255 307 316 401 430 433 460 466 483 484 514 
42 19 19 31 35 40 62 82 91 134 177 228 283 317 356 388 392 422 485 508 562 
43 19 2 4 65 78 130 182 273 284 289 296 306 323 341 400 413 486 504 583 587 
44 22 30 69 86 88 93 109 119 126 144 160 168 170 206 243 324 342 367 381 496 513 523 525 
45 29 22 53 67 84 116 129 165 184 263 300 314 334 336 345 349 384 385 446 462 470 474 490 504 513 527 528 561 565 595 
46 29 7 51 56 57 83 148 181 189 254 274 346 350 354 411 469 471 501 511 519 524 527 547 550 555 558 567 586 587 591 
47 28 50 79 85 90 109 128 145 173 176 205 247 273 275 308 309 314 337 340 407 420 425 432 445 459 492 524 549 587 
48 20 106 168 207 269 296 317 325 337 368 394 401 466 479 512 533 540 563 569 572 594 
49 19 15 40 80 81 123 126 233 253 345 354 355 388 412 439 464 481 519 552 578 
50 29 32 47 74 79 85 92 101 122 147 192 223 239 263 288 293 317 321 355 385 404 410 432 459 465 470 486 487 550 556 
51 24 27 46 70 85 178 207 246 262 264 266 282 305 325 345 396 457 472 490 495 512 515 530 542 571 
52 21 4 35 63 77 104 143 146 153 159 212 258 287 293 320 347 411 451 481 495 506 510 
53 30 5 28 45 68 79 83 95 102 183 199 211 258 304 307 317 391 405 418 463 477 495 497 510 525 529 553 564 570 571 598 
54 27 31 55 76 78 163 191 194 236 312 318 350 356 380 389 393 399 412 428 436 445 451 463 484 533 559 563 594 
55 18 3 38 54 72 142 169 174 189 233 278 292 295 327 337 412 455 479 489 
56 24 13 46 96 100 118 125 141 150 185 275 287 294 295 313 345 356 390 418 438 445 453 490 493 503 
57 30 15 46 87 126 134 150 152 154 163 170 181 190 197 204 235 243 262 274 300 354 381 387 393 471 473 484 532 538 579 585 
58 24 10 18 20 38 97 138 147 148 153 191 277 306 363 370 383 397 423 433 469 567 572 578 579 584 
59 15 25 66 68 118 210 227 253 303 304 324 357 359 408 426 445 
60 26 13 34 65 96 225 255 282 289 309 366 409 429 437 449 463 464 476 485 496 509 535 538 543 550 553 573 
61 16 30 41 95 99 114 135 146 157 247 253 288 334 470 515 526 590 
62 19 11 14 42 64 77 135 208 238 247 319 333 423 514 518 538 555 559 586 588 
63 30 7 35 52 70 71 97 102 132 146 151 167 169 239 242 249 252 278 279 369 426 433 444 457 465 470 477 502 523 536 582 
64 28 24 32 62 98 127 131 148 177 197 207 220 264 307 308 310 332 351 390 396 397 419 427 484 489 517 520 564 593 
65 24 18 43 60 74 75 153 176 225 255 268 303 321 358 371 422 431 442 467 478 491 523 528 531 567 
66 21 15 59 76 112 118 173 256 264 291 308 351 370 381 423 470 477 509 546 551 552 579 
67 22 22 41 45 89 124 175 192 276 302 321 322 333 370 378 383 388 412 469 499 508 546 593 
68 20 19 53 59 81 90 123 146 226 236 248 275 295 348 441 449 460 529 530 557 597 
69 27 35 44 95 136 139 183 190 202 241 261 267 270 275 284 306 312 317 341 346 349 434 446 461 483 487 491 534 
70 23 35 51 63 71 96 119 157 203 293 324 329 337 386 401 410 434 446 462 465 510 536 552 566 
71 27 30 38 63 70 72 110 150 169 185 187 191 224 274 290 307 310 318 325 379 392 435 463 520 534 538 540 541 
72 24 13 15 55 71 103 129 147 158 201 212 279 306 342 366 395 411 418 461 503 527 533 555 589 594 
73 23 29 35 101 102 109 125 226 232 246 265 314 332 340 358 369 372 373 377 441 481 493 523 559 
74 30 50 65 100 108 173 183 189 192 218 238 250 293 311 368 371 375 381 406 445 466 508 512 519 523 524 540 543 575 576 583 
75 32 9 16 33 40 65 95 123 145 155 156 157 179 196 276 277 285 340 345 364 376 384 407 424 437 450 462 477 490 518 559 577 579 
76 26 0 54 66 105 117 127 166 182 205 223 235 250 254 329 331 339 340 374 379 441 446 498 511 513 558 599 
77 23 14 40 52 62 111 119 125 181 207 242 257 258 294 305 316 387 419 427 468 484 491 512 535 
78 24 43 54 94 99 114 139 178 183 185 211 221 246 262 314 334 364 398 402 408 439 440 539 567 582 
79 28 40 47 50 53 93 114 135 172 178 185 200 251 276 297 310 338 409 415 468 471 492 495 513 526 552 563 565 571 
80 20 13 49 96 99 118 120 123 191 232 254 267 287 291 301 387 389 400 471 541 561 
81 23 0 2 18 49 68 96 123 195 229 233 237 282 369 370 384 406 450 455 466 523 549 596 598 
82 20 31 42 119 127 149 186 189 207 282 289 293 355 456 469 495 509 521 528 551 563 
83 26 1 24 46 53 132 182 218 231 247 293 322 356 361 365 407 425 429 450 457 466 502 506 514 518 537 579 
84 23 5 10 31 39 45 112 118 150 162 209 267 307 310 354 411 421 425 426 469 479 481 552 583 
85 27 47 50 51 114 116 119 147 160 178 197 267 305 320 335 340 358 372 383 394 411 433 535 544 553 558 589 592 
86 25 10 13 31 32 33 44 89 90 104 116 171 213 217 281 289 306 308 331 418 420 425 451 520 525 589 
87 24 15 28 34 57 179 251 263 285 286 287 345 351 373 378 398 451 458 461 480 496 499 547 568 597 
88 25 7 11 12 20 36 44 110 155 170 188 194 248 276 299 300 304 357 425 460 502 505 529 543 559 569 
89 21 26 67 86 137 159 162 212 241 254 263 288 324 338 381 411 415 416 432 450 540 576 
90 28 24 47 68 86 97 99 112 113 121 151 188 207 211 252 259 261 330 352 415 417 440 461 466 478 496 524 527 582 
91 31 17 42 109 122 133 163 171 204 257 258 289 298 338 373 380 393 398 406 416 444 447 460 464 466 468 474 481 524 536 544 557 
92 21 5 9 50 117 184 220 221 236 251 257 285 293 341 342 446 479 499 510 516 525 541 
93 25 44 79 94 101 148 170 182 208 223 303 324 347 362 364 375 378 433 438 442 463 499 504 509 560 595 
94 28 26 33 34 39 78 93 115 150 172 190 203 204 226 247 283 288 316 350 371 423 448 475 477 502 506 514 520 593 
95 29 8 36 53 61 69 75 141 142 184 187 220 278 279 321 333 344 345 357 394 431 449 480 523 552 553 561 575 590 594 
96 26 11 15 23 56 60 70 80 81 106 110 131 147 153 210 215 227 279 390 407 415 455 475 489 510 518 521 
97 16 3 5 22 36 58 63 90 187 234 273 276 314 382 491 504 547 
98 25 16 64 120 136 143 189 208 231 248 274 295 298 356 380 389 431 432 464 478 482 503 552 574 577 586 
99 30 40 61 78 80 90 114 119 172 180 199 220 262 269 272 285 302 319 326 340 363 390 411 478 498 514 517 523 548 556 562 
100 21 25 27 56 74 134 191 208 274 295 320 342 346 367 379 415 422 441 502 530 566 576 
101 26 13 18 34 41 50 73 93 121 137 182 193 234 261 318 328 330 347 349 385 419 442 454 465 467 525 584 
102 26 53 63 73 127 143 147 173 176 183 193 232 235 241 353 360 365 371 389 419 447 480 515 540 556 562 590 
103 21 1 19 29 72 114 115 136 137 144 227 230 274 307 320 321 340 384 415 489 495 586 
104 29 18 39 52 86 117 149 168 180 228 248 262 295 308 315 316 330 356 398 400 404 411 415 456 490 495 504 528 530 544 
105 19 12 76 117 141 150 174 182 217 265 270 276 311 312 319 385 448 500 522 566 
106 22 48 96 124 184 226 241 248 278 279 335 346 364 402 407 415 428 445 455 480 531 583 584 
107 17 126 150 178 213 220 222 227 264 325 355 373 374 436 456 539 553 568 
108 24 20 23 29 40 74 119 167 214 248 254 259 335 355 369 374 376 403 404 441 450 478 570 573 598 
109 31 1 30 44 47 73 91 158 164 226 247 249 251 296 304 305 306 316 332 376 383 406 418 431 441 480 557 559 577 579 584 593 
110 25 9 71 88 96 193 241 262 275 290 326 338 371 383 413 439 456 509 524 527 546 566 568 574 577 578 
111 25 10 77 120 132 168 171 176 195 221 238 270 276 295 302 353 358 463 482 484 486 499 518 540 579 599 
112 25 18 66 84 90 178 201 211 241 270 280 298 301 322 347 361 377 378 425 464 465 489 502 510 548 564 
113 23 19 32 37 90 181 236 240 245 255 256 282 283 327 338 347 351 415 418 442 495 515 533 553 
114 30 61 78 79 85 99 103 128 140 148 165 184 186 209 226 259 262 276 338 362 370 383 388 398 423 446 479 481 491 554 567 
115 20 94 103 130 182 186 187 201 228 239 259 283 304 310 353 381 405 420 463 533 547 
116 18 45 85 86 157 160 178 184 212 234 236 259 380 385 454 519 553 570 571 
117 24 16 76 92 104 105 141 166 185 192 214 229 301 331 359 362 368 391 396 415 441 459 470 558 583 
118 22 5 23 25 56 59 66 80 84 144 157 235 259 302 315 334 386 391 445 471 515 553 578 
119 28 8 9 44 70 77 82 85 99 108 120 125 142 196 315 365 411 436 448 476 477 479 501 514 538 553 560 578 579 
120 28 18 80 98 111 119 151 153 166 174 181 185 206 207 282 286 290 294 319 349 357 392 396 431 502 540 550 562 573 
121 19 31 90 101 131 143 200 234 240 241 262 393 439 457 463 480 526 527 543 581 
122 15 40 50 91 132 144 150 155 338 349 370 391 486 563 574 582 
123 27 49 68 75 80 81 194 234 265 270 281 283 324 327 334 337 352 361 414 432 436 438 471 494 517 519 528 575 
124 22 1 19 67 106 139 140 186 198 221 273 284 290 291 309 332 339 364 416 449 512 576 583 
125 24 56 73 77 119 131 156 251 265 294 300 337 361 376 381 416 425 430 485 501 509 518 536 546 582 
126 25 9 12 22 40 44 49 57 107 156 165 167 183 189 192 208 210 235 237 256 318 430 450 484 499 581 
127 24 3 64 76 82 102 245 251 270 355 356 383 442 455 463 467 471 481 502 520 529 535 556 570 596 
128 24 47 114 131 149 206 265 273 294 303 328 332 358 416 451 455 467 468 505 514 521 537 553 587 593 
129 27 1 45 72 151 185 193 199 202 215 232 242 269 278 289 331 388 418 433 459 472 487 519 541 545 567 583 585 
130 18 10 43 115 148 176 202 203 246 256 259 266 268 341 374 404 428 447 550 
131 25 64 96 121 125 128 204 214 221 274 278 280 291 303 312 345 365 409 444 451 452 454 474 490 501 521 
132 28 30 36 63 83 111 122 154 156 193 210 220 262 266 283 294 312 333 348 365 369 398 423 438 441 453 512 535 548 
133 33 12 19 91 134 144 157 160 162 165 173 184 219 227 241 263 283 303 306 309 333 369 422 428 430 441 452 465 474 480 517 571 572 596 
134 21 42 57 100 133 172 232 233 239 251 291 336 337 392 420 440 481 530 535 547 549 555 
135 18 2 61 62 79 144 185 200 220 237 308 311 341 349 413 500 528 530 542 
136 31 5 20 38 40 69 98 103 144 161 162 175 233 273 344 358 365 390 411 415 421 424 473 480 488 500 505 510 518 530 543 544 
137 21 8 23 31 38 89 101 103 181 229 238 258 278 286 307 326 329 387 491 496 580 591 
138 18 13 58 164 177 200 223 278 284 300 320 325 332 355 405 501 515 518 552 
139 25 26 69 78 124 209 232 264 276 290 298 301 302 359 380 403 409 430 447 454 466 495 500 521 575 587 
140 21 4 20 23 114 124 166 209 266 285 291 350 367 429 432 471 518 525 549 557 561 583 
141 23 36 56 95 105 117 178 202 258 307 351 377 403 407 423 465 470 514 543 546 552 562 569 578 
142 21 20 55 95 119 161 184 192 207 211 231 323 324 338 373 392 417 451 497 519 531 545 
143 28 11 22 38 52 98 102 121 144 236 251 254 255 262 283 322 374 414 452 455 458 519 547 550 565 570 574 579 590 
144 27 29 44 103 118 122 133 135 136 143 148 158 217 220 233 266 301 343 381 434 438 452 460 502 509 537 579 583 
145 20 9 28 30 47 75 174 184 187 240 272 298 332 372 384 430 449 474 538 544 547 
146 28 21 31 35 52 61 63 68 153 229 235 243 280 288 293 297 334 337 340 376 396 401 431 456 511 518 519 539 542 
147 29 19 50 58 72 85 96 102 168 185 208 291 295 330 341 345 350 352 354 361 417 428 438 447 453 478 500 517 556 559 
148 29 11 40 46 58 64 93 114 130 144 163 183 219 263 270 303 313 317 345 347 348 414 424 440 443 460 463 492 540 543 
149 24 16 82 104 128 204 291 292 311 342 350 359 371 379 387 439 449 487 496 528 536 541 556 559 593 
150 24 5 16 56 57 71 84 94 105 107 122 156 157 174 192 217 227 266 269 321 330 341 406 474 492 
151 23 26 30 63 90 120 129 229 236 298 364 365 367 375 376 430 466 477 486 514 544 548 571 599 
152 19 9 25 32 57 155 168 182 205 237 258 301 328 343 417 421 423 433 546 585 
153 29 16 18 25 52 58 65 96 120 146 155 173 177 190 225 246 292 376 403 416 421 430 441 452 454 481 488 498 591 594 
154 19 57 132 178 234 259 261 263 310 329 331 348 357 366 376 427 453 539 560 582 
155 32 8 13 19 21 38 75 88 122 152 153 158 168 179 187 191 240 260 285 301 350 363 395 409 430 435 490 491 511 520 562 563 596 
156 25 18 20 21 75 125 126 132 150 172 178 196 230 396 401 420 487 500 509 532 538 562 572 579 590 598 
157 30 8 61 70 75 116 118 133 150 183 190 214 230 242 285 328 334 335 339 342 357 360 374 375 417 486 497 551 553 563 596 
158 24 18 39 72 109 144 155 190 211 218 221 244 247 282 298 308 317 397 402 407 420 426 470 477 588 
159 15 52 89 162 175 216 227 234 258 292 343 426 445 495 511 567 
160 24 18 30 44 85 116 133 168 190 201 261 267 290 341 381 423 432 460 463 482 502 546 548 549 598 
161 22 20 136 142 180 182 186 188 193 197 268 276 335 375 415 430 464 472 474 525 545 547 582 
162 26 22 33 84 89 133 136 159 179 181 189 240 259 281 285 286 367 391 427 448 472 482 503 522 566 589 591 
163 16 0 54 57 91 148 238 256 273 323 371 382 421 427 435 584 597 
164 14 7 16 17 109 138 261 265 374 381 382 399 483 500 516 
165 27 15 19 25 31 45 114 126 133 180 187 195 208 275 294 374 376 397 409 410 422 460 461 466 477 497 520 574 
166 24 2 24 26 39 76 117 120 140 238 243 257 273 306 383 408 419 424 478 487 497 541 542 573 597 
167 26 4 8 24 28 38 63 108 126 204 208 271 288 321 336 345 394 429 458 482 490 515 555 561 570 575 577 
168 24 21 31 44 48 104 111 147 152 155 160 201 211 251 271 311 313 338 379 398 409 424 438 501 594 
169 23 55 63 71 206 216 260 279 303 343 355 389 393 401 451 466 483 503 505 517 521 559 584 596 
170 17 44 57 88 93 179 187 217 219 269 272 399 439 468 508 510 521 579 
171 17 28 86 91 111 198 266 336 338 346 452 464 474 487 538 548 569 581 
172 34 1 31 79 94 99 134 156 179 238 259 278 282 287 298 317 319 320 324 325 342 351 360 365 395 417 421 422 469 473 508 539 543 563 581 
173 18 0 20 26 30 47 66 74 102 133 153 183 301 349 373 427 483 533 584 
174 18 8 10 34 55 105 120 145 150 193 194 279 331 377 403 406 497 501 545 
175 16 0 26 67 136 159 218 282 288 297 330 416 485 498 534 571 580 
176 21 7 19 21 47 65 102 111 130 208 211 258 262 273 293 317 327 353 360 392 535 598 
177 22 42 64 138 153 188 220 231 314 357 358 363 374 379 460 491 522 531 559 560 587 590 592 
178 33 2 40 51 78 79 85 107 112 116 141 154 156 208 248 254 269 270 296 318 339 352 363 383 409 427 442 453 454 474 512 535 556 579 
179 25 31 75 87 155 162 170 172 199 238 240 242 253 319 383 393 417 456 470 485 490 535 550 552 562 570 
180 14 12 99 104 161 165 190 211 235 249 365 392 414 519 585 
181 33 4 18 36 37 46 57 77 113 120 137 162 185 205 233 234 236 272 284 310 329 346 365 379 380 414 426 452 459 477 504 520 566 599 
182 23 43 76 83 93 101 105 115 152 161 222 264 344 365 383 400 406 413 418 436 488 529 563 566 
183 26 53 69 74 78 102 126 148 157 173 191 232 238 245 246 254 286 292 295 310 340 403 433 466 470 476 491 
184 29 2 20 45 92 95 106 114 116 133 142 145 185 190 220 224 243 281 301 323 330 348 350 368 417 497 555 571 576 594 
185 31 13 41 56 71 78 79 117 120 129 135 147 181 184 233 263 265 304 384 414 436 455 478 488 493 525 534 559 570 580 583 595 
186 30 11 18 22 82 114 115 124 161 193 201 223 226 284 293 302 307 351 357 373 423 447 451 454 468 477 481 493 500 521 524 
187 33 15 25 33 71 95 97 115 145 155 165 170 215 242 245 262 272 283 304 366 395 412 416 420 446 494 509 521 529 553 558 564 566 592 
188 31 5 33 88 90 161 177 195 200 269 270 285 295 303 307 310 339 342 344 352 361 395 397 408 412 436 439 468 500 503 526 578 
189 32 5 7 18 32 46 55 74 82 98 126 162 202 246 255 264 266 303 313 327 342 418 428 433 436 447 470 492 539 557 567 570 593 
190 27 14 16 19 29 57 69 94 153 157 158 160 180 184 193 240 301 312 350 356 369 390 428 433 502 522 560 578 
191 29 16 24 26 54 58 71 80 100 155 183 202 219 223 230 262 277 279 289 311 368 404 421 436 504 535 543 557 581 598 
192 28 2 3 31 50 67 74 117 126 142 150 242 243 254 255 262 269 283 291 302 315 345 351 467 491 533 557 568 598 
193 27 18 101 102 110 129 132 161 174 186 190 211 218 242 283 314 315 321 329 361 366 421 441 465 471 488 540 575 
194 23 4 54 88 123 174 215 221 304 307 320 327 336 401 408 435 447 462 470 472 525 528 566 574 
195 19 81 111 165 188 228 230 232 283 297 333 397 412 424 432 483 494 517 518 554 
196 18 41 75 119 156 247 319 346 362 400 419 436 451 482 488 498 518 586 587 
197 27 14 19 38 57 64 85 161 198 218 266 301 335 373 405 422 450 462 474 493 496 507 520 546 547 552 575 576 
198 19 5 124 171 197 215 254 268 291 345 351 356 372 422 424 433 482 506 523 533 
199 26 53 99 129 179 208 242 251 264 278 294 304 314 341 342 345 349 353 371 374 393 482 491 495 497 502 598 
200 16 35 79 121 135 138 188 201 225 285 304 357 433 448 519 568 595 
201 25 72 112 115 160 168 186 200 211 252 258 293 306 308 332 334 376 385 430 458 464 511 517 522 571 594 
202 20 0 69 129 130 141 189 191 238 263 283 324 347 420 427 441 482 494 516 525 593 
203 26 9 14 16 17 28 30 34 70 94 130 227 238 250 273 370 374 376 390 405 424 431 436 438 448 470 538 
204 34 1 29 37 57 91 94 131 149 167 223 247 261 265 272 283 286 305 328 331 359 362 373 384 400 427 454 475 497 507 526 530 557 559 597 
205 12 24 47 76 152 181 240 274 288 405 499 515 527 
206 21 11 44 120 128 169 247 249 284 307 325 330 340 391 404 414 455 466 467 498 513 533 
207 34 3 11 28 35 48 51 64 77 82 90 120 142 214 220 255 260 264 287 309 310 313 340 367 377 389 407 415 442 498 537 542 543 570 573 
208 27 18 26 62 93 98 100 126 147 165 167 176 178 199 210 304 342 414 424 446 462 497 520 524 544 549 560 579 
209 27 14 84 114 139 140 223 236 242 267 296 302 304 352 356 360 405 455 456 476 481 508 519 525 526 534 538 540 
210 23 1 23 33 38 59 96 126 132 208 234 238 257 309 368 376 395 442 454 468 486 491 503 510 
211 28 25 53 78 90 112 142 158 168 176 180 193 201 212 222 259 312 359 379 392 398 418 429 462 484 526 537 542 588 
212 16 52 72 89 116 211 268 286 298 430 481 492 506 531 533 554 595 
213 17 36 86 107 248 282 291 292 314 350 406 415 441 469 472 547 569 588 
214 20 18 108 117 131 157 207 228 252 262 268 288 311 347 428 480 490 510 516 525 596 
215 29 34 96 129 187 194 198 231 239 256 325 333 357 390 399 418 420 428 437 455 467 476 481 493 498 507 536 550 551 599 
216 21 10 20 28 159 169 221 226 242 244 247 279 315 391 452 500 507 526 566 569 582 597 
217 20 86 105 144 150 170 221 225 248 249 299 365 380 404 407 470 504 529 542 546 596 
218 25 30 35 40 74 83 158 175 193 197 233 241 282 291 403 446 450 463 480 503 513 514 545 551 586 597 
219 24 5 12 15 18 25 30 35 133 148 170 191 224 284 306 338 373 380 406 421 439 462 519 549 590 
220 24 8 10 64 92 95 99 107 132 135 144 177 184 207 228 345 354 376 403 416 423 493 531 546 564 
221 30 5 35 78 92 111 124 131 158 194 216 217 252 253 254 284 286 328 372 381 397 415 450 458 463 481 506 509 512 539 587 
222 15 2 28 33 107 182 211 280 297 310 328 406 409 449 525 558 
223 23 29 41 50 76 93 138 186 191 204 209 229 286 288 300 307 314 368 372 392 424 473 540 598 
224 18 7 71 184 219 247 258 266 340 357 368 371 378 413 423 432 465 593 597 
225 29 4 36 60 65 153 200 217 233 295 343 346 355 363 380 387 395 398 424 445 452 458 463 464 483 527 542 555 562 591 
226 34 1 9 11 14 31 68 73 94 106 109 114 186 216 228 255 262 277 279 300 335 350 353 355 358 384 413 433 436 448 487 533 569 589 593 
227 32 35 40 59 96 103 107 133 150 159 203 234 239 240 274 290 292 318 331 347 458 461 481 487 497 503 509 512 523 539 549 566 596 
228 23 16 17 30 42 104 115 195 214 220 226 245 280 286 347 411 454 456 529 544 554 577 583 598 
229 25 20 34 81 117 137 146 151 223 277 286 305 360 388 394 402 414 417 453 480 491 499 511 514 571 599 
230 22 103 156 157 191 195 256 258 261 273 304 424 425 437 461 462 506 532 541 550 563 566 574 
231 18 3 22 83 98 142 177 215 341 361 368 405 422 464 542 552 555 559 568 
232 24 4 24 41 73 80 102 129 134 139 183 195 275 357 384 399 426 430 524 531 534 537 575 582 595 
233 21 6 49 55 81 134 136 144 181 185 218 225 255 292 296 312 340 349 366 401 455 543 
234 31 3 37 97 101 116 121 123 154 159 181 210 227 247 255 326 378 392 394 407 425 433 444 456 467 473 493 506 515 524 561 562 
235 30 57 76 102 118 126 146 180 248 256 278 287 288 294 313 329 345 346 371 381 403 437 446 455 462 495 501 511 519 570 588 
236 29 4 54 68 92 113 116 143 151 181 209 254 287 294 298 331 333 338 347 370 373 401 404 420 431 437 467 524 538 587 
237 21 2 4 81 126 135 152 244 267 316 332 333 343 463 483 493 519 531 547 550 552 568 
238 29 62 74 111 137 163 166 172 179 183 202 203 210 263 265 268 280 299 342 348 360 386 415 428 460 493 516 542 582 591 
239 14 6 50 63 115 134 215 227 254 302 315 349 370 463 521 
240 29 13 29 113 121 145 155 162 179 190 205 227 245 247 252 256 301 339 340 359 398 434 443 445 489 493 509 511 534 567 
241 29 19 34 69 89 102 106 110 112 121 133 218 262 272 298 317 360 374 402 405 418 446 457 473 525 529 534 543 556 584 
242 24 3 11 36 41 63 77 129 157 179 187 192 193 199 209 216 319 347 352 400 431 442 459 469 587 
243 26 30 44 57 146 166 184 192 245 268 274 309 319 331 355 399 413 433 462 494 550 558 575 577 586 587 589 
244 19 158 216 237 272 279 298 317 343 363 365 379 422 428 483 508 558 572 589 591 
245 25 5 24 113 127 183 187 228 240 243 261 266 276 293 298 327 336 371 392 436 446 459 473 524 580 584 
246 22 51 73 78 130 153 183 189 272 357 388 410 424 449 467 475 479 485 490 497 504 534 598 
247 28 36 41 47 61 62 83 94 109 158 196 204 206 216 224 234 240 284 308 399 408 479 489 547 549 553 558 570 598 
248 19 25 68 88 98 104 106 108 178 213 217 235 250 274 294 353 410 530 536 559 
249 24 16 21 28 34 63 109 180 206 217 265 310 338 341 357 358 366 369 379 409 415 442 531 540 581 
250 11 74 76 203 248 302 394 405 483 502 521 546 
251 24 79 87 92 109 125 127 134 143 168 199 255 285 303 343 374 417 439 443 469 490 502 559 576 582 
252 21 16 63 90 201 214 221 240 271 313 326 330 335 356 367 397 413 445 447 469 583 599 
253 22 5 19 31 49 59 61 179 221 259 299 318 324 341 342 367 424 457 478 519 534 564 593 
254 30 38 46 76 80 89 108 143 178 183 192 198 221 236 239 257 298 325 331 335 338 417 419 445 490 491 536 560 572 588 597 
255 28 7 31 41 60 65 113 143 189 192 207 226 233 234 251 285 318 353 471 478 479 481 545 551 557 564 579 580 586 
256 29 8 27 66 113 126 130 163 215 230 235 240 258 262 281 296 310 326 341 357 363 387 416 489 496 556 564 572 576 577 
257 22 37 77 91 92 166 210 254 259 317 323 324 327 367 377 398 406 407 410 486 541 556 572 
258 35 1 2 21 26 52 53 77 91 137 141 152 159 176 201 224 230 256 270 278 283 288 318 340 341 352 353 361 408 422 471 475 490 505 515 523 
259 30 34 38 90 108 114 115 116 118 130 154 162 172 211 253 257 266 280 283 285 377 383 426 469 472 493 508 512 517 528 555 
260 15 14 155 169 207 283 287 386 395 454 491 539 551 558 571 585 
261 21 15 40 69 90 101 154 160 164 204 230 245 318 381 406 418 422 466 517 521 553 561 
262 37 2 9 15 26 51 57 78 99 104 110 114 121 132 143 176 187 191 192 214 226 241 256 285 290 310 311 323 342 351 408 434 472 496 510 525 542 591 
263 19 24 45 50 87 89 133 148 154 185 202 238 286 330 350 367 465 552 579 586 
264 22 40 51 64 66 107 139 182 189 199 207 278 314 318 320 333 334 352 355 422 522 565 584 
265 24 11 31 40 73 105 123 125 128 164 185 204 238 249 266 333 356 366 382 391 421 448 453 491 579 
266 31 2 37 51 130 132 140 144 150 171 189 197 224 245 259 265 274 298 301 310 371 387 388 427 428 453 454 507 524 525 586 591 
267 26 2 14 35 69 80 84 85 160 209 237 293 324 362 371 383 393 406 407 476 489 504 524 535 553 586 599 
268 17 65 130 161 198 212 214 238 243 272 313 355 369 392 399 408 528 569 
269 22 30 32 39 48 99 129 150 170 178 188 192 277 324 358 366 434 469 506 519 522 539 594 
270 31 3 25 69 105 111 112 123 127 148 178 188 258 278 287 301 330 350 357 392 403 411 417 428 433 501 539 556 563 586 589 598 
271 20 7 23 167 168 252 295 299 317 332 363 373 375 416 430 454 456 469 504 525 572 
272 18 99 145 170 181 187 204 241 244 246 268 354 363 492 495 501 560 577 591 
273 27 18 33 43 47 97 124 128 136 163 166 176 203 230 296 311 330 388 420 431 480 500 543 548 553 562 573 589 
274 28 6 22 30 46 57 71 98 100 103 131 205 227 243 248 266 277 283 293 306 332 333 400 415 433 440 491 504 566 
275 20 9 47 56 68 69 110 165 232 321 348 360 370 391 401 483 500 512 524 527 577 
276 30 4 10 16 30 67 75 79 88 97 105 111 114 139 161 245 339 357 379 384 385 388 400 453 489 505 544 553 558 591 595 
277 17 39 58 75 191 226 229 269 274 309 375 380 389 450 470 474 483 540 
278 32 23 55 63 95 106 129 131 137 138 172 199 235 258 264 270 284 298 303 378 391 430 449 455 460 483 486 505 532 542 570 571 573 
279 25 63 72 95 96 106 169 174 191 216 226 244 295 296 317 324 327 350 377 428 436 453 488 498 500 598 
280 17 112 131 146 222 228 238 259 314 332 401 471 490 493 499 547 577 582 
281 23 15 19 25 29 86 123 162 184 256 283 332 366 375 408 420 449 475 503 509 518 522 529 596 
282 24 2 39 51 60 81 82 113 120 158 172 175 213 218 301 306 351 407 422 437 469 513 545 569 570 
283 33 12 23 30 42 94 113 115 123 132 133 143 187 192 193 195 202 204 258 259 260 274 281 294 312 347 370 382 393 463 521 545 552 562 
284 26 1 13 30 43 69 124 138 181 186 206 219 221 247 278 288 299 365 419 461 478 488 499 502 534 564 596 
285 30 20 38 75 87 92 99 140 155 157 162 188 200 251 255 259 262 299 305 328 333 339 341 377 422 435 471 507 534 566 568 
286 24 1 9 15 87 120 137 162 183 204 212 221 223 228 229 263 294 324 335 425 431 440 448 468 471 
287 23 52 56 80 87 172 207 235 236 260 270 315 345 379 443 447 452 455 456 490 505 547 593 595 
288 24 50 61 89 94 146 167 175 205 214 223 235 258 284 292 354 388 420 439 465 472 476 504 580 587 
289 25 43 60 82 86 91 129 191 298 303 325 335 339 404 419 426 482 489 490 495 511 541 553 569 574 596 
290 22 8 71 110 120 124 139 160 227 262 292 332 364 377 383 409 411 436 445 493 513 562 586 
291 21 19 25 66 80 124 131 134 140 147 149 192 198 213 218 308 327 369 380 387 481 512 
292 21 55 149 153 159 183 213 227 233 288 290 308 312 359 374 392 483 506 513 541 554 560 
293 25 4 9 50 52 70 74 82 83 92 146 176 186 201 245 267 274 322 402 409 429 464 495 528 567 596 
294 30 5 16 21 56 77 120 125 128 132 165 199 235 236 248 283 286 336 338 405 422 456 503 528 529 538 542 556 573 575 580 
295 27 5 55 56 68 98 100 104 111 147 183 188 225 271 279 313 320 369 408 411 466 480 488 489 505 514 538 571 
296 20 13 32 43 48 109 178 209 233 256 273 279 300 377 405 448 484 511 525 536 559 
297 19 14 79 146 175 195 222 355 359 373 379 401 407 410 422 435 438 459 532 533 
298 28 11 91 98 112 139 145 151 158 172 212 236 241 244 245 254 266 278 289 375 403 407 429 492 501 513 561 570 597 
299 26 7 88 217 238 253 271 284 285 311 328 340 360 381 385 414 419 458 467 486 498 508 524 542 569 576 580 
300 18 6 7 36 45 57 88 125 138 223 226 296 359 395 454 514 521 576 597 
301 26 25 80 112 117 139 144 152 155 173 184 190 197 240 266 270 282 308 361 375 437 464 492 496 512 585 598 
302 24 12 67 99 111 118 139 186 192 209 239 250 332 358 373 412 425 482 503 504 510 523 555 584 594 
303 20 59 65 93 128 131 133 148 169 188 189 251 278 289 317 322 400 432 492 570 579 
304 29 8 13 33 53 59 88 109 115 185 187 194 199 200 208 209 230 321 323 329 364 409 416 447 468 481 492 507 533 559 
305 15 16 51 77 85 109 204 229 285 318 427 438 460 518 581 593 
306 21 43 58 69 72 86 109 133 166 201 219 274 282 328 332 418 497 548 557 563 566 567 
307 22 6 41 53 64 71 84 103 137 141 186 188 194 206 223 420 494 556 557 572 588 589 597 
308 23 12 47 64 66 86 104 135 158 201 247 291 292 301 323 352 392 400 432 440 455 526 533 595 
309 24 6 14 22 36 47 60 124 133 207 210 243 277 345 367 390 408 414 418 475 492 512 526 571 588 
310 30 16 40 64 71 79 84 115 154 181 183 188 207 222 249 256 262 266 322 389 406 419 428 446 453 492 514 517 518 580 596 
311 22 25 74 105 135 149 168 191 214 262 273 299 314 337 383 429 452 454 457 460 482 485 591 
312 19 3 27 54 69 105 131 132 190 211 233 283 292 347 351 352 401 409 485 572 
313 23 33 36 37 56 148 168 189 207 235 252 268 295 332 338 386 409 425 429 461 513 521 534 585 
314 25 8 45 47 73 78 97 177 193 199 213 223 264 280 311 337 365 368 389 390 438 443 480 494 548 570 
315 18 14 28 104 118 119 192 193 216 239 287 334 367 439 446 458 490 542 577 
316 17 41 77 94 104 109 237 341 360 420 453 458 473 499 513 521 523 563 
317 47 2 24 42 48 50 53 69 148 158 172 176 241 244 257 271 279 303 328 329 333 334 336 354 359 363 370 400 405 408 417 439 461 487 490 491 492 502 517 520 521 525 551 560 568 585 589 598 
318 26 54 71 101 126 178 227 253 255 258 261 264 305 359 381 384 407 425 434 462 465 468 496 499 503 533 537 
319 20 12 62 99 105 120 172 179 196 242 243 338 397 438 459 460 510 538 567 578 580 
320 24 16 22 38 52 85 100 103 138 172 194 264 295 321 336 350 359 397 418 482 507 536 547 561 590 
321 30 17 40 50 65 67 95 103 150 167 193 275 304 320 323 345 393 406 422 430 434 437 471 478 494 500 526 553 569 581 583 
322 19 9 34 37 40 67 83 112 143 293 303 310 396 397 414 441 453 542 571 594 
323 19 33 34 37 39 43 142 163 184 257 262 304 308 321 355 361 469 521 551 586 
324 23 36 44 59 70 89 93 123 142 172 202 253 257 267 269 279 286 335 360 373 403 444 479 591 
325 18 3 48 51 71 107 138 172 206 215 254 289 339 384 436 471 508 534 596 
326 23 10 28 30 33 99 110 137 234 252 256 327 332 352 371 391 394 424 434 441 491 526 530 547 
327 30 14 19 30 55 113 123 176 189 194 245 257 279 291 326 346 351 357 365 387 392 397 410 417 424 430 435 437 484 569 576 
328 25 11 14 36 101 128 152 157 204 221 222 285 299 306 317 357 381 391 417 457 511 530 562 568 585 595 
329 25 70 76 137 154 181 193 235 304 317 336 337 355 362 390 393 401 419 434 443 452 503 505 531 534 593 
330 21 90 101 104 147 150 175 184 206 252 263 270 273 378 397 411 434 500 521 576 577 578 
331 23 76 86 117 129 154 174 204 227 236 243 254 376 380 381 392 427 480 502 548 550 575 588 592 
332 31 36 64 73 109 124 128 138 145 201 237 271 274 280 281 290 302 306 313 326 388 390 401 421 447 478 549 561 562 579 593 599 
333 29 0 33 36 62 67 95 132 133 195 215 236 237 264 265 274 285 317 339 373 383 423 453 459 461 473 492 518 578 595 
334 29 14 21 30 32 33 45 61 78 118 123 146 157 201 264 315 317 354 404 421 424 433 445 469 477 481 502 524 540 560 
335 31 20 27 31 37 85 106 108 157 161 197 226 252 254 286 289 324 355 357 359 377 392 436 443 446 449 472 483 486 524 539 583 
336 19 45 134 167 171 194 245 294 317 320 329 370 410 413 416 442 514 542 571 590 
337 23 28 47 48 55 70 123 125 134 146 311 314 329 339 371 373 393 400 463 492 532 554 556 563 
338 29 26 79 89 91 110 113 114 122 142 168 171 219 236 249 254 294 313 319 374 376 378 409 421 436 443 454 477 518 555 
339 19 33 76 124 157 178 188 240 276 285 289 325 333 337 343 351 450 466 509 523 
340 31 8 47 73 75 76 85 99 103 146 183 206 207 224 233 240 258 299 374 406 410 424 425 458 463 486 489 521 546 554 556 562 
341 32 39 43 69 92 130 135 147 150 160 199 231 249 253 256 258 285 316 364 408 413 424 444 448 450 456 468 496 521 569 584 585 599 
342 27 15 21 44 72 92 100 149 157 172 188 189 199 208 238 253 262 409 456 461 487 522 534 562 564 566 582 591 
343 21 2 40 144 152 159 169 225 237 244 251 339 351 359 364 376 381 384 416 424 449 475 
344 12 95 136 182 188 370 400 415 419 458 527 539 562 
345 31 22 39 45 49 51 56 75 87 95 131 147 148 167 192 198 199 220 235 287 309 321 351 369 392 397 425 462 470 518 569 582 
346 24 22 32 46 69 100 106 171 181 196 225 235 327 349 355 365 372 432 439 476 478 502 536 579 588 
347 25 10 52 93 101 112 113 148 202 214 227 228 236 242 283 312 382 393 434 448 528 543 548 564 583 596 
348 17 10 27 34 68 132 148 154 184 238 275 355 381 472 483 490 547 599 
349 23 13 14 35 45 69 101 120 122 135 173 199 233 239 346 351 388 397 426 451 471 544 546 587 
350 27 6 29 30 38 46 54 94 140 147 149 155 184 190 213 226 263 270 279 320 394 423 463 498 504 512 525 578 
351 26 10 20 64 66 87 113 141 172 186 192 198 262 282 312 327 339 343 345 349 356 367 384 429 547 563 592 
352 24 11 35 90 123 147 178 188 209 242 258 264 308 312 326 356 420 427 454 465 516 520 529 574 593 
353 20 102 111 115 176 199 226 248 255 258 360 381 392 400 409 412 456 489 521 535 567 
354 23 27 29 46 49 57 84 147 220 272 288 317 334 369 399 420 428 452 488 521 557 568 574 599 
355 33 1 15 32 49 50 82 107 108 127 138 169 225 226 243 264 268 297 323 329 335 346 348 359 365 367 379 392 411 435 436 453 462 475 
356 22 42 54 56 83 98 104 127 190 198 209 252 265 351 352 372 385 425 431 507 509 522 545 
357 30 59 88 95 120 154 157 177 186 200 215 224 232 246 249 256 270 276 327 328 335 371 400 435 491 504 509 520 585 586 593 
358 26 14 65 73 85 111 128 136 177 226 249 269 302 379 383 412 419 427 433 434 472 479 513 550 558 574 576 
359 28 59 117 139 149 204 211 240 292 297 300 317 318 320 335 343 355 377 399 414 439 449 454 455 495 527 529 540 547 
360 22 20 102 157 172 176 209 229 238 241 275 299 316 324 353 402 442 457 486 566 575 587 595 
361 22 37 83 112 123 125 147 188 193 231 258 301 323 417 420 438 486 520 556 582 583 588 598 
362 23 6 10 93 114 117 196 204 267 329 366 376 395 404 438 439 468 500 516 534 550 557 580 598 
363 26 36 58 99 155 177 178 225 244 256 271 272 317 400 405 421 427 432 434 458 530 551 560 571 576 582 599 
364 23 75 78 93 106 124 151 290 304 341 343 393 398 461 465 475 489 497 519 522 526 536 549 586 
365 31 28 83 102 119 131 132 136 151 172 180 181 182 217 244 284 314 327 346 355 379 425 460 461 476 478 521 529 531 549 594 596 
366 18 14 60 72 154 187 193 233 249 265 269 281 362 379 383 410 511 528 571 
367 23 3 44 100 140 151 162 207 252 253 257 263 309 315 351 355 376 405 413 448 470 519 562 587 
368 23 5 28 48 74 117 184 191 210 223 224 231 314 377 383 389 394 435 438 459 487 505 513 571 
369 19 15 63 73 81 108 132 133 190 249 268 291 295 345 354 393 394 556 568 572 
370 23 24 29 38 58 66 67 81 114 122 203 236 239 275 283 317 336 344 385 453 470 516 536 560 
371 22 20 26 65 74 94 102 110 149 163 199 224 235 245 266 267 326 337 357 404 437 561 595 
372 18 39 73 85 145 198 221 223 346 356 381 384 413 448 515 551 553 559 569 
373 28 21 28 73 87 91 107 142 173 186 197 204 219 236 271 297 302 324 333 337 413 422 434 481 540 568 583 590 592 
374 29 76 107 108 130 143 157 164 165 177 199 203 241 251 292 338 340 381 389 436 448 459 473 499 504 521 550 551 576 581 
375 22 8 16 74 93 151 157 161 271 277 281 298 301 395 428 429 498 533 551 563 566 574 586 
376 32 2 24 33 75 108 109 125 146 151 153 154 165 201 203 210 220 331 338 343 362 367 415 420 436 486 500 506 514 517 519 554 565 
377 21 21 40 73 112 141 174 207 257 259 279 285 290 296 335 359 368 397 414 436 546 594 
378 28 22 26 27 67 87 93 112 224 234 278 330 338 388 398 400 413 436 457 474 475 478 490 503 507 508 536 568 573 
379 23 30 34 36 71 76 100 149 168 177 181 211 244 249 276 287 297 355 358 365 366 386 522 560 
380 21 54 91 98 116 139 181 217 219 225 277 291 331 389 403 415 514 555 557 561 564 592 
381 28 25 36 44 57 66 74 89 115 125 144 160 164 221 235 261 299 318 328 331 343 348 353 372 374 420 470 557 598 
382 12 29 97 163 164 265 283 347 389 412 515 517 538 
383 29 22 34 58 67 85 109 110 114 127 166 178 179 182 259 267 290 311 333 358 366 368 411 434 483 518 535 571 575 580 
384 29 2 14 45 75 81 103 145 185 204 226 232 276 318 325 343 351 372 402 422 423 436 470 484 487 492 507 509 531 561 
385 19 22 36 45 50 101 105 116 201 276 299 356 370 395 485 553 562 582 593 594 
386 17 36 70 118 238 260 313 379 411 443 469 514 522 537 547 554 586 590 
387 24 31 57 77 80 137 149 225 256 266 291 327 389 433 447 456 457 464 480 507 528 548 558 571 595 
388 22 31 42 49 67 114 129 229 246 266 273 276 288 332 349 378 396 409 427 461 499 547 576 
389 23 12 30 54 80 98 102 169 207 277 310 314 368 374 380 382 387 421 447 450 462 471 531 544 
390 18 12 56 64 96 99 136 190 203 215 309 314 329 332 409 422 495 497 580 
391 20 53 117 118 122 162 206 216 265 275 278 326 328 403 438 479 499 517 520 544 577 
392 27 2 42 71 120 134 142 176 180 211 223 234 245 268 270 292 308 327 331 335 345 353 355 419 443 475 561 568 
393 25 23 54 57 91 121 169 179 199 267 283 321 329 337 347 364 369 433 438 480 487 515 518 547 562 575 
394 16 37 48 85 95 167 229 234 250 326 350 368 369 405 407 567 571 
395 17 72 155 172 187 188 210 225 260 300 362 375 385 410 417 454 508 533 
396 17 0 38 51 64 117 120 146 156 322 388 400 461 473 499 562 585 591 
397 27 58 64 158 165 188 195 221 252 319 320 322 327 330 345 349 377 420 427 472 483 514 529 530 531 556 570 574 
398 18 13 33 78 87 91 104 114 132 168 211 225 240 257 364 378 462 476 522 
399 18 9 11 22 54 164 170 215 232 243 247 268 354 359 428 560 573 581 588 
400 34 26 43 80 104 182 196 204 242 274 276 303 308 317 337 344 353 357 363 378 396 407 415 433 445 478 487 501 540 548 561 562 568 575 578 
401 29 7 41 48 70 146 156 169 194 233 236 275 280 297 312 329 332 411 415 430 496 502 508 512 551 552 559 561 580 581 
402 20 3 36 38 78 106 158 229 241 293 360 384 404 415 416 442 460 473 564 570 590 
403 28 28 108 139 141 153 174 183 218 220 235 270 298 324 380 391 417 438 473 489 490 491 519 548 568 591 593 594 597 
404 22 50 104 108 130 191 206 217 236 289 334 362 371 402 423 437 475 488 494 505 506 584 590 
405 25 53 115 138 197 203 205 209 231 241 250 294 296 317 363 367 394 407 481 487 499 528 535 539 559 595 
406 29 3 6 38 74 81 91 109 150 174 182 213 219 222 257 261 267 310 321 340 422 436 449 461 471 507 512 515 534 546 
407 29 4 28 47 75 83 96 106 141 158 207 217 234 257 267 282 297 298 318 394 400 405 434 438 493 516 518 526 538 583 
408 23 15 59 78 166 188 194 247 258 262 268 281 295 309 317 341 429 433 438 475 477 551 573 590 
409 32 4 60 79 131 139 155 165 168 178 222 249 290 293 304 312 313 338 342 353 388 390 434 438 454 471 482 485 530 540 542 588 598 
410 17 12 50 70 165 246 248 257 297 327 336 340 366 395 458 470 484 542 
411 29 0 8 27 46 52 72 84 85 89 99 104 119 136 228 270 290 295 330 355 383 386 401 426 455 461 510 529 579 584 
412 19 7 32 37 49 54 55 67 187 188 195 302 353 358 382 415 416 435 580 597 
413 20 43 110 135 182 224 226 243 252 336 341 367 372 373 378 507 510 536 539 577 578 
414 22 3 123 143 148 180 181 185 206 208 229 299 309 322 359 377 417 434 460 507 517 538 570 
415 34 17 23 79 89 90 96 100 103 104 106 113 117 136 161 207 213 221 238 249 274 344 376 380 400 401 402 412 436 440 473 499 554 575 598 
416 28 7 32 35 89 91 124 125 128 153 175 187 220 256 271 304 336 343 402 412 439 453 458 481 484 488 494 527 598 
417 24 90 142 147 152 157 172 179 184 229 251 254 270 317 327 328 361 395 403 414 445 462 495 537 578 
418 31 11 35 38 53 56 72 86 109 113 129 182 189 211 215 241 261 306 309 320 461 491 509 523 539 543 548 587 594 595 596 598 
419 23 2 64 77 101 102 166 196 254 284 289 299 310 329 344 358 392 426 447 472 475 518 583 594 
420 30 10 34 47 86 115 134 156 158 187 202 215 236 273 281 288 307 316 352 354 361 376 381 397 476 482 506 507 546 588 597 
421 26 6 9 12 13 30 36 84 136 152 153 163 172 191 193 219 265 332 334 338 363 389 437 462 494 516 535 
422 29 10 38 42 65 100 133 165 172 197 198 231 244 258 261 264 282 285 294 297 321 373 384 390 406 429 505 512 530 593 
423 24 8 17 18 58 62 66 94 114 132 141 152 160 186 220 224 333 350 384 404 427 437 482 534 599 
424 30 10 20 75 136 148 166 168 195 198 203 208 223 225 230 246 253 326 327 334 340 341 343 463 513 535 542 558 564 569 580 
425 31 10 17 30 47 83 84 86 88 112 125 230 234 286 302 313 318 340 345 356 365 428 439 454 466 482 496 526 527 548 592 595 
426 25 1 19 22 59 63 84 158 159 181 232 259 289 349 411 419 435 462 475 483 513 543 549 570 571 576 
427 25 29 36 64 77 154 162 163 173 178 202 204 266 305 331 352 358 363 388 397 423 454 461 544 548 552 
428 30 9 54 106 130 133 147 189 190 214 215 238 244 266 270 279 310 354 375 399 425 448 461 483 505 518 545 553 563 580 591 
429 17 33 60 83 140 167 211 293 298 311 313 351 375 408 422 455 533 579 
430 23 41 125 126 133 139 145 151 153 155 161 201 212 232 271 278 321 327 401 449 467 479 548 567 
431 21 13 15 65 95 98 109 120 146 203 236 242 273 286 356 444 448 456 502 512 538 556 
432 20 10 23 47 50 89 98 123 140 160 195 224 303 308 346 363 471 511 581 589 592 
433 32 25 41 58 63 85 93 129 152 183 189 190 198 200 226 234 243 270 274 334 358 387 393 400 408 453 470 496 512 541 544 594 595 
434 34 4 18 23 69 70 144 240 262 269 318 321 326 329 330 347 358 363 373 383 407 409 414 437 457 465 470 475 485 490 519 537 547 550 565 
435 16 25 71 155 163 194 285 297 327 355 357 368 412 426 509 520 523 
436 33 2 34 54 107 119 123 182 185 188 189 191 196 203 226 245 279 290 325 335 338 355 374 376 377 378 384 406 415 452 502 517 546 599 
437 23 4 6 24 60 75 215 230 235 236 282 301 321 327 371 404 421 423 434 447 480 495 584 588 
438 30 23 24 56 93 123 132 144 147 168 203 297 305 314 319 361 362 368 391 393 403 407 408 409 506 516 545 552 560 581 586 
439 22 18 25 49 78 110 121 149 170 188 219 251 288 315 317 346 359 362 416 425 519 561 574 
440 19 4 7 12 28 30 40 78 90 134 148 274 286 308 415 457 479 500 542 563 
441 23 20 68 73 76 100 108 109 117 132 133 153 193 202 213 322 326 512 523 527 564 578 585 591 
442 24 5 65 93 101 113 127 178 207 210 242 249 336 360 402 445 454 461 467 472 496 497 516 544 582 
443 18 13 148 240 251 287 314 329 335 338 386 392 462 474 478 501 526 556 591 
444 11 40 63 91 131 234 324 341 431 459 483 526 
445 29 0 6 31 39 47 54 56 59 74 106 118 159 225 240 252 254 290 334 400 417 442 451 490 500 504 505 527 550 596 
446 24 45 69 70 76 92 114 187 208 218 235 241 245 310 315 335 447 463 470 482 508 525 582 583 593 
447 26 1 24 28 91 102 130 139 147 186 189 194 252 287 304 332 387 389 419 437 446 466 468 470 505 516 548 
448 28 31 34 94 105 119 162 200 203 226 265 286 296 341 347 367 372 374 428 431 500 511 529 536 544 555 559 572 575 
449 24 37 60 68 95 124 145 149 222 246 278 281 335 343 359 406 430 451 467 505 550 584 588 596 598 
450 17 75 81 83 89 108 126 197 218 221 277 339 341 389 478 521 531 587 
451 17 11 34 52 54 86 87 128 131 142 169 186 196 349 445 449 526 530 
452 22 3 24 28 131 133 143 144 153 171 181 216 225 287 311 329 354 436 473 490 566 586 588 
453 27 31 56 132 147 154 178 229 265 266 276 279 310 316 322 333 355 370 416 433 462 494 512 535 552 565 584 585 
454 35 19 23 101 116 131 139 153 178 186 204 210 228 260 266 271 300 311 338 352 359 395 409 425 427 442 462 523 538 544 548 558 562 564 583 595 
455 23 17 22 35 55 81 96 106 127 128 143 185 206 209 215 233 235 278 287 308 359 411 429 599 
456 27 8 11 13 16 82 104 107 110 146 179 209 228 234 271 287 294 341 342 353 387 431 464 487 502 538 589 594 
457 22 3 10 17 19 34 39 51 63 83 121 241 253 311 328 360 378 387 434 440 470 531 583 
458 19 23 87 143 167 201 221 225 227 299 315 316 340 344 363 410 416 498 546 597 
459 22 14 30 47 50 117 129 181 242 245 297 319 333 368 374 444 464 475 503 544 561 568 575 
460 25 3 36 37 41 68 88 91 144 148 160 165 177 238 278 305 311 319 365 402 414 479 483 530 536 557 
461 28 2 69 72 87 90 165 227 230 284 313 317 333 342 364 365 388 396 406 411 418 427 428 442 492 497 538 564 568 
462 32 9 16 34 45 70 75 194 197 208 211 219 230 235 243 318 345 355 389 398 417 421 426 443 453 454 493 495 516 526 568 593 594 
463 29 53 54 60 71 93 111 115 121 127 148 160 218 221 225 237 239 283 337 340 350 424 446 481 486 537 542 553 595 599 
464 26 4 5 49 60 91 98 112 161 171 201 225 231 293 301 387 456 459 468 473 477 479 482 508 556 578 587 
465 22 26 50 63 70 101 112 133 141 193 224 263 288 318 352 364 434 513 515 554 560 568 594 
466 23 41 48 74 81 83 90 91 139 151 165 169 183 206 261 295 339 425 447 471 507 508 510 529 
467 20 27 40 65 101 127 128 192 206 215 234 236 246 299 430 442 449 526 564 565 595 
468 27 38 77 79 91 128 170 186 188 210 286 304 318 341 362 447 464 478 491 502 504 526 542 547 570 573 576 590 
469 24 46 58 67 82 84 172 213 242 251 252 259 269 271 282 323 334 386 470 507 551 560 566 571 596 
470 32 45 50 61 63 66 117 141 158 179 183 189 194 203 217 277 345 367 370 381 384 410 433 434 446 447 457 469 522 531 545 552 553 
471 27 4 46 57 79 80 118 123 127 140 193 255 258 280 285 286 321 325 349 389 406 409 432 466 520 525 557 592 
472 20 17 21 51 129 161 162 194 213 259 262 288 335 348 358 397 419 442 491 505 595 
473 27 2 3 9 16 57 136 172 223 234 241 245 316 333 374 396 402 403 415 452 464 491 529 532 553 560 571 596 
474 20 15 45 91 131 133 145 150 161 171 178 197 277 378 443 482 499 521 528 575 585 
475 21 94 96 204 246 258 281 309 343 355 364 378 392 404 408 419 426 434 459 509 550 587 
476 20 32 60 119 183 209 215 267 288 346 365 398 420 486 525 546 553 557 573 581 583 
477 22 20 28 53 63 66 75 94 119 151 158 165 181 186 334 338 408 464 479 543 554 584 586 
478 23 65 90 98 99 108 147 166 185 253 255 284 321 332 346 365 378 400 443 450 468 521 527 596 
479 23 8 48 55 84 92 114 119 246 247 255 324 358 391 430 440 460 464 477 489 549 552 562 591 
480 24 4 18 33 87 95 102 106 109 121 133 136 214 218 229 273 295 314 331 387 393 437 495 543 599 
481 26 5 49 52 73 84 91 114 127 134 153 186 209 212 215 221 227 255 291 304 334 373 405 416 463 491 584 
482 25 24 98 111 160 162 167 196 198 199 202 289 302 311 320 409 420 423 425 446 464 474 512 521 550 555 
483 28 15 23 41 69 164 169 173 195 225 237 244 250 275 277 278 292 335 348 383 397 426 428 444 460 551 566 598 599 
484 15 41 54 57 64 77 111 126 211 296 327 384 410 416 487 512 
485 20 42 60 125 175 179 246 311 312 385 409 434 487 493 510 538 552 553 581 589 595 
486 26 9 33 43 50 111 122 151 157 210 257 278 299 335 340 360 361 376 463 476 519 535 537 549 569 576 595 
487 26 32 50 69 129 149 156 166 171 226 227 317 342 368 384 393 400 405 456 484 485 515 531 538 545 548 573 
488 17 136 153 182 185 193 196 279 284 295 354 404 416 506 511 514 522 569 
489 25 5 55 64 96 103 112 240 247 256 267 276 289 295 340 353 364 403 479 493 497 517 520 556 578 590 
490 28 15 45 51 56 75 104 131 155 167 179 214 246 251 254 258 280 287 289 315 317 348 378 403 434 445 452 573 593 
491 33 15 65 69 77 97 114 137 155 177 183 192 199 210 229 254 260 265 274 317 326 357 403 418 468 472 473 481 509 513 561 564 575 591 
492 22 0 29 39 47 79 148 150 189 212 272 298 301 303 304 309 310 317 333 337 384 461 550 
493 22 56 73 185 186 197 215 220 234 237 238 240 259 280 290 407 462 485 489 515 552 568 572 
494 16 26 32 123 187 195 202 243 307 314 321 404 416 421 453 506 537 
495 28 12 18 36 51 52 53 79 82 103 104 113 139 159 199 235 272 289 293 359 390 417 437 462 480 514 515 571 577 
496 20 44 60 87 90 137 149 197 256 262 301 318 341 401 425 433 442 513 545 550 567 
497 21 53 142 157 165 166 174 184 199 204 208 227 246 306 364 390 442 461 489 554 578 583 
498 19 21 31 76 99 153 175 196 206 207 215 279 299 350 375 458 538 546 548 573 
499 21 67 87 92 93 111 126 205 229 280 284 316 318 374 388 391 396 405 415 474 555 589 
500 25 0 19 105 135 136 139 147 156 164 186 188 216 273 275 279 321 330 362 376 440 445 448 509 517 593 
501 16 46 119 125 131 138 168 174 235 270 272 298 400 443 553 559 579 
502 27 10 39 63 83 88 94 100 112 120 127 144 160 190 199 250 251 284 317 331 334 346 401 431 436 456 468 516 
503 20 40 56 72 98 162 169 188 210 218 227 281 294 302 318 329 378 459 533 543 553 
504 27 18 23 43 45 93 97 104 181 191 217 246 267 271 274 288 302 350 357 374 445 468 516 521 550 552 566 590 
505 23 88 128 136 169 258 276 278 287 295 329 368 404 422 428 445 447 449 472 518 537 548 573 597 
506 24 15 20 52 83 94 198 212 221 230 234 269 292 376 404 420 438 488 494 508 530 531 540 567 569 
507 22 10 197 204 215 216 266 285 304 320 356 378 384 387 406 413 414 420 466 469 548 552 588 
508 25 34 36 40 42 67 74 170 172 209 244 259 299 325 378 395 401 446 464 466 506 529 530 542 564 572 
509 26 38 60 66 82 93 110 125 144 156 187 221 227 240 281 339 356 357 384 418 435 475 491 500 549 551 591 
510 23 1 33 52 53 70 92 96 112 136 170 210 214 262 302 319 411 413 466 485 540 549 578 596 
511 22 9 20 29 38 46 76 146 155 159 201 229 235 240 289 296 328 366 432 448 488 536 574 
512 27 48 51 74 77 124 132 178 221 227 259 275 291 301 309 350 401 406 422 431 433 441 453 482 484 575 585 593 
513 21 44 45 76 79 206 218 282 290 292 298 313 316 358 368 424 426 465 491 496 555 567 
514 30 0 41 62 83 94 99 119 128 141 151 218 229 295 300 310 336 376 380 386 397 488 495 528 536 537 552 580 592 593 596 
515 25 0 11 32 51 61 102 113 118 138 167 205 234 258 372 382 393 406 465 487 493 495 540 555 577 598 
516 19 29 38 92 164 202 214 238 352 362 370 407 421 438 442 447 462 502 504 521 
517 23 22 64 99 123 133 147 169 195 201 259 261 310 317 376 382 391 414 436 489 500 535 573 596 
518 29 62 75 83 96 111 125 136 138 140 146 195 196 281 305 310 333 338 345 383 393 407 419 428 505 535 550 558 592 598 
519 25 30 46 49 74 116 123 129 142 143 146 180 200 209 219 235 237 253 269 364 367 376 403 434 439 486 
520 23 7 64 71 86 94 127 155 165 181 197 208 317 352 357 361 391 435 471 489 543 547 549 568 
521 36 9 12 19 82 96 128 131 139 169 170 186 187 239 250 261 283 300 313 316 317 323 330 340 341 353 354 365 374 450 474 478 482 504 516 569 589 
522 19 105 162 177 190 201 264 269 281 342 356 364 379 386 398 470 488 532 563 570 
523 21 27 44 63 65 73 74 81 95 99 198 227 258 302 316 339 418 435 441 454 567 591 
524 23 8 25 46 47 74 90 91 110 186 208 232 234 236 245 266 267 275 299 334 335 530 574 592 
525 28 17 18 23 44 53 86 92 101 140 161 185 194 202 209 214 222 241 262 266 271 296 317 350 446 471 476 542 588 
526 25 5 6 61 79 121 188 204 209 211 216 308 309 321 326 364 407 425 443 444 451 462 467 468 555 577 
527 18 15 18 45 46 72 90 110 121 205 225 275 344 359 416 425 441 445 478 
528 27 20 30 31 39 45 65 82 104 123 135 149 194 259 268 293 294 347 366 387 405 474 514 533 550 557 569 578 
529 25 13 53 68 88 127 182 187 217 228 241 281 294 352 359 365 397 411 448 466 473 508 537 539 546 577 
530 24 13 34 51 68 100 104 134 135 136 204 248 326 328 363 397 409 422 451 460 506 508 524 594 599 
531 24 2 17 65 106 142 177 212 220 232 237 249 329 365 384 389 397 450 457 470 487 506 549 558 595 
532 10 6 57 156 230 278 297 337 473 522 587 
533 25 30 34 48 54 72 113 115 173 192 198 206 212 226 297 304 308 318 375 395 429 503 528 539 543 572 
534 21 37 69 71 175 185 209 232 240 241 246 253 284 285 313 325 329 342 362 406 423 588 
535 25 26 34 60 77 85 127 132 134 176 178 179 191 267 353 383 405 421 424 453 486 517 518 542 563 573 
536 24 10 30 63 70 91 125 149 215 248 254 296 320 346 364 370 378 413 448 460 511 514 544 571 579 
537 20 8 17 83 128 144 207 211 232 318 386 417 434 463 486 494 505 514 529 571 582 
538 32 10 14 57 60 62 71 119 145 156 171 203 209 236 294 295 319 382 407 414 431 454 456 461 485 487 498 541 543 558 581 593 594 
539 23 15 28 78 107 146 154 172 189 221 227 260 269 270 335 344 405 413 418 529 533 541 573 582 
540 26 14 23 27 48 71 74 89 102 111 120 148 193 209 223 249 277 334 359 373 400 409 506 510 515 554 561 
541 19 18 20 35 37 71 80 92 129 149 166 230 257 289 292 433 538 539 543 559 
542 26 51 135 146 166 207 211 217 225 231 238 262 278 294 299 315 322 336 409 410 424 440 463 468 508 525 535 
543 24 60 74 88 121 136 141 148 172 191 207 233 241 273 347 418 426 477 480 503 520 533 538 541 586 
544 22 20 85 91 104 136 145 151 208 228 276 349 389 391 427 433 442 448 454 459 536 553 555 
545 20 27 30 33 129 142 161 174 218 255 282 283 356 428 438 470 487 496 550 576 592 
546 24 10 30 35 66 67 110 125 141 152 160 197 217 220 250 340 349 377 406 420 436 458 476 498 529 
547 27 37 46 87 97 115 134 143 145 161 197 213 237 247 280 287 320 326 348 351 359 386 388 393 434 468 520 565 
548 27 99 112 132 151 160 171 273 306 314 331 347 387 400 403 418 425 427 430 447 454 487 498 505 507 558 591 592 
549 25 24 35 39 47 81 134 140 160 208 219 227 247 332 364 365 426 479 486 509 510 520 531 550 571 597 
550 31 28 40 46 50 60 120 130 143 179 215 230 237 243 331 358 362 374 434 445 449 475 482 492 496 504 518 528 545 549 571 573 
551 21 29 66 82 157 215 218 255 260 317 323 363 372 374 375 401 408 469 483 509 558 583 
552 29 21 49 66 70 79 84 95 98 138 141 179 197 231 237 263 283 401 427 438 453 470 479 485 493 504 507 514 578 598 
553 32 39 53 60 85 95 107 113 116 118 119 128 157 187 247 261 267 273 276 289 321 372 385 428 463 470 473 476 485 501 503 544 579 
554 18 7 8 26 114 195 212 228 292 337 340 376 386 415 465 477 497 540 567 
555 22 38 46 62 72 134 167 184 225 231 259 302 338 380 448 482 499 513 515 526 544 566 576 
556 24 4 50 99 102 127 147 149 178 241 256 257 270 294 307 337 340 361 369 397 431 443 464 489 593 
557 20 39 68 91 109 140 189 191 192 204 255 306 307 354 362 380 381 460 471 476 528 
558 22 14 46 76 85 117 187 222 243 244 247 260 276 358 387 424 454 518 531 538 548 551 594 
559 26 2 24 54 62 73 75 88 109 147 149 169 177 185 204 231 248 251 296 304 372 401 405 448 501 541 591 
560 23 6 24 31 93 119 154 177 190 208 254 272 292 317 334 363 370 379 399 438 465 469 473 567 
561 23 17 27 28 45 80 95 140 167 234 261 298 320 332 371 380 384 392 400 401 439 459 491 540 
562 29 2 4 11 37 42 99 102 120 141 155 156 179 225 234 273 283 290 328 332 340 342 344 367 385 393 396 400 454 479 
563 21 17 48 54 79 82 122 155 157 172 182 230 270 306 316 337 351 375 428 440 522 535 
564 22 35 37 53 64 112 187 220 253 255 256 284 342 347 380 402 424 441 454 461 467 491 508 
565 12 12 33 45 79 143 264 376 434 453 467 547 574 
566 28 3 16 33 70 100 105 110 162 181 182 187 194 216 227 230 274 285 306 342 360 375 452 469 483 504 555 577 588 
567 22 17 46 58 65 78 114 129 159 189 240 293 306 319 353 394 430 496 506 513 523 554 560 
568 27 20 29 87 107 110 192 200 231 237 285 317 328 354 369 373 378 392 400 403 459 461 462 465 493 520 578 580 
569 30 5 6 11 26 28 31 48 88 141 171 213 216 226 268 282 289 299 321 327 341 345 372 424 486 488 506 521 528 570 583 
570 26 20 53 108 116 127 143 167 179 185 189 207 235 247 278 282 298 303 314 397 402 414 426 468 522 569 596 
571 32 13 51 53 79 116 133 151 175 184 201 229 260 278 295 309 322 336 363 366 368 383 387 394 426 469 473 495 536 537 549 550 590 
572 16 48 58 133 156 244 254 256 257 271 307 312 369 448 493 508 533 
573 26 29 60 108 120 166 207 273 278 294 378 399 408 468 476 487 490 498 505 517 535 539 550 575 578 589 591 
574 21 19 22 35 98 110 122 143 165 194 230 289 352 354 358 375 397 439 511 524 565 586 
575 25 25 28 35 74 95 123 139 167 193 197 232 243 294 331 360 383 393 400 415 448 459 474 491 512 573 
576 25 17 25 74 89 100 124 184 197 251 256 299 300 327 330 358 363 374 388 426 468 486 545 555 581 593 
577 22 18 21 75 98 109 110 167 228 243 256 272 275 280 315 330 391 413 495 515 526 529 566 
578 25 49 58 110 118 119 141 188 190 319 330 333 350 400 413 417 441 464 489 497 510 528 552 568 573 583 
579 27 3 35 57 58 66 75 83 109 111 119 143 144 156 170 178 208 255 263 265 303 332 346 411 429 501 536 553 
580 22 16 19 137 175 185 245 255 288 294 299 310 319 362 383 390 401 412 424 428 514 568 597 
581 18 121 126 171 172 191 249 305 321 374 399 401 432 438 476 485 538 576 585 
582 24 37 63 78 90 122 125 154 161 216 232 238 251 280 342 345 361 363 385 442 446 537 539 585 594 
583 32 11 18 31 43 74 84 106 117 124 129 140 144 185 228 252 321 335 347 361 373 407 419 446 454 457 476 497 551 569 578 593 595 
584 21 4 58 101 106 109 163 169 173 241 245 264 302 341 404 411 437 449 453 477 481 590 
585 18 57 129 152 180 260 301 313 317 328 341 357 396 441 453 474 512 581 582 
586 28 20 24 32 39 46 62 98 103 196 218 243 255 263 266 267 270 290 323 357 364 375 386 438 452 477 543 574 596 
587 25 1 22 30 35 43 46 47 128 139 177 196 221 236 242 243 288 349 360 367 418 450 464 475 532 589 
588 24 4 22 62 158 211 213 235 254 307 309 331 346 361 399 409 420 437 449 452 507 525 534 566 593 
589 21 1 19 72 85 86 162 226 243 244 270 273 307 317 432 456 485 499 521 573 587 593 
590 22 20 34 61 95 102 143 156 177 219 320 336 373 386 402 404 408 468 489 504 571 584 593 
591 28 25 26 46 137 153 162 225 238 244 262 266 272 276 311 324 342 396 403 428 441 443 479 491 509 523 548 559 573 
592 16 36 85 177 187 331 351 373 380 425 432 471 514 518 524 545 548 
593 35 31 64 67 94 109 128 149 189 202 224 226 253 287 305 329 332 352 357 385 403 422 446 462 490 500 512 514 538 556 576 583 588 589 590 598 
594 28 13 25 37 48 54 72 95 153 168 184 201 269 302 322 365 377 385 403 418 419 433 456 462 465 530 538 558 582 
595 28 9 15 45 93 185 200 212 232 276 287 308 328 333 360 371 387 405 418 425 433 454 463 467 472 485 486 531 583 
596 31 12 22 30 81 127 133 155 157 169 214 217 227 281 284 289 293 310 325 347 365 418 445 449 469 473 478 510 514 517 570 586 
597 19 68 87 163 166 204 216 218 224 254 298 300 307 403 412 420 458 505 549 580 
598 32 36 39 53 81 108 156 160 176 191 192 199 223 228 246 247 270 279 301 317 361 362 381 409 415 416 418 449 483 515 518 552 593 
599 22 25 30 76 111 151 181 215 229 252 267 332 341 348 354 363 423 436 455 463 480 483 530 
