600 1232
0 3 81 173 175 
1 3 109 204 587 
2 3 258 473 531 
3 3 36 270 402 
4 4 225 434 437 464 
5 4 6 84 118 295 
6 5 5 233 300 307 445 
7 3 255 416 554 
8 3 167 340 456 
9 4 152 275 286 521 
10 5 216 348 351 422 546 
11 2 35 143 
12 1 421 
13 4 33 72 349 530 
14 3 40 297 358 
15 9 23 29 281 342 355 431 490 527 595 
16 6 75 203 305 456 566 580 
17 3 203 457 563 
18 5 28 104 158 193 480 
19 8 26 103 113 291 327 454 521 574 
20 5 108 161 285 335 506 
21 1 472 
22 5 97 143 378 399 588 
23 5 15 210 415 434 483 
24 2 166 437 
25 3 165 301 439 
26 6 19 139 173 378 569 591 
27 2 335 523 
28 6 18 216 337 407 447 575 
29 4 15 240 370 511 
30 4 203 219 425 519 
31 6 86 146 165 179 192 498 
32 2 152 346 
33 8 13 75 86 210 222 333 339 565 
34 7 36 101 259 420 457 462 533 
35 6 11 42 221 227 267 549 
36 6 3 34 181 225 247 363 
37 0 
38 4 58 71 137 210 
39 5 158 492 549 553 557 
40 7 14 75 99 310 322 343 440 
41 4 307 430 484 514 
42 4 35 62 82 91 
43 4 78 273 413 587 
44 5 88 126 170 324 513 
45 2 67 504 
46 7 51 181 189 350 524 527 547 
47 6 50 173 273 309 337 340 
48 4 168 296 466 479 
49 6 123 355 388 412 464 578 
50 6 47 85 223 293 317 385 
51 3 46 542 571 
52 1 510 
53 4 79 95 211 405 
54 3 318 436 559 
55 3 292 412 489 
56 3 294 313 453 
57 4 197 274 300 585 
58 3 38 148 423 
59 4 68 253 304 445 
60 7 96 429 437 464 509 538 543 
61 3 334 470 526 
62 4 42 208 514 586 
63 5 242 249 426 523 536 
64 6 98 264 351 397 484 517 
65 2 255 567 
66 4 264 423 477 551 
67 10 45 89 192 302 321 370 378 383 388 546 
68 4 59 248 295 441 
69 5 139 275 284 483 487 
70 2 157 552 
71 8 38 110 187 307 310 318 379 538 
72 3 13 201 212 
73 5 125 232 372 481 493 
74 8 371 381 519 523 524 540 575 576 
75 7 16 33 40 145 179 450 579 
76 5 205 331 446 558 599 
77 4 119 294 491 512 
78 7 43 99 114 364 398 439 567 
79 2 53 178 
80 6 99 118 123 287 471 561 
81 3 0 450 549 
82 5 42 119 189 282 509 
83 4 322 450 466 518 
84 5 5 209 267 425 481 
85 5 50 160 335 383 553 
86 8 31 33 213 217 308 451 520 525 
87 1 287 
88 6 44 357 502 505 543 559 
89 2 67 254 
90 5 97 188 207 417 496 
91 9 42 257 298 380 406 416 466 474 481 
92 5 184 220 236 479 541 
93 8 148 170 208 324 362 375 433 595 
94 7 190 288 371 423 475 477 514 
95 4 53 278 552 553 
96 3 60 215 227 
97 4 22 90 273 382 
98 3 64 208 503 
99 8 40 78 80 269 319 411 517 562 
100 2 367 415 
101 4 34 182 442 584 
102 3 143 371 562 
103 6 19 115 136 320 489 495 
104 4 18 262 415 544 
105 1 319 
106 4 335 531 583 584 
107 1 373 
108 1 20 
109 7 1 304 305 316 376 559 579 
110 5 71 546 574 577 578 
111 5 168 176 238 276 486 
112 2 178 211 
113 4 19 256 283 495 
114 3 78 259 567 
115 2 103 182 
116 4 178 236 454 571 
117 2 331 391 
118 4 5 80 302 334 
119 6 77 82 196 365 411 476 
120 2 185 294 
121 2 234 463 
122 1 582 
123 3 49 80 414 
124 5 139 140 273 284 512 
125 4 73 251 546 582 
126 5 44 156 165 237 256 
127 5 442 455 471 535 570 
128 3 294 332 537 
129 3 289 519 583 
130 5 148 176 203 266 268 
131 3 365 409 451 
132 1 294 
133 7 134 144 227 241 333 441 452 
134 3 133 547 549 
135 2 220 530 
136 5 103 358 365 390 424 
137 2 38 387 
138 3 177 200 284 
139 7 26 69 124 276 301 430 500 
140 5 124 166 367 549 561 
141 4 202 307 465 470 
142 4 161 231 338 531 
143 8 11 22 102 144 283 458 565 590 
144 3 133 143 434 
145 4 75 174 332 449 
146 9 31 334 396 431 456 511 519 539 542 
147 2 438 559 
148 9 58 93 130 183 270 313 317 463 492 
149 2 371 496 
150 2 269 330 
151 4 365 430 571 599 
152 7 9 32 155 301 343 421 433 
153 2 454 591 
154 2 178 560 
155 7 152 168 187 260 301 430 511 
156 2 126 562 
157 8 70 190 214 335 339 417 486 551 
158 5 18 39 211 420 470 
159 1 216 
160 4 85 423 432 482 
161 8 20 142 182 335 375 430 545 582 
162 2 367 589 
163 1 584 
164 2 374 483 
165 6 25 31 126 187 376 410 
166 7 24 140 243 306 383 541 573 
167 3 8 336 577 
168 4 48 111 155 201 
169 5 216 260 401 451 505 
170 3 44 93 399 
171 1 336 
172 6 298 320 351 395 469 581 
173 5 0 26 47 373 427 
174 3 145 193 406 
175 5 0 218 297 571 580 
176 4 111 130 293 360 
177 3 138 531 587 
178 7 79 112 116 154 318 427 474 
179 4 31 75 199 417 
180 1 519 
181 6 36 46 233 272 310 380 
182 4 101 115 161 383 
183 3 148 232 246 
184 6 92 185 281 417 555 576 
185 6 120 184 534 559 570 583 
186 3 223 284 521 
187 8 71 155 165 215 283 420 446 529 
188 3 90 295 342 
189 7 46 82 246 264 428 433 539 
190 5 94 157 301 428 522 
191 5 277 404 504 581 598 
192 6 31 67 254 302 351 467 
193 4 18 174 471 575 
194 6 221 447 462 470 528 566 
195 5 230 232 333 424 517 
196 3 119 319 419 
197 5 57 301 450 462 496 
198 3 215 291 424 
199 5 179 251 294 342 598 
200 4 138 519 568 595 
201 4 72 168 464 517 
202 2 141 441 
203 5 16 17 30 130 470 
204 7 1 261 286 328 384 427 454 
205 3 76 240 274 
206 3 330 455 513 
207 4 90 214 407 442 
208 6 62 93 98 462 497 549 
209 5 84 296 405 456 519 
210 8 23 33 38 257 454 486 491 503 
211 6 53 112 158 222 312 526 
212 4 72 430 506 595 
213 1 86 
214 4 157 207 252 268 
215 7 96 187 198 333 455 498 536 
216 9 10 28 159 169 242 566 569 582 597 
217 2 86 596 
218 1 175 
219 6 30 284 306 421 549 590 
220 2 92 135 
221 5 35 194 252 286 509 
222 3 33 211 409 
223 5 50 186 307 473 598 
224 4 340 357 423 597 
225 5 4 36 233 343 398 
226 3 350 384 593 
227 8 35 96 133 292 331 461 509 596 
228 1 456 
229 3 286 499 514 
230 5 195 258 424 461 532 
231 2 142 405 
232 6 73 183 195 430 524 595 
233 4 6 181 225 401 
234 3 121 407 433 
235 3 248 501 588 
236 8 92 116 298 338 347 401 437 467 
237 3 126 332 493 
238 2 111 460 
239 0 
240 2 29 205 
241 4 133 317 525 529 
242 3 63 216 469 
243 4 166 245 577 586 
244 2 272 379 
245 4 243 276 327 584 
246 4 183 189 479 504 
247 3 36 408 570 
248 3 68 235 559 
249 6 63 338 357 366 379 531 
250 1 483 
251 5 125 199 285 469 490 
252 2 214 221 
253 2 59 519 
254 4 89 192 536 597 
255 4 7 65 285 545 
256 3 113 126 310 
257 6 91 210 323 324 486 556 
258 6 2 230 278 471 475 515 
259 3 34 114 528 
260 3 155 169 454 
261 1 204 
262 4 104 342 351 496 
263 4 286 330 367 465 
264 6 64 66 189 355 565 584 
265 3 356 421 491 
266 4 130 310 371 387 
267 7 35 84 362 393 406 524 535 
268 2 130 214 
269 2 99 150 
270 6 3 148 278 350 411 428 
271 4 332 373 430 504 
272 5 181 244 354 492 591 
273 5 43 47 97 124 573 
274 4 57 205 332 333 
275 4 9 69 370 577 
276 7 111 139 245 384 385 453 505 
277 1 191 
278 3 95 258 270 
279 4 350 428 488 598 
280 0 
281 3 15 184 332 
282 1 82 
283 5 113 143 187 370 463 
284 7 69 124 138 186 219 478 534 
285 5 20 251 255 339 422 
286 6 9 204 221 229 263 440 
287 5 80 87 452 455 456 
288 2 94 354 
289 5 129 325 426 482 569 
290 2 332 383 
291 4 19 198 308 387 
292 4 55 227 513 560 
293 3 50 176 464 
294 8 56 77 120 128 132 199 336 529 
295 4 5 68 188 489 
296 3 48 209 405 
297 4 14 175 459 533 
298 5 91 172 236 407 501 
299 0 
300 4 6 57 395 514 
301 8 25 139 152 155 190 197 492 598 
302 6 67 118 192 332 425 504 
303 3 322 432 570 
304 3 59 109 364 
305 4 16 109 438 581 
306 2 166 219 
307 5 6 41 71 141 223 
308 4 86 291 323 392 
309 4 47 367 475 588 
310 5 40 71 181 256 266 
311 1 457 
312 2 211 352 
313 3 56 148 386 
314 4 365 390 480 570 
315 0 
316 1 109 
317 5 50 148 241 363 491 
318 6 54 71 178 425 434 496 
319 6 99 105 196 338 460 580 
320 5 103 172 321 418 561 
321 5 67 320 471 494 569 
322 6 40 83 303 397 414 441 
323 4 257 308 521 551 
324 5 44 93 257 335 591 
325 2 289 436 
326 1 327 
327 5 19 245 326 410 484 
328 3 204 391 457 
329 4 390 443 505 531 
330 3 150 206 263 
331 5 76 117 227 392 592 
332 9 128 145 237 271 274 281 290 302 421 
333 7 33 133 195 215 274 578 595 
334 5 61 118 146 469 502 
335 10 20 27 85 106 157 161 324 359 449 486 
336 5 167 171 294 416 542 
337 2 28 47 
338 6 142 236 249 319 374 518 
339 4 33 157 285 351 
340 5 8 47 224 486 562 
341 3 424 496 599 
342 7 15 188 199 262 456 522 582 
343 5 40 152 225 359 424 
344 1 562 
345 2 351 425 
346 2 32 536 
347 4 236 548 564 583 
348 3 10 483 490 
349 2 13 451 
350 7 46 226 270 279 423 504 578 
351 9 10 64 172 192 262 339 345 367 563 
352 4 312 420 454 520 
353 2 409 535 
354 2 272 288 
355 4 15 49 264 379 
356 2 265 507 
357 6 88 224 249 435 504 586 
358 5 14 136 419 550 576 
359 4 335 343 454 540 
360 3 176 566 595 
361 1 598 
362 4 93 267 366 376 
363 5 36 317 400 432 599 
364 4 78 304 398 497 
365 7 119 131 136 151 314 461 594 
366 2 249 362 
367 6 100 140 162 263 309 351 
368 2 438 513 
369 1 568 
370 4 29 67 275 283 
371 5 74 94 102 149 266 
372 1 73 
373 3 107 173 271 
374 2 164 338 
375 6 93 161 429 498 551 574 
376 4 109 165 362 415 
377 1 436 
378 6 22 26 67 400 474 573 
379 5 71 244 249 355 386 
380 4 91 181 557 592 
381 1 74 
382 2 97 538 
383 7 67 85 166 182 290 518 580 
384 4 204 226 276 422 
385 3 50 276 553 
386 6 313 379 522 547 586 590 
387 6 137 266 291 433 528 571 
388 3 49 67 547 
389 1 450 
390 3 136 314 329 
391 5 117 328 403 499 544 
392 2 308 331 
393 2 267 433 
394 0 
395 2 172 300 
396 3 146 562 585 
397 2 64 322 
398 3 78 225 364 
399 2 22 170 
400 5 363 378 433 487 540 
401 5 169 233 236 411 496 
402 2 3 570 
403 3 391 490 548 
404 3 191 488 494 
405 5 53 209 231 296 539 
406 4 91 174 267 507 
407 7 28 207 234 298 516 526 538 
408 3 247 477 590 
409 3 131 222 353 
410 4 165 327 484 542 
411 4 99 119 270 401 
412 3 49 55 416 
413 1 43 
414 2 123 322 
415 4 23 100 104 376 
416 6 7 91 336 412 458 598 
417 4 90 157 179 184 
418 2 320 491 
419 3 196 358 447 
420 5 34 158 187 352 597 
421 6 12 152 219 265 332 535 
422 4 10 285 384 593 
423 8 58 66 94 160 224 350 482 534 
424 8 136 195 198 230 341 343 513 569 
425 9 30 84 302 318 345 496 526 527 548 
426 3 63 289 576 
427 3 173 178 204 
428 4 189 190 270 279 
429 4 60 375 533 579 
430 8 41 139 151 155 161 212 232 271 
431 3 15 146 456 
432 4 160 303 363 592 
433 11 93 152 189 234 387 393 400 453 541 544 595 
434 7 4 23 144 318 457 547 565 
435 1 357 
436 3 54 325 377 
437 5 4 24 60 236 480 
438 3 147 305 368 
439 2 25 78 
440 2 40 286 
441 4 68 133 202 322 
442 5 101 127 207 461 472 
443 2 329 478 
444 2 459 526 
445 3 6 59 451 
446 3 76 187 463 
447 4 28 194 419 505 
448 1 529 
449 4 145 335 505 588 
450 6 75 81 83 197 389 521 
451 6 86 131 169 349 445 530 
452 2 133 287 
453 3 56 276 433 
454 12 19 116 153 204 210 260 352 359 544 562 583 595 
455 4 127 206 215 287 
456 10 8 16 146 209 228 287 342 431 487 502 
457 7 17 34 311 328 434 470 583 
458 3 143 416 597 
459 4 297 444 561 568 
460 2 238 319 
461 4 227 230 365 442 
462 6 34 194 197 208 493 495 
463 5 121 148 283 446 481 
464 6 4 49 60 201 293 587 
465 3 141 263 513 
466 5 48 83 91 508 510 
467 2 192 236 
468 2 547 570 
469 4 172 242 251 334 
470 7 61 141 158 194 203 457 531 
471 7 80 127 193 258 321 520 557 
472 3 21 442 595 
473 3 2 223 529 
474 6 91 178 378 499 521 528 
475 3 94 258 309 
476 3 119 546 557 
477 3 66 94 408 
478 3 284 443 527 
479 4 48 92 246 591 
480 3 18 314 437 
481 4 73 84 91 463 
482 3 160 289 423 
483 8 23 69 164 250 348 551 598 599 
484 4 41 64 327 410 
485 1 552 
486 7 111 157 210 257 335 340 549 
487 4 69 400 456 515 
488 2 279 404 
489 4 55 103 295 556 
490 4 15 251 348 403 
491 6 77 210 265 317 418 591 
492 4 39 148 272 301 
493 3 73 237 462 
494 2 321 404 
495 6 103 113 462 514 515 571 
496 9 90 149 197 262 318 341 401 425 545 
497 2 208 364 
498 4 31 215 375 538 
499 3 229 391 474 
500 1 139 
501 3 235 298 553 
502 3 88 334 456 
503 2 98 210 
504 7 45 191 246 271 302 350 357 
505 7 88 169 276 329 447 449 548 
506 3 20 212 531 
507 3 356 406 548 
508 2 466 572 
509 4 60 82 221 227 
510 2 52 466 
511 3 29 146 155 
512 2 77 124 
513 6 44 206 292 368 424 465 
514 6 41 62 94 229 300 495 
515 3 258 487 495 
516 1 407 
517 6 64 99 195 201 535 573 
518 3 83 338 383 
519 8 30 74 129 146 180 200 209 253 
520 4 86 352 471 547 
521 6 9 19 186 323 450 474 
522 3 190 342 386 
523 3 27 63 74 
524 4 46 74 232 267 
525 2 86 241 
526 5 61 211 407 425 444 
527 4 15 46 425 478 
528 4 194 259 387 474 
529 5 187 241 294 448 473 
530 4 13 135 451 599 
531 8 2 106 142 177 249 329 470 506 
532 2 230 587 
533 3 34 297 429 
534 3 185 284 423 
535 5 127 267 353 421 517 
536 4 63 215 254 346 
537 1 128 
538 6 60 71 382 407 498 593 
539 3 146 189 405 
540 3 74 359 400 
541 3 92 166 433 
542 4 51 146 336 410 
543 2 60 88 
544 4 104 391 433 454 
545 3 161 255 496 
546 5 10 67 110 125 476 
547 7 46 134 386 388 434 468 520 
548 6 347 403 425 505 507 558 
549 8 35 39 81 134 140 208 219 486 
550 1 358 
551 5 66 157 323 375 483 
552 3 70 95 485 
553 5 39 85 95 385 501 
554 2 7 567 
555 1 184 
556 2 257 489 
557 4 39 380 471 476 
558 2 76 548 
559 6 54 88 109 147 185 248 
560 2 154 292 
561 4 80 140 320 459 
562 7 99 102 156 340 344 396 454 
563 2 17 351 
564 1 347 
565 4 33 143 264 434 
566 4 16 194 216 360 
567 4 65 78 114 554 
568 3 200 369 459 
569 5 26 216 289 321 424 
570 7 127 185 247 303 314 402 468 
571 6 51 116 151 175 387 495 
572 1 508 
573 6 166 273 378 517 575 589 
574 3 19 110 375 
575 4 28 74 193 573 
576 4 74 184 358 426 
577 4 110 167 243 275 
578 4 49 110 333 350 
579 3 75 109 429 
580 5 16 175 319 383 597 
581 3 172 191 305 
582 6 122 125 161 216 342 594 
583 6 106 129 185 347 454 457 
584 5 101 106 163 245 264 
585 2 57 396 
586 4 62 243 357 386 
587 5 1 43 177 464 532 
588 4 22 235 309 449 
589 2 162 573 
590 5 143 219 386 408 593 
591 6 26 153 272 324 479 491 
592 3 331 380 432 
593 4 226 422 538 590 
594 2 365 582 
595 10 15 93 200 212 232 333 360 433 454 472 
596 2 217 227 
597 6 216 224 254 420 458 580 
598 8 191 199 223 279 301 361 416 483 
599 6 76 151 341 363 483 530 
