600 1991
0 8 24 91 93 156 194 352 435 592 
1 6 23 102 217 272 446 577 
2 12 14 24 27 39 55 58 143 145 306 346 389 572 
3 8 82 103 111 148 149 155 256 338 
4 9 24 236 258 309 415 420 491 564 597 
5 7 66 352 356 411 501 525 526 
6 5 29 75 260 316 584 
7 6 23 126 131 204 208 214 
8 3 304 468 507 
9 8 58 146 209 238 453 519 538 548 
10 6 93 164 310 387 468 589 
11 2 392 393 
12 5 16 151 453 509 577 
13 8 90 248 288 339 377 470 482 551 
14 7 2 153 185 191 272 304 344 
15 5 344 427 431 504 510 
16 7 12 167 251 279 441 527 594 
17 8 61 220 228 230 340 355 445 566 
18 5 33 294 322 343 503 
19 8 125 204 398 499 530 563 585 586 
20 3 198 396 502 
21 5 89 155 175 419 555 
22 10 101 208 238 284 349 461 463 484 510 533 
23 6 1 7 47 94 218 322 
24 9 0 2 4 267 455 469 474 513 553 
25 7 39 122 424 439 474 484 491 
26 7 29 198 345 351 359 452 583 
27 9 2 118 206 216 291 312 392 394 425 
28 5 171 227 281 354 372 
29 10 6 26 35 69 178 254 332 343 426 545 
30 6 72 85 290 338 563 583 
31 5 159 241 345 548 574 
32 6 130 184 281 307 474 546 
33 8 18 100 134 135 320 354 509 539 
34 4 139 263 316 318 
35 7 29 61 74 163 261 525 573 
36 4 116 177 224 225 
37 7 118 132 186 232 234 501 570 
38 5 235 377 402 436 452 
39 8 2 25 63 100 206 399 401 527 
40 6 73 150 203 404 469 562 
41 6 111 253 302 376 538 571 
42 10 93 162 170 349 357 423 477 511 545 590 
43 8 105 141 243 279 340 420 516 578 
44 6 127 169 205 407 526 594 
45 6 183 205 220 328 498 531 
46 7 294 302 434 468 511 542 591 
47 7 23 178 194 357 495 497 538 
48 9 150 230 273 302 410 542 560 577 588 
49 4 106 128 221 413 
50 8 81 138 283 299 508 540 565 567 
51 4 91 210 373 542 
52 8 109 144 243 250 291 373 432 441 
53 6 90 158 257 260 427 460 
54 4 179 316 449 557 
55 5 2 200 285 311 518 
56 5 61 65 70 145 570 
57 5 281 305 482 512 593 
58 9 2 9 245 254 267 484 531 559 575 
59 6 106 164 184 195 377 571 
60 6 71 353 427 486 522 574 
61 8 17 35 56 150 163 291 397 408 
62 3 99 482 522 
63 8 39 84 249 290 337 441 473 549 
64 12 122 127 130 193 200 217 238 300 309 335 346 505 
65 10 56 69 78 248 263 360 365 397 454 585 
66 8 5 175 212 256 329 344 413 557 
67 7 75 173 181 206 336 490 591 
68 8 212 220 281 282 308 382 451 513 
69 10 29 65 92 315 370 425 448 457 503 594 
70 6 56 102 237 437 550 568 
71 6 60 252 348 440 535 588 
72 4 30 191 213 452 
73 7 40 219 223 395 516 533 582 
74 6 35 231 253 375 467 552 
75 8 6 67 258 266 283 317 343 462 
76 5 209 220 504 551 563 
77 5 117 211 387 413 436 
78 6 65 167 169 416 428 494 
79 6 207 260 283 332 395 530 
80 4 174 457 488 497 
81 6 50 103 162 239 417 514 
82 3 3 198 559 
83 2 85 388 
84 7 63 188 343 376 409 414 455 
85 6 30 83 146 347 439 543 
86 5 88 257 301 313 547 
87 2 166 338 
88 5 86 217 347 390 436 
89 2 21 357 
90 11 13 53 92 133 180 249 276 416 447 521 592 
91 13 0 51 150 205 267 276 342 392 394 431 499 573 578 
92 9 69 90 174 217 263 420 453 548 576 
93 6 0 10 42 200 236 571 
94 4 23 117 464 555 
95 6 132 171 197 515 545 552 
96 1 529 
97 6 128 209 288 395 443 497 
98 7 130 233 285 311 313 387 453 
99 7 62 298 349 371 419 447 450 
100 7 33 39 138 145 263 379 496 
101 4 22 105 217 428 
102 6 1 70 274 298 396 581 
103 13 3 81 135 258 259 282 308 407 415 522 523 572 574 
104 4 204 378 514 581 
105 6 43 101 212 311 381 414 
106 5 49 59 309 323 573 
107 6 372 419 433 523 559 585 
108 8 119 288 316 319 326 407 425 472 
109 5 52 338 407 540 555 
110 7 130 186 223 270 377 448 517 
111 5 3 41 189 530 567 
112 3 285 376 441 
113 9 119 184 239 257 283 368 434 563 570 
114 9 120 330 378 400 477 505 508 521 543 
115 7 125 183 194 218 299 342 488 
116 4 36 358 495 534 
117 8 77 94 118 132 145 296 346 446 
118 14 27 37 117 129 218 260 261 313 315 335 445 532 543 594 
119 5 108 113 268 392 484 
120 7 114 187 221 274 300 486 545 
121 9 138 282 295 356 395 427 444 477 503 
122 3 25 64 175 
123 6 131 166 331 361 376 392 
124 4 381 401 406 558 
125 2 19 115 
126 8 7 225 353 391 521 538 576 599 
127 9 44 64 182 215 218 267 424 464 518 
128 6 49 97 200 209 236 523 
129 4 118 359 549 557 
130 10 32 64 98 110 142 209 346 425 511 546 
131 7 7 123 235 252 264 306 541 
132 9 37 95 117 193 395 502 531 555 568 
133 4 90 141 389 505 
134 2 33 430 
135 6 33 103 272 387 501 511 
136 7 214 227 326 458 474 503 595 
137 6 160 293 304 413 512 569 
138 9 50 100 121 212 252 260 317 461 487 
139 7 34 171 234 433 548 560 586 
140 4 227 419 555 596 
141 6 43 133 196 405 494 532 
142 7 130 241 408 480 496 512 554 
143 9 2 250 318 399 411 461 491 535 556 
144 6 52 196 247 295 318 538 
145 15 2 56 100 117 169 175 224 291 315 372 397 407 451 521 532 
146 8 9 85 176 204 207 383 574 598 
147 3 226 300 477 
148 6 3 324 417 503 518 597 
149 7 3 169 477 529 583 589 595 
150 8 40 48 61 91 275 518 592 598 
151 5 12 382 466 525 543 
152 5 193 225 228 244 495 
153 8 14 180 221 329 343 438 464 562 
154 3 240 383 567 
155 5 3 21 452 467 573 
156 9 0 163 170 220 227 261 387 444 521 
157 3 204 413 524 
158 11 53 165 308 325 362 366 400 518 525 544 582 
159 2 31 348 
160 4 137 169 310 386 
161 3 476 554 588 
162 7 42 81 367 495 518 551 563 
163 5 35 61 156 408 429 
164 7 10 59 264 277 365 386 479 
165 10 158 255 316 336 381 409 412 492 501 563 
166 6 87 123 225 267 316 598 
167 11 16 78 226 234 311 330 342 353 499 560 582 
168 4 230 271 306 329 
169 8 44 78 145 149 160 297 329 527 
170 11 42 156 278 399 402 423 426 433 434 533 571 
171 4 28 95 139 426 
172 7 203 215 216 279 348 407 486 
173 8 67 185 449 466 483 518 584 596 
174 9 80 92 236 269 282 320 438 588 592 
175 9 21 66 122 145 277 357 416 494 513 
176 5 146 389 460 574 582 
177 7 36 231 247 248 293 403 443 
178 6 29 47 232 443 555 585 
179 1 54 
180 4 90 153 199 499 
181 2 67 358 
182 8 127 333 334 395 403 426 467 488 
183 8 45 115 310 318 381 455 468 521 
184 7 32 59 113 195 581 583 590 
185 7 14 173 235 243 254 330 490 
186 6 37 110 187 191 265 542 
187 7 120 186 220 338 390 550 584 
188 3 84 259 298 
189 11 111 249 356 371 406 415 476 491 494 543 559 
190 4 456 481 548 595 
191 5 14 72 186 274 509 
192 6 267 276 341 418 585 596 
193 8 64 132 152 202 284 292 388 508 
194 9 0 47 115 201 358 382 509 510 589 
195 3 59 184 565 
196 5 141 144 423 495 592 
197 6 95 279 383 435 452 513 
198 8 20 26 82 219 224 260 320 490 
199 7 180 271 409 429 434 468 564 
200 11 55 64 93 128 236 282 374 458 475 481 594 
201 7 194 232 279 423 431 443 502 
202 5 193 207 245 496 576 
203 5 40 172 291 392 419 
204 8 7 19 104 146 157 430 450 581 
205 8 44 45 91 240 247 528 540 560 
206 3 27 39 67 
207 5 79 146 202 312 425 
208 6 7 22 241 404 416 532 
209 9 9 76 97 128 130 270 315 455 547 
210 3 51 509 560 
211 5 77 237 293 511 525 
212 6 66 68 105 138 322 565 
213 6 72 218 236 295 370 461 
214 5 7 136 258 501 592 
215 8 127 172 260 492 498 537 561 572 
216 8 27 172 330 422 483 492 540 594 
217 10 1 64 88 92 101 222 383 538 566 584 
218 19 23 115 118 127 213 228 255 266 268 334 458 485 486 489 535 543 545 577 588 
219 9 73 198 278 424 432 444 458 481 563 
220 9 17 45 68 76 156 187 300 494 583 
221 10 49 120 153 265 286 321 323 336 370 579 
222 9 217 252 280 299 375 432 466 489 518 
223 5 73 110 225 473 592 
224 8 36 145 198 267 392 398 535 588 
225 6 36 126 152 166 223 272 
226 5 147 167 264 353 564 
227 10 28 136 140 156 253 314 433 439 553 588 
228 8 17 152 218 353 356 421 494 556 
229 9 240 242 259 319 354 373 439 465 599 
230 3 17 48 168 
231 8 74 177 260 296 332 360 492 542 
232 4 37 178 201 489 
233 4 98 323 326 454 
234 8 37 139 167 287 352 513 550 593 
235 5 38 131 185 401 449 
236 10 4 93 128 174 200 213 327 481 498 520 
237 10 70 211 354 367 390 433 456 467 475 484 
238 13 9 22 64 255 367 374 395 459 474 510 534 571 576 
239 5 81 113 240 298 353 
240 9 154 205 229 239 261 273 386 542 548 
241 7 31 142 208 249 277 339 580 
242 3 229 314 537 
243 8 43 52 185 309 310 415 421 589 
244 3 152 267 471 
245 6 58 202 326 472 537 564 
246 3 336 424 462 
247 8 144 177 205 469 525 540 563 583 
248 5 13 65 177 389 507 
249 7 63 90 189 241 431 448 557 
250 6 52 143 300 379 408 568 
251 5 16 289 437 506 583 
252 6 71 131 138 222 531 580 
253 7 41 74 227 299 382 432 491 
254 11 29 58 185 256 262 289 319 461 492 589 590 
255 9 165 218 238 281 299 351 422 494 529 
256 4 3 66 254 300 
257 7 53 86 113 265 345 446 566 
258 6 4 75 103 214 396 592 
259 4 103 188 229 505 
260 11 6 53 79 118 138 198 215 231 302 459 552 
261 6 35 118 156 240 372 498 
262 8 254 274 297 311 360 526 544 560 
263 11 34 65 92 100 295 299 354 384 484 526 588 
264 4 131 164 226 493 
265 5 186 221 257 420 572 
266 11 75 218 369 385 390 464 476 514 539 560 574 
267 12 24 58 91 127 166 192 224 244 290 358 383 518 
268 3 119 218 361 
269 3 174 301 596 
270 6 110 209 337 361 589 598 
271 5 168 199 274 353 365 
272 6 1 14 135 225 278 351 
273 7 48 240 311 337 346 480 505 
274 11 102 120 191 262 271 299 369 376 439 479 534 
275 3 150 331 381 
276 7 90 91 192 319 500 525 599 
277 8 164 175 241 312 320 330 347 472 
278 5 170 219 272 393 411 
279 8 16 43 172 197 201 435 469 592 
280 3 222 370 416 
281 7 28 32 57 68 255 284 563 
282 8 68 103 121 174 200 469 479 543 
283 7 50 75 79 113 399 468 504 
284 6 22 193 281 454 572 583 
285 7 55 98 112 314 437 451 455 
286 6 221 370 391 452 506 578 
287 6 234 332 412 448 449 505 
288 5 13 97 108 469 583 
289 8 251 254 310 324 395 425 494 499 
290 5 30 63 267 434 593 
291 9 27 52 61 145 203 299 357 438 470 
292 8 193 354 359 377 453 502 543 597 
293 4 137 177 211 329 
294 6 18 46 302 319 445 508 
295 5 121 144 213 263 545 
296 4 117 231 338 353 
297 4 169 262 337 488 
298 6 99 102 188 239 424 594 
299 13 50 115 222 253 255 263 274 291 311 382 514 552 566 
300 15 64 120 147 220 250 256 343 460 468 501 509 510 517 532 594 
301 8 86 269 312 339 345 405 410 478 
302 9 41 46 48 260 294 318 331 348 549 
303 6 311 313 320 440 474 509 
304 7 8 14 137 376 415 480 540 
305 4 57 338 376 387 
306 6 2 131 168 343 425 447 
307 5 32 407 444 493 589 
308 8 68 103 158 348 365 411 426 508 
309 10 4 64 106 243 321 328 366 429 455 568 
310 10 10 160 183 243 289 340 377 397 572 586 
311 11 55 98 105 167 262 273 299 303 313 386 404 
312 5 27 207 277 301 544 
313 10 86 98 118 303 311 502 505 524 559 599 
314 7 227 242 285 351 358 368 502 
315 5 69 118 145 209 433 
316 8 6 34 54 108 165 166 346 496 
317 2 75 138 
318 7 34 143 144 183 302 368 558 
319 6 108 229 254 276 294 377 
320 8 33 174 198 277 303 414 429 569 
321 8 221 309 348 404 423 439 440 597 
322 5 18 23 212 514 538 
323 5 106 221 233 421 464 
324 6 148 289 402 518 558 584 
325 2 158 363 
326 9 108 136 233 245 385 401 478 488 595 
327 3 236 429 460 
328 8 45 309 356 364 459 520 576 581 
329 8 66 153 168 169 293 445 535 584 
330 6 114 167 185 216 277 427 
331 6 123 275 302 503 521 572 
332 9 29 79 231 287 452 474 495 548 582 
333 8 182 345 396 403 487 503 515 543 
334 4 182 218 521 577 
335 2 64 118 
336 6 67 165 221 246 351 547 
337 7 63 270 273 297 418 551 577 
338 9 3 30 87 109 187 296 305 408 463 
339 8 13 241 301 345 391 531 549 575 
340 8 17 43 310 354 423 492 539 546 
341 2 192 352 
342 4 91 115 167 550 
343 9 18 29 75 84 153 300 306 473 531 
344 6 14 15 66 388 519 571 
345 10 26 31 257 301 333 339 382 494 553 557 
346 9 2 64 117 130 273 316 348 400 458 
347 6 85 88 277 403 467 578 
348 11 71 159 172 302 308 321 346 410 472 515 524 
349 8 22 42 99 360 381 437 513 533 
350 3 394 442 536 
351 6 26 255 272 314 336 416 
352 4 0 5 234 341 
353 11 60 126 167 226 228 239 271 296 416 439 558 
354 8 28 33 229 237 263 292 340 471 
355 3 17 375 442 
356 7 5 121 189 228 328 439 517 
357 7 42 47 89 175 291 406 436 
358 6 116 181 194 267 314 524 
359 4 26 129 292 486 
360 5 65 231 262 349 530 
361 8 123 268 270 403 418 489 592 597 
362 4 158 406 444 526 
363 3 325 497 579 
364 5 328 392 446 508 565 
365 8 65 164 271 308 448 461 533 539 
366 4 158 309 517 578 
367 4 162 237 238 434 
368 10 113 314 318 374 398 415 497 539 545 551 
369 3 266 274 496 
370 9 69 213 221 280 286 382 403 429 585 
371 2 99 189 
372 7 28 107 145 261 398 539 550 
373 5 51 52 229 441 455 
374 4 200 238 368 548 
375 8 74 222 355 422 431 457 484 553 
376 8 41 84 112 123 274 304 305 586 
377 8 13 38 59 110 292 310 319 575 
378 4 104 114 479 576 
379 4 100 250 402 537 
380 1 503 
381 10 105 124 165 183 275 349 383 473 501 567 
382 8 68 151 194 253 299 345 370 431 
383 6 146 154 197 217 267 381 
384 6 263 397 412 463 509 511 
385 4 266 326 394 520 
386 5 160 164 240 311 514 
387 7 10 77 98 135 156 305 580 
388 5 83 193 344 559 589 
389 6 2 133 176 248 414 447 
390 6 88 187 237 266 413 458 
391 6 126 286 339 458 466 590 
392 9 11 27 91 119 123 203 224 364 475 
393 5 11 278 445 559 596 
394 7 27 91 350 385 395 475 505 
395 11 73 79 97 121 132 182 238 289 394 556 572 
396 7 20 102 258 333 552 574 594 
397 6 61 65 145 310 384 407 
398 6 19 224 368 372 427 579 
399 7 39 143 170 283 438 470 525 
400 5 114 158 346 412 480 
401 9 39 124 235 326 441 454 476 573 578 
402 5 38 170 324 379 460 
403 7 177 182 333 347 361 370 535 
404 7 40 208 311 321 417 509 535 
405 5 141 301 507 550 557 
406 4 124 189 357 362 
407 9 44 103 108 109 145 172 307 397 505 
408 6 61 142 163 250 338 564 
409 3 84 165 199 
410 4 48 301 348 447 
411 6 5 143 278 308 425 477 
412 6 165 287 384 400 511 534 
413 8 49 66 77 137 157 390 477 595 
414 4 84 105 320 389 
415 7 4 103 189 243 304 368 545 
416 9 78 90 175 208 280 351 353 443 563 
417 5 81 148 404 419 578 
418 3 192 337 361 
419 9 21 99 107 140 203 417 527 565 570 
420 6 4 43 92 265 448 531 
421 4 228 243 323 574 
422 5 216 255 375 463 560 
423 9 42 170 196 201 321 340 442 475 584 
424 6 25 127 219 246 298 567 
425 9 27 69 108 130 207 289 306 411 477 
426 8 29 170 171 182 308 440 449 567 
427 10 15 53 60 121 330 398 458 497 555 599 
428 5 78 101 436 530 551 
429 11 163 199 309 320 327 370 430 495 507 556 580 
430 3 134 204 429 
431 6 15 91 201 249 375 382 
432 5 52 219 222 253 586 
433 7 107 139 170 227 237 315 490 
434 8 46 113 170 199 290 367 447 511 
435 4 0 197 279 458 
436 9 38 77 88 357 428 448 495 502 578 
437 9 70 251 285 349 438 446 477 529 576 
438 6 153 174 291 399 437 446 
439 10 25 85 227 229 274 321 353 356 498 592 
440 8 71 303 321 426 459 504 544 585 
441 8 16 52 63 112 373 401 558 584 
442 6 350 355 423 487 494 560 
443 6 97 177 178 201 416 526 
444 7 121 156 219 307 362 482 574 
445 6 17 118 294 329 393 504 
446 7 1 117 257 364 437 438 481 
447 7 90 99 306 389 410 434 569 
448 9 69 110 249 287 365 420 436 451 477 
449 6 54 173 235 287 426 502 
450 7 99 204 470 476 481 482 568 
451 6 68 145 285 448 514 552 
452 10 26 38 72 155 197 286 332 496 556 593 
453 6 9 12 92 98 292 593 
454 4 65 233 284 401 
455 7 24 84 183 209 285 309 373 
456 4 190 237 472 538 
457 4 69 80 375 521 
458 9 136 200 218 219 346 390 391 427 435 
459 4 238 260 328 440 
460 8 53 176 300 327 402 512 545 552 
461 6 22 138 143 213 254 365 
462 2 75 246 
463 6 22 338 384 422 537 598 
464 6 94 127 153 266 323 524 
465 3 229 535 576 
466 5 151 173 222 391 592 
467 6 74 155 182 237 347 505 
468 8 8 10 46 183 199 283 300 469 
469 9 24 40 247 279 282 288 468 585 587 
470 5 13 291 399 450 550 
471 4 244 354 534 543 
472 8 108 245 277 348 456 489 565 591 
473 5 63 223 343 381 555 
474 11 24 25 32 136 238 303 332 505 506 582 585 
475 6 200 237 392 394 423 505 
476 6 161 189 266 401 450 591 
477 11 42 114 121 147 149 411 413 425 437 448 483 
478 3 301 326 572 
479 4 164 274 282 378 
480 5 142 273 304 400 539 
481 6 190 200 219 236 446 450 
482 7 13 57 62 444 450 485 486 
483 5 173 216 477 510 566 
484 8 22 25 58 119 237 263 375 533 
485 4 218 482 493 561 
486 8 60 120 172 218 359 482 498 548 
487 6 138 333 442 559 584 587 
488 5 80 115 182 297 326 
489 6 218 222 232 361 472 506 
490 6 67 185 198 433 534 536 
491 6 4 25 143 189 253 536 
492 8 165 215 216 231 254 340 530 553 
493 6 264 307 485 511 564 577 
494 13 78 141 175 189 220 228 255 289 345 442 502 514 524 
495 9 47 116 152 162 196 332 429 436 524 
496 8 100 142 202 316 369 452 522 549 
497 6 47 80 97 363 368 427 
498 7 45 215 236 261 439 486 502 
499 8 19 91 167 180 289 533 554 592 
500 1 276 
501 9 5 37 135 165 214 300 381 511 574 
502 10 20 132 201 292 313 314 436 449 494 498 
503 8 18 69 121 136 148 331 333 380 
504 6 15 76 283 440 445 531 
505 14 64 114 133 259 273 287 313 394 407 467 474 475 506 509 
506 6 251 286 474 489 505 572 
507 4 8 248 405 429 
508 8 50 114 193 294 308 364 585 599 
509 12 12 33 191 194 210 300 303 384 404 505 521 559 
510 7 15 22 194 238 300 483 540 
511 11 42 46 130 135 211 384 412 434 493 501 568 
512 5 57 137 142 460 552 
513 7 24 68 175 197 234 349 520 
514 11 81 104 266 299 322 386 451 494 562 572 592 
515 5 95 333 348 544 576 
516 3 43 73 595 
517 5 110 300 356 366 590 
518 10 55 127 148 150 158 162 173 222 267 324 
519 3 9 344 565 
520 4 236 328 385 513 
521 10 90 114 126 145 156 183 331 334 457 509 
522 5 60 62 103 496 565 
523 4 103 107 128 576 
524 8 157 313 348 358 464 494 495 577 
525 8 5 35 151 158 211 247 276 399 
526 7 5 44 262 263 362 443 534 
527 5 16 39 169 419 534 
528 2 205 573 
529 4 96 149 255 437 
530 9 19 79 111 360 428 492 578 580 582 
531 8 45 58 132 252 339 343 420 504 
532 5 118 141 145 208 300 
533 7 22 73 170 349 365 484 499 
534 9 116 238 274 412 471 490 526 527 578 
535 10 71 143 218 224 329 403 404 465 569 590 
536 3 350 490 491 
537 6 215 242 245 379 463 581 
538 10 9 41 47 126 144 217 322 456 549 590 
539 7 33 266 340 365 368 372 480 
540 7 50 109 205 216 247 304 510 
541 2 131 597 
542 8 46 48 51 186 231 240 545 546 
543 10 85 114 118 151 189 218 282 292 333 471 
544 6 158 262 312 440 515 574 
545 11 29 42 95 120 218 295 368 415 460 542 550 
546 4 32 130 340 542 
547 3 86 209 336 
548 9 9 31 92 139 190 240 332 374 486 
549 6 63 129 302 339 496 538 
550 8 70 187 234 342 372 405 470 545 
551 7 13 76 162 337 368 428 556 
552 8 74 95 260 299 396 451 460 512 
553 6 24 227 345 375 492 585 
554 5 142 161 499 568 585 
555 9 21 94 109 132 140 178 427 473 585 
556 6 143 228 395 429 452 551 
557 6 54 66 129 249 345 405 
558 5 124 318 324 353 441 
559 9 58 82 107 189 313 388 393 487 509 
560 9 48 139 167 205 210 262 266 422 442 
561 2 215 485 
562 4 40 153 514 563 
563 12 19 30 76 113 162 165 219 247 281 416 562 578 
564 7 4 199 226 245 408 493 589 
565 10 50 195 212 364 419 472 519 522 571 578 
566 5 17 217 257 299 483 
567 6 50 111 154 381 424 426 
568 7 70 132 250 309 450 511 554 
569 4 137 320 447 535 
570 5 37 56 113 419 586 
571 7 41 59 93 170 238 344 565 
572 12 2 103 215 265 284 310 331 395 478 506 514 586 
573 7 35 91 106 155 401 528 577 
574 11 31 60 103 146 176 266 396 421 444 501 544 
575 3 58 339 377 
576 11 92 126 202 238 328 378 437 465 515 523 592 
577 9 1 12 48 218 334 337 493 524 573 
578 14 43 91 286 347 366 401 417 436 530 534 563 565 581 593 
579 3 221 363 398 
580 5 241 252 387 429 530 
581 7 102 104 184 204 328 537 578 
582 7 73 158 167 176 332 474 530 
583 9 26 30 149 184 220 247 251 284 288 
584 10 6 173 187 217 324 329 423 441 487 590 
585 13 19 65 107 178 192 370 440 469 474 508 553 554 555 
586 7 19 139 310 376 432 570 572 
587 2 469 487 
588 8 48 71 161 174 218 224 227 263 
589 9 10 149 194 243 254 270 307 388 564 
590 8 42 184 254 391 517 535 538 584 
591 4 46 67 472 476 
592 15 0 90 150 174 196 214 223 258 279 361 439 466 499 514 576 
593 6 57 234 290 452 453 578 
594 9 16 44 69 118 200 216 298 300 396 
595 6 136 149 190 326 413 516 
596 5 140 173 192 269 393 
597 6 4 148 292 321 361 541 
598 5 146 150 166 270 463 
599 6 126 229 276 313 427 508 
