60 344
0 10 4 7 10 26 27 38 46 48 53 55 
1 7 3 7 18 23 26 44 58 
2 12 6 11 18 21 25 34 47 48 49 51 58 59 
3 15 1 4 5 10 12 14 26 29 31 34 43 45 46 49 57 
4 12 0 3 5 6 12 13 41 43 44 50 55 59 
5 9 3 4 13 25 30 41 50 52 53 
6 11 2 4 9 13 18 23 30 35 37 44 46 
7 11 0 1 9 10 11 22 23 26 31 32 39 
8 12 9 11 22 32 34 35 41 49 55 56 57 59 
9 9 6 7 8 14 21 28 29 35 54 
10 7 0 3 7 16 20 50 57 
11 11 2 7 8 13 23 25 32 34 42 54 55 
12 7 3 4 17 34 49 51 53 
13 19 4 5 6 11 14 16 21 25 26 30 31 39 41 46 48 51 53 56 59 
14 13 3 9 13 19 23 31 40 46 47 49 50 51 54 
15 9 16 20 28 37 40 43 53 55 59 
16 10 10 13 15 21 26 31 32 33 48 57 
17 12 12 18 25 32 33 34 41 43 46 52 54 56 
18 14 1 2 6 17 20 21 24 25 31 34 35 48 50 57 
19 4 14 22 25 27 
20 12 10 15 18 26 31 37 41 45 52 54 55 59 
21 14 2 9 13 16 18 22 24 31 34 36 37 38 42 43 
22 12 7 8 19 21 26 27 29 38 41 46 52 58 
23 10 1 6 7 11 14 25 27 34 47 50 
24 7 18 21 31 35 38 42 50 
25 18 2 5 11 13 17 18 19 23 26 34 35 37 40 48 49 51 53 54 
26 15 0 1 3 7 13 16 20 22 25 28 40 49 55 56 57 
27 12 0 19 22 23 30 31 32 35 39 41 53 56 
28 8 9 15 26 30 31 38 42 54 
29 10 3 9 22 33 37 42 43 45 48 54 
30 9 5 6 13 27 28 33 43 54 56 
31 22 3 7 13 14 16 18 20 21 24 27 28 32 33 40 44 46 48 54 56 57 58 59 
32 12 7 8 11 16 17 27 31 37 45 47 56 57 
33 11 16 17 29 30 31 38 39 40 43 46 53 
34 17 2 3 8 11 12 17 18 21 23 25 36 38 42 46 50 51 59 
35 14 6 8 9 18 24 25 27 36 37 39 42 45 55 58 
36 10 21 34 35 37 40 44 51 54 55 56 
37 17 6 15 20 21 25 29 32 35 36 39 42 43 44 45 52 54 58 
38 9 0 21 22 24 28 33 34 44 47 
39 10 7 13 27 33 35 37 45 48 50 58 
40 11 14 15 25 26 31 33 36 43 47 51 57 
41 13 4 5 8 13 17 20 22 27 42 48 54 56 57 
42 15 11 21 24 28 29 34 35 37 41 45 46 47 52 56 58 
43 13 3 4 15 17 21 29 30 33 37 40 52 58 59 
44 10 1 4 6 31 36 37 38 49 50 59 
45 10 3 20 29 32 35 37 39 42 47 48 
46 12 0 3 6 13 14 17 22 31 33 34 42 50 
47 10 2 14 23 32 38 40 42 45 52 56 
48 14 0 2 13 16 18 25 29 31 39 41 45 51 52 55 
49 8 2 3 8 12 14 25 26 44 
50 12 4 5 10 14 18 23 24 34 39 44 46 51 
51 10 2 12 13 14 25 34 36 40 48 50 
52 9 5 17 20 22 37 42 43 47 48 
53 9 0 5 12 13 15 25 27 33 58 
54 14 9 11 14 17 20 25 28 29 30 31 36 37 41 56 
55 11 0 4 8 11 15 20 26 35 36 48 58 
56 13 8 13 17 26 27 30 31 32 36 41 42 47 54 
57 10 3 8 10 16 18 26 31 32 40 41 
58 11 1 2 22 31 35 37 39 42 43 53 55 
59 10 2 4 8 13 15 20 31 34 43 44 
