60 178
0 8 5 7 8 25 40 44 47 57 
1 3 5 32 48 
2 3 9 16 33 
3 3 19 21 49 
4 10 5 10 12 16 30 34 40 49 56 57 
5 9 0 1 4 8 9 11 13 17 58 
6 9 20 21 27 31 38 39 53 57 58 
7 6 0 11 30 44 52 58 
8 5 0 5 12 20 41 
9 4 2 5 29 36 
10 6 4 15 21 32 43 53 
11 7 5 7 34 36 37 38 48 
12 6 4 8 15 19 39 43 
13 4 5 36 38 59 
14 3 18 26 40 
15 9 10 12 16 18 25 29 32 42 47 
16 9 2 4 15 37 38 44 49 51 59 
17 4 5 28 39 51 
18 6 14 15 20 37 51 57 
19 6 3 12 29 31 45 59 
20 7 6 8 18 24 40 42 44 
21 5 3 6 10 43 48 
22 4 29 42 44 52 
23 3 31 34 41 
24 4 20 49 55 59 
25 9 0 15 29 33 35 37 46 47 48 
26 5 14 42 45 51 52 
27 9 6 28 31 34 35 41 42 50 52 
28 4 17 27 29 30 
29 7 9 15 19 22 25 28 42 
30 7 4 7 28 37 55 56 58 
31 4 6 19 23 27 
32 5 1 10 15 48 50 
33 2 2 25 
34 7 4 11 23 27 35 37 46 
35 8 25 27 34 36 37 44 47 49 
36 6 9 11 13 35 39 47 
37 9 11 16 18 25 30 34 35 47 54 
38 9 6 11 13 16 40 46 47 49 52 
39 6 6 12 17 36 48 55 
40 6 0 4 14 20 38 51 
41 5 8 23 27 42 52 
42 7 15 20 22 26 27 29 41 
43 5 10 12 21 48 54 
44 9 0 7 16 20 22 35 50 56 58 
45 4 19 26 48 58 
46 4 25 34 38 51 
47 7 0 15 25 35 36 37 38 
48 11 1 11 21 25 32 39 43 45 50 53 55 
49 7 3 4 16 24 35 38 53 
50 4 27 32 44 48 
51 8 16 17 18 26 40 46 52 53 
52 7 7 22 26 27 38 41 51 
53 6 6 10 48 49 51 56 
54 2 37 43 
55 4 24 30 39 48 
56 5 4 30 44 53 57 
57 5 0 4 6 18 56 
58 6 5 6 7 30 44 45 
59 4 13 16 19 24 
