60 149
0 2 4 7 
1 3 3 18 23 
2 3 25 48 58 
3 8 1 4 12 29 31 45 46 49 
4 5 0 3 41 43 59 
5 2 41 53 
6 1 44 
7 9 0 9 10 11 22 23 26 32 39 
8 5 9 22 32 56 59 
9 7 7 8 14 21 28 29 35 
10 2 7 16 
11 6 7 13 23 32 42 54 
12 3 3 51 53 
13 11 11 16 21 25 30 31 46 48 51 53 56 
14 8 9 19 23 31 40 46 49 51 
15 4 37 43 55 59 
16 5 10 13 26 48 57 
17 5 18 32 34 41 43 
18 6 1 17 25 31 34 48 
19 2 14 22 
20 5 31 41 54 55 59 
21 4 9 13 22 37 
22 6 7 8 19 21 41 52 
23 5 1 7 11 14 27 
24 2 31 38 
25 8 2 13 18 35 37 48 51 54 
26 6 7 16 40 55 56 57 
27 1 23 
28 3 9 30 38 
29 4 3 9 43 54 
30 3 13 28 56 
31 10 3 13 14 18 20 24 40 46 54 56 
32 6 7 8 11 17 37 57 
33 2 38 46 
34 8 17 18 36 38 42 46 50 51 
35 5 9 25 36 42 45 
36 4 34 35 51 54 
37 6 15 21 25 32 43 58 
38 5 24 28 33 34 47 
39 4 7 45 50 58 
40 6 14 26 31 43 47 57 
41 6 4 5 17 20 22 56 
42 8 11 34 35 45 47 52 56 58 
43 6 4 15 17 29 37 40 
44 2 6 50 
45 5 3 35 39 42 48 
46 6 3 13 14 31 33 34 
47 5 38 40 42 52 56 
48 6 2 13 16 18 25 45 
49 2 3 14 
50 4 34 39 44 51 
51 7 12 13 14 25 34 36 50 
52 3 22 42 47 
53 4 5 12 13 58 
54 7 11 20 25 29 31 36 56 
55 4 15 20 26 58 
56 9 8 13 26 30 31 41 42 47 54 
57 4 16 26 32 40 
58 6 2 37 39 42 53 55 
59 4 4 8 15 20 
