60 110
0 2 4 7 
1 3 3 18 23 
2 2 48 58 
3 7 1 4 12 29 31 45 49 
4 3 0 3 59 
5 1 53 
6 1 44 
7 6 0 10 11 22 26 39 
8 4 9 32 56 59 
9 5 8 14 21 28 29 
10 2 7 16 
11 5 7 23 32 42 54 
12 3 3 51 53 
13 7 16 21 25 30 31 46 51 
14 5 9 19 46 49 51 
15 3 37 43 59 
16 3 10 13 48 
17 4 18 32 34 41 
18 5 1 17 25 31 48 
19 2 14 22 
20 4 31 41 54 55 
21 4 9 13 22 37 
22 3 7 19 21 
23 3 1 11 27 
24 0 
25 6 13 18 35 37 51 54 
26 4 7 40 55 56 
27 1 23 
28 3 9 30 38 
29 4 3 9 43 54 
30 3 13 28 56 
31 8 3 13 18 20 40 46 54 56 
32 4 8 11 17 57 
33 2 38 46 
34 7 17 36 38 42 46 50 51 
35 4 25 36 42 45 
36 3 34 35 54 
37 4 15 21 25 58 
38 3 28 33 34 
39 3 7 50 58 
40 3 26 31 47 
41 3 17 20 56 
42 7 11 34 35 45 47 52 56 
43 2 15 29 
44 2 6 50 
45 4 3 35 42 48 
46 5 13 14 31 33 34 
47 3 40 42 52 
48 4 2 16 18 45 
49 2 3 14 
50 4 34 39 44 51 
51 6 12 13 14 25 34 50 
52 2 42 47 
53 3 5 12 58 
54 7 11 20 25 29 31 36 56 
55 2 20 26 
56 7 8 26 30 31 41 42 54 
57 1 32 
58 4 2 37 39 53 
59 3 4 8 15 
