60 242
0 10 2 5 7 8 17 25 40 44 47 57 
1 5 5 6 32 46 48 
2 5 0 9 10 16 33 
3 5 19 20 21 26 49 
4 13 5 10 12 16 30 34 40 44 45 49 52 56 57 
5 12 0 1 4 8 9 11 13 16 17 37 52 58 
6 12 1 17 19 20 21 27 31 38 39 53 57 58 
7 9 0 11 30 34 39 42 44 52 58 
8 7 0 5 12 18 20 31 41 
9 6 2 5 13 29 35 36 
10 11 2 4 15 18 21 31 32 33 43 47 53 
11 9 5 7 17 26 34 36 37 38 48 
12 7 4 8 15 19 35 39 43 
13 5 5 9 36 38 59 
14 4 18 26 28 40 
15 11 10 12 16 18 22 25 29 32 41 42 47 
16 13 2 4 5 15 22 23 37 38 44 48 49 51 59 
17 9 0 5 6 11 25 28 30 39 51 
18 9 8 10 14 15 20 33 37 51 57 
19 8 3 6 12 29 31 45 47 59 
20 8 3 6 8 18 24 40 42 44 
21 6 3 6 10 43 46 48 
22 7 15 16 26 29 42 44 52 
23 5 16 29 31 34 41 
24 5 20 49 54 55 59 
25 11 0 15 17 29 33 35 37 46 47 48 50 
26 10 3 11 14 22 42 45 51 52 57 58 
27 10 6 28 31 34 35 41 42 43 50 52 
28 6 14 17 27 29 30 33 
29 9 9 15 19 22 23 25 28 42 52 
30 11 4 7 17 28 37 48 53 54 55 56 58 
31 8 6 8 10 19 23 27 41 49 
32 5 1 10 15 48 50 
33 7 2 10 18 25 28 34 54 
34 9 4 7 11 23 27 33 35 37 46 
35 10 9 12 25 27 34 36 37 44 47 49 
36 7 9 11 13 35 39 40 47 
37 10 5 11 16 18 25 30 34 35 47 54 
38 10 6 11 13 16 40 44 46 47 49 52 
39 8 6 7 12 17 36 48 55 58 
40 7 0 4 14 20 36 38 51 
41 8 8 15 23 27 31 42 52 57 
42 9 7 15 20 22 26 27 29 41 48 
43 6 10 12 21 27 48 54 
44 12 0 4 7 16 20 22 35 38 48 50 56 58 
45 5 4 19 26 48 58 
46 6 1 21 25 34 38 51 
47 10 0 10 15 19 25 35 36 37 38 52 
48 16 1 11 16 21 25 30 32 39 42 43 44 45 49 50 53 55 
49 9 3 4 16 24 31 35 38 48 53 
50 5 25 27 32 44 48 
51 8 16 17 18 26 40 46 52 53 
52 11 4 5 7 22 26 27 29 38 41 47 51 
53 7 6 10 30 48 49 51 56 
54 5 24 30 33 37 43 
55 4 24 30 39 48 
56 5 4 30 44 53 57 
57 7 0 4 6 18 26 41 56 
58 8 5 6 7 26 30 39 44 45 
59 4 13 16 19 24 
