650 8374
0 17 7 76 81 163 173 175 202 333 396 411 445 492 500 514 515 606 637 
1 22 33 53 59 74 79 122 154 160 176 208 234 236 305 376 397 460 537 539 556 575 590 628 
2 28 35 66 78 84 92 137 158 162 166 167 182 217 243 276 284 292 319 336 361 373 431 459 462 507 532 551 593 623 
3 25 42 57 81 84 92 120 162 175 217 252 256 264 302 307 310 323 416 429 467 488 497 585 612 626 639 
4 32 25 32 36 37 76 93 207 209 234 237 240 264 271 280 356 362 384 388 400 447 478 486 491 512 530 544 582 592 613 615 639 647 
5 14 44 45 118 214 231 239 276 319 379 380 576 582 617 643 
6 22 7 9 50 62 106 121 137 145 226 232 260 269 338 355 380 456 468 516 547 563 591 592 
7 22 0 6 51 62 66 90 170 204 336 360 378 396 398 408 415 461 497 531 545 555 581 616 
8 24 11 23 56 79 124 137 154 226 265 282 300 309 316 335 342 393 416 452 465 476 483 512 589 618 
9 31 6 12 23 36 61 71 145 151 152 197 223 225 250 269 313 355 359 415 465 486 487 490 501 559 561 563 564 571 596 641 646 
10 23 36 38 46 123 150 176 184 231 236 274 294 295 314 330 353 386 416 440 487 506 539 544 603 
11 19 8 12 19 33 142 170 217 256 320 339 345 356 427 458 477 532 558 602 633 
12 30 9 11 19 42 46 58 66 72 87 124 141 171 226 270 282 290 335 384 407 417 429 442 515 516 557 580 596 611 633 648 
13 34 125 132 138 144 161 195 202 232 244 250 262 263 269 284 293 301 319 394 473 475 493 535 538 542 548 552 553 557 568 576 585 591 606 615 
14 29 49 71 103 145 146 165 170 226 239 253 292 315 358 367 374 375 390 411 423 479 494 505 542 565 584 616 617 620 631 
15 22 23 24 36 61 82 85 109 127 138 143 153 208 289 295 306 399 413 450 506 579 618 643 
16 35 103 197 205 207 237 239 254 307 313 319 343 345 349 358 384 391 421 428 444 464 467 475 483 516 519 521 523 544 549 552 556 571 577 582 636 
17 28 154 165 170 211 226 235 256 258 272 308 314 337 353 379 414 424 435 444 458 466 476 487 508 552 564 592 602 638 
18 25 106 134 137 180 201 254 260 269 317 347 367 395 399 401 415 420 432 443 475 488 544 594 610 619 630 
19 26 11 12 53 70 106 135 140 157 170 173 197 199 215 219 353 362 363 375 383 456 465 501 541 549 580 584 
20 23 50 76 130 155 182 188 200 252 281 298 317 341 386 429 464 475 500 533 538 540 554 581 610 
21 25 44 101 114 115 123 144 199 211 221 240 243 313 374 381 386 496 518 535 537 541 557 561 586 607 643 
22 22 115 134 141 217 218 242 256 283 296 314 368 421 427 488 489 498 503 533 600 610 611 637 
23 29 8 9 15 58 99 117 151 152 164 186 210 218 247 269 280 290 300 310 380 432 434 438 523 574 575 590 593 598 607 
24 23 15 36 41 86 98 113 120 122 138 155 205 209 318 325 347 412 482 501 516 538 554 570 619 
25 17 4 151 207 230 249 273 306 362 418 435 440 456 519 553 611 633 637 
26 28 46 50 59 65 92 158 169 180 208 211 216 246 250 283 290 295 320 382 393 412 418 486 516 521 557 603 617 636 
27 32 31 72 141 145 161 173 218 283 302 307 342 359 364 404 421 431 469 492 505 511 520 533 563 578 579 588 603 629 634 636 643 644 
28 37 65 66 73 89 118 128 160 164 179 198 258 267 272 275 284 285 326 335 338 349 361 389 391 393 428 444 453 472 475 479 486 499 533 560 562 572 642 
29 23 74 75 132 135 140 185 215 247 256 270 280 294 304 318 340 367 406 443 523 550 588 600 609 
30 27 47 51 111 122 129 150 221 240 276 287 295 363 388 389 411 423 474 505 514 524 527 534 535 540 577 599 630 
31 30 27 63 69 93 148 149 184 187 208 235 242 249 322 351 363 377 389 397 407 470 471 496 527 531 568 584 596 599 605 610 
32 28 4 39 61 64 66 121 131 137 147 164 165 168 241 295 302 313 314 316 322 362 444 447 511 513 550 636 641 644 
33 33 1 11 43 54 58 66 130 137 139 183 223 255 267 284 289 342 355 366 370 374 375 405 421 423 427 428 444 463 502 537 550 634 640 
34 25 102 170 193 223 246 255 302 311 312 324 350 383 401 438 449 523 536 551 553 571 583 589 605 608 621 
35 27 2 72 73 79 91 103 133 146 190 195 221 256 286 306 332 338 342 354 358 404 445 447 452 491 580 590 600 
36 35 4 9 10 15 24 41 49 152 160 165 224 228 255 328 340 375 385 411 432 436 440 469 481 484 491 517 519 521 541 550 564 568 578 590 620 
37 27 4 48 57 91 94 95 140 151 152 173 207 270 274 297 333 338 380 449 455 489 573 584 611 620 630 635 643 
38 18 10 84 93 178 207 210 237 243 260 261 291 396 416 425 468 511 562 617 
39 20 32 41 80 112 116 146 209 232 286 345 358 410 462 553 564 569 576 586 603 621 
40 22 71 84 157 175 254 258 312 314 319 335 345 352 370 386 394 396 432 469 550 568 593 607 
41 27 24 36 39 114 131 141 143 225 239 256 288 301 337 356 435 472 486 506 508 517 521 556 557 618 634 642 646 
42 30 3 12 55 69 78 92 93 126 130 160 169 174 175 201 266 299 307 372 392 464 468 472 529 587 589 619 629 637 642 645 
43 36 33 59 62 67 70 79 98 99 103 114 143 149 154 173 192 209 237 240 269 311 337 339 372 373 378 401 404 471 484 489 496 509 523 556 588 613 
44 24 5 21 46 116 178 217 306 327 335 347 378 404 411 476 489 522 543 550 573 579 582 604 640 641 
45 22 5 79 82 189 209 301 310 311 344 368 395 420 437 475 508 534 579 584 590 597 606 627 
46 25 10 12 26 44 49 94 125 141 165 190 195 219 223 257 287 312 361 372 388 389 452 458 520 535 628 
47 27 30 55 94 110 112 114 130 153 173 193 244 305 320 338 343 360 363 378 390 419 458 472 499 538 541 548 554 
48 21 37 52 87 114 141 205 245 275 300 304 408 419 423 435 442 523 539 551 598 644 647 
49 30 14 36 46 57 131 145 158 203 217 235 237 250 265 269 293 304 310 311 338 340 361 363 448 476 479 521 597 603 635 641 
50 30 6 20 26 66 75 79 85 98 114 122 131 137 149 170 219 245 249 280 302 372 399 404 419 463 508 522 525 557 567 642 
51 22 7 30 87 111 121 271 275 293 300 316 325 360 450 462 469 470 488 520 531 593 620 628 
52 28 48 68 71 81 207 246 254 270 272 274 283 290 301 310 317 324 355 363 382 394 420 474 501 507 513 591 593 604 
53 26 1 19 56 62 103 109 162 203 212 213 218 256 342 371 428 435 448 462 488 498 534 632 637 643 644 649 
54 16 33 76 78 128 220 237 263 313 314 334 367 418 436 455 614 645 
55 27 42 47 180 210 237 244 264 321 364 384 392 404 419 431 440 451 464 490 493 498 508 528 588 592 607 628 639 
56 15 8 53 57 147 153 188 234 370 415 426 490 501 514 572 645 
57 29 3 37 49 56 83 92 164 178 268 359 363 383 400 404 431 433 451 452 478 483 513 527 532 548 550 620 623 630 633 
58 29 12 23 33 68 69 159 216 223 234 247 255 260 267 292 313 326 372 423 452 456 473 502 522 532 545 589 632 633 635 
59 25 1 26 43 67 86 131 132 154 162 219 224 252 255 299 328 343 344 445 494 524 537 572 590 627 640 
60 21 111 122 147 158 171 203 208 211 247 289 325 331 386 469 477 504 521 564 583 594 636 
61 25 9 15 32 95 102 134 171 176 177 204 246 281 332 349 433 459 478 479 490 527 535 540 545 569 626 
62 23 6 7 43 53 69 78 116 163 182 191 224 247 327 337 349 376 396 449 542 550 561 630 631 
63 29 31 72 112 140 181 184 228 235 247 286 306 312 315 320 329 351 357 362 386 391 394 479 491 506 528 532 536 579 645 
64 22 32 85 108 146 192 282 313 318 326 375 390 399 423 435 451 454 499 525 541 555 589 627 
65 27 26 28 83 102 118 120 124 157 207 223 240 243 251 258 312 325 368 396 453 467 471 473 474 563 589 607 618 
66 29 2 7 12 28 32 33 50 78 89 156 183 219 243 272 288 295 338 380 404 432 466 471 504 505 512 528 629 635 649 
67 26 43 59 86 135 153 161 179 190 193 194 198 262 302 314 344 380 446 454 519 529 535 538 564 584 596 639 
68 31 52 58 76 133 136 146 171 210 231 273 277 284 288 289 305 308 340 341 348 384 412 434 444 446 468 485 565 566 574 629 634 
69 34 31 42 58 62 73 85 93 116 133 146 159 171 186 199 227 268 286 288 337 349 359 398 414 437 455 467 482 486 561 563 571 572 606 611 
70 24 19 43 94 99 151 164 166 211 252 286 294 300 356 382 417 432 433 469 480 491 562 594 602 643 
71 27 9 14 40 52 81 88 109 132 212 217 232 257 296 301 303 329 339 364 380 432 452 482 516 520 526 557 558 
72 30 12 27 35 63 80 108 123 154 196 233 239 246 261 312 337 358 371 399 470 476 529 532 553 556 574 587 613 624 626 632 
73 23 28 35 69 100 103 122 124 127 195 236 258 271 291 295 305 391 393 404 475 545 565 618 645 
74 21 1 29 142 176 180 184 229 316 317 331 353 397 402 413 470 496 543 545 583 591 613 
75 21 29 50 76 79 97 172 179 183 245 346 359 385 399 411 418 441 453 538 588 624 637 
76 29 0 4 20 54 68 75 80 126 155 189 194 198 240 258 262 283 290 299 339 347 351 370 412 460 466 498 510 557 615 
77 24 83 86 187 197 201 202 245 255 257 328 359 404 406 409 437 450 468 487 557 595 610 625 630 648 
78 27 2 42 54 62 66 91 102 130 152 254 263 272 277 308 311 321 322 336 348 403 445 449 513 521 538 540 563 
79 27 1 8 35 43 45 50 75 80 87 113 182 187 251 353 425 437 459 460 461 519 525 547 552 572 625 632 635 
80 26 39 72 76 79 85 101 104 152 173 202 226 271 286 304 310 364 392 415 416 420 473 541 576 618 621 645 
81 25 0 3 52 71 91 107 117 195 217 220 270 299 312 321 346 382 396 439 469 473 474 490 508 598 634 
82 26 15 45 97 99 113 121 188 207 211 252 259 261 330 352 415 417 440 461 466 478 496 524 527 582 617 630 
83 31 57 65 77 105 113 146 199 200 231 240 280 315 322 335 340 348 358 386 389 402 406 408 410 416 423 466 478 486 499 566 633 
84 27 2 3 38 40 104 105 120 135 141 169 177 225 226 330 363 383 394 400 409 425 484 491 538 560 572 598 613 
85 31 15 50 64 69 80 129 150 173 188 201 204 259 264 268 289 325 330 335 386 421 446 481 503 521 534 535 557 578 614 619 647 
86 27 24 59 67 77 118 139 191 216 243 245 270 274 282 288 361 413 414 456 459 492 550 551 593 605 616 617 629 
87 26 12 48 51 79 104 141 159 190 233 262 263 271 285 300 319 323 344 360 366 423 428 440 492 603 620 628 
88 14 71 107 127 141 162 170 173 341 388 427 430 468 536 645 
89 24 28 66 98 141 215 231 238 284 303 326 343 369 390 393 451 475 484 526 527 559 573 577 598 647 
90 28 7 110 113 122 150 155 208 216 235 256 298 305 308 321 338 355 362 399 426 447 514 534 550 553 559 584 592 598 
91 23 35 37 78 81 111 168 185 251 272 297 319 323 344 356 392 399 418 479 507 543 553 596 612 
92 29 2 3 26 42 57 100 152 179 236 246 248 265 267 303 337 360 372 383 385 443 502 542 558 562 588 591 598 608 647 
93 27 4 31 38 42 69 94 100 212 224 230 248 278 306 339 374 399 415 421 449 469 470 491 492 499 582 585 629 
94 25 37 46 47 70 93 107 120 121 140 184 215 289 295 386 412 444 463 475 523 543 557 590 603 610 625 
95 28 37 61 97 139 141 145 152 156 197 231 236 245 269 271 285 352 376 385 409 417 452 500 505 511 546 547 554 620 
96 18 130 182 204 248 299 359 401 416 423 454 510 521 539 577 582 590 603 630 
97 21 75 82 95 103 154 206 207 241 265 293 328 335 337 342 379 440 470 488 489 551 571 
98 25 24 43 50 89 103 117 132 174 222 269 303 309 314 390 410 424 429 431 458 459 496 505 533 625 628 
99 29 23 43 70 82 103 153 159 221 242 244 246 299 300 301 311 327 371 378 401 413 426 436 475 552 554 572 574 579 588 
100 31 73 92 93 128 176 197 210 225 261 273 306 318 348 374 391 444 459 462 481 501 503 509 512 513 543 555 591 594 599 618 644 
101 23 21 80 113 145 151 170 177 228 233 338 357 361 374 393 415 454 474 540 563 573 603 632 642 
102 29 34 61 65 78 113 116 137 162 176 192 193 240 279 280 304 317 325 379 482 537 541 546 556 557 583 584 628 639 648 
103 34 14 16 35 43 53 73 97 98 99 106 170 173 197 250 270 288 308 368 380 388 405 424 426 449 466 499 502 516 578 602 610 623 628 638 
104 25 80 84 87 118 141 174 176 186 249 262 309 361 365 366 380 418 438 462 483 489 532 560 584 599 642 
105 16 83 84 168 182 275 278 296 302 330 352 354 377 498 503 572 637 
106 26 6 18 19 103 128 145 146 198 223 242 249 271 286 358 388 416 419 425 448 453 472 498 516 527 615 640 
107 20 81 88 94 140 153 231 255 298 311 330 382 387 441 467 511 549 574 596 601 618 
108 26 64 72 131 250 300 346 371 383 411 412 414 436 449 473 488 495 513 514 565 567 580 588 595 599 620 621 
109 25 15 53 71 156 160 164 168 193 223 231 266 270 305 376 414 424 436 447 483 495 552 586 592 593 614 
110 15 47 90 206 252 270 276 293 339 356 394 422 434 440 628 639 
111 23 30 51 60 91 122 143 238 315 326 334 422 462 493 498 509 511 552 555 562 565 580 589 642 
112 27 39 47 63 123 127 129 162 185 208 210 219 266 305 306 352 364 387 439 450 456 457 475 498 505 530 582 615 
113 28 24 79 82 83 90 101 102 142 206 213 235 260 355 369 398 404 441 465 480 485 520 529 534 589 605 613 622 640 
114 24 21 41 43 47 48 50 115 151 198 207 209 225 231 234 250 252 279 298 360 472 492 526 541 623 
115 24 21 22 114 225 231 250 335 336 363 422 435 443 447 451 461 482 500 509 515 536 550 576 582 600 
116 33 39 44 62 69 102 124 183 191 212 221 246 250 276 334 369 373 385 386 423 432 439 455 471 505 511 539 573 581 587 590 603 620 630 
117 28 23 81 98 125 134 145 187 244 274 289 315 328 343 375 397 401 423 439 441 473 501 527 528 571 581 584 591 593 
118 22 5 28 65 86 104 135 168 198 222 241 344 466 476 483 536 540 542 553 565 574 607 627 
119 27 141 176 183 184 186 206 222 233 253 353 355 392 409 419 461 465 482 493 511 532 547 564 568 597 622 637 640 
120 35 3 24 65 84 94 123 182 205 218 270 280 293 296 298 301 309 320 355 363 377 399 419 439 442 445 469 505 558 564 566 577 588 601 610 616 
121 25 6 32 51 82 94 125 179 180 204 245 305 306 312 324 364 409 410 493 513 554 603 608 620 622 628 
122 26 1 24 30 50 60 73 90 111 154 195 210 230 247 318 321 351 359 423 510 538 540 552 617 634 635 648 
123 28 10 21 72 112 120 180 220 291 305 312 337 358 362 368 371 420 427 435 447 452 457 465 477 490 491 590 638 647 
124 23 8 12 65 73 116 142 162 170 191 210 213 271 375 380 464 475 509 522 545 568 623 629 645 
125 22 13 46 117 121 141 146 153 176 226 322 336 339 373 490 513 545 557 571 579 582 583 640 
126 19 42 76 161 167 188 205 212 253 258 279 345 383 426 483 508 567 584 646 649 
127 21 15 73 88 112 166 213 220 244 252 256 278 331 355 411 460 504 556 560 576 618 623 
128 28 28 54 100 106 146 175 178 184 194 201 210 250 273 281 296 300 320 412 413 427 462 481 506 540 586 608 620 634 
129 26 30 85 112 169 261 276 279 280 287 308 347 399 439 477 480 483 544 572 575 590 595 599 604 615 628 638 
130 24 20 33 42 47 78 96 178 181 194 227 262 304 342 395 399 413 421 463 470 498 540 544 589 602 
131 26 32 41 49 50 59 108 137 169 195 229 269 281 327 346 371 435 441 444 503 579 585 593 630 638 643 647 
132 30 13 29 59 71 98 167 170 173 209 229 234 264 289 344 351 352 372 375 453 470 493 576 580 615 626 630 635 637 639 646 
133 25 35 68 69 186 197 207 216 222 247 269 286 325 328 383 403 439 483 490 523 533 537 565 567 568 634 
134 24 18 22 61 117 145 148 165 168 197 245 248 359 446 447 466 497 505 514 526 534 542 594 604 642 
135 26 19 29 67 84 118 137 169 177 182 197 200 234 246 247 264 282 307 317 356 359 411 420 431 496 564 582 
136 20 68 254 261 323 389 390 392 400 401 455 491 502 511 539 569 573 596 624 627 640 
137 28 2 6 8 18 32 33 50 102 131 135 142 165 197 218 261 288 303 377 381 383 393 506 545 561 579 583 596 631 
138 23 13 15 24 141 187 271 298 311 316 325 336 347 349 376 383 393 486 489 518 574 599 601 603 
139 26 33 86 95 140 159 161 178 187 196 206 257 283 369 390 412 432 442 453 461 465 514 534 559 575 624 637 
140 25 19 29 37 63 94 107 139 160 174 195 200 255 256 276 285 327 328 361 380 386 404 438 604 609 628 
141 43 12 22 27 41 46 48 84 87 88 89 95 104 119 125 138 187 200 209 232 238 262 272 279 290 298 325 332 356 372 384 427 470 476 477 481 484 499 502 516 517 559 628 639 
142 26 11 74 113 124 137 186 188 198 231 266 287 294 297 320 323 358 374 384 393 473 478 483 496 502 546 553 
143 19 15 41 43 111 158 172 185 226 237 244 268 302 436 455 505 521 577 617 639 
144 24 13 21 145 205 211 234 285 325 367 376 404 407 426 446 490 492 493 542 562 564 568 570 575 579 
145 31 6 9 14 27 49 95 101 106 117 134 144 146 154 213 253 293 308 342 350 352 403 423 425 460 494 504 555 574 596 600 601 
146 27 14 35 39 64 68 69 83 106 125 128 145 179 203 260 284 294 315 334 378 401 403 486 504 521 571 619 630 
147 14 32 56 60 167 173 181 330 343 442 446 555 562 563 580 
148 23 31 134 163 180 196 294 301 309 322 389 408 488 490 511 523 524 536 574 575 580 591 611 634 
149 20 31 43 50 188 285 290 304 320 353 430 455 466 471 525 534 544 588 589 620 644 
150 24 10 30 85 90 184 188 251 268 301 316 325 374 409 438 462 470 495 535 541 550 555 557 612 622 
151 24 9 23 25 37 70 101 114 164 184 224 226 251 292 311 322 337 351 414 507 549 559 603 622 646 
152 29 9 23 36 37 78 80 92 95 189 201 235 239 247 297 312 329 349 351 363 367 405 430 442 454 462 492 494 544 547 
153 18 15 47 56 67 99 107 125 178 218 247 287 289 300 405 473 543 545 553 
154 40 1 8 17 43 59 72 97 122 145 164 176 186 199 250 260 281 293 318 377 398 417 421 426 437 456 458 459 463 464 481 490 499 504 534 556 560 561 608 612 647 
155 15 20 24 76 90 184 188 208 226 254 372 420 444 498 554 604 
156 15 66 95 109 162 196 197 282 334 380 406 409 500 504 548 645 
157 18 19 40 65 217 223 232 265 351 420 433 469 506 515 566 569 616 620 631 
158 18 2 26 49 60 143 160 184 220 227 259 402 465 477 509 520 603 646 647 
159 30 58 69 87 99 139 162 173 178 259 290 321 330 358 359 386 389 391 428 468 474 489 490 516 538 559 572 583 603 629 647 
160 28 1 28 36 42 109 140 158 173 184 185 205 243 266 287 310 350 389 391 393 404 470 534 544 568 607 621 636 641 
161 18 13 27 67 126 139 198 213 215 225 233 272 293 317 331 447 474 496 601 
162 33 2 3 53 59 88 102 112 124 156 159 180 198 218 246 247 249 285 297 323 342 359 378 392 393 427 439 465 472 490 517 533 579 612 
163 23 0 62 148 166 208 288 309 327 344 350 357 380 432 473 507 510 551 592 598 605 606 614 646 
164 29 23 28 32 57 70 109 151 154 167 170 185 215 278 308 341 345 351 366 475 480 510 514 533 571 591 613 620 638 640 
165 20 14 17 32 36 46 134 137 174 223 303 361 377 382 400 453 483 485 524 604 634 
166 33 2 70 127 163 173 192 215 225 230 262 271 296 307 317 320 343 373 376 434 443 452 457 501 507 523 573 597 601 604 618 627 631 643 
167 28 2 126 132 147 164 168 189 192 295 322 325 342 352 363 384 446 492 496 500 526 574 589 601 609 633 638 644 646 
168 33 32 91 105 109 118 134 167 191 205 210 280 295 305 313 317 320 349 352 354 362 371 405 407 418 422 446 449 478 510 513 536 588 622 
169 27 26 42 84 129 131 135 186 195 204 206 253 267 282 358 368 373 376 387 410 432 479 497 507 510 533 542 589 
170 35 7 11 14 17 19 34 50 88 101 103 124 132 164 171 182 220 226 239 260 298 303 372 392 430 448 480 497 501 508 540 555 557 567 589 646 
171 27 12 60 61 68 69 170 204 221 236 304 335 343 357 381 398 449 450 461 462 469 476 490 498 509 522 552 558 
172 23 75 143 197 221 263 287 298 328 347 354 378 419 450 451 457 465 497 502 557 577 601 607 624 
173 35 0 19 27 37 43 47 80 85 88 103 132 147 159 160 166 200 235 280 286 369 372 385 392 401 466 473 500 512 527 535 537 590 593 631 639 
174 21 42 98 104 140 165 222 224 226 277 291 327 391 406 418 426 477 488 511 512 548 644 
175 22 0 3 40 42 128 242 269 285 323 342 359 374 405 411 421 441 509 510 523 543 591 626 
176 34 1 10 61 74 100 102 104 119 125 154 187 225 257 274 302 314 326 345 348 359 372 398 399 404 427 428 468 507 521 544 598 604 609 625 
177 27 61 84 101 135 203 205 214 263 287 304 314 389 423 432 445 459 475 485 495 522 523 526 530 534 552 555 574 
178 22 38 44 57 128 130 139 153 159 192 201 205 207 212 308 310 334 394 413 466 542 557 628 
179 26 28 67 75 92 121 146 207 234 248 289 295 330 343 345 369 371 413 422 467 495 501 548 554 559 608 631 
180 25 18 26 55 74 121 123 148 162 203 228 248 289 312 385 392 406 447 459 481 490 558 588 599 611 634 
181 26 63 130 147 263 267 269 283 298 317 324 329 331 341 363 431 511 535 549 553 560 571 574 593 616 619 647 
182 27 2 20 62 79 96 105 120 135 170 183 194 205 221 248 275 296 318 328 347 351 378 380 418 455 489 503 620 
183 22 33 66 75 116 119 182 248 264 276 391 426 449 467 472 482 533 546 556 597 608 609 640 
184 36 10 31 63 74 94 119 128 150 151 155 158 160 190 210 283 289 324 329 333 356 378 379 382 409 436 446 458 476 484 511 567 606 611 612 639 642 
185 23 29 91 112 143 160 164 206 300 338 410 420 442 458 493 516 520 540 545 556 575 609 622 628 
186 30 23 69 104 119 133 142 154 169 190 219 225 227 275 279 283 328 378 379 399 404 431 442 448 449 457 461 546 550 569 621 
187 26 31 77 79 117 138 139 141 176 218 226 245 292 304 318 336 341 353 360 450 460 497 550 597 617 630 636 
188 22 20 56 82 85 126 142 149 150 155 195 206 239 261 303 314 319 365 432 450 462 594 645 
189 21 45 76 152 167 196 210 235 258 299 338 372 381 382 404 440 496 505 531 559 562 637 
190 24 35 46 67 87 184 186 200 219 244 268 278 284 304 327 363 444 496 506 526 532 541 612 631 639 
191 33 62 86 116 124 168 198 267 275 299 332 341 360 362 370 379 397 409 418 423 435 440 449 478 492 493 541 546 551 567 569 572 604 640 
192 21 43 64 102 166 167 178 259 320 368 394 434 437 450 465 471 475 498 499 549 615 630 
193 20 34 47 67 102 109 198 201 264 298 323 336 340 390 408 416 457 466 578 621 638 
194 25 67 76 128 130 182 200 223 233 234 265 271 306 317 324 384 406 438 473 480 506 521 539 562 619 649 
195 21 13 35 46 73 81 122 131 140 169 188 236 253 379 401 428 441 448 518 556 571 589 
196 27 72 139 148 156 189 202 203 204 234 236 278 322 331 347 365 400 408 413 431 456 459 462 489 537 607 624 637 
197 26 9 16 19 77 95 100 103 133 134 135 137 156 172 203 281 284 324 433 480 537 539 551 558 565 619 643 
198 27 28 67 76 106 114 118 142 161 162 191 193 224 273 340 398 422 433 441 515 532 543 546 553 588 598 607 640 
199 26 19 21 69 83 154 318 322 332 394 442 445 454 462 479 486 494 497 523 544 551 557 562 563 582 626 641 
200 33 20 83 135 140 141 173 190 194 205 212 241 251 278 285 300 302 323 358 373 381 407 436 456 459 471 510 556 592 612 616 629 634 635 
201 30 18 42 77 85 128 152 178 193 221 237 239 265 278 294 405 408 428 434 444 450 456 459 470 486 496 513 543 563 598 604 
202 21 0 13 77 80 196 218 282 325 327 400 415 425 448 454 518 527 546 601 629 635 643 
203 26 49 53 60 146 177 180 196 197 209 212 248 275 286 294 309 366 394 420 422 437 468 588 589 601 625 626 
204 24 7 61 85 96 121 169 171 196 251 260 269 282 285 293 428 448 455 492 509 551 629 639 642 646 
205 27 16 24 48 120 126 144 160 168 177 178 182 200 211 285 367 394 409 436 440 534 541 544 547 585 592 605 631 
206 20 97 110 113 119 139 169 185 188 225 229 245 273 282 299 334 388 476 545 553 624 
207 41 4 16 25 37 38 52 65 82 97 114 133 178 179 234 248 250 263 281 289 300 312 323 329 349 362 371 380 417 418 468 476 498 507 508 514 533 549 566 591 601 623 
208 35 1 15 26 31 60 90 112 155 163 216 225 234 241 274 280 290 298 349 367 396 429 436 440 473 475 480 489 512 515 543 546 562 573 579 609 
209 27 4 24 39 43 45 114 132 141 203 226 240 289 308 331 380 396 397 407 527 547 557 583 595 611 614 616 632 
210 30 23 38 55 68 100 112 122 124 128 168 184 189 249 251 254 266 285 328 334 346 372 401 446 479 502 528 568 577 600 648 
211 19 17 21 26 60 70 82 144 205 223 257 278 371 429 512 514 519 568 607 626 
212 29 53 71 93 116 126 178 200 203 228 264 273 275 319 323 339 341 364 397 450 460 486 505 548 562 590 593 606 634 645 
213 21 53 113 124 127 145 161 225 277 281 286 295 308 336 428 456 461 509 540 551 568 578 
214 21 5 177 261 275 298 339 349 361 385 429 443 463 492 524 580 588 605 607 616 617 619 
215 30 19 29 89 94 161 164 166 223 230 249 268 294 314 316 330 373 379 434 459 509 523 540 542 566 571 581 598 603 632 641 
216 20 26 58 86 90 133 208 243 264 308 318 331 345 396 452 456 497 582 613 635 649 
217 24 2 3 11 22 44 49 71 81 157 242 260 268 272 278 283 290 297 391 429 453 544 553 624 634 
218 23 22 23 27 53 120 137 153 162 187 202 263 267 272 284 312 315 339 359 418 475 595 601 624 
219 24 19 46 50 59 66 112 186 190 250 295 323 326 342 343 351 354 364 394 400 427 516 525 566 636 
220 17 54 81 123 127 158 170 299 310 388 407 426 451 508 538 556 596 627 
221 30 21 30 35 99 116 171 172 182 201 242 264 268 294 315 327 384 401 407 443 485 498 502 507 528 539 569 585 617 619 641 
222 19 98 118 119 133 174 328 344 350 390 409 415 432 433 458 515 548 569 610 625 
223 30 9 33 34 46 58 65 106 109 157 165 194 211 215 229 258 267 308 341 345 348 427 455 500 501 546 570 582 598 607 639 
224 26 36 59 62 93 151 174 198 247 282 400 407 408 410 474 480 486 508 509 515 553 568 582 598 613 629 635 
225 31 9 41 84 100 114 115 161 166 176 186 206 208 213 235 264 337 344 404 412 420 425 449 507 513 514 517 567 588 596 597 600 
226 37 6 8 12 14 17 80 84 125 143 151 155 170 174 187 209 253 308 323 339 378 386 391 396 426 448 449 460 461 469 516 530 579 583 598 613 623 631 
227 19 69 130 158 186 292 306 309 311 403 409 495 498 519 534 538 543 554 581 648 
228 16 36 63 101 180 212 231 330 339 398 435 483 495 502 515 529 600 
229 23 74 131 132 206 223 243 268 280 284 328 379 383 415 423 484 489 509 510 522 541 550 607 633 
230 16 25 93 122 166 215 252 276 290 305 322 371 402 446 466 483 581 
231 28 5 10 68 83 89 95 107 109 114 115 142 228 250 277 284 311 347 351 353 366 367 385 388 455 555 598 617 633 
232 18 6 13 39 71 141 157 306 316 332 341 371 398 403 441 529 557 581 593 
233 25 72 87 101 119 161 194 238 254 255 294 295 320 374 391 392 453 458 492 523 561 570 582 592 605 606 
234 29 1 4 56 58 114 132 135 144 179 194 196 207 208 260 273 288 308 319 337 370 383 387 428 470 484 507 514 523 643 
235 24 17 31 49 63 90 113 152 173 189 225 270 308 355 389 397 465 500 537 550 553 570 625 638 647 
236 31 1 10 73 92 95 171 195 196 248 277 297 304 339 350 358 364 375 380 448 486 503 510 533 536 545 570 574 592 607 638 648 
237 20 4 16 38 43 49 54 55 143 201 238 279 293 317 319 332 367 388 435 544 553 
238 20 89 111 141 233 237 271 274 280 339 356 370 401 416 435 493 525 536 585 605 648 
239 27 5 14 16 41 72 152 170 188 201 243 248 257 268 284 297 303 313 326 352 353 420 435 453 460 511 524 586 
240 27 4 21 30 43 65 76 83 102 209 256 283 295 305 326 336 418 435 447 459 462 512 597 615 637 642 643 646 
241 21 32 97 118 200 208 250 303 339 355 394 403 408 441 445 481 547 552 561 622 642 646 
242 23 22 31 99 106 175 217 221 248 305 370 384 389 464 477 516 535 541 546 569 572 591 618 628 
243 28 2 21 38 65 66 86 160 216 229 239 250 251 253 295 296 317 324 327 350 377 428 436 453 488 498 500 598 633 
244 22 13 47 55 99 117 127 143 190 246 315 385 404 407 413 461 491 496 515 564 598 607 640 
245 26 48 50 75 77 86 95 121 134 187 206 248 277 303 331 337 346 350 357 424 446 451 496 552 567 582 614 
246 25 26 34 52 61 72 92 99 116 135 162 244 255 287 311 312 352 370 405 428 440 451 521 579 603 620 
247 30 23 29 58 60 62 63 122 133 135 152 153 162 224 259 270 336 390 432 449 459 470 473 505 535 567 584 590 613 624 626 
248 28 92 93 96 134 179 180 182 183 203 207 236 239 242 245 261 306 319 355 391 418 450 452 491 521 532 628 637 645 
249 20 25 31 50 104 106 162 210 215 265 268 424 454 488 552 556 561 564 565 599 614 
250 30 9 13 26 49 103 108 114 115 116 128 154 207 219 231 241 243 257 303 305 313 375 409 441 460 486 493 497 601 608 634 
251 30 65 79 91 150 151 200 204 210 243 258 268 272 337 352 359 415 422 423 428 444 474 486 502 507 529 534 574 606 619 625 
252 23 3 20 59 70 82 110 114 127 230 254 256 281 290 338 358 407 431 461 480 522 533 540 634 
253 20 14 119 126 145 169 195 226 243 269 372 376 423 438 456 547 570 577 605 618 624 
254 21 16 18 40 52 78 136 155 210 233 252 297 377 384 404 439 470 503 542 571 616 618 
255 27 33 34 36 58 59 77 107 140 233 246 291 308 342 389 414 415 424 428 442 459 461 466 503 510 559 598 601 
256 29 3 11 17 22 29 35 41 53 90 127 140 240 252 263 277 285 286 302 311 335 368 400 477 505 548 584 611 625 636 
257 21 46 71 77 139 176 211 239 250 267 365 369 389 411 417 420 432 445 448 469 542 543 
258 28 17 28 40 65 73 76 126 189 223 251 295 323 327 349 412 421 433 481 490 517 531 548 560 580 601 605 634 639 
259 20 82 85 158 159 192 247 288 297 316 328 338 354 372 399 406 410 488 524 583 643 
260 23 6 18 38 58 113 146 154 170 204 217 234 261 316 337 346 413 475 502 530 534 550 623 636 
261 27 38 72 82 100 129 136 137 188 214 248 260 279 305 320 359 372 429 450 451 457 470 502 531 541 560 565 643 
262 22 13 67 76 87 104 130 141 166 288 348 426 435 472 474 480 515 560 567 598 619 632 643 
263 19 13 54 78 87 172 177 181 207 218 256 272 298 324 377 486 497 519 577 640 
264 21 3 4 55 85 132 135 183 193 212 216 221 225 267 295 299 385 464 515 530 533 534 
265 23 8 49 92 97 157 194 201 249 295 369 431 432 447 463 464 472 489 518 558 566 598 606 621 
266 20 42 109 112 142 160 210 309 316 378 418 440 463 481 487 491 548 565 585 599 644 
267 27 28 33 58 92 169 181 191 218 223 257 264 279 302 369 386 399 408 426 433 472 494 497 498 560 576 582 605 
268 26 57 69 85 143 150 190 215 217 221 229 239 249 251 270 316 339 341 344 347 369 478 521 525 526 575 583 
269 26 6 9 13 18 23 43 49 95 98 131 133 175 181 204 253 279 412 418 466 489 505 509 541 593 601 614 
270 27 12 29 37 52 81 86 103 109 110 120 235 247 268 286 323 351 354 375 376 424 429 466 480 534 556 604 637 
271 23 4 51 73 80 87 95 106 124 138 166 194 238 331 338 350 382 434 469 516 535 595 628 648 
272 43 17 28 52 66 78 91 141 161 217 218 251 263 297 311 319 321 361 408 409 413 414 416 434 439 443 450 480 485 488 497 519 541 567 570 571 582 597 600 601 605 631 640 648 
273 26 25 68 100 128 198 206 212 234 289 293 302 344 366 369 392 410 419 447 450 453 481 484 488 518 522 603 
274 22 10 37 52 86 117 176 208 238 287 328 349 350 400 428 468 470 490 505 519 528 566 587 
275 30 28 48 51 105 182 186 191 203 212 214 277 302 331 342 356 385 396 418 466 479 495 503 507 510 544 551 567 573 599 642 
276 21 2 5 30 110 116 129 140 183 230 281 283 373 374 391 418 430 519 548 571 608 614 
277 18 68 78 174 213 231 236 245 256 275 402 432 467 491 516 529 559 600 635 
278 17 93 105 127 164 190 196 200 201 211 217 376 398 443 495 530 567 593 
279 31 102 114 126 129 141 186 237 261 267 269 285 289 294 314 333 356 386 396 403 453 488 492 509 580 585 591 599 621 626 631 644 
280 27 4 23 29 50 83 102 120 129 168 173 208 229 238 282 289 295 300 302 349 434 441 493 517 527 553 593 647 
281 31 20 61 128 131 154 197 207 213 252 276 298 330 336 353 363 374 375 393 400 428 431 439 457 472 481 490 541 543 569 572 631 
282 25 8 12 64 86 135 156 169 202 204 206 224 280 318 337 351 374 440 461 517 518 584 588 589 600 635 
283 25 22 26 27 52 76 139 181 184 186 217 240 276 322 344 390 392 417 430 434 497 499 510 530 556 587 
284 30 2 13 28 33 68 89 146 190 197 218 229 231 239 293 305 306 323 337 343 349 393 433 463 469 471 483 502 588 605 629 
285 36 28 87 95 140 144 149 162 175 200 204 205 210 256 279 315 332 335 344 356 380 388 392 413 435 451 471 530 532 534 552 567 611 618 621 624 647 
286 25 35 39 63 69 70 80 106 133 173 203 213 256 270 298 336 351 395 445 485 488 491 517 589 617 646 
287 26 30 46 129 142 153 160 172 177 246 274 303 314 346 348 368 375 438 467 507 529 531 538 610 612 614 645 
288 23 41 66 68 69 86 103 137 163 234 259 262 296 311 318 329 352 393 430 478 486 585 601 644 
289 31 15 33 60 68 85 94 117 132 153 179 180 184 207 209 273 279 280 408 440 444 458 459 492 497 520 523 555 580 588 590 596 
290 29 12 23 26 52 76 141 149 159 208 217 230 252 297 341 346 357 377 381 383 389 401 429 454 502 517 518 532 599 646 
291 24 38 73 123 174 255 293 319 354 366 394 396 398 414 423 439 447 452 464 469 472 504 512 537 563 
292 18 2 14 58 151 187 227 356 386 401 405 444 513 525 548 591 609 632 637 
293 29 13 49 51 97 110 120 145 154 161 204 237 273 284 291 309 346 354 402 453 466 486 492 502 509 569 576 613 615 639 
294 26 10 29 70 142 146 148 201 203 215 221 233 279 318 361 370 416 427 468 482 562 577 582 598 617 630 640 
295 31 10 15 26 30 32 66 73 94 167 168 179 213 219 233 240 243 258 264 265 280 312 403 414 421 478 530 532 569 578 607 632 
296 20 22 71 105 120 128 166 182 243 288 299 372 374 415 471 500 540 575 581 589 602 
297 23 37 91 142 152 162 217 236 239 254 259 272 290 303 329 340 357 402 520 536 565 576 640 647 
298 31 20 90 107 114 120 138 141 170 172 181 193 208 214 263 281 286 323 334 385 389 398 443 462 475 496 507 524 527 571 604 636 
299 29 42 59 76 81 96 99 189 191 206 220 264 296 300 332 379 409 430 438 462 498 531 567 584 609 613 619 621 633 646 
300 25 8 23 48 51 70 87 99 108 128 153 185 200 207 280 299 316 340 341 358 367 380 520 533 573 579 
301 22 13 41 45 52 71 99 120 148 150 307 309 322 345 413 442 477 533 546 551 562 627 628 
302 36 3 27 32 34 50 67 105 143 176 200 256 267 273 275 280 315 319 348 355 363 369 370 408 415 449 486 494 510 512 553 575 590 615 625 630 631 
303 25 71 89 92 98 137 165 170 188 239 241 245 250 287 297 325 357 359 370 377 471 511 526 555 635 644 
304 28 29 48 49 80 102 130 149 171 177 187 190 236 311 319 379 382 400 448 482 518 544 545 550 560 565 575 603 637 
305 33 1 47 68 73 90 109 112 121 123 168 230 240 242 250 261 284 323 355 371 389 405 412 435 453 491 496 512 518 523 525 549 621 642 
306 34 15 25 35 44 63 93 100 112 121 194 227 232 248 284 308 319 324 330 347 376 381 444 448 458 472 480 502 505 509 519 532 569 596 642 
307 22 3 16 27 42 135 166 301 335 336 351 353 396 404 406 424 469 471 487 491 518 619 636 
308 31 17 68 78 90 103 129 145 164 178 209 213 216 223 226 234 235 255 306 338 375 404 412 447 469 518 561 586 607 613 619 624 
309 19 8 98 104 120 148 163 203 227 266 293 301 325 328 377 395 403 461 513 514 
310 19 3 23 45 49 52 80 160 178 220 337 349 353 395 463 480 526 546 570 642 
311 24 34 43 45 49 78 99 107 138 151 227 231 246 256 272 288 304 337 461 495 508 511 540 575 642 
312 29 34 40 46 63 65 72 81 121 123 152 180 207 218 246 295 341 343 349 359 429 438 450 497 556 584 606 608 622 630 
313 23 9 16 21 32 54 58 64 168 239 250 341 364 378 404 426 455 456 481 486 524 557 558 627 
314 32 10 17 22 32 40 54 67 98 176 177 188 215 279 287 327 345 357 360 368 380 432 437 453 503 517 523 531 534 536 571 582 636 
315 28 14 63 83 111 117 146 218 221 244 285 302 319 341 451 499 514 524 526 539 562 583 600 601 604 616 629 633 634 
316 22 8 32 51 74 138 150 215 232 259 260 266 268 300 329 361 366 399 535 573 621 635 647 
317 21 18 20 52 74 102 135 161 166 168 181 194 237 243 414 455 457 461 464 492 538 588 
318 21 24 29 64 100 122 154 182 187 199 216 282 288 294 344 385 393 416 519 521 542 631 
319 36 2 5 13 16 40 87 91 188 212 234 237 248 272 291 302 304 306 315 324 373 408 425 461 465 470 507 527 528 541 575 589 592 597 612 614 636 
320 23 11 26 47 63 120 128 142 149 166 168 192 233 261 337 385 475 543 552 572 583 584 614 646 
321 26 55 78 81 90 122 159 272 344 389 397 412 422 429 461 465 476 520 534 543 544 551 567 594 615 635 645 
322 25 31 32 78 83 125 148 151 167 196 199 230 283 301 331 355 367 380 398 470 518 547 602 628 631 643 
323 26 3 87 91 136 142 162 175 193 200 207 212 219 226 258 270 284 298 305 326 386 399 473 486 559 561 644 
324 22 34 52 121 181 184 194 197 243 263 306 319 350 385 426 446 464 467 491 524 573 597 629 
325 28 24 51 60 65 85 102 133 138 141 144 150 167 202 303 309 391 398 469 474 516 523 551 554 583 598 611 646 648 
326 16 28 58 64 89 111 176 219 239 240 323 485 489 532 539 576 630 
327 23 44 62 99 131 140 163 174 190 202 221 243 258 314 333 403 464 476 502 565 588 594 625 632 
328 28 36 59 77 97 117 133 140 172 182 186 210 222 229 259 274 309 356 367 398 413 414 415 440 454 458 547 561 607 
329 19 63 71 152 181 184 207 288 297 316 393 525 538 546 553 571 579 597 609 642 
330 36 10 82 84 85 105 107 147 159 179 215 228 281 306 332 346 385 393 406 407 413 420 423 454 458 473 539 545 551 555 594 595 602 604 623 624 644 
331 27 60 74 127 161 181 196 209 216 245 271 275 322 337 338 364 382 395 486 492 512 535 556 591 607 608 609 637 
332 26 35 61 141 191 199 232 237 285 299 330 349 369 392 394 395 398 419 433 471 484 490 501 502 580 586 597 
333 21 0 37 184 279 327 355 361 373 402 409 413 433 489 516 528 538 574 579 582 601 613 
334 22 54 111 116 146 156 178 206 210 298 378 382 437 460 462 470 482 527 564 568 573 610 612 
335 27 8 12 28 40 44 83 85 97 115 171 256 285 307 372 394 411 445 449 465 482 493 496 541 551 553 599 609 
336 23 2 7 78 115 125 138 187 193 213 240 247 281 286 307 345 357 371 429 501 530 536 585 604 
337 30 17 41 43 62 69 72 92 97 123 151 225 234 245 251 260 282 284 310 311 320 331 342 347 365 366 385 530 547 643 646 
338 29 6 28 35 37 47 49 66 90 101 185 189 252 259 271 308 331 361 364 402 403 427 444 470 517 527 548 580 630 634 
339 29 11 43 71 76 93 110 125 212 214 218 226 228 236 238 241 268 357 383 438 459 482 506 520 525 548 551 555 561 594 
340 19 29 36 49 68 83 193 198 297 300 356 385 402 435 477 518 582 612 630 644 
341 31 20 68 88 164 181 187 191 212 223 232 268 290 300 312 313 315 352 356 361 400 407 408 409 411 419 440 465 468 511 576 587 
342 27 8 27 33 35 53 97 130 145 162 167 175 219 255 275 337 347 371 372 411 453 462 480 505 537 559 578 649 
343 20 16 47 59 89 117 147 166 171 179 219 284 312 419 426 444 507 517 527 572 624 
344 30 45 59 67 87 91 118 132 163 222 225 268 273 283 285 318 321 423 473 495 502 518 524 529 540 562 573 588 600 616 630 
345 30 11 16 39 40 126 164 176 179 216 223 301 314 336 356 357 378 422 425 438 465 478 486 516 546 552 573 574 579 629 636 
346 24 75 81 108 131 210 245 260 287 290 293 330 416 420 424 491 504 526 548 561 588 596 606 623 634 
347 22 18 24 44 76 129 138 172 182 196 231 268 306 337 342 366 444 490 529 547 559 628 647 
348 18 68 78 83 100 176 223 262 287 302 391 395 403 449 459 485 503 585 625 
349 35 16 28 61 62 69 138 152 168 207 208 214 258 274 280 284 310 312 332 395 403 406 433 450 476 492 521 524 575 582 602 610 615 620 630 635 
350 20 34 145 160 163 222 236 243 245 271 274 324 365 383 393 396 411 519 530 533 625 
351 25 31 63 76 122 132 151 152 157 164 182 219 231 270 282 286 307 377 392 421 474 484 517 532 621 625 
352 24 40 82 95 105 112 132 145 167 168 239 246 251 288 341 407 417 446 453 461 482 487 580 622 635 
353 22 10 17 19 74 79 119 149 187 231 239 281 307 310 381 403 424 466 487 594 605 609 646 
354 27 35 105 168 172 219 259 270 291 293 365 372 378 389 398 405 411 416 440 441 460 488 526 562 574 578 601 626 
355 27 6 9 33 52 90 113 119 120 127 235 241 248 302 305 322 333 362 397 420 444 487 566 605 615 619 620 642 
356 34 4 11 41 70 91 110 135 141 184 238 275 279 285 292 328 340 341 345 372 418 422 438 445 457 483 500 557 558 568 593 595 597 632 643 
357 25 63 101 163 171 245 290 297 303 314 336 339 345 383 486 497 515 522 530 541 545 558 561 587 603 641 
358 24 14 16 35 39 72 83 106 123 142 159 169 200 236 252 300 395 429 433 441 443 472 515 525 581 
359 28 9 27 57 69 75 77 96 122 134 135 159 162 175 176 218 251 261 303 312 378 382 472 489 565 585 587 607 639 
360 25 7 47 51 87 92 114 187 191 314 368 391 408 421 440 441 463 524 539 545 549 559 563 565 584 596 
361 24 2 28 46 49 86 101 104 140 165 214 272 294 316 333 338 341 456 464 487 502 538 589 594 612 
362 19 4 19 25 32 63 90 123 168 191 207 355 386 438 494 542 593 600 611 639 
363 27 19 30 31 47 49 52 57 84 115 120 152 167 181 190 281 302 394 411 418 425 468 472 519 525 546 619 624 
364 24 27 55 71 80 112 121 212 219 236 313 331 338 380 406 410 472 474 495 505 547 572 573 596 601 
365 22 104 188 196 257 337 350 354 368 373 384 430 434 439 443 445 448 474 522 544 553 613 615 
366 23 33 87 104 164 203 231 273 291 316 337 347 371 377 385 411 421 457 458 460 479 608 646 647 
367 31 14 18 29 54 144 152 205 208 231 237 300 322 328 395 409 422 433 435 457 473 478 501 504 507 521 531 568 612 621 627 632 
368 21 22 45 65 103 123 169 192 256 287 314 360 365 376 431 440 454 462 557 562 594 629 
369 25 89 113 116 139 173 179 257 265 267 268 273 302 332 375 389 479 501 539 542 563 570 581 606 617 634 
370 22 33 40 56 76 191 234 238 242 246 294 302 303 377 384 431 441 489 530 567 589 628 649 
371 28 53 72 99 108 123 131 168 179 207 211 230 232 305 336 342 366 378 382 398 406 408 426 490 501 531 533 589 595 
372 32 42 43 46 50 58 92 132 141 155 170 173 176 189 210 253 259 261 296 335 342 354 356 387 400 460 463 473 502 525 573 629 639 
373 16 2 43 116 125 166 169 200 215 276 319 333 365 456 501 539 544 
374 28 14 21 33 93 100 101 142 150 175 233 276 281 282 296 381 396 428 429 432 457 546 552 569 597 611 612 640 648 
375 32 14 19 33 36 64 117 124 132 236 250 270 281 287 308 369 417 433 435 447 467 474 493 525 541 548 555 558 583 627 632 635 643 
376 22 1 62 95 109 138 144 166 169 253 270 278 306 368 417 451 455 475 478 514 536 548 640 
377 24 31 105 120 137 154 165 243 254 263 290 303 309 351 366 370 388 412 416 464 467 478 494 560 631 
378 28 7 43 44 47 99 146 162 172 182 184 186 226 266 313 334 345 354 359 371 397 413 417 456 487 568 569 625 631 
379 21 5 17 97 102 184 186 191 195 215 229 299 304 400 432 437 543 567 572 628 636 638 
380 27 5 6 23 37 66 67 71 103 104 124 140 156 163 182 207 209 236 285 300 314 322 364 394 476 510 529 537 
381 16 21 137 171 189 200 290 306 353 374 403 409 429 463 576 586 596 
382 31 26 52 70 81 107 165 184 189 271 304 331 334 359 371 387 392 421 423 437 461 483 502 513 538 562 566 588 589 598 625 627 
383 26 19 34 57 84 92 108 126 133 137 138 229 234 290 339 350 357 432 436 472 504 505 517 539 547 614 616 
384 23 4 12 16 55 68 141 142 167 194 221 242 254 365 370 391 429 438 467 485 513 551 639 649 
385 34 36 75 92 95 116 173 180 214 231 244 264 275 298 318 320 324 330 337 340 366 393 441 453 499 507 508 523 551 563 564 567 595 610 632 
386 28 10 20 21 40 60 63 83 85 94 116 140 159 226 267 279 292 323 362 390 396 492 530 553 573 588 596 630 636 
387 13 107 112 169 234 372 382 478 482 484 503 582 602 622 
388 21 4 30 46 88 103 106 206 220 231 237 285 377 392 399 472 496 510 554 572 596 642 
389 30 28 30 31 46 83 136 148 159 160 177 235 242 255 257 290 298 305 321 354 369 422 444 543 560 567 579 588 617 619 626 
390 21 14 47 64 89 98 136 139 193 222 247 283 386 398 484 489 507 516 553 612 630 634 
391 26 16 28 63 73 100 159 160 174 183 217 226 233 248 276 325 348 360 384 405 486 504 525 535 569 596 604 
392 31 42 55 80 91 119 136 162 170 173 180 233 273 283 285 332 351 382 388 401 432 449 472 484 485 492 524 533 564 571 611 627 
393 25 8 26 28 73 89 101 137 138 142 160 162 281 284 288 318 329 330 350 385 511 533 535 584 610 626 
394 28 13 40 52 63 84 110 178 192 199 203 205 219 241 291 332 335 363 380 449 493 526 527 535 556 582 605 607 640 
395 20 18 45 130 286 309 310 331 332 348 349 358 367 411 453 473 500 533 576 586 646 
396 21 0 7 38 40 62 65 81 208 209 216 226 275 279 291 307 350 374 386 477 514 529 
397 19 1 31 74 117 191 209 212 235 321 355 378 464 500 511 564 566 586 599 641 
398 31 7 69 113 154 171 176 198 228 232 278 291 298 322 325 328 332 354 371 390 412 450 453 464 466 486 528 540 573 626 632 649 
399 34 15 18 50 64 72 75 90 91 93 120 129 130 176 186 259 267 316 323 388 408 423 425 435 468 473 488 498 507 533 553 613 619 647 649 
400 27 4 57 84 136 165 196 202 219 224 256 274 281 304 341 372 379 444 465 494 500 501 521 544 551 593 602 616 
401 27 18 34 43 96 99 117 136 146 173 195 210 221 238 290 292 392 413 421 469 472 475 508 546 571 607 611 615 
402 18 74 83 158 230 277 293 297 333 338 340 429 457 475 511 615 616 628 642 
403 26 78 133 145 146 227 232 241 279 295 309 327 338 348 349 353 381 418 457 484 495 509 514 554 575 600 620 
404 35 27 35 43 44 50 55 57 66 73 77 113 140 144 160 176 186 189 225 244 254 307 308 313 406 438 443 445 470 474 481 531 550 565 631 648 
405 25 33 103 152 153 168 175 201 246 292 305 354 391 407 415 461 463 469 492 498 510 544 548 606 628 634 
406 24 29 77 83 156 174 180 194 259 307 330 349 364 371 404 421 443 466 488 493 499 530 536 579 634 
407 22 12 31 144 168 200 209 220 221 224 244 252 330 341 352 405 430 431 501 548 561 610 633 
408 25 7 48 83 148 193 196 201 224 241 267 272 289 302 319 341 360 371 399 409 418 455 463 484 524 572 
409 28 77 84 95 119 121 150 156 184 191 205 222 227 250 272 299 333 341 367 381 408 461 464 481 502 504 587 609 628 
410 19 39 83 98 121 169 185 224 259 273 364 419 465 505 532 541 543 564 616 644 
411 27 0 14 30 36 44 75 108 127 135 175 257 335 341 342 350 354 363 366 395 458 481 489 516 526 574 593 595 
412 24 24 26 68 76 94 108 128 139 225 258 269 305 308 321 377 398 415 444 509 570 584 591 622 642 
413 29 15 74 86 99 128 130 178 179 196 244 260 272 285 301 328 330 333 378 401 418 443 445 459 476 509 528 550 556 565 
414 23 17 69 86 108 109 151 255 272 291 295 317 328 446 460 499 526 555 569 590 607 611 629 635 
415 28 7 9 18 56 80 82 93 101 202 222 229 251 255 296 302 328 405 412 433 460 484 527 564 577 616 625 631 643 
416 26 3 8 10 38 80 83 96 106 193 238 272 294 318 346 354 377 466 470 474 484 559 608 629 636 646 647 
417 23 12 70 82 95 154 207 257 283 352 375 376 378 418 423 486 494 495 515 554 562 580 592 603 
418 34 25 26 54 75 91 104 168 174 182 191 207 218 240 248 266 269 275 276 356 363 403 408 413 417 421 469 535 536 583 593 602 612 637 644 
419 21 47 48 50 55 106 119 120 172 273 332 341 343 410 487 523 549 557 602 603 606 638 
420 19 18 45 52 80 123 135 155 157 185 203 225 239 257 330 346 355 460 494 608 
421 27 16 22 27 33 85 93 130 154 175 258 295 351 360 366 382 401 406 418 430 455 465 467 567 576 588 613 614 
422 21 110 111 115 168 179 198 203 251 321 345 356 367 389 445 508 526 546 586 626 638 647 
423 37 14 30 33 48 58 64 83 87 96 116 117 122 145 177 191 229 251 253 291 330 344 382 399 417 426 438 451 453 467 498 510 545 549 557 563 638 644 
424 23 17 98 103 109 245 249 255 270 307 346 353 428 444 456 482 511 512 513 520 578 580 605 615 
425 19 38 79 84 106 145 202 225 319 345 363 399 445 455 463 502 534 536 613 618 
426 25 56 90 99 103 126 144 154 174 183 220 226 262 267 313 324 343 371 423 438 474 497 535 536 540 605 
427 27 11 22 33 88 123 128 141 162 176 219 223 294 338 430 441 448 449 457 478 553 613 616 619 623 632 636 646 
428 25 16 28 33 53 87 159 176 195 201 204 213 234 243 246 251 255 274 281 374 424 493 557 593 619 648 
429 31 3 12 20 98 208 211 214 217 261 270 290 312 321 336 358 374 381 384 402 438 443 454 472 508 520 558 569 582 615 617 647 
430 23 88 149 152 170 276 283 288 299 365 407 421 427 433 444 468 507 526 540 577 589 620 622 649 
431 18 2 27 55 57 98 135 181 186 196 252 265 281 368 370 407 471 603 604 
432 34 18 23 36 40 66 70 71 116 139 163 169 177 188 222 247 257 265 277 314 374 379 383 392 441 442 453 471 520 521 547 572 595 616 648 
433 30 57 61 70 157 197 198 222 258 267 284 332 333 349 358 367 375 415 430 447 470 492 494 505 509 538 545 555 607 612 633 
434 23 23 68 110 166 192 201 215 271 272 280 283 365 460 504 510 511 543 607 609 632 642 645 647 
435 32 17 25 41 48 53 64 115 123 131 191 228 237 238 239 240 262 285 305 340 367 375 399 445 524 534 539 543 548 566 581 607 648 
436 20 36 54 99 108 109 143 184 200 205 208 243 383 454 475 500 513 566 568 584 621 
437 21 45 69 77 79 154 192 203 314 334 379 382 450 460 476 486 504 531 570 609 611 620 
438 21 23 34 104 140 150 194 253 287 299 312 339 345 356 362 384 404 423 426 429 462 507 
439 16 81 112 116 117 120 129 133 162 254 272 281 291 365 465 472 506 
440 31 10 25 36 55 82 87 97 110 189 191 205 208 246 266 282 289 328 341 354 360 368 443 444 459 464 478 488 539 540 558 617 
441 31 75 107 113 117 131 175 195 198 232 241 250 280 354 358 360 370 385 427 432 446 447 451 474 491 505 529 559 575 609 632 648 
442 15 12 48 120 139 147 152 185 186 199 255 301 432 563 577 621 
443 29 18 29 92 115 166 214 221 272 278 298 358 365 404 406 413 429 440 471 497 527 529 559 569 574 595 602 607 616 620 
444 36 16 17 28 32 33 68 94 100 131 155 190 201 251 289 292 306 338 343 347 355 389 400 412 424 430 440 448 456 458 479 532 550 575 587 607 635 
445 26 0 35 59 78 120 177 199 241 257 286 335 356 365 404 413 422 425 435 482 486 502 520 562 590 599 609 
446 25 67 68 85 134 144 147 167 168 184 210 230 245 324 352 414 441 471 475 489 495 500 534 549 599 603 
447 27 4 32 35 90 109 115 123 134 161 180 240 265 273 291 308 375 433 441 450 474 518 572 594 608 619 626 640 
448 25 49 53 106 170 186 195 202 204 226 236 257 304 306 365 427 444 461 483 500 538 545 584 604 608 618 
449 34 34 37 62 78 93 103 108 168 171 183 186 191 225 226 247 302 335 348 392 394 427 471 474 490 501 505 556 573 589 617 620 625 629 644 
450 31 15 51 77 112 171 172 187 188 192 201 212 248 261 272 273 312 349 398 437 447 475 492 503 519 524 553 561 577 599 622 633 
451 27 55 57 64 89 115 172 220 245 246 261 285 315 376 423 441 456 462 466 469 473 474 521 527 549 583 601 648 
452 19 8 35 46 57 58 71 95 123 166 216 248 291 483 508 516 559 622 629 641 
453 28 28 65 75 106 132 139 165 217 233 239 243 273 279 293 305 314 342 352 385 395 398 423 432 482 509 521 562 602 
454 18 64 67 96 101 152 199 202 249 290 328 330 368 429 436 558 587 609 611 
455 22 37 54 69 116 136 143 149 182 204 223 231 313 317 376 408 421 425 459 516 548 600 605 
456 32 6 19 25 58 86 112 154 196 200 201 213 216 253 313 361 373 378 424 444 451 477 492 494 514 541 551 553 562 586 588 618 630 
457 21 112 123 166 172 186 193 261 281 317 356 366 367 374 402 403 427 486 493 503 520 578 
458 31 11 17 46 47 98 154 184 185 222 233 289 306 328 330 366 411 444 496 500 505 506 516 525 539 572 588 594 627 636 641 642 
459 31 2 61 79 86 98 100 154 177 180 196 200 201 215 240 247 255 289 339 348 413 440 455 460 480 606 619 620 621 624 626 628 
460 27 1 76 79 127 145 187 212 226 239 250 334 354 366 372 414 415 420 434 437 459 470 497 518 529 584 587 611 
461 32 7 79 82 115 119 139 171 186 213 226 244 252 255 282 309 311 317 319 321 352 382 405 409 448 486 500 572 573 581 608 623 638 
462 30 2 39 51 53 100 104 111 128 150 152 171 188 196 199 240 298 299 334 342 368 438 451 463 489 501 568 571 594 612 630 
463 23 33 50 94 130 154 214 265 266 284 310 360 372 381 405 408 425 462 523 524 534 538 541 578 
464 22 16 20 42 55 124 154 242 264 265 291 317 324 327 361 377 397 398 409 440 515 542 630 
465 31 8 9 19 113 119 123 139 158 162 172 192 235 319 321 335 341 345 400 410 421 439 482 517 547 567 569 597 600 603 604 646 
466 32 17 66 76 82 83 103 118 134 149 173 178 193 230 255 269 270 275 293 353 398 406 416 451 495 510 519 580 589 593 602 612 614 
467 22 3 16 65 69 107 179 183 277 287 324 375 377 384 421 423 482 486 509 551 581 591 642 
468 21 6 38 42 68 77 88 159 176 203 207 274 294 341 363 399 430 503 537 562 582 599 
469 32 27 36 40 51 60 70 81 93 120 157 171 226 257 271 284 291 307 308 325 401 405 418 451 493 516 530 565 580 608 611 641 643 
470 29 31 51 72 74 93 97 130 132 141 150 160 201 234 247 254 261 274 319 322 334 338 404 416 433 460 519 571 572 631 
471 26 31 43 65 66 116 149 192 200 284 285 296 303 307 332 431 432 443 446 449 489 531 537 541 559 561 572 
472 31 28 41 42 47 106 114 162 183 262 265 267 281 291 306 358 359 363 364 383 388 392 401 429 439 475 480 485 501 527 568 611 
473 24 13 58 65 80 81 108 117 142 153 163 173 194 208 247 323 330 344 367 372 395 399 451 602 621 
474 28 30 52 65 81 101 159 161 224 251 262 325 351 364 365 375 404 416 426 441 447 449 451 539 577 581 588 596 618 
475 41 13 16 18 20 28 45 73 89 94 99 112 124 164 177 192 208 218 260 298 320 376 401 402 436 446 450 472 491 492 494 550 561 570 593 603 608 609 617 624 637 640 
476 26 8 17 44 49 72 118 141 171 184 206 207 321 327 349 380 413 437 489 491 496 551 580 598 618 621 632 
477 24 11 60 123 129 141 158 174 242 256 301 340 396 456 528 532 545 548 553 560 564 573 608 627 643 
478 25 4 57 61 82 83 142 168 191 268 288 295 345 367 376 377 387 427 440 485 554 573 575 586 635 645 
479 19 14 28 49 61 63 91 169 199 210 275 366 369 444 499 523 582 589 607 617 
480 29 70 113 129 164 170 194 197 208 224 252 262 270 272 306 310 342 459 472 483 495 499 504 535 537 562 601 604 612 630 
481 21 36 85 100 128 141 154 180 241 258 266 273 281 313 404 409 411 526 573 603 613 630 
482 27 24 69 71 102 115 119 183 294 304 334 335 339 352 387 424 445 453 465 467 516 554 561 562 571 577 616 620 
483 30 8 16 57 104 109 118 126 129 133 142 165 228 230 284 356 382 448 452 480 490 494 498 499 502 516 537 541 608 641 649 
484 23 36 43 84 89 141 184 229 234 273 332 351 387 390 392 403 408 415 416 500 523 539 553 559 
485 22 68 113 165 177 221 272 286 326 348 384 392 472 478 497 504 519 533 544 555 565 630 637 
486 39 4 9 26 28 41 69 83 138 146 199 201 212 224 236 250 251 263 288 293 302 313 323 331 345 357 391 398 417 437 445 457 461 467 550 551 588 637 641 648 
487 19 9 10 17 77 266 307 352 353 355 361 378 419 515 543 546 599 612 632 636 
488 22 3 18 22 51 53 97 108 148 174 243 249 259 272 273 279 286 354 399 406 440 499 638 
489 29 22 37 43 44 97 104 138 159 182 196 208 229 265 269 326 333 359 370 390 411 446 462 471 476 583 597 612 622 648 
490 26 9 55 56 61 81 123 125 133 144 148 154 159 162 171 180 258 274 281 332 347 371 449 483 538 542 544 
491 24 4 35 36 63 70 84 93 123 136 244 248 266 277 286 305 307 324 346 441 475 476 539 545 605 
492 33 0 27 86 87 93 114 144 152 167 191 204 214 233 279 289 293 317 331 349 386 392 405 433 450 456 475 535 548 549 554 569 589 599 
493 28 13 55 111 119 121 132 144 185 191 238 250 280 335 375 394 406 428 457 469 530 537 542 546 598 600 602 610 643 
494 23 14 59 145 152 199 267 302 362 377 400 417 420 433 456 475 483 536 538 543 558 595 613 620 
495 25 108 109 150 177 179 227 228 275 278 311 344 364 403 417 446 466 480 505 524 529 554 575 609 618 628 
496 27 21 31 43 74 82 98 135 142 161 167 189 190 201 244 245 298 305 335 388 458 476 554 570 624 626 637 646 
497 31 3 7 134 169 170 172 187 199 216 250 263 267 272 283 289 312 357 426 443 460 485 502 505 509 553 565 596 601 612 623 647 
498 28 22 53 55 76 105 106 111 112 130 155 171 192 207 221 227 243 267 299 399 405 423 483 506 551 569 574 589 647 
499 22 28 47 64 83 93 103 141 154 192 283 315 385 406 414 479 480 483 488 524 627 628 646 
500 29 0 20 95 115 156 167 173 223 235 243 296 356 395 397 400 436 446 448 458 461 484 523 528 534 557 592 605 623 628 
501 27 9 19 24 52 56 100 117 166 170 179 223 332 336 367 369 371 373 400 407 449 462 472 511 587 591 597 630 
502 36 33 58 92 103 136 141 142 172 210 221 228 251 260 261 284 290 293 306 327 332 344 361 372 382 409 425 445 483 497 516 538 559 589 592 605 631 
503 22 22 85 100 105 131 182 236 254 255 275 314 348 387 450 457 468 532 547 554 571 613 649 
504 25 60 66 127 145 146 154 156 291 346 367 383 391 409 434 437 480 485 514 520 548 550 551 559 594 621 
505 38 14 27 30 66 95 98 112 116 120 134 143 189 212 247 256 269 274 306 342 364 383 410 433 441 449 458 495 497 550 559 561 569 575 580 584 596 629 642 
506 21 10 15 41 63 128 137 157 190 194 339 439 458 498 522 558 577 583 587 610 612 631 
507 26 2 52 91 151 163 166 169 176 207 221 225 234 251 275 287 298 319 343 367 385 390 399 430 438 554 586 
508 20 17 41 45 50 55 81 126 170 207 220 224 311 385 401 422 429 452 523 613 634 
509 26 43 100 111 115 124 158 171 175 204 213 215 224 229 269 279 293 306 403 412 413 433 453 467 497 628 637 
510 26 76 96 122 163 164 168 169 175 200 229 236 255 275 283 302 380 388 405 423 434 466 519 583 594 608 641 
511 31 27 32 38 95 107 111 116 119 136 148 174 181 184 239 303 311 341 393 397 402 424 434 501 525 526 540 552 560 564 566 630 
512 21 4 8 66 100 173 174 208 211 240 291 302 305 331 424 561 568 576 612 625 630 646 
513 24 32 52 57 78 100 108 121 125 168 201 225 292 309 382 384 424 436 515 523 551 554 558 594 647 
514 22 0 30 56 90 108 134 139 164 207 211 225 234 309 315 376 396 403 456 504 536 555 611 
515 22 0 12 115 157 198 208 222 224 228 244 262 264 357 358 417 464 487 513 540 562 564 603 
516 31 6 12 16 24 26 71 103 106 141 159 185 219 226 242 271 277 325 333 345 390 411 452 455 458 469 482 483 502 613 623 646 
517 20 36 41 141 162 225 258 280 282 286 290 314 338 343 351 383 465 520 557 568 632 
518 24 21 138 195 202 265 273 282 290 304 305 307 308 322 340 344 447 460 552 567 596 602 610 628 634 
519 27 16 25 36 67 79 211 227 263 272 274 276 306 318 350 363 450 466 470 485 510 537 546 583 597 626 633 636 
520 24 27 46 51 71 113 158 185 289 297 300 321 339 424 429 432 445 457 504 517 552 559 577 627 633 
521 26 16 26 36 41 49 60 78 85 96 143 146 176 194 246 248 268 318 349 367 400 432 451 453 554 626 645 
522 15 44 50 58 124 171 177 229 252 273 357 365 506 567 575 643 
523 32 16 23 29 34 43 48 94 133 148 166 175 177 199 215 233 234 289 305 314 325 385 419 463 479 484 500 508 513 583 587 625 628 
524 28 30 59 82 148 165 214 239 259 298 313 315 324 344 349 360 392 408 435 450 463 495 499 529 560 596 613 619 636 
525 22 50 64 79 149 219 238 268 292 305 329 339 358 363 372 375 391 458 511 598 610 628 641 
526 23 71 89 114 134 167 177 190 268 303 310 315 346 354 394 411 414 422 430 481 511 537 616 636 
527 24 30 31 57 61 82 89 106 117 173 202 209 280 298 319 334 338 343 394 415 443 451 472 563 641 
528 14 55 63 66 117 210 221 274 319 333 398 413 477 500 649 
529 21 42 67 72 113 228 232 251 277 287 344 347 380 396 441 443 460 495 524 540 574 628 
530 22 4 112 177 226 260 264 278 283 285 295 336 337 350 357 370 386 406 469 493 550 576 623 
531 17 7 31 51 189 258 261 287 299 314 367 371 404 437 471 540 545 633 
532 26 2 11 57 58 63 72 104 119 190 198 248 285 290 295 306 326 351 410 444 477 503 537 547 550 557 624 
533 28 20 22 27 28 98 133 162 164 169 183 207 236 252 264 300 301 350 371 392 393 395 399 485 543 565 571 577 615 
534 32 30 45 53 85 90 113 134 139 149 154 160 177 205 227 251 260 264 270 285 314 321 425 435 446 463 500 540 561 581 602 618 640 
535 28 13 21 30 46 61 67 85 150 173 181 242 247 271 316 331 391 393 394 418 426 480 492 557 566 578 600 607 633 
536 22 34 63 88 115 118 148 168 236 238 297 314 336 376 406 418 425 426 494 514 606 625 630 
537 27 1 21 33 59 102 133 173 196 197 235 291 342 380 468 471 480 483 493 519 526 532 539 555 560 579 594 599 
538 29 13 20 24 47 67 75 78 84 122 159 220 227 287 317 329 333 361 382 433 448 463 490 494 502 544 559 597 626 641 
539 32 1 10 48 96 116 136 194 197 221 315 326 330 360 369 373 383 435 440 458 474 484 491 537 566 572 593 603 614 621 623 625 627 
540 28 20 30 61 78 101 118 122 128 130 170 185 213 215 252 296 311 344 398 426 430 440 511 515 529 531 534 552 635 
541 28 19 21 36 47 64 80 102 114 150 190 191 205 229 242 261 269 272 281 319 335 357 375 410 456 463 471 483 582 
542 20 13 14 62 92 118 134 144 169 178 215 254 257 318 362 369 464 490 493 545 616 
543 30 44 74 91 94 100 153 175 198 201 208 227 257 281 320 321 379 389 410 434 435 487 494 533 559 575 577 599 618 628 649 
544 27 4 10 16 18 129 130 149 152 160 176 199 205 217 237 275 304 321 365 373 400 405 485 490 538 562 573 639 
545 29 7 58 61 73 74 124 125 137 153 185 206 236 304 330 357 360 423 433 448 477 491 531 542 571 579 610 621 623 644 
546 28 95 102 142 183 186 191 198 202 208 223 242 301 310 329 345 363 374 401 422 487 493 519 558 588 589 622 626 634 
547 21 6 79 95 119 152 205 209 241 253 322 328 337 347 364 383 432 465 503 532 563 580 
548 26 13 47 57 156 174 179 212 222 256 258 266 276 292 338 339 346 375 376 405 407 435 455 477 492 504 600 
549 17 16 19 107 151 181 192 207 305 360 419 423 446 451 492 589 605 621 
550 30 29 32 33 36 40 44 57 62 86 90 115 150 186 187 229 235 260 304 404 413 444 475 486 504 505 530 532 553 562 636 
551 34 2 34 48 86 97 163 191 197 199 204 213 275 301 321 325 330 335 339 384 385 400 456 467 476 486 498 504 513 554 558 611 616 628 642 
552 22 13 16 17 79 99 109 111 122 171 177 241 245 249 285 320 345 374 511 518 520 540 575 
553 35 13 25 34 39 72 90 91 118 142 153 181 198 206 217 224 235 237 280 302 329 335 365 386 390 399 427 450 456 477 484 497 550 581 598 614 
554 27 20 24 47 95 99 121 155 179 227 325 388 403 417 478 482 492 495 496 503 507 513 521 551 594 616 617 642 
555 22 7 64 100 111 145 147 150 170 177 231 289 303 330 339 375 414 433 485 514 537 634 638 
556 23 1 16 41 43 72 102 127 154 183 185 195 200 220 249 270 283 312 331 394 413 449 591 612 
557 32 12 13 21 26 41 50 71 76 77 85 94 102 125 150 170 172 178 199 209 232 313 356 368 419 423 428 500 517 532 535 599 648 
558 26 11 71 92 120 171 180 197 265 313 356 357 375 429 440 454 494 506 513 546 551 563 575 586 605 611 631 
559 30 9 89 90 139 141 151 159 179 189 255 277 323 342 347 360 416 441 443 452 471 484 502 504 505 520 538 543 568 588 636 
560 18 28 84 104 127 154 181 258 261 262 267 304 377 389 477 511 524 537 633 
561 29 9 21 62 69 137 154 233 241 249 308 323 328 339 346 357 407 450 471 475 482 505 512 534 571 573 593 595 597 601 
562 31 28 38 70 92 111 144 147 189 194 199 208 212 294 301 315 344 354 368 382 417 445 453 456 468 480 482 515 544 550 582 592 
563 19 6 9 27 65 69 78 101 147 199 201 291 360 369 385 423 442 527 547 558 
564 26 9 17 36 39 60 67 119 120 135 144 244 249 334 385 392 397 410 415 477 511 515 572 583 597 613 640 
565 27 14 68 73 108 111 118 133 197 249 261 266 297 304 327 359 360 404 413 469 485 497 533 577 584 587 603 632 
566 21 68 83 120 157 207 215 219 265 274 355 382 397 435 436 511 535 539 588 592 594 637 
567 25 50 108 126 133 170 184 191 225 245 247 262 272 275 278 285 299 321 370 379 385 389 421 465 518 522 
568 26 13 31 36 40 119 124 133 144 160 210 211 213 224 334 356 367 378 436 462 472 512 517 559 598 634 635 
569 25 39 61 136 157 186 191 221 222 242 281 293 295 306 374 378 391 414 429 443 465 492 498 505 593 639 
570 17 24 144 223 233 235 236 253 272 310 369 412 437 475 496 585 593 619 
571 35 9 16 34 69 97 117 125 146 164 181 195 215 254 272 276 298 314 329 392 401 462 470 482 503 533 545 561 574 580 587 615 616 625 644 648 
572 30 28 56 59 69 79 84 99 105 129 159 191 242 281 320 343 364 379 388 408 432 447 458 461 470 471 539 564 582 605 649 
573 31 37 44 89 101 116 136 166 208 275 300 316 324 334 344 345 364 372 386 398 449 461 477 478 481 544 561 576 615 618 630 636 
574 28 23 68 72 99 107 118 138 145 148 167 177 181 236 251 333 345 354 411 443 498 529 571 591 593 609 614 620 630 
575 28 1 23 129 139 144 148 185 268 296 302 304 311 319 349 403 441 444 478 495 505 522 543 552 558 579 627 647 648 
576 26 5 13 39 80 115 127 132 267 293 297 326 341 381 395 421 512 530 573 598 607 611 615 618 639 642 645 
577 29 16 30 89 96 120 143 172 210 253 263 294 415 430 442 450 474 482 506 520 533 543 565 580 584 606 613 622 623 634 
578 18 27 36 85 103 193 213 295 342 354 424 457 463 535 584 585 588 608 638 
579 25 15 27 44 45 63 99 125 131 137 144 162 208 226 246 300 329 333 345 389 406 537 545 575 605 628 
580 25 12 19 35 108 111 132 147 148 214 258 279 289 332 338 352 417 424 466 469 476 505 547 571 577 585 
581 22 7 20 116 117 215 227 230 232 296 358 369 435 461 467 474 534 553 585 591 593 630 637 
582 35 4 5 16 44 82 93 96 112 115 125 135 199 216 223 224 233 245 267 272 294 314 333 340 349 387 394 429 468 479 541 562 572 589 601 609 
583 26 34 60 74 102 125 137 159 209 226 259 268 315 320 325 375 418 451 489 506 510 519 523 564 628 632 647 
584 31 14 19 31 37 45 67 90 102 104 117 126 247 256 282 299 312 320 360 393 412 436 448 460 505 565 577 578 594 617 627 633 
585 22 3 13 93 131 205 221 238 266 279 288 336 348 359 570 578 580 581 590 600 635 645 646 
586 21 21 39 109 128 239 308 332 381 395 397 422 456 478 507 558 587 595 600 619 629 647 
587 20 42 72 116 274 283 341 357 359 409 444 454 460 501 506 523 565 571 586 588 642 
588 36 27 29 43 55 75 92 99 108 120 149 168 180 198 203 214 225 282 284 289 317 327 344 346 382 386 389 421 456 458 474 486 546 559 566 578 587 
589 34 8 34 42 58 64 65 111 113 130 149 167 169 170 195 203 282 286 296 319 361 370 371 382 430 449 466 479 492 498 502 546 549 582 627 
590 23 1 23 35 36 45 59 94 96 116 123 129 173 212 247 289 302 414 445 585 604 624 638 648 
591 22 6 13 52 74 92 100 117 148 164 175 207 242 279 292 331 412 467 501 556 574 581 598 
592 19 4 6 17 55 90 109 163 200 205 233 236 319 417 500 502 562 566 628 645 
593 33 2 23 40 51 52 86 109 117 131 173 181 212 232 269 278 280 356 362 400 411 418 428 466 475 539 561 569 570 574 581 601 608 646 
594 26 18 60 70 100 134 188 321 327 330 339 353 361 368 447 458 462 504 510 513 537 554 566 584 626 630 633 
595 19 77 108 129 209 218 271 330 356 371 385 411 432 443 494 561 586 596 613 623 
596 28 9 12 31 67 91 107 136 137 145 220 225 289 306 346 360 364 381 386 388 391 474 497 505 518 524 595 607 637 
597 23 45 49 119 166 183 187 225 240 272 319 324 329 332 356 374 465 489 501 519 538 561 564 640 
598 32 23 48 81 84 89 90 92 163 176 198 201 215 223 224 226 231 243 244 255 262 265 294 325 382 476 493 525 553 568 576 591 607 
599 25 30 31 100 104 108 129 138 180 249 266 275 279 290 335 397 445 446 450 468 487 492 537 543 557 629 
600 24 22 29 35 115 145 210 225 228 272 277 282 315 344 362 403 455 465 493 535 548 585 586 607 641 
601 31 107 120 138 145 161 166 167 172 202 203 207 218 250 255 258 269 272 288 315 333 354 364 451 480 497 561 582 593 625 644 645 
602 21 11 17 70 103 130 296 322 330 349 387 400 418 419 443 453 466 473 493 518 534 614 
603 35 10 26 27 39 49 87 94 96 101 116 121 138 151 158 159 215 246 273 304 357 417 419 431 446 465 475 481 515 539 565 608 612 623 634 635 
604 23 44 52 129 134 140 155 165 166 176 191 201 270 298 315 330 336 391 431 448 465 480 590 636 
605 31 31 34 86 113 163 205 214 233 238 253 258 267 272 284 353 355 394 424 426 455 491 500 502 549 558 572 579 609 627 633 643 
606 20 0 13 45 69 163 184 212 233 251 265 312 346 369 405 419 459 536 577 627 629 
607 36 21 23 40 55 65 118 160 172 196 198 211 214 223 229 236 244 295 308 328 331 359 394 401 414 433 434 435 443 444 479 535 576 596 598 600 620 
608 27 34 92 121 128 154 179 183 250 276 312 331 366 416 420 447 448 461 469 475 477 483 510 578 593 603 609 648 
609 28 29 140 167 176 183 185 208 292 299 329 331 335 353 409 434 437 441 445 454 475 495 574 582 605 608 639 640 641 
610 20 18 20 22 31 77 94 103 120 222 287 334 349 385 393 407 493 506 518 525 545 
611 27 12 22 25 37 69 148 180 184 209 256 285 325 362 374 392 401 414 437 454 460 469 472 514 551 558 576 621 
612 28 3 91 150 154 162 184 190 200 287 319 334 340 361 367 374 390 418 433 462 466 480 487 489 497 506 512 556 603 
613 30 4 43 72 74 84 113 164 216 224 226 247 293 299 308 333 365 399 421 425 427 481 494 503 508 516 524 564 577 595 649 
614 20 54 85 109 163 209 245 249 269 276 287 319 320 383 421 466 539 553 574 602 635 
615 24 4 13 76 106 112 129 132 192 240 293 302 321 349 355 365 401 402 424 429 533 571 573 576 620 
616 28 7 14 86 120 157 181 200 209 214 254 315 344 383 400 402 410 415 427 432 443 482 526 542 551 554 571 625 635 
617 24 5 14 26 38 82 86 122 143 187 214 221 231 286 294 369 389 429 440 449 475 479 554 584 646 
618 25 8 15 41 65 73 80 100 107 127 166 242 253 254 285 425 448 456 474 476 495 534 543 573 576 628 
619 28 18 24 42 85 146 181 194 197 214 221 251 262 299 307 308 355 363 389 399 427 428 447 459 524 570 586 624 638 
620 29 14 36 37 51 57 87 95 108 116 121 128 149 157 164 182 246 349 355 403 430 437 443 449 459 482 494 574 607 615 
621 26 34 39 80 108 160 186 193 265 279 285 299 305 316 351 367 436 442 459 473 476 504 539 545 549 611 637 
622 21 113 119 121 150 151 168 185 241 312 352 387 412 430 450 452 489 546 577 624 632 644 
623 27 2 57 103 114 124 127 207 226 260 330 346 427 461 497 500 516 530 539 545 577 595 603 625 627 643 644 649 
624 23 72 75 136 139 172 196 206 217 218 247 253 285 308 330 343 363 459 475 496 532 590 619 622 
625 29 77 79 94 98 176 203 222 235 251 256 302 327 348 350 351 378 382 415 449 512 523 536 539 571 601 616 623 627 638 
626 25 3 61 72 132 175 199 203 211 247 279 354 389 393 398 422 447 459 496 519 521 538 546 594 630 635 
627 25 45 59 64 118 136 166 220 301 313 367 375 382 392 458 477 499 520 539 575 584 589 605 606 623 625 
628 43 1 46 51 55 87 98 102 103 110 121 129 140 141 178 185 242 248 271 301 322 347 370 379 402 405 409 459 495 499 500 509 518 523 525 529 543 551 579 583 592 618 644 648 
629 26 27 42 66 68 86 93 124 159 200 202 204 224 284 315 324 345 368 372 414 416 449 452 505 586 599 606 
630 39 18 30 37 57 62 77 82 96 116 131 132 146 187 192 294 302 312 326 338 340 344 349 386 390 456 462 464 480 481 485 501 511 512 536 573 574 581 594 626 
631 24 14 62 137 157 166 173 179 190 205 226 272 279 281 302 318 322 377 378 404 415 470 502 506 558 
632 25 53 58 72 79 101 209 215 262 292 295 327 356 367 375 385 398 427 434 441 476 487 517 565 583 622 
633 23 11 12 25 57 58 83 167 229 231 243 299 315 407 433 450 519 520 531 535 560 584 594 605 
634 31 27 33 41 68 81 122 128 133 148 165 180 200 212 217 250 252 258 315 338 346 369 390 405 406 508 518 546 555 568 577 603 
635 29 37 49 58 66 79 122 132 200 202 216 224 277 282 303 316 321 349 352 375 414 444 478 540 568 585 603 614 616 626 
636 29 16 26 27 32 60 160 187 219 256 260 298 307 314 319 345 379 386 416 427 458 487 519 524 526 550 559 573 604 642 
637 28 0 22 25 42 53 75 105 119 132 139 189 196 240 248 270 292 304 331 418 475 485 486 496 509 566 581 596 621 
638 22 17 103 123 129 131 164 167 193 235 236 379 419 422 423 461 488 555 578 590 619 625 641 
639 24 3 4 55 67 102 110 132 141 143 173 184 190 204 223 258 293 359 362 372 384 544 569 576 609 
640 27 33 44 59 106 113 119 125 136 164 183 191 198 244 263 272 294 297 374 376 394 447 475 534 564 597 609 641 
641 23 9 32 44 49 160 199 215 221 357 397 452 458 469 483 486 510 525 527 538 600 609 638 640 
642 31 28 41 42 50 101 104 111 134 184 204 240 241 275 305 306 310 311 329 355 388 402 412 434 458 467 505 551 554 576 587 636 
643 28 5 15 21 27 37 53 70 131 166 197 202 234 240 259 261 262 322 337 356 375 415 469 477 493 522 605 623 644 
644 26 27 32 48 53 100 149 167 174 266 279 288 303 323 330 340 410 418 423 449 545 571 601 622 623 628 643 
645 22 42 54 56 63 73 80 88 124 156 188 212 248 287 321 434 478 521 576 585 592 601 649 
646 31 9 41 126 132 151 158 163 167 170 204 240 241 286 290 299 320 325 337 353 366 395 416 427 465 496 499 512 516 585 593 617 
647 29 4 48 85 89 92 123 131 154 158 159 181 235 280 285 297 316 347 366 399 416 422 429 434 497 498 513 575 583 586 
648 26 12 77 102 122 210 227 236 238 271 272 325 374 404 428 432 435 441 451 486 489 557 571 575 590 608 628 
649 19 53 66 126 194 216 342 370 384 398 399 430 483 503 528 543 572 613 623 645 
