650 2174
0 10 81 113 128 328 378 404 407 443 540 562 
1 9 43 184 195 204 330 356 380 582 621 
2 5 79 225 299 359 519 
3 6 43 80 258 400 490 520 
4 9 12 22 102 168 186 365 477 608 621 
5 3 155 394 454 
6 3 293 552 599 
7 8 41 126 127 141 294 356 496 575 
8 4 204 465 501 559 
9 4 60 78 368 530 
10 8 14 105 275 322 362 389 508 535 
11 11 90 137 143 148 171 174 231 249 279 345 574 
12 13 4 222 255 258 282 288 424 498 512 533 554 565 639 
13 5 23 26 41 380 471 
14 8 10 16 124 213 412 439 474 601 
15 8 91 108 215 250 382 478 513 529 
16 8 14 115 300 452 511 535 538 569 
17 3 143 154 313 
18 11 89 123 128 244 257 270 299 305 382 433 554 
19 2 206 447 
20 8 112 121 444 510 539 576 585 638 
21 5 47 177 178 370 554 
22 3 4 127 539 
23 8 13 30 90 221 375 382 540 631 
24 7 28 273 338 382 538 617 630 
25 7 32 318 389 410 427 493 633 
26 8 13 56 118 233 235 319 327 566 
27 6 98 130 268 389 559 604 
28 16 24 32 54 87 144 177 181 182 211 245 386 456 481 502 576 607 
29 3 134 204 594 
30 13 23 77 134 174 250 294 346 358 429 468 498 568 630 
31 6 85 292 497 501 545 606 
32 5 25 28 110 140 476 
33 4 78 138 386 628 
34 6 170 186 378 535 594 645 
35 5 226 467 535 609 637 
36 7 45 66 428 482 586 587 602 
37 8 74 110 119 326 345 416 545 635 
38 6 89 361 381 597 627 634 
39 6 51 95 160 360 517 598 
40 4 42 145 233 479 
41 6 7 13 165 459 566 592 
42 9 40 121 190 208 209 234 235 418 516 
43 10 1 3 134 182 200 232 237 432 464 484 
44 7 70 158 203 481 550 603 632 
45 3 36 154 166 
46 3 308 381 386 
47 8 21 221 265 349 363 372 612 618 
48 4 161 279 313 554 
49 5 114 179 216 378 516 
50 4 256 326 561 594 
51 3 39 217 437 
52 6 110 186 323 432 540 607 
53 8 157 195 270 449 491 536 541 595 
54 5 28 119 224 405 604 
55 5 88 529 559 630 634 
56 7 26 58 221 238 311 442 493 
57 5 307 344 483 527 572 
58 8 56 101 214 384 434 480 499 605 
59 6 80 212 223 353 390 562 
60 10 9 82 107 218 252 306 435 500 599 634 
61 2 147 182 
62 5 177 254 275 545 553 
63 3 76 231 420 
64 6 71 137 256 320 588 630 
65 10 87 88 127 250 304 305 418 420 453 506 
66 6 36 207 215 231 562 582 
67 7 88 259 310 502 533 590 598 
68 6 127 210 220 463 504 549 
69 4 303 450 451 631 
70 8 44 153 338 381 387 399 452 544 
71 14 64 103 174 243 259 271 386 405 429 500 528 543 588 614 
72 7 74 92 265 342 373 399 551 
73 4 206 445 616 633 
74 4 37 72 269 383 
75 7 190 194 234 352 484 566 647 
76 6 63 233 321 429 589 605 
77 7 30 274 290 339 380 590 618 
78 8 9 33 84 107 154 250 475 512 
79 8 2 102 268 306 318 327 354 416 
80 5 3 59 227 408 431 
81 7 0 114 269 283 436 461 570 
82 8 60 149 171 248 344 421 473 646 
83 11 160 215 239 311 360 377 467 491 534 591 595 
84 11 78 186 216 220 329 347 385 442 587 600 626 
85 6 31 98 315 344 358 545 
86 11 107 184 202 250 257 280 386 505 509 575 595 
87 4 28 65 491 623 
88 8 55 65 67 113 171 337 384 390 
89 8 18 38 91 289 363 367 454 508 
90 9 11 23 206 263 283 425 502 503 544 
91 5 15 89 111 477 502 
92 6 72 118 121 342 382 396 
93 6 109 326 421 447 462 506 
94 5 169 281 328 369 538 
95 8 39 228 271 289 298 340 456 543 
96 4 105 304 492 583 
97 6 242 256 275 284 384 410 
98 6 27 85 216 419 514 644 
99 8 187 207 258 330 396 524 541 573 
100 3 350 364 554 
101 6 58 136 137 302 517 528 
102 4 4 79 240 467 
103 9 71 133 178 210 266 306 481 644 647 
104 4 127 132 403 577 
105 8 10 96 257 268 305 354 361 424 
106 4 345 362 367 526 
107 6 60 78 86 177 355 362 
108 7 15 152 296 330 417 446 480 
109 6 93 170 221 374 462 572 
110 10 32 37 52 142 161 236 275 495 497 607 
111 11 91 140 169 315 337 366 461 496 529 536 597 
112 4 20 130 244 555 
113 6 0 88 141 278 358 462 
114 7 49 81 214 316 410 474 641 
115 10 16 192 247 344 357 449 516 593 595 615 
116 7 279 325 381 475 587 596 614 
117 6 282 372 395 473 558 649 
118 5 26 92 190 308 505 
119 10 37 54 319 324 328 373 397 448 521 638 
120 7 256 297 317 351 394 528 534 
121 11 20 42 92 210 306 454 490 549 551 587 648 
122 3 451 479 544 
123 5 18 153 266 428 644 
124 6 14 125 205 286 316 594 
125 9 124 196 296 320 346 435 480 508 511 
126 5 7 279 318 380 614 
127 8 7 22 65 68 104 423 448 620 
128 5 0 18 303 324 380 
129 7 150 411 463 470 496 521 598 
130 7 27 112 227 266 267 287 504 
131 4 132 156 253 473 
132 6 104 131 486 492 520 523 
133 6 103 347 468 584 627 629 
134 12 29 30 43 166 230 249 311 364 427 432 547 573 
135 4 200 504 508 524 
136 6 101 142 258 338 391 418 
137 8 11 64 101 152 295 388 435 580 
138 10 33 152 174 198 234 361 381 495 555 622 
139 4 237 280 610 612 
140 4 32 111 503 559 
141 7 7 113 266 276 351 444 491 
142 7 110 136 253 318 381 388 456 
143 6 11 17 194 196 240 495 
144 7 28 222 283 361 387 428 452 
145 7 40 318 351 419 468 578 591 
146 7 267 300 343 447 615 627 648 
147 7 61 236 242 252 485 515 602 
148 6 11 320 324 326 356 523 
149 6 82 329 366 434 618 649 
150 3 129 332 596 
151 3 157 267 402 
152 10 108 137 138 158 184 239 293 321 581 599 
153 8 70 123 169 303 309 310 322 489 
154 11 17 45 78 245 273 276 279 357 367 391 646 
155 6 5 277 393 401 490 643 
156 5 131 329 404 421 481 
157 6 53 151 242 385 591 596 
158 4 44 152 218 501 
159 7 200 219 235 310 452 481 536 
160 11 39 83 229 243 263 340 397 398 469 612 621 
161 10 48 110 401 450 504 593 616 618 619 630 
162 4 417 490 506 636 
163 3 273 355 486 
164 7 222 231 246 255 265 307 316 
165 7 41 166 189 301 407 549 565 
166 6 45 134 165 471 526 532 
167 2 370 530 
168 9 4 170 183 236 260 366 383 434 480 
169 11 94 111 153 243 256 366 515 517 551 573 639 
170 9 34 109 168 188 327 400 448 508 623 
171 9 11 82 88 198 201 373 505 590 649 
172 5 209 258 305 311 440 
173 8 188 372 377 388 425 532 564 640 
174 7 11 30 71 138 189 554 564 
175 5 178 482 503 605 617 
176 4 256 262 306 317 
177 7 21 28 62 107 241 261 384 
178 9 21 103 175 242 281 364 385 479 482 
179 6 49 195 247 272 359 587 
180 4 518 568 603 618 
181 4 28 261 500 638 
182 5 28 43 61 400 485 
183 8 168 216 218 265 347 429 464 492 
184 9 1 86 152 203 252 300 512 524 604 
185 3 436 491 495 
186 8 4 34 52 84 255 463 576 627 
187 4 99 405 432 540 
188 8 170 173 224 233 335 370 534 647 
189 8 165 174 258 337 449 482 583 614 
190 10 42 75 118 266 291 340 410 440 451 476 
191 4 239 280 616 618 
192 3 115 234 277 
193 7 225 235 274 449 467 481 575 
194 9 75 143 218 267 303 343 352 465 541 
195 9 1 53 179 248 252 378 389 470 535 
196 4 125 143 477 547 
197 6 260 367 399 507 614 627 
198 8 138 171 323 336 377 417 422 423 
199 4 337 420 480 588 
200 10 43 135 159 281 368 402 568 579 615 625 
201 5 171 281 376 400 422 
202 4 86 383 552 640 
203 7 44 184 273 438 561 575 589 
204 9 1 8 29 394 452 483 485 512 645 
205 8 124 298 364 383 432 445 516 550 
206 9 19 73 90 397 493 500 512 554 594 
207 6 66 99 296 432 492 499 
208 7 42 220 236 241 337 499 555 
209 10 42 172 223 288 349 454 463 568 615 649 
210 8 68 103 121 218 233 530 548 568 
211 6 28 219 404 452 461 584 
212 6 59 213 424 428 509 599 
213 4 14 212 224 331 
214 7 58 114 340 364 392 425 548 
215 7 15 66 83 388 469 539 588 
216 5 49 84 98 183 300 
217 4 51 338 472 556 
218 9 60 158 183 194 210 341 361 417 482 
219 8 159 211 304 462 467 504 566 602 
220 7 68 84 208 310 356 389 487 
221 8 23 47 56 109 488 511 573 611 
222 8 12 144 164 297 314 352 410 557 
223 2 59 209 
224 9 54 188 213 401 476 511 567 590 616 
225 6 2 193 298 436 599 640 
226 5 35 374 383 490 499 
227 6 80 130 228 413 499 578 
228 8 95 227 435 455 478 530 559 648 
229 5 160 309 348 472 621 
230 3 134 248 309 
231 11 11 63 66 164 276 353 445 519 586 588 606 
232 6 43 397 417 433 542 559 
233 11 26 40 76 188 210 270 348 483 519 540 577 
234 10 42 75 138 192 256 370 412 494 516 630 
235 8 26 42 159 193 406 495 572 647 
236 8 110 147 168 208 245 397 516 602 
237 6 43 139 395 417 559 609 
238 4 56 254 260 287 
239 7 83 152 191 408 464 472 548 
240 8 102 143 283 402 522 544 571 642 
241 5 177 208 361 411 521 
242 5 97 147 157 178 458 
243 7 71 160 169 297 327 469 638 
244 6 18 112 278 514 609 637 
245 6 28 154 236 335 377 560 
246 8 164 273 387 401 556 565 591 646 
247 4 115 179 348 630 
248 7 82 195 230 256 365 522 551 
249 5 11 134 317 342 453 
250 8 15 30 65 78 86 425 548 564 
251 1 260 
252 9 60 147 184 195 274 480 491 571 617 
253 5 131 142 421 536 567 
254 5 62 238 373 496 592 
255 6 12 164 186 432 479 521 
256 11 50 64 97 120 169 176 234 248 393 520 627 
257 8 18 86 105 349 391 414 485 538 
258 10 3 12 99 136 172 189 506 525 566 571 
259 3 67 71 580 
260 9 168 197 238 251 389 405 460 614 643 
261 5 177 181 342 535 628 
262 7 176 367 436 467 497 625 633 
263 4 90 160 294 539 
264 5 476 504 507 597 630 
265 7 47 72 164 183 478 564 633 
266 11 103 123 130 141 190 355 417 424 452 455 467 
267 8 130 146 151 194 326 383 474 501 
268 4 27 79 105 345 
269 6 74 81 345 411 454 492 
270 5 18 53 233 329 524 
271 9 71 95 342 369 457 534 542 548 563 
272 3 179 299 382 
273 11 24 154 163 203 246 399 444 468 601 606 619 
274 10 77 193 252 333 358 475 541 549 550 591 
275 7 10 62 97 110 404 501 575 
276 5 141 154 231 482 542 
277 6 155 192 285 427 446 475 
278 8 113 244 353 407 431 492 553 630 
279 9 11 48 116 126 154 505 534 540 562 
280 7 86 139 191 433 454 576 622 
281 8 94 178 200 201 369 420 507 598 
282 4 12 117 425 513 
283 11 81 90 144 240 311 393 487 500 517 569 608 
284 2 97 505 
285 6 277 321 352 458 488 493 
286 9 124 320 353 355 356 365 382 569 571 
287 5 130 238 393 464 508 
288 7 12 209 299 400 482 581 648 
289 5 89 95 368 578 611 
290 1 77 
291 4 190 357 495 541 
292 3 31 530 617 
293 6 6 152 426 518 585 624 
294 5 7 30 263 364 459 
295 6 137 389 557 562 632 637 
296 7 108 125 207 320 399 500 630 
297 3 120 222 243 
298 9 95 205 225 321 324 402 481 490 530 
299 6 2 18 272 288 327 557 
300 5 16 146 184 216 584 
301 5 165 396 470 525 590 
302 5 101 385 414 451 636 
303 9 69 128 153 194 360 372 419 522 579 
304 6 65 96 219 437 460 562 
305 10 18 65 105 172 311 324 405 547 559 562 
306 9 60 79 103 121 176 378 401 482 565 
307 7 57 164 431 482 510 529 609 
308 4 46 118 539 582 
309 8 153 229 230 357 398 429 588 630 
310 7 67 153 159 220 389 497 588 
311 8 56 83 134 172 283 305 346 539 
312 3 313 542 589 
313 5 17 48 312 589 615 
314 6 222 370 422 471 490 504 
315 4 85 111 334 611 
316 5 114 124 164 451 470 
317 4 120 176 249 373 
318 6 25 79 126 142 145 418 
319 6 26 119 447 468 581 595 
320 12 64 125 148 286 296 351 399 499 521 558 588 647 
321 6 76 152 285 298 404 436 
322 5 10 153 419 502 553 
323 7 52 198 452 511 531 591 633 
324 8 119 128 148 298 305 353 388 503 
325 2 116 375 
326 10 37 50 93 148 267 346 391 467 584 634 
327 9 26 79 170 243 299 404 503 591 642 
328 4 0 94 119 513 
329 7 84 149 156 270 337 470 547 
330 5 1 99 108 371 415 
331 4 213 423 446 472 
332 5 150 448 452 508 582 
333 4 274 339 389 398 
334 2 315 572 
335 4 188 245 403 623 
336 2 198 477 
337 9 88 111 189 199 208 329 425 436 617 
338 6 24 70 136 217 345 588 
339 4 77 333 383 522 
340 7 95 160 190 214 351 526 609 
341 5 218 359 427 528 558 
342 10 72 92 249 261 271 400 481 521 529 642 
343 10 146 194 353 360 387 448 472 486 489 564 
344 11 57 82 85 115 384 404 533 534 537 547 609 
345 10 11 37 106 268 269 338 363 544 552 637 
346 7 30 125 311 326 367 390 611 
347 5 84 133 183 379 634 
348 8 229 233 247 361 415 428 444 472 
349 9 47 209 257 397 409 429 511 523 647 
350 3 100 410 412 
351 7 120 141 145 320 340 440 541 
352 8 75 194 222 285 378 607 624 632 
353 9 59 231 278 286 324 343 462 624 644 
354 2 79 105 
355 8 107 163 266 286 390 397 428 592 
356 11 1 7 148 220 286 358 408 417 470 503 637 
357 7 115 154 291 309 401 430 447 
358 10 30 85 113 274 356 383 519 543 608 618 
359 6 2 179 341 460 621 624 
360 8 39 83 303 343 401 580 607 642 
361 9 38 105 138 144 218 241 348 493 613 
362 7 10 106 107 427 464 600 639 
363 7 47 89 345 384 399 434 471 
364 11 100 134 178 205 214 294 369 408 480 542 615 
365 10 4 248 286 443 490 536 557 586 623 627 
366 10 111 149 168 169 368 371 390 454 487 536 
367 6 89 106 154 197 262 346 
368 12 9 200 289 366 441 458 478 487 497 550 583 593 
369 6 94 271 281 364 622 633 
370 8 21 167 188 234 314 383 582 626 
371 2 330 366 
372 6 47 117 173 303 383 443 
373 8 72 119 171 254 317 403 511 583 
374 4 109 226 429 499 
375 7 23 325 420 430 507 540 603 
376 4 201 408 447 626 
377 7 83 173 198 245 539 547 615 
378 9 0 34 49 195 306 352 474 625 645 
379 3 347 494 569 
380 9 1 13 77 126 128 554 565 592 625 
381 10 38 46 70 116 138 142 382 477 498 548 
382 12 15 18 23 24 92 272 286 381 388 426 447 558 
383 11 74 168 202 205 226 267 339 358 370 372 481 
384 10 58 88 97 177 344 363 433 458 472 621 
385 8 84 157 178 302 454 507 572 648 
386 7 28 33 46 71 86 577 638 
387 7 70 144 246 343 499 552 580 
388 6 137 142 173 215 324 382 
389 12 10 25 27 195 220 260 295 310 333 403 511 520 
390 5 59 88 346 355 366 
391 5 136 154 257 326 507 
392 5 214 413 416 485 588 
393 10 155 256 283 287 423 439 456 586 614 649 
394 5 5 120 204 483 507 
395 4 117 237 522 541 
396 7 92 99 301 442 449 499 564 
397 12 119 160 206 232 236 349 355 427 570 608 613 622 
398 5 160 309 333 519 600 
399 8 70 72 197 273 296 320 363 506 
400 8 3 170 182 201 288 342 597 608 
401 9 155 161 224 246 306 357 360 562 635 
402 4 151 200 240 298 
403 6 104 335 373 389 468 582 
404 10 0 156 211 275 321 327 344 434 476 491 
405 7 54 71 187 260 305 496 516 
406 4 235 507 530 580 
407 8 0 165 278 442 464 553 574 594 
408 6 80 239 356 364 376 453 
409 3 349 549 616 
410 8 25 97 114 190 222 350 416 454 
411 5 129 241 269 546 563 
412 4 14 234 350 524 
413 7 227 392 454 492 594 596 649 
414 2 257 302 
415 4 330 348 495 577 
416 5 37 79 392 410 482 
417 9 108 162 198 218 232 237 266 356 470 
418 7 42 65 136 318 475 503 599 
419 6 98 145 303 322 472 612 
420 8 63 65 199 281 375 490 507 534 
421 7 82 93 156 253 507 539 643 
422 5 198 201 314 481 607 
423 5 127 198 331 393 533 
424 7 12 105 212 266 566 593 636 
425 14 90 173 214 250 282 337 436 472 483 487 508 556 584 632 
426 4 293 382 449 606 
427 8 25 134 277 341 362 397 439 588 
428 9 36 123 144 212 348 355 474 520 638 
429 9 30 71 76 183 309 349 374 459 597 
430 6 357 375 464 478 501 570 
431 6 80 278 307 509 568 588 
432 7 43 52 134 187 205 207 255 
433 6 18 232 280 384 480 638 
434 6 58 149 168 363 404 559 
435 8 60 125 137 228 458 529 624 634 
436 9 81 185 225 262 321 337 425 439 442 
437 7 51 304 469 486 590 600 639 
438 2 203 440 
439 7 14 393 427 436 481 496 566 
440 7 172 190 351 438 482 539 563 
441 3 368 566 573 
442 7 56 84 396 407 436 449 603 
443 6 0 365 372 451 455 568 
444 6 20 141 273 348 494 649 
445 4 73 205 231 589 
446 4 108 277 331 557 
447 7 19 93 146 319 357 376 382 
448 6 119 127 170 332 343 554 
449 10 53 115 189 193 396 426 442 466 639 649 
450 4 69 161 573 604 
451 7 69 122 190 302 316 443 552 
452 9 16 70 144 159 204 211 266 323 332 
453 3 65 249 408 
454 11 5 89 121 209 269 280 366 385 410 413 500 
455 7 228 266 443 463 468 515 648 
456 5 28 95 142 393 534 
457 2 271 521 
458 7 242 285 368 384 435 491 612 
459 7 41 294 429 500 540 626 628 
460 6 260 304 359 478 498 553 
461 8 81 111 211 471 500 527 537 541 
462 7 93 109 113 219 353 519 521 
463 6 68 129 186 209 455 588 
464 7 43 183 239 287 362 407 430 
465 2 8 194 
466 5 449 523 567 590 594 
467 10 35 83 102 193 219 262 266 326 510 631 
468 11 30 133 145 273 319 403 455 492 508 511 564 
469 6 160 215 243 437 604 614 
470 9 129 195 301 316 329 356 417 477 536 
471 6 13 166 314 363 461 480 
472 10 217 229 239 331 343 348 384 419 425 554 
473 4 82 117 131 642 
474 5 14 114 267 378 428 
475 7 78 116 274 277 418 495 502 
476 7 32 190 224 264 404 483 612 
477 8 4 91 196 336 381 470 526 602 
478 6 15 228 265 368 430 460 
479 7 40 122 178 255 490 605 639 
480 14 58 108 125 168 199 252 364 433 471 497 498 557 574 640 
481 11 28 44 103 156 159 193 298 342 383 422 439 
482 12 36 175 178 189 218 276 288 306 307 416 440 581 
483 10 57 204 233 394 425 476 561 568 581 593 
484 6 43 75 515 533 560 570 
485 6 147 182 204 257 392 593 
486 6 132 163 343 437 505 622 
487 6 220 283 366 368 425 494 
488 4 221 285 527 542 
489 2 153 343 
490 13 3 121 155 162 226 298 314 365 420 479 530 575 577 
491 8 53 83 87 141 185 252 404 458 
492 9 96 132 183 207 269 278 413 468 648 
493 6 25 56 206 285 361 513 
494 4 234 379 444 487 
495 11 110 138 143 185 235 291 415 475 633 637 643 
496 8 7 111 129 254 405 439 499 563 
497 6 31 110 262 310 368 480 
498 7 12 30 381 460 480 506 569 
499 10 58 207 208 226 227 320 374 387 396 496 
500 12 60 71 181 206 283 296 454 459 461 565 606 624 
501 8 8 31 158 267 275 430 527 609 
502 7 28 67 90 91 322 475 538 
503 9 90 140 175 324 327 356 418 536 647 
504 8 68 130 135 161 219 264 314 620 
505 8 86 118 171 279 284 486 543 641 
506 8 65 93 162 258 399 498 547 611 
507 10 197 264 281 375 385 391 394 406 420 421 
508 10 10 89 125 135 170 287 332 425 468 524 
509 6 86 212 431 575 598 613 
510 6 20 307 467 528 553 614 
511 11 16 125 221 224 323 349 373 389 468 525 536 
512 6 12 78 184 204 206 516 
513 4 15 282 328 493 
514 4 98 244 545 607 
515 5 147 169 455 484 597 
516 12 42 49 115 205 234 236 405 512 529 595 638 639 
517 5 39 101 169 283 598 
518 5 180 293 540 629 643 
519 8 2 231 233 358 398 462 559 643 
520 5 3 132 256 389 428 
521 11 119 129 241 255 320 342 457 462 584 612 626 
522 7 240 248 303 339 395 534 568 
523 5 132 148 349 466 560 
524 7 99 135 184 270 412 508 605 
525 6 258 301 511 611 624 645 
526 4 106 166 340 477 
527 4 57 461 488 501 
528 5 71 101 120 341 510 
529 9 15 55 111 307 342 435 516 588 623 
530 10 9 167 210 228 292 298 406 490 592 642 
531 1 323 
532 3 166 173 534 
533 5 12 67 344 423 484 
534 12 83 120 188 271 279 344 420 456 522 532 628 638 
535 9 10 16 34 35 195 261 561 572 638 
536 13 53 111 159 253 365 366 470 503 511 595 604 632 640 
537 2 344 461 
538 7 16 24 94 257 502 540 586 
539 12 20 22 215 263 308 311 377 421 440 612 628 644 
540 12 0 23 52 187 233 279 375 459 518 538 569 619 
541 8 53 99 194 274 291 351 395 461 
542 6 232 271 276 312 364 488 
543 6 71 95 358 505 564 638 
544 5 70 90 122 240 345 
545 6 31 37 62 85 514 626 
546 1 411 
547 8 134 196 305 329 344 377 506 641 
548 8 210 214 239 250 271 381 571 593 
549 6 68 121 165 274 409 563 
550 4 44 205 274 368 
551 4 72 121 169 248 
552 6 6 202 345 387 451 558 
553 8 62 278 322 407 460 510 604 640 
554 10 12 18 21 48 100 174 206 380 448 472 
555 3 112 138 208 
556 3 217 246 425 
557 6 222 295 299 365 446 480 
558 6 117 320 341 382 552 564 
559 11 8 27 55 140 228 232 237 305 434 519 619 
560 4 245 484 523 640 
561 4 50 203 483 535 
562 9 0 59 66 279 295 304 305 401 605 
563 5 271 411 440 496 549 
564 9 173 174 250 265 343 396 468 543 558 
565 8 12 165 246 306 380 500 606 631 
566 8 26 41 75 219 258 424 439 441 
567 3 224 253 466 
568 11 30 180 200 209 210 431 443 483 522 583 607 
569 8 16 283 286 379 498 540 577 603 
570 7 81 397 430 484 572 577 579 
571 7 240 252 258 286 548 586 624 
572 10 57 109 235 334 385 535 570 574 585 636 
573 6 99 134 169 221 441 450 
574 4 11 407 480 572 
575 10 7 86 193 203 275 490 509 625 627 646 
576 4 20 28 186 280 
577 7 104 233 386 415 490 569 570 
578 3 145 227 289 
579 3 200 303 570 
580 5 137 259 360 387 406 
581 5 152 288 319 482 483 
582 6 1 66 308 332 370 403 
583 6 96 189 368 373 568 594 
584 6 133 211 300 326 425 521 
585 3 20 293 572 
586 6 36 231 365 393 538 571 
587 6 36 84 116 121 179 649 
588 15 64 71 199 215 231 309 310 320 338 392 427 431 463 529 609 
589 5 76 203 312 313 445 
590 7 67 77 171 224 301 437 466 
591 8 83 145 157 246 274 323 327 594 
592 5 41 254 355 380 530 
593 7 115 161 368 424 483 485 548 
594 10 29 34 50 124 206 407 413 466 583 591 
595 8 53 83 86 115 319 516 536 646 
596 7 116 150 157 413 599 629 649 
597 7 38 111 264 400 429 515 647 
598 6 39 67 129 281 509 517 
599 8 6 60 152 212 225 418 596 609 
600 4 84 362 398 437 
601 2 14 273 
602 5 36 147 219 236 477 
603 5 44 180 375 442 569 
604 8 27 54 184 450 469 536 553 618 
605 6 58 76 175 479 524 562 
606 9 31 231 273 426 500 565 615 627 636 
607 9 28 52 110 352 360 422 514 568 629 
608 5 4 283 358 397 400 
609 9 35 237 244 307 340 344 501 588 599 
610 2 139 615 
611 9 221 289 315 346 506 525 628 633 634 
612 9 47 139 160 419 458 476 521 539 639 
613 4 361 397 509 618 
614 9 71 116 126 189 197 260 393 469 510 
615 9 115 146 200 209 313 364 377 606 610 
616 5 73 161 191 224 409 
617 5 24 175 252 292 337 
618 9 47 77 149 161 180 191 358 604 613 
619 4 161 273 540 559 
620 3 127 504 628 
621 6 1 4 160 229 359 384 
622 5 138 280 369 397 486 
623 5 87 170 335 365 529 
624 8 293 352 353 359 435 500 525 571 
625 5 200 262 378 380 575 
626 6 84 370 376 459 521 545 
627 9 38 133 146 186 197 256 365 575 606 
628 7 33 261 459 534 539 611 620 
629 4 133 518 596 607 
630 11 24 30 55 64 161 234 247 264 278 296 309 
631 4 23 69 467 565 
632 5 44 295 352 425 536 
633 8 25 73 262 265 323 369 495 611 
634 7 38 55 60 326 347 435 611 
635 3 37 401 641 
636 5 162 302 424 572 606 
637 6 35 244 295 345 356 495 
638 11 20 119 181 243 386 428 433 516 534 535 543 
639 8 12 169 362 437 449 479 516 612 
640 7 173 202 225 480 536 553 560 
641 4 114 505 547 635 
642 6 240 327 342 360 473 530 
643 6 155 260 421 495 518 519 
644 5 98 103 123 353 539 
645 4 34 204 378 525 
646 5 82 154 246 575 595 
647 8 75 103 188 235 320 349 503 597 
648 7 121 146 228 288 385 455 492 
649 10 117 149 171 209 393 413 444 449 587 596 
