650 1480
0 3 81 173 175 
1 3 59 154 537 
2 4 158 373 431 532 
3 2 120 252 
4 7 25 234 237 264 400 478 512 
5 3 45 576 643 
6 3 7 145 547 
7 5 6 66 204 408 581 
8 4 56 342 465 476 
9 5 71 355 487 490 561 
10 3 46 123 231 
11 1 458 
12 5 19 58 335 516 611 
13 4 232 293 542 548 
14 8 165 226 239 315 374 411 479 542 
15 6 36 138 289 399 413 618 
16 6 239 345 391 467 521 556 
17 6 211 337 414 424 602 638 
18 7 134 201 254 367 420 544 594 
19 2 12 135 
20 5 50 252 298 533 554 
21 5 115 313 518 537 586 
22 2 217 488 
23 3 164 300 438 
24 5 86 120 325 516 538 
25 3 4 230 418 
26 5 59 180 250 290 418 
27 5 31 161 302 563 579 
28 7 164 258 393 453 472 486 499 
29 3 185 406 600 
30 6 276 287 411 423 534 540 
31 8 27 148 184 249 407 568 605 610 
32 6 64 137 316 322 362 644 
33 4 223 267 289 405 
34 2 608 621 
35 2 73 146 
36 8 15 41 375 432 436 440 517 541 
37 4 140 152 173 270 
38 7 84 207 261 291 396 416 425 
39 2 358 553 
40 6 84 258 314 352 396 550 
41 3 36 131 239 
42 7 69 169 299 307 468 642 645 
43 7 59 114 237 337 373 401 404 
44 4 178 306 476 489 
45 8 5 79 311 344 368 420 534 590 
46 5 10 125 195 219 287 
47 2 390 419 
48 4 304 419 435 551 
49 2 145 603 
50 5 20 122 245 522 642 
51 4 121 469 488 628 
52 3 317 394 420 
53 3 109 213 488 
54 5 78 263 314 455 645 
55 6 384 392 419 464 493 498 
56 5 8 234 370 426 645 
57 4 359 431 623 630 
58 6 12 216 313 326 423 589 
59 8 1 26 43 86 132 219 252 524 
60 3 247 477 636 
61 10 102 176 246 349 459 478 527 535 540 545 
62 4 116 349 396 542 
63 5 184 320 329 528 532 
64 4 32 146 541 627 
65 6 120 240 243 251 312 471 
66 5 7 78 89 528 635 
67 3 193 302 314 
68 10 136 146 284 288 289 305 340 341 434 468 
69 5 42 159 288 437 563 
70 5 99 211 252 294 469 
71 8 9 88 109 217 232 482 516 557 
72 2 108 239 
73 7 35 103 122 127 291 475 565 
74 3 397 496 583 
75 3 79 172 399 
76 6 155 283 299 351 557 615 
77 4 201 257 450 625 
78 7 54 66 102 272 445 449 540 
79 6 45 75 113 182 187 461 
80 3 473 618 621 
81 4 0 91 107 312 
82 5 97 188 207 417 496 
83 9 199 240 322 348 358 408 416 423 633 
84 9 38 40 104 120 363 425 538 560 598 
85 7 150 188 201 259 421 521 619 
86 8 24 59 139 191 243 245 282 550 
87 4 262 263 428 440 
88 3 71 427 536 
89 3 66 303 598 
90 5 305 355 447 553 598 
91 3 81 344 392 
92 4 100 360 502 558 
93 4 230 421 470 491 
94 4 120 289 295 557 
95 3 156 285 554 
96 1 510 
97 5 82 154 206 207 488 
98 0 
99 7 70 299 300 311 371 554 574 
100 7 92 481 509 512 513 591 599 
101 5 113 151 361 540 573 
102 4 61 78 557 584 
103 3 73 250 499 
104 3 84 262 361 
105 3 296 354 572 
106 3 146 388 448 
107 3 81 298 330 
108 6 72 131 300 346 411 599 
109 4 53 71 168 586 
110 1 276 
111 2 334 642 
112 4 305 306 439 450 
113 4 79 101 142 355 
114 7 43 115 151 198 207 279 298 
115 7 21 114 422 435 451 515 550 
116 4 62 212 250 455 
117 8 145 375 439 473 501 528 591 593 
118 1 627 
119 3 141 183 493 
120 12 3 24 65 84 94 270 280 363 377 469 577 588 
121 3 51 620 622 
122 4 50 73 230 540 
123 5 10 305 312 337 371 
124 4 271 522 545 629 
125 3 46 557 582 
126 4 188 258 383 584 
127 7 73 244 256 355 460 618 623 
128 4 250 320 427 620 
129 5 169 308 483 590 615 
130 2 395 589 
131 4 41 108 229 346 
132 9 59 167 229 264 289 344 352 372 375 
133 6 207 328 403 490 533 537 
134 4 18 168 197 526 
135 4 19 137 359 420 
136 6 68 390 455 596 624 627 
137 6 32 135 261 303 381 393 
138 4 15 349 486 518 
139 6 86 390 442 461 534 575 
140 3 37 195 276 
141 8 119 262 332 356 477 481 559 628 
142 5 113 186 287 496 546 
143 1 226 
144 4 367 376 426 564 
145 8 6 49 117 213 253 308 423 460 
146 6 35 64 68 106 179 401 
147 2 330 555 
148 5 31 163 301 490 524 
149 5 290 353 430 588 620 
150 4 85 316 557 612 
151 4 101 114 559 603 
152 4 37 247 297 351 
153 2 178 543 
154 7 1 97 437 459 490 534 608 
155 4 76 226 444 498 
156 4 95 196 409 645 
157 3 232 506 515 
158 3 2 160 227 
159 5 69 330 386 538 647 
160 4 158 205 350 568 
161 2 27 601 
162 4 246 285 323 393 
163 4 148 327 592 606 
164 4 23 28 475 571 
165 4 14 223 361 382 
166 6 271 296 307 320 373 434 
167 7 132 189 295 363 500 526 609 
168 4 109 134 305 352 
169 7 42 129 186 204 368 373 479 
170 4 171 298 392 555 
171 8 170 204 304 381 398 461 509 558 
172 3 75 197 607 
173 9 0 37 235 286 512 527 535 593 631 
174 5 224 226 327 418 511 
175 4 0 242 342 626 
176 6 61 302 314 348 468 544 
177 4 205 432 475 523 
178 4 44 153 308 628 
179 5 146 207 234 501 554 
180 2 26 406 
181 4 363 549 574 616 
182 6 79 205 248 275 455 489 
183 3 119 472 597 
184 6 31 63 190 283 476 511 
185 4 29 458 493 545 
186 7 142 169 219 328 379 442 569 
187 7 79 304 336 341 353 460 550 
188 5 82 85 126 303 594 
189 3 167 210 299 
190 3 184 268 284 
191 6 86 275 397 440 478 567 
192 4 434 437 450 465 
193 2 67 390 
194 4 384 406 521 649 
195 3 46 140 236 
196 4 156 202 236 459 
197 4 134 172 284 558 
198 6 114 273 398 515 532 598 
199 5 83 322 332 442 497 
200 3 373 407 616 
201 8 18 77 85 239 278 408 456 543 
202 3 196 327 527 
203 5 294 309 422 588 625 
204 5 7 169 171 251 492 
205 6 160 177 182 440 534 605 
206 2 97 334 
207 9 38 82 97 114 133 179 263 289 468 
208 8 280 367 440 480 489 543 579 609 
209 2 396 557 
210 2 189 446 
211 2 17 70 
212 2 116 505 
213 5 53 145 277 281 578 
214 3 275 607 616 
215 4 223 330 581 632 
216 2 58 456 
217 5 22 71 272 297 553 
218 2 284 624 
219 8 46 59 186 323 342 351 364 516 
220 2 388 538 
221 2 294 315 
222 1 610 
223 6 33 165 215 546 607 639 
224 3 174 474 582 
225 2 513 514 
226 10 14 143 155 174 253 323 386 579 583 623 
227 2 158 554 
228 1 398 
229 4 131 132 541 550 
230 8 25 93 122 276 402 446 483 581 
231 4 10 388 598 617 
232 7 13 71 157 306 371 441 593 
233 5 238 254 561 592 605 
234 5 4 56 179 308 319 
235 2 173 638 
236 7 195 196 297 358 375 607 648 
237 5 4 43 293 367 544 
238 3 233 271 370 
239 8 14 16 41 72 201 268 352 353 
240 6 65 83 305 512 642 643 
241 2 303 355 
242 1 175 
243 6 65 86 350 428 488 598 
244 2 127 564 
245 2 50 86 
246 4 61 162 428 521 
247 5 60 152 449 505 624 
248 3 182 306 637 
249 4 31 561 564 565 
250 5 26 103 116 128 375 
251 8 65 204 258 359 415 502 574 625 
252 6 3 20 59 70 461 540 
253 4 145 226 577 624 
254 4 18 233 439 616 
255 1 415 
256 3 127 286 505 
257 3 77 469 543 
258 6 28 40 126 251 327 421 
259 3 85 524 643 
260 2 530 636 
261 6 38 137 279 372 451 565 
262 6 87 104 141 288 426 515 
263 5 54 87 207 497 640 
264 2 4 132 
265 2 489 558 
266 2 440 548 
267 2 33 279 
268 4 190 239 344 526 
269 1 466 
270 6 37 120 351 376 466 556 
271 3 124 166 238 
272 4 78 217 443 571 
273 5 198 410 419 481 603 
274 4 350 470 490 587 
275 7 182 191 214 356 544 567 642 
276 7 30 110 140 230 374 391 418 
277 4 213 402 432 491 
278 3 201 376 495 
279 5 114 261 267 289 644 
280 5 120 208 349 527 593 
281 5 213 428 481 543 569 
282 2 86 600 
283 4 76 184 434 530 
284 6 68 190 197 218 588 605 
285 6 95 162 380 413 534 624 
286 5 173 256 298 491 617 
287 4 30 46 142 610 
288 5 68 69 262 393 486 
289 9 15 33 68 94 132 207 279 520 596 
290 6 26 149 357 429 532 646 
291 6 38 73 354 414 447 512 
292 2 548 591 
293 3 13 237 309 
294 7 70 203 221 318 582 598 617 
295 5 94 167 414 421 632 
296 4 105 166 500 581 
297 7 152 217 236 303 340 536 640 
298 8 20 107 114 170 286 323 389 524 
299 6 42 76 99 189 300 633 
300 4 23 99 108 299 
301 5 148 307 477 546 628 
302 7 27 67 176 355 486 512 630 
303 7 89 137 188 241 297 370 635 
304 7 48 171 187 319 560 565 575 
305 8 68 90 112 123 168 240 491 523 
306 7 44 112 232 248 347 381 480 
307 5 42 166 301 336 469 
308 4 129 145 178 234 
309 4 203 293 328 403 
310 1 349 
311 2 45 99 
312 3 65 81 123 
313 4 21 58 558 627 
314 7 40 54 67 176 345 368 432 
315 5 14 221 341 526 600 
316 4 32 150 366 399 
317 3 52 457 492 
318 2 294 542 
319 5 234 304 408 470 527 
320 4 63 128 166 543 
321 6 397 422 461 465 520 615 
322 6 32 83 199 331 518 631 
323 4 162 219 226 298 
324 3 350 446 491 
325 2 24 469 
326 1 58 
327 6 163 174 202 258 565 588 
328 3 133 186 309 
329 2 63 597 
330 8 107 147 159 215 332 385 454 539 
331 3 322 492 608 
332 6 141 199 330 349 484 490 
333 2 413 574 
334 6 111 206 460 470 482 612 
335 2 12 411 
336 4 187 307 371 429 
337 4 17 43 123 366 
338 0 
339 1 525 
340 4 68 297 356 612 
341 4 68 187 315 440 
342 5 8 175 219 462 578 
343 3 507 572 624 
344 7 45 91 132 268 473 529 630 
345 6 16 314 356 357 378 579 
346 2 108 131 
347 3 306 444 490 
348 3 83 176 403 
349 12 61 62 138 280 310 332 406 433 521 524 575 602 
350 6 160 243 274 324 393 411 
351 5 76 152 219 270 517 
352 4 40 132 168 239 
353 3 149 187 239 
354 5 105 291 405 416 578 
355 9 9 90 113 127 241 302 420 487 566 
356 6 141 275 340 345 438 632 
357 4 290 345 515 641 
358 5 39 83 236 433 515 
359 4 57 135 251 382 
360 5 92 545 563 584 596 
361 6 101 104 165 487 502 612 
362 3 32 438 593 
363 6 84 120 167 181 411 418 
364 4 219 472 474 596 
365 2 553 613 
366 4 316 337 458 460 
367 6 18 144 208 237 478 501 
368 6 45 169 314 440 557 594 
369 3 479 539 634 
370 6 56 238 303 377 384 649 
371 6 99 123 232 336 382 595 
372 3 132 261 502 
373 5 2 43 166 169 200 
374 6 14 276 381 428 429 611 
375 7 36 117 132 236 250 447 525 
376 4 144 270 278 514 
377 3 120 370 494 
378 4 345 568 569 625 
379 3 186 432 628 
380 1 285 
381 5 137 171 306 374 403 
382 5 165 359 371 513 589 
383 3 126 432 547 
384 3 55 194 370 
385 1 330 
386 4 159 226 492 530 
387 1 482 
388 3 106 220 231 
389 1 298 
390 6 47 136 139 193 489 612 
391 2 16 276 
392 4 55 91 170 484 
393 5 28 137 162 288 350 
394 2 52 493 
395 2 130 533 
396 4 38 40 62 209 
397 3 74 191 321 
398 6 171 198 228 450 464 626 
399 5 15 75 316 408 507 
400 1 4 
401 5 43 146 472 475 611 
402 3 230 277 628 
403 9 133 309 348 381 484 514 554 600 620 
404 4 43 470 474 531 
405 3 33 354 461 
406 7 29 180 194 349 421 443 488 
407 4 31 200 430 431 
408 6 7 83 201 319 399 409 
409 2 156 408 
410 2 273 465 
411 7 14 30 108 335 350 363 516 
412 2 509 591 
413 9 15 285 333 445 459 476 509 528 565 
414 5 17 291 295 446 607 
415 3 251 255 484 
416 4 38 83 354 646 
417 2 82 592 
418 5 25 26 174 276 363 
419 6 47 48 55 273 549 638 
420 5 18 45 52 135 355 
421 8 85 93 258 295 406 430 588 614 
422 4 115 203 321 647 
423 8 30 58 83 145 451 510 545 563 
424 5 17 512 513 520 615 
425 3 38 84 613 
426 3 56 144 262 
427 3 88 128 619 
428 5 87 243 246 281 374 
429 5 290 336 374 454 617 
430 4 149 407 421 577 
431 3 2 57 407 
432 8 36 177 277 314 379 383 442 471 
433 3 349 358 612 
434 6 68 166 192 283 607 632 
435 3 48 115 543 
436 2 36 475 
437 5 69 154 192 450 620 
438 4 23 356 362 462 
439 4 112 117 254 506 
440 10 36 87 191 205 208 266 341 368 459 488 
441 2 232 446 
442 4 139 186 199 432 
443 5 272 406 529 559 602 
444 6 155 347 532 550 575 635 
445 4 78 413 502 609 
446 8 210 230 324 414 441 495 500 549 
447 4 90 291 375 450 
448 2 106 604 
449 3 78 247 625 
450 8 77 112 192 398 437 447 577 599 
451 6 115 261 423 469 549 648 
452 1 641 
453 1 28 
454 2 330 429 
455 6 54 116 136 182 459 600 
456 6 201 216 492 541 553 586 
457 2 317 578 
458 4 11 185 366 641 
459 9 61 154 196 413 440 455 606 621 626 
460 6 127 145 187 334 366 470 
461 7 79 139 171 252 321 405 572 
462 2 342 438 
463 1 524 
464 2 55 398 
465 6 8 192 321 410 482 569 
466 6 269 270 510 519 580 593 
467 4 16 509 551 642 
468 4 42 68 176 207 
469 8 51 70 120 257 307 325 451 608 
470 7 93 274 319 334 404 460 519 
471 3 65 432 537 
472 4 28 183 364 401 
473 3 80 117 344 
474 4 224 364 404 596 
475 9 73 164 177 401 436 561 609 637 640 
476 7 8 44 184 413 551 621 632 
477 4 60 141 301 643 
478 4 4 61 191 367 
479 4 14 169 369 589 
480 4 208 306 504 604 
481 4 100 141 273 281 
482 5 71 334 387 465 620 
483 6 129 230 494 499 516 537 
484 4 332 392 403 415 
485 1 637 
486 6 28 138 288 302 550 551 
487 3 9 355 361 
488 7 22 51 53 97 243 406 440 
489 6 44 182 208 265 390 648 
490 8 9 133 148 154 274 332 347 538 
491 5 93 277 286 305 324 
492 8 204 317 331 386 456 549 589 599 
493 6 55 119 185 394 542 546 
494 4 377 483 538 620 
495 3 278 446 505 
496 3 74 82 142 
497 8 199 263 502 553 565 596 601 612 
498 3 55 155 551 
499 4 28 103 483 627 
500 4 167 296 446 623 
501 3 117 179 367 
502 8 92 251 361 372 445 497 516 605 
503 1 613 
504 3 480 514 548 
505 5 212 247 256 495 642 
506 2 157 439 
507 2 343 399 
508 0 
509 7 100 171 412 413 467 628 637 
510 3 96 423 466 
511 3 174 184 630 
512 9 4 100 173 240 291 302 424 612 630 
513 8 100 225 382 424 523 551 554 594 
514 4 225 376 403 504 
515 6 115 157 198 262 357 358 
516 8 12 24 71 219 411 483 502 646 
517 2 36 351 
518 5 21 138 322 552 596 
519 2 466 470 
520 5 289 321 424 577 627 
521 6 16 85 194 246 349 554 
522 2 50 124 
523 6 177 305 513 583 587 628 
524 7 59 148 259 298 349 463 596 
525 2 339 375 
526 5 134 167 268 315 616 
527 6 61 173 202 280 319 641 
528 4 63 66 117 413 
529 3 344 443 574 
530 5 260 283 386 576 623 
531 1 404 
532 6 2 63 198 290 444 547 
533 3 20 133 395 
534 7 30 45 139 154 205 285 581 
535 3 61 173 557 
536 2 88 297 
537 6 1 21 133 471 483 579 
538 6 24 84 159 220 490 494 
539 4 330 369 572 627 
540 7 30 61 78 101 122 252 552 
541 4 36 64 229 456 
542 5 13 14 62 318 493 
543 8 153 201 208 257 281 320 435 575 
544 6 18 176 237 275 562 639 
545 5 61 124 185 360 423 
546 4 142 223 301 493 
547 3 6 383 532 
548 4 13 266 292 504 
549 6 181 419 446 451 492 605 
550 8 40 86 115 187 229 444 486 553 
551 7 48 467 476 486 498 513 628 
552 3 518 540 575 
553 8 39 90 217 365 456 497 550 614 
554 9 20 95 99 179 227 403 513 521 642 
555 2 147 170 
556 3 16 270 612 
557 9 71 76 94 102 125 150 209 368 535 
558 7 92 171 197 265 313 586 631 
559 4 141 151 443 636 
560 2 84 304 
561 6 9 233 249 475 571 573 
562 2 544 592 
563 4 27 69 360 423 
564 5 144 244 249 583 640 
565 8 73 249 261 304 327 413 497 603 
566 2 355 637 
567 2 191 275 
568 5 31 160 378 598 634 
569 6 186 281 378 465 593 639 
570 1 585 
571 4 164 272 561 616 
572 4 105 343 461 539 
573 5 101 561 615 630 636 
574 6 99 181 251 333 529 630 
575 7 139 304 349 444 543 552 579 
576 5 5 530 615 639 645 
577 5 120 253 430 450 520 
578 4 213 342 354 457 
579 6 27 208 226 345 537 575 
580 1 466 
581 6 7 215 230 296 534 593 
582 4 125 224 294 601 
583 5 74 226 523 564 632 
584 3 102 126 360 
585 1 570 
586 5 21 109 456 558 619 
587 3 274 523 642 
588 6 120 149 203 284 327 421 
589 5 58 130 382 479 492 
590 2 45 129 
591 4 100 117 292 412 
592 5 163 233 417 562 628 
593 9 117 173 232 280 362 466 569 581 601 
594 5 18 188 368 513 626 
595 1 371 
596 9 136 289 360 364 474 497 518 524 607 
597 2 183 329 
598 8 84 89 90 198 231 243 294 568 
599 4 100 108 450 492 
600 7 29 282 315 403 455 607 641 
601 5 161 497 582 593 625 
602 3 17 349 443 
603 5 49 151 273 565 608 
604 2 448 480 
605 7 31 205 233 284 502 549 633 
606 3 163 459 629 
607 8 172 214 223 236 414 434 596 600 
608 5 34 154 331 469 603 
609 4 167 208 445 475 
610 3 31 222 287 
611 4 12 374 401 621 
612 9 150 334 340 361 390 433 497 512 556 
613 3 365 425 503 
614 3 421 553 635 
615 7 76 129 321 424 573 576 620 
616 6 181 200 214 254 526 571 
617 4 231 286 294 429 
618 3 15 80 127 
619 3 85 427 586 
620 8 121 128 149 403 437 482 494 615 
621 5 34 80 459 476 611 
622 2 121 624 
623 8 57 127 226 500 530 625 644 649 
624 7 136 218 247 253 285 343 622 
625 7 77 203 251 378 449 601 623 
626 4 175 398 459 594 
627 7 64 118 136 313 499 520 539 
628 11 51 141 178 301 379 402 509 523 551 592 644 
629 2 124 606 
630 7 57 302 344 511 512 573 574 
631 3 173 322 558 
632 6 215 295 356 434 476 583 
633 3 83 299 605 
634 2 369 568 
635 4 66 303 444 614 
636 5 60 260 559 573 642 
637 5 248 475 485 509 566 
638 3 17 235 419 
639 4 223 544 569 576 
640 4 263 297 475 564 
641 5 357 452 458 527 600 
642 10 42 50 111 240 275 467 505 554 587 636 
643 4 5 240 259 477 
644 4 32 279 623 628 
645 5 42 54 56 156 576 
646 3 290 416 516 
647 2 159 422 
648 3 236 451 489 
649 3 194 370 623 
