650 212
0 0 
1 2 195 204 
2 0 
3 1 490 
4 0 
5 0 
6 2 293 599 
7 1 41 
8 1 465 
9 2 368 530 
10 0 
11 0 
12 1 288 
13 1 23 
14 1 601 
15 1 478 
16 0 
17 0 
18 2 244 299 
19 0 
20 0 
21 0 
22 0 
23 1 13 
24 1 28 
25 0 
26 0 
27 0 
28 2 24 576 
29 0 
30 0 
31 0 
32 0 
33 0 
34 0 
35 0 
36 1 586 
37 1 345 
38 0 
39 0 
40 0 
41 1 7 
42 0 
43 2 182 232 
44 0 
45 0 
46 0 
47 1 221 
48 0 
49 1 216 
50 1 594 
51 0 
52 1 540 
53 0 
54 1 405 
55 0 
56 1 238 
57 2 307 527 
58 1 214 
59 0 
60 0 
61 0 
62 1 545 
63 0 
64 2 588 630 
65 2 88 305 
66 0 
67 1 598 
68 0 
69 0 
70 1 338 
71 1 588 
72 0 
73 1 633 
74 0 
75 0 
76 0 
77 1 290 
78 0 
79 1 318 
80 0 
81 1 461 
82 2 248 646 
83 0 
84 1 385 
85 0 
86 1 280 
87 0 
88 1 65 
89 1 508 
90 1 425 
91 1 502 
92 1 118 
93 2 326 462 
94 0 
95 1 298 
96 0 
97 1 242 
98 1 216 
99 0 
100 1 364 
101 1 517 
102 1 240 
103 0 
104 0 
105 0 
106 0 
107 0 
108 1 330 
109 1 374 
110 0 
111 0 
112 0 
113 1 278 
114 1 641 
115 0 
116 0 
117 0 
118 1 92 
119 1 448 
120 0 
121 1 648 
122 1 544 
123 0 
124 1 286 
125 0 
126 2 318 380 
127 0 
128 0 
129 2 463 521 
130 1 227 
131 0 
132 1 520 
133 0 
134 1 249 
135 0 
136 0 
137 1 388 
138 0 
139 1 612 
140 0 
141 0 
142 0 
143 0 
144 0 
145 0 
146 0 
147 1 602 
148 0 
149 1 649 
150 1 332 
151 0 
152 1 581 
153 1 322 
154 0 
155 0 
156 0 
157 2 242 596 
158 0 
159 1 219 
160 0 
161 1 618 
162 0 
163 0 
164 1 307 
165 0 
166 0 
167 0 
168 2 260 480 
169 0 
170 1 188 
171 1 649 
172 0 
173 0 
174 0 
175 1 503 
176 0 
177 0 
178 0 
179 2 247 587 
180 1 518 
181 0 
182 1 43 
183 1 429 
184 0 
185 0 
186 0 
187 0 
188 3 170 233 370 
189 0 
190 1 410 
191 1 239 
192 0 
193 2 235 575 
194 1 465 
195 2 1 470 
196 0 
197 2 507 627 
198 2 422 423 
199 0 
200 1 625 
201 0 
202 1 640 
203 1 561 
204 1 1 
205 1 383 
206 2 493 594 
207 1 492 
208 0 
209 2 288 615 
210 1 233 
211 1 219 
212 0 
213 0 
214 1 58 
215 0 
216 2 49 98 
217 0 
218 2 341 482 
219 3 159 211 566 
220 0 
221 1 47 
222 0 
223 0 
224 0 
225 0 
226 1 374 
227 2 130 413 
228 1 530 
229 0 
230 1 248 
231 0 
232 1 43 
233 3 188 210 270 
234 0 
235 1 193 
236 0 
237 0 
238 2 56 260 
239 2 191 548 
240 1 102 
241 0 
242 2 97 157 
243 1 469 
244 2 18 278 
245 0 
246 2 273 646 
247 1 179 
248 2 82 230 
249 2 134 317 
250 0 
251 0 
252 0 
253 1 567 
254 0 
255 0 
256 0 
257 0 
258 0 
259 0 
260 3 168 238 614 
261 0 
262 1 467 
263 1 539 
264 3 476 504 507 
265 0 
266 1 355 
267 0 
268 1 345 
269 0 
270 1 233 
271 2 342 542 
272 0 
273 4 246 468 601 606 
274 1 358 
275 0 
276 0 
277 2 427 475 
278 2 113 244 
279 0 
280 2 86 454 
281 1 507 
282 0 
283 2 500 569 
284 0 
285 0 
286 2 124 320 
287 0 
288 2 12 209 
289 0 
290 1 77 
291 0 
292 0 
293 1 6 
294 0 
295 0 
296 0 
297 0 
298 1 95 
299 1 18 
300 1 584 
301 0 
302 0 
303 1 372 
304 0 
305 3 65 324 547 
306 1 401 
307 2 57 164 
308 1 539 
309 0 
310 0 
311 1 539 
312 0 
313 0 
314 0 
315 0 
316 0 
317 1 249 
318 2 79 126 
319 0 
320 3 286 399 647 
321 1 436 
322 1 153 
323 0 
324 1 305 
325 0 
326 1 93 
327 1 591 
328 0 
329 0 
330 2 108 371 
331 0 
332 2 150 452 
333 0 
334 0 
335 0 
336 0 
337 0 
338 1 70 
339 0 
340 0 
341 1 218 
342 2 271 481 
343 0 
344 0 
345 3 37 268 637 
346 1 611 
347 0 
348 0 
349 0 
350 0 
351 0 
352 0 
353 1 624 
354 0 
355 2 266 592 
356 1 417 
357 0 
358 1 274 
359 2 460 621 
360 0 
361 0 
362 1 464 
363 0 
364 2 100 542 
365 0 
366 0 
367 0 
368 1 9 
369 0 
370 1 188 
371 1 330 
372 1 303 
373 0 
374 2 109 226 
375 1 420 
376 0 
377 0 
378 0 
379 0 
380 2 126 554 
381 0 
382 0 
383 1 205 
384 0 
385 2 84 572 
386 0 
387 0 
388 1 137 
389 0 
390 0 
391 1 507 
392 0 
393 0 
394 0 
395 1 541 
396 0 
397 3 427 570 608 
398 0 
399 1 320 
400 0 
401 1 306 
402 0 
403 0 
404 0 
405 1 54 
406 0 
407 0 
408 0 
409 0 
410 1 190 
411 0 
412 0 
413 2 227 594 
414 0 
415 0 
416 0 
417 1 356 
418 0 
419 0 
420 1 375 
421 0 
422 1 198 
423 1 198 
424 1 566 
425 2 90 556 
426 0 
427 2 277 397 
428 0 
429 1 183 
430 0 
431 0 
432 0 
433 1 638 
434 0 
435 1 529 
436 1 321 
437 0 
438 0 
439 1 481 
440 0 
441 0 
442 0 
443 0 
444 0 
445 0 
446 0 
447 0 
448 1 119 
449 0 
450 0 
451 0 
452 1 332 
453 0 
454 1 280 
455 1 515 
456 0 
457 0 
458 0 
459 1 540 
460 1 359 
461 1 81 
462 1 93 
463 1 129 
464 1 362 
465 2 8 194 
466 1 594 
467 1 262 
468 1 273 
469 1 243 
470 1 195 
471 1 480 
472 0 
473 0 
474 0 
475 1 277 
476 1 264 
477 0 
478 1 15 
479 0 
480 2 168 471 
481 2 342 439 
482 1 218 
483 0 
484 1 533 
485 0 
486 0 
487 0 
488 0 
489 0 
490 3 3 530 577 
491 0 
492 1 207 
493 1 206 
494 0 
495 1 633 
496 1 563 
497 0 
498 0 
499 0 
500 1 283 
501 0 
502 2 91 538 
503 2 175 647 
504 1 264 
505 1 543 
506 0 
507 4 197 264 281 391 
508 2 89 524 
509 0 
510 0 
511 0 
512 0 
513 0 
514 0 
515 2 455 597 
516 0 
517 1 101 
518 1 180 
519 0 
520 1 132 
521 1 129 
522 0 
523 0 
524 1 508 
525 0 
526 0 
527 1 57 
528 0 
529 1 435 
530 3 9 228 490 
531 0 
532 0 
533 1 484 
534 0 
535 1 561 
536 0 
537 0 
538 1 502 
539 3 263 308 311 
540 2 52 459 
541 1 395 
542 2 271 364 
543 2 505 564 
544 1 122 
545 1 62 
546 0 
547 1 305 
548 1 239 
549 0 
550 0 
551 0 
552 0 
553 0 
554 1 380 
555 0 
556 1 425 
557 0 
558 0 
559 0 
560 0 
561 2 203 535 
562 0 
563 1 496 
564 1 543 
565 0 
566 2 219 424 
567 1 253 
568 0 
569 1 283 
570 1 397 
571 2 586 624 
572 1 385 
573 0 
574 0 
575 1 193 
576 1 28 
577 1 490 
578 0 
579 0 
580 0 
581 1 152 
582 0 
583 0 
584 1 300 
585 0 
586 2 36 571 
587 1 179 
588 2 64 71 
589 0 
590 0 
591 1 327 
592 1 355 
593 0 
594 4 50 206 413 466 
595 0 
596 1 157 
597 1 515 
598 1 67 
599 1 6 
600 0 
601 2 14 273 
602 1 147 
603 0 
604 0 
605 0 
606 1 273 
607 1 629 
608 1 397 
609 0 
610 0 
611 2 346 633 
612 2 139 639 
613 0 
614 1 260 
615 1 209 
616 0 
617 0 
618 1 161 
619 0 
620 0 
621 1 359 
622 0 
623 0 
624 2 353 571 
625 1 200 
626 0 
627 1 197 
628 0 
629 1 607 
630 1 64 
631 0 
632 0 
633 3 73 495 611 
634 0 
635 0 
636 0 
637 1 345 
638 1 433 
639 1 612 
640 1 202 
641 1 114 
642 0 
643 0 
644 0 
645 0 
646 2 82 246 
647 2 320 503 
648 1 121 
649 2 149 171 
