700 253
0 0 
1 2 299 382 
2 1 519 
3 1 338 
4 0 
5 0 
6 1 621 
7 2 258 564 
8 3 106 249 573 
9 1 357 
10 0 
11 0 
12 0 
13 0 
14 2 307 344 
15 1 429 
16 1 375 
17 0 
18 1 581 
19 1 97 
20 0 
21 0 
22 1 325 
23 0 
24 3 290 451 492 
25 0 
26 0 
27 1 109 
28 0 
29 1 226 
30 3 83 292 314 
31 0 
32 0 
33 0 
34 0 
35 0 
36 0 
37 1 629 
38 1 266 
39 1 200 
40 2 470 527 
41 3 402 441 598 
42 0 
43 1 206 
44 0 
45 1 212 
46 0 
47 0 
48 2 256 464 
49 0 
50 1 106 
51 0 
52 0 
53 2 386 452 
54 1 247 
55 0 
56 0 
57 0 
58 0 
59 0 
60 0 
61 1 556 
62 1 681 
63 1 696 
64 0 
65 1 548 
66 0 
67 0 
68 2 398 569 
69 0 
70 1 80 
71 1 117 
72 0 
73 0 
74 0 
75 0 
76 1 102 
77 0 
78 0 
79 2 403 451 
80 3 70 335 367 
81 2 108 458 
82 0 
83 2 30 504 
84 0 
85 1 160 
86 0 
87 0 
88 0 
89 0 
90 0 
91 0 
92 0 
93 1 462 
94 1 242 
95 1 652 
96 1 608 
97 3 19 429 477 
98 1 659 
99 2 184 468 
100 0 
101 1 458 
102 1 76 
103 0 
104 0 
105 2 390 414 
106 2 8 50 
107 1 424 
108 1 81 
109 2 27 360 
110 0 
111 1 431 
112 1 197 
113 0 
114 0 
115 0 
116 0 
117 2 71 692 
118 0 
119 1 532 
120 0 
121 0 
122 2 487 682 
123 1 167 
124 1 478 
125 0 
126 0 
127 1 457 
128 0 
129 2 321 330 
130 1 293 
131 0 
132 0 
133 0 
134 0 
135 1 406 
136 0 
137 0 
138 2 412 465 
139 2 395 568 
140 0 
141 1 620 
142 0 
143 2 379 684 
144 1 176 
145 1 300 
146 1 151 
147 0 
148 1 227 
149 0 
150 0 
151 1 146 
152 0 
153 0 
154 1 210 
155 0 
156 1 552 
157 0 
158 1 403 
159 0 
160 1 85 
161 1 509 
162 1 240 
163 2 510 644 
164 0 
165 1 428 
166 1 429 
167 2 123 518 
168 0 
169 0 
170 0 
171 0 
172 0 
173 0 
174 1 543 
175 1 403 
176 1 144 
177 0 
178 1 697 
179 0 
180 2 193 404 
181 3 296 531 685 
182 0 
183 1 229 
184 1 99 
185 2 269 603 
186 1 229 
187 0 
188 0 
189 1 670 
190 0 
191 0 
192 1 467 
193 1 180 
194 0 
195 0 
196 0 
197 1 112 
198 2 546 639 
199 1 462 
200 2 39 343 
201 1 550 
202 1 511 
203 0 
204 0 
205 0 
206 1 43 
207 0 
208 1 222 
209 2 452 457 
210 1 154 
211 0 
212 1 45 
213 0 
214 0 
215 0 
216 1 510 
217 1 495 
218 0 
219 0 
220 0 
221 0 
222 2 208 265 
223 0 
224 1 256 
225 0 
226 1 29 
227 3 148 335 631 
228 0 
229 2 183 186 
230 0 
231 0 
232 1 495 
233 1 429 
234 1 636 
235 0 
236 0 
237 0 
238 0 
239 1 536 
240 1 162 
241 0 
242 2 94 323 
243 0 
244 0 
245 1 641 
246 1 686 
247 2 54 306 
248 0 
249 1 8 
250 0 
251 0 
252 1 678 
253 1 395 
254 0 
255 1 669 
256 3 48 224 334 
257 0 
258 2 7 408 
259 0 
260 1 579 
261 0 
262 0 
263 0 
264 0 
265 1 222 
266 1 38 
267 0 
268 0 
269 1 185 
270 1 469 
271 0 
272 0 
273 1 533 
274 0 
275 0 
276 0 
277 0 
278 0 
279 0 
280 0 
281 1 555 
282 0 
283 0 
284 1 385 
285 1 571 
286 1 360 
287 0 
288 0 
289 0 
290 1 24 
291 3 300 371 659 
292 1 30 
293 2 130 687 
294 1 418 
295 1 296 
296 2 181 295 
297 1 465 
298 0 
299 1 1 
300 2 145 291 
301 2 347 442 
302 0 
303 0 
304 0 
305 1 371 
306 1 247 
307 2 14 613 
308 0 
309 1 570 
310 1 363 
311 0 
312 0 
313 1 525 
314 1 30 
315 0 
316 1 483 
317 0 
318 0 
319 0 
320 1 601 
321 1 129 
322 0 
323 1 242 
324 0 
325 1 22 
326 1 482 
327 0 
328 1 575 
329 0 
330 2 129 482 
331 0 
332 0 
333 1 405 
334 1 256 
335 2 80 227 
336 0 
337 0 
338 1 3 
339 0 
340 0 
341 0 
342 1 402 
343 1 200 
344 1 14 
345 1 397 
346 1 508 
347 2 301 407 
348 1 626 
349 0 
350 0 
351 0 
352 1 404 
353 0 
354 0 
355 1 497 
356 0 
357 2 9 644 
358 0 
359 0 
360 3 109 286 498 
361 1 452 
362 0 
363 2 310 580 
364 0 
365 1 644 
366 0 
367 2 80 507 
368 1 561 
369 1 541 
370 0 
371 2 291 305 
372 0 
373 0 
374 0 
375 1 16 
376 0 
377 1 511 
378 0 
379 1 143 
380 0 
381 2 468 679 
382 1 1 
383 0 
384 0 
385 1 284 
386 1 53 
387 0 
388 0 
389 0 
390 1 105 
391 1 395 
392 0 
393 0 
394 0 
395 3 139 253 391 
396 3 452 453 471 
397 1 345 
398 1 68 
399 0 
400 1 501 
401 1 570 
402 2 41 342 
403 3 79 158 175 
404 2 180 352 
405 2 333 612 
406 1 135 
407 1 347 
408 1 258 
409 1 513 
410 1 559 
411 2 508 695 
412 2 138 572 
413 1 656 
414 1 105 
415 0 
416 1 436 
417 0 
418 2 294 432 
419 0 
420 1 572 
421 1 531 
422 0 
423 0 
424 1 107 
425 0 
426 0 
427 0 
428 1 165 
429 4 15 97 166 233 
430 1 601 
431 2 111 552 
432 2 418 556 
433 1 632 
434 0 
435 0 
436 1 416 
437 0 
438 0 
439 1 677 
440 0 
441 1 41 
442 1 301 
443 0 
444 0 
445 0 
446 0 
447 0 
448 0 
449 0 
450 0 
451 2 24 79 
452 4 53 209 361 396 
453 1 396 
454 0 
455 0 
456 0 
457 3 127 209 585 
458 2 81 101 
459 0 
460 0 
461 0 
462 2 93 199 
463 1 604 
464 2 48 479 
465 2 138 297 
466 0 
467 1 192 
468 2 99 381 
469 1 270 
470 1 40 
471 1 396 
472 0 
473 0 
474 0 
475 0 
476 1 660 
477 1 97 
478 2 124 558 
479 1 464 
480 0 
481 0 
482 2 326 330 
483 1 316 
484 0 
485 0 
486 0 
487 1 122 
488 0 
489 1 532 
490 0 
491 1 605 
492 1 24 
493 0 
494 0 
495 2 217 232 
496 2 507 537 
497 2 355 563 
498 1 360 
499 0 
500 0 
501 1 400 
502 0 
503 0 
504 1 83 
505 0 
506 0 
507 2 367 496 
508 2 346 411 
509 1 161 
510 2 163 216 
511 2 202 377 
512 0 
513 1 409 
514 0 
515 1 617 
516 0 
517 0 
518 1 167 
519 1 2 
520 0 
521 1 584 
522 1 652 
523 1 681 
524 1 596 
525 1 313 
526 0 
527 1 40 
528 1 641 
529 1 538 
530 0 
531 2 181 421 
532 2 119 489 
533 1 273 
534 0 
535 0 
536 2 239 565 
537 1 496 
538 1 529 
539 1 541 
540 0 
541 3 369 539 679 
542 0 
543 1 174 
544 1 594 
545 0 
546 1 198 
547 1 585 
548 1 65 
549 0 
550 1 201 
551 0 
552 2 156 431 
553 1 613 
554 0 
555 2 281 609 
556 2 61 432 
557 0 
558 1 478 
559 1 410 
560 0 
561 1 368 
562 0 
563 1 497 
564 1 7 
565 1 536 
566 0 
567 0 
568 2 139 582 
569 2 68 630 
570 2 309 401 
571 1 285 
572 2 412 420 
573 1 8 
574 0 
575 2 328 581 
576 1 687 
577 0 
578 0 
579 1 260 
580 1 363 
581 2 18 575 
582 1 568 
583 0 
584 1 521 
585 2 457 547 
586 0 
587 0 
588 0 
589 0 
590 0 
591 0 
592 0 
593 0 
594 2 544 649 
595 0 
596 1 524 
597 0 
598 1 41 
599 0 
600 0 
601 2 320 430 
602 0 
603 1 185 
604 3 463 630 638 
605 1 491 
606 0 
607 0 
608 1 96 
609 1 555 
610 0 
611 0 
612 1 405 
613 3 307 553 653 
614 0 
615 0 
616 0 
617 1 515 
618 0 
619 0 
620 1 141 
621 1 6 
622 0 
623 0 
624 1 672 
625 0 
626 1 348 
627 0 
628 1 675 
629 1 37 
630 2 569 604 
631 1 227 
632 1 433 
633 0 
634 0 
635 0 
636 2 234 672 
637 0 
638 2 604 661 
639 1 198 
640 0 
641 2 245 528 
642 0 
643 0 
644 3 163 357 365 
645 0 
646 0 
647 0 
648 0 
649 1 594 
650 0 
651 1 684 
652 2 95 522 
653 1 613 
654 0 
655 0 
656 1 413 
657 0 
658 0 
659 2 98 291 
660 1 476 
661 1 638 
662 0 
663 0 
664 0 
665 0 
666 0 
667 0 
668 0 
669 1 255 
670 1 189 
671 0 
672 2 624 636 
673 0 
674 0 
675 1 628 
676 0 
677 1 439 
678 1 252 
679 2 381 541 
680 0 
681 2 62 523 
682 1 122 
683 0 
684 2 143 651 
685 1 181 
686 1 246 
687 2 293 576 
688 0 
689 0 
690 0 
691 0 
692 1 117 
693 0 
694 0 
695 1 411 
696 1 63 
697 1 178 
698 0 
699 0 
