700 2495
0 4 81 173 175 333 
1 7 3 9 24 104 126 347 487 
2 8 58 66 192 219 273 331 432 666 
3 7 1 102 160 338 489 520 531 
4 12 7 34 37 64 80 184 188 200 278 312 447 489 
5 5 326 332 393 400 538 
6 3 247 408 546 
7 7 4 58 65 231 302 347 633 
8 9 65 76 252 311 385 463 490 595 655 
9 9 1 36 37 40 109 111 235 312 420 
10 2 150 596 
11 7 106 145 357 422 603 667 698 
12 9 231 268 299 320 329 430 578 584 612 
13 9 150 211 224 300 359 396 464 527 655 
14 6 72 87 223 333 347 552 
15 11 80 122 196 228 274 350 404 432 435 439 519 
16 12 43 169 246 256 290 340 384 424 434 470 597 664 
17 9 35 148 201 256 325 375 391 517 546 
18 8 271 310 314 409 435 547 611 657 
19 7 154 212 233 422 430 547 620 
20 4 146 165 214 472 
21 6 65 320 367 389 503 641 
22 7 119 237 271 469 476 667 689 
23 2 329 517 
24 7 1 106 227 297 337 465 683 
25 7 26 156 213 297 426 558 574 
26 11 25 61 107 122 201 228 336 396 415 429 442 
27 5 76 258 297 491 557 
28 10 115 126 250 262 344 373 379 605 606 641 
29 10 36 194 257 355 392 397 468 470 535 541 
30 8 51 57 97 182 379 574 618 640 
31 4 58 88 104 468 
32 8 80 202 214 239 252 318 391 440 
33 5 233 567 624 628 632 
34 9 4 44 68 233 279 291 312 409 477 
35 9 17 170 293 347 377 482 502 511 597 
36 6 9 29 113 149 391 586 
37 9 4 9 64 238 294 332 376 449 530 
38 3 58 166 603 
39 9 43 173 181 342 493 516 519 539 594 
40 8 9 58 158 194 222 225 344 604 
41 6 74 244 257 372 451 683 
42 10 59 83 135 249 299 305 443 513 537 605 
43 6 16 39 114 417 654 683 
44 7 34 81 150 324 514 629 645 
45 2 107 301 
46 6 106 177 224 347 501 624 
47 6 92 169 364 517 536 676 
48 7 268 277 311 388 414 646 699 
49 5 153 428 577 589 613 
50 5 106 149 200 341 531 
51 10 30 216 224 251 272 296 325 330 340 659 
52 3 148 204 423 
53 12 83 107 128 155 237 344 347 354 531 582 628 641 
54 9 93 143 259 305 346 392 422 479 512 
55 6 110 140 408 452 494 682 
56 12 198 252 284 326 396 499 609 628 677 685 690 695 
57 5 30 211 444 491 637 
58 12 2 7 31 38 40 224 360 369 391 568 572 685 
59 8 42 131 298 375 526 612 652 689 
60 9 137 170 173 181 242 401 519 591 602 
61 6 26 379 403 510 543 650 
62 10 82 122 134 358 537 547 674 685 689 690 
63 10 70 105 106 113 199 233 491 504 531 633 
64 8 4 37 147 273 388 500 541 583 
65 14 7 8 21 72 87 88 124 321 342 450 465 572 613 685 
66 8 2 82 116 157 285 373 416 438 
67 10 158 177 224 243 248 357 412 514 596 686 
68 7 34 245 396 462 478 561 648 
69 4 88 106 181 408 
70 9 63 108 236 252 304 451 463 510 568 
71 7 98 154 256 347 522 527 570 
72 10 14 65 113 244 286 290 381 524 593 598 
73 5 246 310 439 458 658 
74 10 41 144 149 202 305 347 350 388 404 609 
75 6 147 163 337 428 447 657 
76 11 8 27 113 382 423 505 531 541 591 599 606 
77 12 194 230 231 246 261 351 456 489 551 610 664 686 
78 11 103 219 257 270 328 455 490 515 572 590 688 
79 7 151 203 255 257 294 562 629 
80 9 4 15 32 217 218 383 395 558 686 
81 4 0 44 325 434 
82 9 62 66 125 144 325 439 488 616 635 
83 10 42 53 89 139 231 337 368 382 661 686 
84 6 119 206 234 323 384 644 
85 7 172 228 232 261 456 647 696 
86 6 104 105 288 457 463 631 
87 6 14 65 113 266 395 664 
88 6 31 65 69 468 562 629 
89 6 83 148 200 201 464 482 
90 2 239 346 
91 6 177 178 189 249 432 452 
92 14 47 126 168 282 301 329 332 333 411 414 419 438 481 519 
93 5 54 123 302 335 613 
94 4 261 288 500 538 
95 6 145 274 284 453 552 629 
96 2 428 486 
97 7 30 102 218 219 344 461 521 
98 7 71 312 344 481 563 615 686 
99 5 255 301 366 554 663 
100 2 482 687 
101 1 113 
102 10 3 97 104 112 420 534 581 620 621 679 
103 7 78 158 169 249 397 610 659 
104 11 1 31 86 102 140 310 346 393 402 474 493 
105 11 63 86 366 385 471 557 570 586 596 650 685 
106 9 11 24 46 50 63 69 287 325 530 
107 11 26 45 53 160 390 454 488 516 543 606 608 
108 6 70 491 562 582 626 668 
109 3 9 388 694 
110 10 55 115 198 212 254 304 412 423 436 542 
111 4 9 395 397 532 
112 6 102 255 546 553 578 612 
113 9 36 63 72 76 87 101 245 322 451 
114 9 43 117 140 224 260 345 492 632 676 
115 8 28 110 117 246 316 441 484 642 
116 8 66 121 241 253 352 457 615 620 
117 8 114 115 186 256 363 522 556 625 
118 7 183 358 465 490 513 575 621 
119 6 22 84 209 403 561 678 
120 10 188 391 437 499 534 559 614 622 642 645 
121 6 116 338 415 536 611 698 
122 12 15 26 62 164 168 311 314 343 612 660 672 688 
123 7 93 221 253 330 443 504 580 
124 6 65 412 477 618 646 649 
125 6 82 221 263 341 353 556 
126 9 1 28 92 169 245 247 384 416 472 
127 10 226 248 278 297 370 395 411 505 540 621 
128 5 53 402 544 614 638 
129 10 189 193 214 271 340 405 417 450 506 603 
130 6 146 196 203 328 382 592 
131 6 59 460 469 519 539 657 
132 6 243 283 338 453 455 490 
133 2 146 368 
134 4 62 234 459 568 
135 7 42 142 331 365 415 631 694 
136 4 208 366 398 593 
137 4 60 265 272 327 
138 7 211 255 350 396 446 500 603 
139 4 83 263 558 628 
140 11 55 104 114 197 220 398 458 480 511 555 629 
141 5 145 183 401 455 646 
142 6 135 227 299 302 538 617 
143 7 54 298 335 344 480 540 547 
144 6 74 82 242 412 585 641 
145 12 11 95 141 239 273 284 348 363 395 456 540 660 
146 8 20 130 133 205 278 340 358 397 
147 11 64 75 174 258 278 306 307 345 383 453 532 
148 8 17 52 89 322 505 587 601 650 
149 10 36 50 74 208 405 444 463 501 588 637 
150 11 10 13 44 226 247 318 389 619 644 655 668 
151 8 79 173 234 418 471 577 624 645 
152 11 235 261 344 373 511 521 536 568 634 638 694 
153 7 49 336 354 432 518 523 629 
154 7 19 71 255 310 382 476 639 
155 11 53 222 322 353 399 416 479 494 527 576 692 
156 4 25 371 559 663 
157 12 66 172 271 398 413 421 479 517 525 585 587 688 
158 12 40 67 103 226 238 331 368 464 536 636 653 668 
159 7 165 380 501 529 541 575 695 
160 11 3 107 232 292 363 365 374 592 635 683 690 
161 2 401 635 
162 7 184 233 260 315 321 527 580 
163 2 75 365 
164 11 122 255 441 463 466 508 539 553 564 607 634 
165 7 20 159 243 280 314 328 539 
166 8 38 230 355 398 413 506 605 699 
167 4 202 258 613 648 
168 14 92 122 169 233 246 277 306 370 415 466 529 548 633 656 
169 12 16 47 103 126 168 323 355 360 372 479 569 675 
170 6 35 60 254 383 545 621 
171 5 182 265 561 610 626 
172 5 85 157 548 572 670 
173 13 0 39 60 151 187 196 225 314 316 638 641 654 669 
174 5 147 178 475 525 601 
175 6 0 289 331 450 472 587 
176 6 192 233 250 652 684 686 
177 7 46 67 91 206 250 387 664 
178 5 91 174 410 417 583 
179 8 188 305 322 388 558 562 572 682 
180 4 218 382 543 577 
181 10 39 60 69 268 281 339 378 508 556 643 
182 7 30 171 357 430 445 557 659 
183 10 118 141 246 254 269 380 382 548 585 656 
184 5 4 162 382 545 619 
185 5 260 354 425 545 597 
186 5 117 455 481 554 660 
187 8 173 401 488 517 561 601 610 664 
188 9 4 120 179 189 219 358 446 607 661 
189 6 91 129 188 228 264 425 
190 4 279 420 664 686 
191 5 342 385 498 550 554 
192 5 2 176 275 344 476 
193 6 129 302 311 352 459 508 
194 8 29 40 77 205 222 256 513 692 
195 3 257 282 538 
196 9 15 130 173 197 537 666 685 694 697 
197 6 140 196 205 241 357 658 
198 5 56 110 307 491 512 
199 5 63 316 533 557 639 
200 9 4 50 89 235 309 478 597 658 690 
201 6 17 26 89 452 560 666 
202 7 32 74 167 418 419 581 651 
203 9 79 130 218 258 292 411 415 455 657 
204 4 52 293 313 578 
205 7 146 194 197 529 590 647 656 
206 7 84 177 308 434 478 515 613 
207 4 346 556 575 681 
208 8 136 149 255 287 325 477 538 554 
209 8 119 333 371 392 402 415 533 544 
210 1 458 
211 10 13 57 138 300 352 372 433 450 585 682 
212 10 19 110 226 236 238 293 332 367 544 682 
213 6 25 295 461 603 687 688 
214 5 20 32 129 361 564 
215 5 287 417 418 486 538 
216 1 51 
217 6 80 381 459 519 529 629 
218 6 80 97 180 203 519 607 
219 6 2 78 97 188 225 594 
220 5 140 231 243 324 654 
221 7 123 125 232 294 351 434 483 
222 7 40 155 194 288 612 615 616 
223 3 14 349 630 
224 13 13 46 51 58 67 114 256 312 383 399 471 522 548 
225 6 40 173 219 281 360 672 
226 9 127 150 158 212 320 367 542 577 641 
227 4 24 142 282 475 
228 7 15 26 85 189 259 268 487 
229 4 349 373 447 622 
230 8 77 166 238 247 386 554 588 622 
231 9 7 12 77 83 220 236 272 391 667 
232 11 85 160 221 293 306 337 430 508 509 589 623 
233 12 19 33 34 63 162 168 176 267 405 494 622 689 
234 7 84 134 151 277 397 477 540 
235 5 9 152 200 636 694 
236 6 70 212 231 300 565 673 
237 3 22 53 324 
238 6 37 158 212 230 309 491 
239 8 32 90 145 351 390 615 640 693 
240 2 271 361 
241 4 116 197 545 673 
242 8 60 144 293 387 431 440 502 624 
243 11 67 132 165 220 290 410 430 527 645 670 699 
244 10 41 72 403 410 426 432 501 606 623 650 
245 8 68 113 126 349 552 582 617 641 
246 8 16 73 77 115 168 183 444 563 
247 10 6 126 150 230 275 389 571 612 630 650 
248 6 67 127 253 431 497 608 
249 8 42 91 103 250 303 365 391 629 
250 12 28 176 177 249 257 340 428 523 540 603 636 693 
251 3 51 611 628 
252 10 8 32 56 70 320 328 353 474 564 601 
253 8 116 123 248 342 348 474 587 657 
254 6 110 170 183 384 528 621 
255 11 79 99 112 138 154 164 208 276 491 571 647 
256 14 16 17 71 117 194 224 324 396 469 485 499 613 644 679 
257 9 29 41 78 79 195 250 297 330 395 
258 8 27 147 167 203 347 390 464 641 
259 9 54 228 291 330 388 431 652 668 687 
260 6 114 162 185 399 406 617 
261 8 77 85 94 152 400 481 555 592 
262 9 28 351 380 455 489 551 555 673 690 
263 3 125 139 380 
264 3 189 278 649 
265 6 137 171 385 454 536 610 
266 6 87 308 334 452 538 694 
267 7 233 371 392 400 641 646 656 
268 9 12 48 181 228 429 485 506 517 684 
269 5 183 283 288 387 585 
270 4 78 289 573 608 
271 9 18 22 129 157 240 401 450 476 587 
272 4 51 137 231 334 
273 5 2 64 145 358 593 
274 5 15 95 439 523 549 
275 8 192 247 279 348 401 424 436 488 
276 8 255 308 493 550 567 661 666 699 
277 4 48 168 234 667 
278 7 4 127 146 147 264 281 662 
279 7 34 190 275 438 495 500 557 
280 5 165 483 523 665 690 
281 11 181 225 278 311 315 370 384 465 508 544 695 
282 5 92 195 227 391 572 
283 6 132 269 345 441 486 592 
284 7 56 95 145 373 455 487 502 
285 2 66 345 
286 5 72 287 310 441 497 
287 10 106 208 215 286 548 560 602 655 676 690 
288 9 86 94 222 269 313 398 404 559 669 
289 7 175 270 375 376 433 568 574 
290 7 16 72 243 393 404 565 688 
291 9 34 259 358 360 368 380 462 510 623 
292 4 160 203 489 547 
293 8 35 204 212 232 242 390 409 667 
294 6 37 79 221 332 357 564 
295 5 213 361 430 501 547 
296 4 51 354 386 490 
297 8 24 25 27 127 257 417 514 533 
298 7 59 143 367 432 484 638 694 
299 11 12 42 142 338 395 425 426 447 547 621 648 
300 4 13 211 236 477 
301 6 45 92 99 321 367 581 
302 10 7 93 142 193 487 514 602 605 656 683 
303 5 249 305 377 395 659 
304 4 70 110 361 404 
305 6 42 54 74 179 303 695 
306 10 147 168 232 366 386 393 404 514 566 679 
307 6 147 198 310 377 456 621 
308 7 206 266 276 424 599 614 671 
309 6 200 238 335 418 500 657 
310 8 18 73 104 154 286 307 471 596 
311 12 8 48 122 193 281 332 350 371 383 562 577 687 
312 12 4 9 34 98 224 413 568 575 586 655 672 679 
313 7 204 288 347 394 632 634 665 
314 8 18 122 165 173 371 427 612 672 
315 5 162 281 416 418 635 
316 9 115 173 199 335 358 478 578 600 695 
317 9 318 350 515 575 578 599 670 692 699 
318 7 32 150 317 464 583 594 620 
319 3 427 611 634 
320 5 12 21 226 252 662 
321 8 65 162 301 331 332 514 551 624 
322 6 113 148 155 179 325 587 
323 4 84 169 463 696 
324 8 44 220 237 256 433 434 490 567 
325 8 17 51 81 82 106 208 322 389 
326 4 5 56 328 521 
327 6 137 333 409 518 558 633 
328 6 78 130 165 252 326 629 
329 6 12 23 92 382 629 667 
330 8 51 123 257 259 341 508 512 690 
331 6 2 135 158 175 321 519 
332 9 5 37 92 212 294 311 321 564 687 
333 5 0 14 92 209 327 
334 5 266 272 343 351 626 
335 6 93 143 309 316 377 499 
336 3 26 153 430 
337 4 24 75 83 232 
338 12 3 121 132 299 380 394 396 458 556 588 668 687 
339 2 181 467 
340 9 16 51 129 146 250 430 433 529 569 
341 9 50 125 330 463 475 577 607 647 693 
342 9 39 65 191 253 356 451 455 512 686 
343 6 122 334 533 555 600 648 
344 13 28 40 53 97 98 143 152 192 429 430 500 632 649 
345 6 114 147 283 285 370 628 
346 5 54 90 104 207 477 
347 12 1 7 14 35 46 53 71 74 258 313 414 644 
348 10 145 253 275 375 465 479 496 529 548 585 
349 8 223 229 245 351 431 512 572 623 
350 8 15 74 138 311 317 421 669 670 
351 7 77 221 239 262 334 349 499 
352 6 116 193 211 570 623 659 
353 6 125 155 252 364 562 587 
354 8 53 153 185 296 375 401 661 691 
355 12 29 166 169 406 441 459 534 540 603 633 634 641 
356 5 342 393 538 615 620 
357 6 11 67 182 197 294 546 
358 9 62 118 146 188 273 291 316 383 659 
359 7 13 373 423 480 482 512 661 
360 8 58 169 225 291 365 621 622 651 
361 9 214 240 295 304 363 490 603 670 691 
362 6 396 446 543 568 578 693 
363 8 117 145 160 361 481 502 689 699 
364 5 47 353 474 524 577 
365 8 135 160 163 249 360 497 659 688 
366 5 99 105 136 306 521 
367 6 21 212 226 298 301 685 
368 14 83 133 158 291 384 427 445 478 509 562 580 605 617 665 
369 6 58 406 513 602 607 656 
370 6 127 168 281 345 430 664 
371 10 156 209 267 311 314 398 457 609 678 682 
372 9 41 169 211 502 524 547 592 596 672 
373 9 28 66 152 229 284 359 445 510 635 
374 1 160 
375 10 17 59 289 348 354 389 530 615 664 676 
376 6 37 289 386 485 495 570 
377 8 35 303 307 335 502 657 672 677 
378 3 181 389 679 
379 6 28 30 61 542 568 684 
380 7 159 183 262 263 291 338 692 
381 7 72 217 461 585 594 655 668 
382 11 76 83 130 154 180 183 184 329 449 491 582 
383 9 80 147 170 224 311 358 515 593 683 
384 8 16 84 126 254 281 368 564 679 
385 4 8 105 191 265 
386 8 230 296 306 376 516 524 652 663 
387 10 177 242 269 399 427 430 514 584 595 663 
388 10 48 64 74 109 179 259 467 549 570 688 
389 9 21 150 247 325 375 378 444 528 628 
390 6 107 239 258 293 666 670 
391 13 17 32 36 58 120 231 249 282 402 407 424 445 516 
392 10 29 54 209 267 434 474 485 567 643 644 
393 5 5 104 290 306 356 
394 5 313 338 443 613 662 
395 9 80 87 111 127 145 257 299 303 684 
396 13 13 26 56 68 138 256 338 362 421 431 530 534 681 
397 7 29 103 111 146 234 461 500 
398 13 136 140 157 166 288 371 484 501 552 564 595 600 611 
399 7 155 224 260 387 401 497 627 
400 7 5 261 267 407 473 509 661 
401 13 60 141 161 187 271 275 354 399 452 478 606 652 686 
402 8 104 128 209 391 462 535 560 627 
403 3 61 119 244 
404 8 15 74 288 290 304 306 588 597 
405 6 129 149 233 573 648 692 
406 8 260 355 369 417 446 474 477 517 
407 3 391 400 679 
408 6 6 55 69 557 601 639 
409 7 18 34 293 327 551 601 656 
410 6 178 243 244 649 653 694 
411 6 92 127 203 463 499 625 
412 6 67 110 124 144 479 626 
413 6 157 166 312 514 635 682 
414 7 48 92 347 556 559 566 696 
415 11 26 121 135 168 203 209 456 537 558 627 677 
416 5 66 126 155 315 591 
417 11 43 129 178 215 297 406 438 523 554 578 612 
418 6 151 202 215 309 315 675 
419 5 92 202 487 498 564 
420 4 9 102 190 535 
421 5 157 350 396 483 530 
422 7 11 19 54 426 470 605 680 
423 6 52 76 110 359 452 609 
424 7 16 275 308 391 491 536 631 
425 7 185 189 299 469 471 495 577 
426 10 25 244 299 422 455 466 523 544 570 687 
427 10 314 319 368 387 539 575 614 660 685 693 
428 9 49 75 96 250 523 555 675 690 696 
429 9 26 268 344 456 495 518 627 651 657 
430 13 12 19 182 232 243 295 336 340 344 370 387 470 686 
431 7 242 248 259 349 396 493 590 
432 10 2 15 91 153 244 298 455 483 502 587 
433 7 211 289 324 340 497 602 631 
434 8 16 81 206 221 324 392 446 534 
435 7 15 18 472 506 538 574 614 
436 6 110 275 441 465 504 696 
437 3 120 556 575 
438 10 66 92 279 417 514 528 555 574 579 689 
439 5 15 73 82 274 559 
440 2 32 242 
441 12 115 164 283 286 355 436 460 526 574 619 677 698 
442 3 26 528 680 
443 7 42 123 394 498 521 657 662 
444 6 57 149 246 389 511 550 
445 6 182 368 373 391 546 599 
446 7 138 188 362 406 434 488 579 
447 7 4 75 229 299 587 618 640 
448 0 
449 2 37 382 
450 9 65 129 175 211 271 475 535 591 629 
451 6 41 70 113 342 534 589 
452 9 55 91 201 266 401 423 553 557 605 
453 7 95 132 147 576 643 652 678 
454 3 107 265 646 
455 13 78 132 141 186 203 262 284 342 426 432 528 599 672 
456 7 77 85 145 307 415 429 493 
457 5 86 116 371 555 683 
458 4 73 140 210 338 
459 5 134 193 217 355 589 
460 3 131 441 656 
461 6 97 213 381 397 540 694 
462 7 68 291 402 572 596 599 693 
463 10 8 70 86 149 164 323 341 411 553 656 
464 10 13 89 158 258 318 475 545 642 660 692 
465 8 24 65 118 281 348 436 562 635 
466 4 164 168 426 686 
467 3 339 388 482 
468 5 29 31 88 492 504 
469 6 22 131 256 425 543 595 
470 6 16 29 422 430 535 694 
471 8 105 151 224 310 425 628 665 690 
472 6 20 126 175 435 475 480 
473 2 400 659 
474 7 104 252 253 364 392 406 647 
475 10 174 227 341 450 464 472 477 575 608 626 
476 7 22 154 192 271 616 670 699 
477 8 34 124 208 234 300 346 406 475 
478 7 68 200 206 316 368 401 629 
479 11 54 155 157 169 348 412 505 510 522 602 615 
480 7 140 143 359 472 513 610 670 
481 6 92 98 186 261 363 619 
482 7 35 89 100 359 467 612 665 
483 6 221 280 421 432 535 562 
484 4 115 298 398 576 
485 7 256 268 376 392 487 502 520 
486 5 96 215 283 488 622 
487 8 1 228 284 302 419 485 551 615 
488 8 82 107 187 275 446 486 581 616 
489 6 3 4 77 262 292 607 
490 9 8 78 118 132 296 324 361 623 664 
491 9 27 57 63 108 198 238 255 382 424 
492 5 114 468 539 574 618 
493 6 39 104 276 431 456 531 
494 7 55 155 233 502 528 544 688 
495 6 279 376 425 429 605 612 
496 5 348 520 541 650 682 
497 7 248 286 365 399 433 539 562 
498 3 191 419 443 
499 8 56 120 256 335 351 411 527 659 
500 11 64 94 138 279 309 344 397 613 639 676 693 
501 6 46 149 159 244 295 398 
502 11 35 242 284 363 372 377 432 485 494 602 671 
503 2 21 647 
504 5 63 123 436 468 601 
505 9 76 127 148 479 570 585 622 658 690 
506 8 129 166 268 435 528 624 672 694 
507 2 546 681 
508 9 164 181 193 232 281 330 519 677 678 
509 6 232 368 400 558 562 624 
510 6 61 70 291 373 479 637 
511 4 35 140 152 444 
512 8 54 198 330 342 349 359 594 675 
513 6 42 118 194 369 480 546 
514 9 44 67 297 302 306 321 387 413 438 
515 6 78 206 317 383 551 616 
516 6 39 107 386 391 567 619 
517 9 17 23 47 157 187 268 406 535 628 
518 6 153 327 429 523 656 665 
519 11 15 39 60 92 131 217 218 331 508 646 682 
520 5 3 485 496 641 679 
521 7 97 152 326 366 443 536 679 
522 8 71 117 224 479 584 617 623 639 
523 11 153 250 274 280 417 426 428 518 592 596 615 
524 7 72 364 372 386 663 673 694 
525 4 157 174 526 652 
526 5 59 441 525 575 620 
527 7 13 71 155 162 243 499 643 
528 8 254 389 438 442 455 494 506 529 
529 11 159 168 205 217 340 348 528 537 553 561 657 
530 5 37 106 375 396 421 
531 9 3 50 53 63 76 493 605 621 628 
532 3 111 147 558 
533 7 199 209 297 343 535 608 621 
534 6 102 120 355 396 434 451 
535 9 29 402 420 450 470 483 517 533 609 
536 10 47 121 152 158 265 424 521 547 668 687 
537 7 42 62 196 415 529 598 635 
538 10 5 94 142 195 208 215 266 356 435 695 
539 7 39 131 164 165 427 492 497 
540 8 127 143 145 234 250 355 461 692 
541 5 29 64 76 159 496 
542 6 110 226 379 578 693 697 
543 5 61 107 180 362 469 
544 7 128 209 212 281 426 494 669 
545 5 170 184 185 241 464 
546 10 6 17 112 357 445 507 513 561 641 695 
547 10 18 19 62 143 292 295 299 372 536 657 
548 7 168 172 183 224 287 348 588 
549 6 274 388 606 634 637 666 
550 4 191 276 444 566 
551 7 77 262 321 409 487 515 673 
552 4 14 95 245 398 
553 6 112 164 452 463 529 569 
554 7 99 186 191 208 230 417 651 
555 8 140 261 262 343 428 438 457 630 
556 8 117 125 181 207 338 414 437 620 
557 9 27 105 182 199 279 408 452 582 641 
558 11 25 80 139 179 327 415 509 532 594 645 667 
559 7 120 156 288 414 439 623 681 
560 4 201 287 402 626 
561 9 68 119 171 187 529 546 633 640 663 
562 13 79 88 108 179 311 353 368 465 483 497 509 664 691 
563 3 98 246 683 
564 10 164 214 252 294 332 384 398 419 597 667 
565 5 236 290 609 677 693 
566 7 306 414 550 613 678 682 691 
567 6 33 276 324 392 516 658 
568 8 58 70 134 152 289 312 362 379 
569 5 169 340 553 597 657 
570 8 71 105 352 376 388 426 505 685 
571 3 247 255 661 
572 8 58 65 78 172 179 282 349 462 
573 6 270 405 592 615 672 674 
574 7 25 30 289 435 438 441 492 
575 12 118 159 207 312 317 427 437 475 526 606 611 690 
576 3 155 453 484 
577 9 49 151 180 226 311 341 364 425 650 
578 10 12 112 204 316 317 362 417 542 669 681 
579 2 438 446 
580 3 123 162 368 
581 7 102 202 301 488 638 640 665 
582 7 53 108 245 382 557 636 650 
583 3 64 178 318 
584 3 12 387 522 
585 9 144 157 183 211 269 348 381 505 645 
586 4 36 105 312 597 
587 10 148 157 175 253 271 322 353 432 447 612 
588 6 149 230 338 404 548 611 
589 7 49 232 451 459 597 677 695 
590 5 78 205 431 594 698 
591 6 60 76 416 450 636 665 
592 8 130 160 261 283 372 523 573 672 
593 4 72 136 273 383 
594 8 39 219 318 381 512 558 590 663 
595 6 8 387 398 469 652 681 
596 8 10 67 105 310 372 462 523 673 
597 10 16 35 185 200 404 564 569 586 589 621 
598 4 72 537 625 693 
599 7 76 308 317 445 455 462 672 
600 3 316 343 398 
601 8 148 174 187 252 408 409 504 675 
602 7 60 287 302 369 433 479 502 
603 10 11 38 129 138 213 250 355 361 614 690 
604 1 40 
605 10 28 42 166 302 368 422 452 495 531 687 
606 8 28 76 107 244 401 549 575 696 
607 6 164 188 218 341 369 489 
608 5 107 248 270 475 533 
609 6 56 74 371 423 535 565 
610 8 77 103 171 187 265 480 685 689 
611 9 18 121 251 319 398 575 588 637 645 
612 11 12 59 112 122 222 247 314 417 482 495 587 
613 11 49 65 93 167 206 256 394 500 566 670 674 
614 7 120 128 308 427 435 603 633 
615 11 98 116 222 239 356 375 479 487 523 573 642 
616 5 82 222 476 488 515 
617 5 142 245 260 368 522 
618 6 30 124 447 492 633 673 
619 6 150 184 441 481 516 682 
620 9 19 102 116 318 356 526 556 646 684 
621 11 102 118 127 170 254 299 307 360 531 533 597 
622 8 120 229 230 233 360 486 505 627 
623 8 232 244 291 349 352 490 522 559 
624 8 33 46 151 242 321 506 509 682 
625 4 117 411 598 694 
626 7 108 171 334 412 475 560 697 
627 7 399 402 415 429 622 646 699 
628 10 33 53 56 139 251 345 389 471 517 531 
629 13 44 79 88 95 140 153 217 249 328 329 450 478 675 
630 3 223 247 555 
631 4 86 135 424 433 
632 6 33 114 313 344 634 670 
633 11 7 63 168 327 355 561 614 618 664 668 692 
634 8 152 164 313 319 355 549 632 677 
635 8 82 160 161 315 373 413 465 537 
636 5 158 235 250 582 591 
637 5 57 149 510 549 611 
638 5 128 152 173 298 581 
639 5 154 199 408 500 522 
640 5 30 239 447 561 581 
641 16 21 28 53 144 173 226 245 258 267 355 520 546 557 649 662 678 
642 5 115 120 464 615 674 
643 4 181 392 453 527 
644 7 84 150 256 347 392 676 677 
645 10 44 120 151 243 558 585 611 657 685 688 
646 8 48 124 141 267 454 519 620 627 
647 7 85 205 255 341 474 503 673 
648 5 68 167 299 343 405 
649 6 124 264 344 410 641 676 
650 8 61 105 148 244 247 496 577 582 
651 5 202 360 429 554 682 
652 11 59 176 259 386 401 453 525 595 660 670 683 
653 2 158 410 
654 3 43 173 220 
655 6 8 13 150 287 312 381 
656 10 168 183 205 267 302 369 409 460 463 518 
657 13 18 75 131 203 253 309 377 429 443 529 547 569 645 
658 6 73 197 200 505 567 696 
659 9 51 103 182 303 352 358 365 473 499 
660 6 122 145 186 427 464 652 
661 7 83 188 276 354 359 400 571 
662 5 278 320 394 443 641 
663 7 99 156 386 387 524 561 594 
664 11 16 77 87 177 187 190 370 375 490 562 633 
665 8 280 313 368 471 482 518 581 591 
666 6 2 196 201 276 390 549 
667 8 11 22 231 277 293 329 558 564 
668 8 108 150 158 259 338 381 536 633 
669 5 173 288 350 544 578 
670 11 172 243 317 350 361 390 476 480 613 632 652 
671 3 308 502 684 
672 11 122 225 312 314 372 377 455 506 573 592 599 
673 8 236 241 262 524 551 596 618 647 
674 4 62 573 613 642 
675 6 169 418 428 512 601 629 
676 7 47 114 287 375 500 644 649 
677 9 56 377 415 441 508 565 589 634 644 
678 6 119 371 453 508 566 641 
679 10 102 256 306 312 378 384 407 520 521 694 
680 2 422 442 
681 6 207 396 507 559 578 595 
682 13 55 179 211 212 371 413 496 519 566 619 624 651 693 
683 10 24 41 43 160 302 383 457 563 652 698 
684 6 176 268 379 395 620 671 
685 11 56 58 62 65 105 196 367 427 570 610 645 
686 11 67 77 80 83 98 176 190 342 401 430 466 
687 9 100 213 259 311 332 338 426 536 605 
688 9 78 122 157 213 290 365 388 494 645 
689 7 22 59 62 233 363 438 610 
690 13 56 62 160 200 262 280 287 330 428 471 505 575 603 
691 4 354 361 562 566 
692 8 155 194 317 380 405 464 540 633 
693 11 239 250 341 362 427 462 500 542 565 598 682 
694 14 109 135 152 196 235 266 298 410 461 470 506 524 625 679 
695 8 56 159 281 305 316 538 546 589 
696 7 85 323 414 428 436 606 658 
697 3 196 542 626 
698 5 11 121 441 590 683 
699 8 48 166 243 276 317 363 476 627 
