700 233
0 1 91 
1 1 138 
2 0 
3 0 
4 1 617 
5 1 330 
6 0 
7 2 418 507 
8 1 328 
9 1 389 
10 3 109 254 391 
11 1 541 
12 0 
13 3 117 153 699 
14 1 488 
15 0 
16 2 142 531 
17 0 
18 1 301 
19 0 
20 1 361 
21 2 120 561 
22 2 139 588 
23 0 
24 0 
25 1 182 
26 0 
27 1 374 
28 1 286 
29 1 77 
30 0 
31 1 475 
32 0 
33 0 
34 1 566 
35 2 189 686 
36 1 80 
37 0 
38 0 
39 0 
40 1 565 
41 0 
42 1 98 
43 3 419 574 692 
44 1 238 
45 1 552 
46 0 
47 0 
48 1 252 
49 1 343 
50 3 285 375 581 
51 0 
52 0 
53 0 
54 0 
55 1 692 
56 0 
57 0 
58 0 
59 0 
60 0 
61 1 143 
62 0 
63 1 492 
64 2 559 658 
65 1 374 
66 3 278 450 582 
67 0 
68 1 605 
69 0 
70 1 545 
71 0 
72 1 222 
73 2 229 455 
74 1 555 
75 0 
76 0 
77 1 29 
78 0 
79 3 532 569 593 
80 1 36 
81 1 112 
82 1 334 
83 3 240 630 632 
84 0 
85 1 451 
86 1 408 
87 0 
88 0 
89 0 
90 0 
91 1 0 
92 0 
93 1 216 
94 1 118 
95 0 
96 0 
97 3 391 641 683 
98 1 42 
99 1 335 
100 0 
101 0 
102 0 
103 0 
104 1 612 
105 0 
106 1 650 
107 2 309 608 
108 0 
109 1 10 
110 0 
111 1 272 
112 1 81 
113 0 
114 1 207 
115 1 469 
116 1 487 
117 2 13 329 
118 1 94 
119 1 632 
120 2 21 330 
121 0 
122 0 
123 0 
124 0 
125 0 
126 0 
127 1 489 
128 0 
129 1 444 
130 1 691 
131 0 
132 0 
133 0 
134 2 207 585 
135 0 
136 0 
137 0 
138 2 1 235 
139 2 22 442 
140 0 
141 0 
142 3 16 224 563 
143 1 61 
144 0 
145 0 
146 0 
147 0 
148 0 
149 0 
150 1 195 
151 1 186 
152 0 
153 2 13 654 
154 0 
155 1 323 
156 1 443 
157 0 
158 1 677 
159 0 
160 0 
161 0 
162 1 198 
163 1 648 
164 1 669 
165 1 511 
166 1 582 
167 0 
168 0 
169 1 266 
170 0 
171 0 
172 1 381 
173 1 267 
174 0 
175 1 617 
176 0 
177 0 
178 0 
179 0 
180 0 
181 0 
182 1 25 
183 0 
184 2 570 648 
185 1 226 
186 1 151 
187 0 
188 1 393 
189 1 35 
190 0 
191 1 319 
192 0 
193 0 
194 1 531 
195 1 150 
196 1 635 
197 2 282 299 
198 1 162 
199 1 454 
200 0 
201 1 547 
202 2 401 659 
203 1 556 
204 1 507 
205 0 
206 0 
207 2 114 134 
208 0 
209 1 213 
210 0 
211 1 690 
212 0 
213 2 209 651 
214 2 293 570 
215 1 240 
216 1 93 
217 0 
218 2 629 659 
219 0 
220 1 392 
221 1 359 
222 1 72 
223 0 
224 1 142 
225 0 
226 1 185 
227 0 
228 0 
229 2 73 493 
230 1 455 
231 0 
232 0 
233 3 276 347 464 
234 0 
235 2 138 486 
236 0 
237 0 
238 1 44 
239 0 
240 2 83 215 
241 0 
242 1 380 
243 0 
244 0 
245 1 379 
246 0 
247 0 
248 0 
249 0 
250 0 
251 0 
252 1 48 
253 0 
254 1 10 
255 1 565 
256 1 663 
257 0 
258 0 
259 0 
260 1 323 
261 0 
262 0 
263 0 
264 0 
265 1 342 
266 2 169 402 
267 1 173 
268 0 
269 1 692 
270 0 
271 1 626 
272 1 111 
273 0 
274 1 505 
275 0 
276 1 233 
277 0 
278 1 66 
279 0 
280 1 643 
281 0 
282 2 197 503 
283 0 
284 0 
285 1 50 
286 2 28 353 
287 1 397 
288 0 
289 1 507 
290 0 
291 0 
292 2 429 539 
293 1 214 
294 1 337 
295 0 
296 1 634 
297 0 
298 0 
299 1 197 
300 0 
301 1 18 
302 1 353 
303 0 
304 0 
305 0 
306 0 
307 0 
308 1 547 
309 1 107 
310 0 
311 0 
312 1 680 
313 2 334 461 
314 0 
315 0 
316 1 509 
317 1 542 
318 0 
319 3 191 541 562 
320 0 
321 0 
322 0 
323 2 155 260 
324 0 
325 2 350 406 
326 0 
327 0 
328 1 8 
329 1 117 
330 2 5 120 
331 0 
332 2 588 661 
333 0 
334 3 82 313 690 
335 1 99 
336 0 
337 1 294 
338 0 
339 0 
340 1 359 
341 1 642 
342 2 265 428 
343 1 49 
344 1 404 
345 0 
346 1 656 
347 1 233 
348 1 546 
349 0 
350 1 325 
351 0 
352 0 
353 2 286 302 
354 0 
355 0 
356 0 
357 1 552 
358 0 
359 2 221 340 
360 1 514 
361 1 20 
362 0 
363 0 
364 0 
365 0 
366 0 
367 0 
368 0 
369 0 
370 0 
371 0 
372 0 
373 0 
374 2 27 65 
375 1 50 
376 0 
377 0 
378 0 
379 1 245 
380 1 242 
381 1 172 
382 0 
383 1 593 
384 0 
385 0 
386 1 550 
387 1 666 
388 1 562 
389 2 9 442 
390 0 
391 2 10 97 
392 1 220 
393 1 188 
394 0 
395 0 
396 1 493 
397 2 287 659 
398 1 595 
399 0 
400 0 
401 1 202 
402 1 266 
403 0 
404 3 344 557 670 
405 0 
406 1 325 
407 0 
408 1 86 
409 0 
410 0 
411 0 
412 0 
413 1 560 
414 0 
415 0 
416 0 
417 1 587 
418 1 7 
419 1 43 
420 0 
421 0 
422 0 
423 1 685 
424 0 
425 0 
426 0 
427 0 
428 1 342 
429 1 292 
430 0 
431 0 
432 1 596 
433 0 
434 0 
435 0 
436 1 698 
437 0 
438 0 
439 0 
440 0 
441 0 
442 2 139 389 
443 1 156 
444 3 129 587 648 
445 0 
446 2 497 544 
447 2 463 471 
448 0 
449 1 476 
450 1 66 
451 1 85 
452 0 
453 2 569 581 
454 1 199 
455 2 73 230 
456 0 
457 0 
458 0 
459 1 556 
460 0 
461 1 313 
462 0 
463 1 447 
464 1 233 
465 0 
466 0 
467 0 
468 1 471 
469 1 115 
470 1 471 
471 3 447 468 470 
472 0 
473 0 
474 0 
475 1 31 
476 1 449 
477 0 
478 0 
479 1 482 
480 1 539 
481 0 
482 1 479 
483 0 
484 1 652 
485 0 
486 2 235 589 
487 1 116 
488 1 14 
489 1 127 
490 0 
491 0 
492 1 63 
493 3 229 396 624 
494 0 
495 0 
496 0 
497 2 446 652 
498 0 
499 1 542 
500 0 
501 0 
502 0 
503 2 282 589 
504 0 
505 1 274 
506 1 694 
507 3 7 204 289 
508 0 
509 1 316 
510 0 
511 1 165 
512 0 
513 0 
514 1 360 
515 0 
516 0 
517 0 
518 0 
519 0 
520 0 
521 0 
522 0 
523 0 
524 0 
525 0 
526 0 
527 0 
528 1 695 
529 1 616 
530 0 
531 2 16 194 
532 1 79 
533 0 
534 0 
535 1 636 
536 0 
537 0 
538 0 
539 2 292 480 
540 0 
541 2 11 319 
542 2 317 499 
543 1 561 
544 1 446 
545 1 70 
546 1 348 
547 2 201 308 
548 0 
549 0 
550 1 386 
551 0 
552 2 45 357 
553 1 673 
554 0 
555 1 74 
556 2 203 459 
557 1 404 
558 0 
559 1 64 
560 1 413 
561 2 21 543 
562 2 319 388 
563 1 142 
564 1 617 
565 2 40 255 
566 1 34 
567 0 
568 1 662 
569 2 79 453 
570 3 184 214 664 
571 0 
572 0 
573 0 
574 1 43 
575 0 
576 0 
577 0 
578 0 
579 0 
580 0 
581 2 50 453 
582 2 66 166 
583 0 
584 0 
585 1 134 
586 0 
587 2 417 444 
588 2 22 332 
589 2 486 503 
590 0 
591 0 
592 0 
593 2 79 383 
594 0 
595 1 398 
596 1 432 
597 0 
598 0 
599 1 609 
600 0 
601 1 602 
602 1 601 
603 1 615 
604 0 
605 1 68 
606 0 
607 0 
608 1 107 
609 1 599 
610 0 
611 0 
612 1 104 
613 0 
614 0 
615 1 603 
616 1 529 
617 4 4 175 564 635 
618 0 
619 0 
620 0 
621 0 
622 0 
623 0 
624 1 493 
625 0 
626 2 271 664 
627 0 
628 0 
629 1 218 
630 1 83 
631 1 636 
632 2 83 119 
633 0 
634 1 296 
635 2 196 617 
636 2 535 631 
637 0 
638 0 
639 0 
640 0 
641 1 97 
642 1 341 
643 1 280 
644 0 
645 0 
646 0 
647 0 
648 3 163 184 444 
649 0 
650 1 106 
651 1 213 
652 2 484 497 
653 0 
654 1 153 
655 0 
656 1 346 
657 0 
658 1 64 
659 3 202 218 397 
660 0 
661 1 332 
662 1 568 
663 1 256 
664 2 570 626 
665 0 
666 1 387 
667 0 
668 0 
669 1 164 
670 1 404 
671 0 
672 0 
673 1 553 
674 0 
675 0 
676 0 
677 1 158 
678 0 
679 0 
680 1 312 
681 0 
682 0 
683 1 97 
684 0 
685 1 423 
686 1 35 
687 0 
688 0 
689 0 
690 2 211 334 
691 1 130 
692 3 43 55 269 
693 0 
694 1 506 
695 1 528 
696 0 
697 0 
698 1 436 
699 1 13 
