700 9290
0 26 23 53 127 139 160 196 218 257 306 322 447 465 498 504 505 516 528 535 543 544 576 604 607 622 636 693 
1 28 8 10 11 13 78 84 101 108 132 136 159 177 194 195 276 278 325 386 391 396 428 482 522 560 617 624 664 691 
2 32 38 41 87 92 114 128 148 194 209 224 257 260 272 291 304 333 367 420 459 467 471 482 512 537 583 591 601 634 671 676 683 685 
3 25 114 146 185 188 227 234 254 263 304 310 367 408 417 430 438 456 539 558 568 571 591 622 628 642 695 
4 23 14 17 41 50 108 118 129 206 256 257 273 290 294 323 398 405 443 509 519 583 612 620 654 
5 21 24 33 73 88 135 209 214 235 268 283 306 327 341 474 475 479 507 559 572 641 650 
6 28 59 133 140 167 211 224 264 268 289 290 317 323 336 392 423 455 499 505 513 522 531 574 582 589 621 631 671 690 
7 29 28 56 126 190 198 232 305 311 327 360 374 385 436 444 448 488 489 493 503 549 561 584 602 639 641 666 672 676 689 
8 23 1 14 56 78 80 119 133 152 163 179 263 265 274 283 305 312 425 546 620 625 653 678 694 
9 25 26 45 74 82 90 93 119 130 135 139 153 201 207 277 288 300 412 416 426 483 533 540 582 599 635 
10 25 1 48 50 57 74 128 135 147 227 314 315 338 343 370 407 415 420 442 471 542 613 615 631 633 687 
11 29 1 18 24 56 93 101 109 113 146 162 174 191 198 214 237 261 301 328 343 365 386 449 452 464 489 525 609 627 645 
12 22 26 41 46 84 138 154 180 250 254 276 371 412 442 447 470 520 529 543 615 634 645 699 
13 34 1 65 74 75 97 125 133 155 171 176 192 218 221 258 275 279 293 313 319 345 350 429 452 460 489 583 595 610 614 619 647 664 669 689 
14 30 4 8 74 81 104 115 116 123 126 187 191 192 204 281 303 321 338 370 409 452 467 471 567 574 575 582 596 609 633 648 
15 24 16 21 59 61 109 209 216 222 237 240 296 328 329 344 372 395 404 420 452 467 541 632 651 683 
16 27 15 20 75 80 97 113 131 137 163 205 214 239 252 332 344 360 405 419 424 427 431 560 574 590 620 654 691 
17 25 4 53 58 61 63 168 196 199 249 255 284 304 323 333 343 365 409 439 520 521 588 648 673 686 688 
18 26 11 61 99 104 115 116 142 162 199 208 220 233 248 251 272 328 366 448 496 548 620 643 657 660 681 699 
19 27 79 94 119 130 145 157 168 220 269 288 291 318 361 367 382 411 422 434 437 459 480 519 569 583 636 671 675 
20 26 16 24 27 29 30 52 55 62 140 145 148 242 368 372 384 433 508 511 522 533 537 587 631 633 651 671 
21 28 15 47 61 65 115 117 146 193 215 226 243 248 271 274 311 315 331 354 361 390 405 460 465 472 516 525 574 681 
22 29 58 77 92 127 179 197 209 218 231 232 275 349 384 398 407 420 443 444 452 465 485 548 552 575 604 638 642 658 679 
23 26 0 95 134 147 161 232 235 292 302 400 402 442 449 471 478 498 508 515 516 564 601 639 643 646 688 698 
24 38 5 11 20 98 129 131 142 144 164 194 214 241 257 271 284 313 355 372 392 399 401 409 414 415 424 468 508 509 539 546 561 600 605 612 615 631 684 692 
25 24 45 48 87 133 151 179 212 253 273 277 350 355 396 454 461 495 543 555 574 597 653 673 679 687 
26 21 9 12 44 173 297 309 324 397 419 449 481 509 518 578 583 590 622 657 660 687 697 
27 22 20 39 73 100 202 222 245 288 410 411 440 465 466 470 502 549 556 600 642 663 670 698 
28 23 7 67 100 125 127 165 169 219 222 309 339 394 422 460 485 511 586 592 598 613 639 691 695 
29 29 20 61 106 148 200 206 216 229 237 240 282 302 308 326 359 364 414 433 474 502 515 526 574 575 601 606 654 667 693 
30 28 20 54 69 132 142 147 193 198 204 305 335 350 368 375 387 444 488 492 493 494 541 589 595 612 620 640 643 673 
31 30 58 69 74 102 128 140 191 235 281 284 289 337 364 391 401 410 415 420 457 458 498 507 511 512 556 559 620 636 676 690 
32 39 51 89 140 143 152 182 208 210 223 238 239 265 276 278 287 289 292 319 330 355 367 375 408 416 432 438 453 521 563 576 582 587 592 600 630 636 650 665 683 
33 21 5 51 77 78 139 176 183 185 215 254 268 369 391 416 448 465 490 501 543 581 677 
34 26 35 53 173 229 253 254 263 264 284 289 376 390 408 434 473 510 512 516 535 598 627 651 660 667 675 694 
35 28 34 82 87 106 155 166 225 261 284 290 312 340 353 373 388 391 413 457 474 477 529 539 568 575 606 614 642 645 
36 22 58 71 150 195 265 295 313 343 467 490 495 513 532 544 563 583 616 617 645 655 664 665 
37 21 44 57 77 215 228 244 245 329 353 358 368 398 432 464 502 523 554 584 590 609 631 
38 22 2 61 69 150 179 182 214 223 233 273 296 306 307 329 348 366 376 410 427 556 641 689 
39 20 27 41 74 145 149 251 327 382 449 460 476 485 514 570 575 595 621 669 687 696 
40 29 60 66 74 85 103 114 123 143 222 230 237 310 318 334 340 386 439 445 498 502 520 533 586 618 630 671 688 692 697 
41 23 2 4 12 39 86 146 158 199 326 349 353 395 431 432 453 458 465 496 498 527 628 653 675 
42 26 78 95 103 107 127 159 171 207 210 273 310 319 359 361 372 426 429 446 458 469 502 592 596 641 652 656 
43 30 47 48 50 119 150 167 173 175 225 274 304 343 358 385 408 414 429 431 435 452 477 505 549 580 588 607 611 615 621 698 
44 23 26 37 82 124 134 143 267 292 327 349 355 378 400 535 538 543 588 595 633 648 672 693 699 
45 28 9 25 67 117 141 276 277 300 346 359 361 373 399 403 410 426 435 452 459 467 491 527 537 546 556 558 605 683 
46 29 12 52 90 108 123 128 135 188 211 267 269 284 304 307 320 323 347 376 385 386 404 440 444 626 633 654 659 664 671 
47 32 21 43 62 73 78 107 119 183 213 232 236 247 259 276 323 340 367 396 439 465 472 495 549 563 575 590 604 627 654 665 686 699 
48 33 10 25 43 58 79 83 90 103 134 195 202 206 210 218 222 231 289 315 352 361 400 402 436 438 488 512 526 534 535 538 661 695 699 
49 21 98 112 225 239 248 275 318 392 415 416 441 510 538 546 556 560 592 635 639 684 692 
50 20 4 10 43 65 140 155 156 163 173 177 227 229 245 256 292 346 446 501 536 590 
51 23 32 33 95 116 180 192 196 198 210 272 278 336 353 367 368 370 431 496 507 578 584 617 640 
52 23 20 46 91 98 146 199 219 233 234 253 298 362 382 391 398 487 525 548 549 655 661 668 679 
53 21 0 17 34 64 87 156 169 202 210 237 313 347 363 424 492 517 531 592 603 651 664 
54 27 30 62 82 88 102 107 201 202 254 261 305 317 333 360 375 436 437 448 455 457 532 536 594 653 664 665 687 
55 25 20 65 66 107 111 155 225 230 253 254 286 322 362 410 415 425 455 534 571 591 601 635 639 658 669 
56 22 7 8 11 82 110 127 137 142 157 168 170 177 203 211 281 302 323 328 456 557 587 686 
57 26 10 37 131 191 201 279 317 339 357 375 433 439 499 502 509 510 556 559 569 581 609 612 637 670 686 699 
58 31 17 22 31 36 48 67 81 95 169 251 264 278 290 325 330 358 361 382 387 473 503 521 526 544 570 585 626 639 644 645 649 
59 27 6 15 68 90 139 181 220 225 229 256 270 304 334 501 529 602 610 621 638 641 646 653 660 677 678 681 688 
60 29 40 115 148 176 226 239 249 267 281 285 291 328 349 395 430 443 446 449 463 511 556 564 584 590 597 603 607 651 677 
61 34 15 17 18 21 29 38 75 87 90 111 190 194 213 222 225 239 248 263 289 366 521 525 532 548 572 593 621 629 649 658 662 672 685 689 
62 33 20 47 54 70 91 92 102 128 129 156 186 187 204 210 229 242 288 314 436 440 457 462 470 473 503 572 585 586 614 627 648 650 669 
63 23 17 138 145 228 258 284 295 382 436 468 475 494 519 537 563 573 595 603 624 627 645 665 690 
64 24 53 90 127 145 183 196 211 214 215 216 263 285 345 354 357 387 442 452 453 480 487 504 642 667 
65 30 13 21 50 55 93 108 118 165 188 194 228 264 276 289 319 323 357 374 397 421 440 475 491 502 507 514 515 545 594 699 
66 24 40 55 92 133 141 142 176 202 204 206 236 321 331 387 440 465 499 548 563 587 604 607 620 629 
67 21 28 45 58 72 82 150 257 281 283 297 353 436 438 517 527 575 581 597 621 686 697 
68 24 59 70 73 96 152 187 316 318 342 362 387 404 430 454 501 513 534 570 573 592 629 637 638 687 
69 23 30 31 38 95 154 223 226 256 278 293 319 321 378 391 451 460 464 480 527 541 574 608 630 
70 21 62 68 107 137 138 147 148 152 178 274 303 351 364 416 429 438 493 535 564 565 585 
71 20 36 100 124 155 198 284 294 345 403 405 467 516 531 545 554 571 620 644 672 695 
72 22 67 88 132 135 211 225 232 248 258 301 309 315 348 375 376 399 432 482 573 598 650 697 
73 32 5 27 47 68 106 123 220 243 245 268 297 301 314 326 338 353 372 386 417 450 463 486 490 495 534 549 559 601 617 626 641 674 
74 26 9 10 13 14 31 39 40 109 114 242 256 283 287 312 359 379 473 484 493 500 552 593 638 642 653 662 
75 24 13 16 61 82 98 106 135 171 186 197 258 278 283 289 368 385 396 442 535 545 549 608 639 666 
76 24 88 138 144 156 177 178 208 254 266 299 328 335 368 403 475 498 556 566 605 642 651 652 664 684 
77 21 22 33 37 116 124 169 187 235 239 281 323 347 440 520 529 542 574 576 579 596 614 
78 32 1 8 33 42 47 82 94 122 138 141 143 190 195 303 307 309 310 317 379 392 455 479 492 517 528 535 565 566 581 664 676 699 
79 27 19 48 80 86 93 96 105 116 152 165 193 199 242 243 264 305 409 432 435 467 483 518 522 562 588 632 642 
80 26 8 16 79 83 104 111 115 150 161 178 181 184 265 278 288 302 323 324 384 387 404 474 515 664 680 699 
81 24 14 58 181 186 197 199 246 247 288 314 365 377 382 385 392 423 458 554 612 619 631 644 646 658 
82 29 9 35 44 54 56 67 75 78 90 95 134 156 170 205 246 272 339 366 393 447 456 463 481 529 535 560 569 681 686 
83 15 48 80 129 164 256 295 298 311 376 416 439 453 588 672 684 
84 17 1 12 167 200 211 264 404 464 468 498 542 561 584 616 675 696 698 
85 17 40 200 231 239 246 251 267 297 309 321 381 477 508 627 634 649 698 
86 21 41 79 137 142 168 225 231 255 287 302 318 401 463 465 504 511 529 585 600 602 613 
87 20 2 25 35 53 61 290 337 382 389 431 453 495 503 540 558 577 582 630 649 659 
88 27 5 54 72 76 170 184 193 221 240 247 306 354 361 372 377 393 407 435 438 445 456 478 567 574 581 602 650 
89 22 32 99 103 198 236 278 359 363 369 374 407 431 444 456 477 494 520 566 635 667 677 697 
90 30 9 46 48 59 61 64 82 94 185 212 265 309 362 366 369 384 393 435 453 485 490 501 525 567 584 585 592 598 599 656 
91 36 52 62 99 112 116 123 129 140 143 221 233 240 242 244 249 272 288 290 339 350 364 388 450 468 486 504 505 541 558 579 582 654 687 693 697 699 
92 20 2 22 62 66 117 169 175 221 250 254 262 311 316 340 395 526 527 563 575 598 
93 24 9 11 65 79 112 128 136 181 287 302 309 310 314 329 344 366 383 423 502 528 602 609 640 695 
94 24 19 78 90 174 195 246 262 264 278 281 294 295 336 350 397 435 450 490 498 533 554 597 599 691 
95 30 23 42 51 58 69 82 104 105 117 211 250 259 279 284 301 320 391 393 433 466 472 484 510 544 578 594 617 632 640 645 
96 32 68 79 119 124 149 161 181 204 207 235 238 246 248 333 355 395 403 451 468 489 499 508 512 514 531 556 584 631 633 656 680 689 
97 28 13 16 132 185 202 257 258 301 347 379 392 408 429 471 476 488 496 530 539 550 574 596 600 626 631 635 670 697 
98 27 24 49 52 75 104 107 108 132 135 158 159 224 225 241 283 298 301 395 447 469 492 528 576 586 641 668 682 
99 28 18 89 91 121 138 147 149 183 192 263 280 307 333 341 361 386 403 406 487 531 544 554 602 621 638 641 690 692 
100 24 27 28 71 101 218 232 260 286 379 397 413 426 441 450 471 529 534 538 548 549 591 596 654 661 
101 28 1 11 100 207 213 232 249 269 290 304 307 352 362 363 401 412 459 473 503 553 558 594 635 646 654 667 675 690 
102 21 31 54 62 127 128 144 247 260 261 264 280 344 349 414 473 494 532 536 545 561 587 
103 24 40 42 48 89 127 199 212 225 228 246 289 355 366 378 429 442 467 494 497 544 558 637 639 668 
104 29 14 18 80 95 98 147 149 188 210 227 263 265 295 307 322 348 358 382 409 414 488 509 527 552 575 601 636 642 656 
105 22 79 95 131 175 207 269 286 311 369 395 416 439 466 473 499 508 529 542 599 606 657 677 
106 25 29 35 73 75 118 124 128 138 156 158 182 208 263 264 276 332 336 431 520 567 621 633 637 648 686 
107 28 42 47 54 55 70 98 138 223 268 296 311 318 337 370 409 418 426 492 532 538 548 568 574 581 608 615 616 640 
108 29 1 4 46 65 98 142 172 223 245 277 299 308 312 340 347 422 431 455 494 498 515 524 565 607 612 618 627 643 685 
109 24 11 15 74 118 141 160 191 218 265 281 283 291 333 344 384 463 574 609 620 638 642 656 684 692 
110 31 56 119 120 157 190 193 195 225 240 246 356 370 373 386 393 412 468 501 536 547 550 575 598 599 601 609 627 651 652 660 691 
111 35 55 61 80 132 156 164 204 205 222 226 238 247 267 276 329 333 340 383 400 431 433 452 495 520 529 559 578 580 593 599 610 622 649 673 690 
112 21 49 91 93 180 182 222 224 226 233 301 350 404 429 477 495 516 520 584 628 646 647 
113 24 11 16 125 142 160 203 237 238 252 260 372 405 421 433 498 504 516 564 571 628 664 676 677 682 
114 29 2 3 40 74 117 132 144 189 207 218 261 269 275 296 362 378 409 431 503 521 549 565 619 635 671 673 684 689 699 
115 29 14 18 21 60 80 118 133 214 222 257 273 280 334 379 398 467 496 505 526 547 559 596 631 643 653 659 662 679 684 
116 23 14 18 51 77 79 91 131 135 181 183 237 339 366 374 404 408 480 547 555 578 603 657 683 
117 24 21 45 92 95 114 148 191 245 287 300 320 321 387 408 425 453 459 488 511 580 637 650 660 662 
118 30 4 65 106 109 115 130 139 143 193 208 243 281 311 313 318 346 349 380 404 432 435 455 477 479 597 602 612 622 648 693 
119 30 8 9 19 43 47 96 110 149 153 184 255 303 309 330 379 381 382 421 426 461 462 484 495 497 557 565 621 626 636 689 
120 30 110 154 157 163 168 205 215 237 288 294 298 308 314 327 334 349 371 401 414 440 449 492 500 525 572 587 615 626 668 673 
121 24 99 143 147 280 298 318 344 387 419 431 435 440 452 514 595 608 644 649 654 655 659 672 675 688 
122 21 78 127 136 168 191 215 227 389 409 431 454 476 483 486 488 567 571 579 624 683 695 
123 28 14 40 46 73 91 140 163 179 225 233 278 288 294 317 346 372 383 405 408 416 444 452 462 541 546 582 665 673 
124 26 44 71 77 96 106 167 209 217 241 242 267 302 317 362 388 412 455 456 464 475 476 510 584 629 663 688 
125 26 13 28 113 150 167 202 213 249 327 330 341 385 411 438 508 513 526 557 570 576 620 626 651 685 688 694 
126 19 7 14 186 387 402 406 407 445 458 510 522 556 607 631 649 675 683 689 694 
127 38 0 22 28 42 56 64 102 103 122 140 160 186 208 229 240 260 269 281 297 300 314 331 339 409 410 420 434 435 445 448 466 474 484 533 602 619 637 679 
128 34 2 10 31 46 62 93 102 106 174 220 225 267 279 291 333 373 374 387 390 397 405 479 485 528 538 542 554 557 561 594 602 626 644 693 
129 31 4 24 62 83 91 151 153 161 170 181 182 202 204 214 229 276 283 302 363 376 385 443 461 520 529 538 552 587 588 595 615 
130 23 9 19 118 168 189 190 202 208 219 247 258 259 269 331 392 421 427 468 495 597 633 638 665 
131 24 16 24 57 105 116 185 195 210 220 269 299 312 352 389 403 409 426 451 492 509 523 538 572 671 
132 34 1 30 72 97 98 111 114 144 148 151 164 186 217 235 265 378 437 442 455 469 470 471 483 494 528 530 553 557 588 626 633 652 663 681 
133 16 6 8 13 25 66 115 211 294 339 402 454 464 484 588 657 666 
134 20 23 44 48 82 250 262 269 319 328 340 444 518 550 551 613 644 677 683 695 697 
135 27 5 9 10 46 72 75 98 116 154 266 272 295 364 408 421 429 460 473 495 506 570 645 653 670 689 692 699 
136 19 1 93 122 137 230 235 284 324 363 374 390 403 415 437 508 539 570 604 671 
137 21 16 56 70 86 136 159 178 230 258 259 294 314 330 345 407 451 487 539 554 610 644 
138 26 12 63 70 76 78 99 106 107 146 164 279 299 313 326 353 358 372 426 446 528 546 556 559 612 615 651 
139 32 0 9 33 59 118 174 192 194 245 266 277 291 306 311 323 336 357 396 440 476 525 529 554 595 601 613 618 622 629 640 677 678 
140 34 6 20 31 32 50 91 123 127 162 188 228 268 286 293 355 364 372 393 429 490 505 510 514 517 531 554 561 565 582 626 632 639 650 681 
141 21 45 66 78 109 220 223 254 261 316 351 363 412 416 431 443 498 507 547 595 668 677 
142 27 18 24 30 56 66 86 108 113 156 157 178 188 230 285 304 317 336 386 391 393 398 412 498 596 597 617 633 
143 27 32 40 44 78 91 118 121 155 230 281 292 295 298 329 345 478 489 500 523 544 561 571 576 597 635 655 671 
144 28 24 76 102 114 132 186 197 213 220 223 246 252 279 324 391 396 422 427 428 446 451 537 561 562 578 607 655 685 
145 30 19 20 39 63 64 160 165 186 188 205 212 264 318 322 339 346 352 393 457 459 462 518 540 560 575 594 606 608 641 647 
146 28 3 11 21 41 52 138 167 190 206 224 238 244 330 358 414 451 479 493 503 504 507 512 560 562 635 644 645 651 
147 35 10 23 30 70 99 104 121 170 175 188 189 242 249 253 272 287 318 334 362 383 403 454 459 466 468 480 518 543 593 602 605 617 628 630 674 
148 27 2 20 29 60 70 117 132 221 225 235 237 241 328 378 383 429 451 465 484 522 530 612 622 663 670 683 697 
149 34 39 96 99 104 119 187 201 215 218 228 238 273 280 308 311 341 366 400 411 431 441 478 536 537 585 590 601 606 623 655 657 661 671 679 
150 32 36 38 43 67 80 125 176 183 192 200 213 241 246 248 275 283 286 313 356 436 442 454 510 534 568 595 601 602 627 635 668 673 
151 32 25 129 132 168 196 256 265 272 276 293 328 331 361 385 411 427 436 441 465 492 509 522 534 580 590 596 601 609 615 668 679 681 
152 29 8 32 68 70 79 154 272 286 301 315 317 331 368 370 414 416 425 470 477 519 529 530 539 554 565 626 653 684 686 
153 28 9 119 129 178 202 248 263 286 313 332 355 363 406 438 464 492 535 558 569 576 615 627 631 637 652 677 685 689 
154 21 12 69 120 135 152 209 213 221 240 311 324 420 453 508 512 625 647 678 683 684 688 
155 29 13 35 50 55 71 143 158 189 281 289 326 330 334 342 361 369 414 426 433 437 461 464 468 533 556 612 646 659 686 
156 31 50 53 62 76 82 106 111 142 186 188 213 227 256 271 397 404 421 426 431 494 507 529 534 584 587 596 613 630 665 693 696 
157 30 19 56 110 120 142 171 184 204 208 227 242 260 301 304 368 447 456 469 488 490 521 556 562 575 597 619 630 658 697 698 
158 22 41 98 106 155 174 189 192 224 231 262 267 309 349 404 451 455 480 486 543 555 631 697 
159 29 1 42 98 137 216 225 247 284 299 312 336 341 352 359 361 379 392 394 428 473 524 526 552 582 595 642 670 673 695 
160 18 0 109 113 127 145 222 311 314 329 342 386 387 406 475 504 513 650 690 
161 24 23 80 96 129 173 181 225 236 250 282 302 311 321 355 365 398 440 449 476 502 508 548 656 693 
162 25 11 18 140 192 246 309 322 328 333 382 390 433 460 475 476 529 547 555 565 588 630 649 660 671 679 
163 28 8 16 50 120 123 173 224 321 372 401 403 419 429 452 466 474 479 483 485 504 513 516 522 571 653 667 684 698 
164 22 24 83 111 132 138 210 237 240 336 337 389 392 396 406 440 455 468 469 481 577 584 611 
165 26 28 65 79 145 196 215 221 224 231 320 329 339 367 370 426 439 469 488 539 554 571 579 601 614 620 638 
166 20 35 205 207 211 246 248 290 324 356 417 469 480 481 483 504 513 619 635 673 689 
167 26 6 43 84 124 125 146 170 254 281 308 317 319 322 332 393 544 569 601 603 619 638 640 654 665 666 672 
168 21 17 19 56 86 120 122 130 151 198 217 241 294 340 344 364 399 412 578 629 672 675 
169 16 28 53 58 77 92 260 280 332 371 477 489 588 597 643 656 673 
170 28 56 82 88 129 147 167 176 192 193 200 208 254 257 267 330 371 395 399 431 438 468 496 527 584 623 664 672 673 
171 20 13 42 75 157 193 217 277 294 345 350 372 440 479 560 579 596 599 612 644 681 
172 24 108 196 223 245 247 280 289 310 315 411 425 428 433 435 455 506 522 526 541 570 593 626 671 676 
173 21 26 34 43 50 161 163 195 199 225 229 236 254 295 330 391 398 446 466 617 651 683 
174 29 11 94 128 139 158 198 259 261 267 277 282 300 329 345 400 418 430 478 512 525 535 544 563 595 596 599 608 638 659 
175 32 43 92 105 147 177 181 192 213 229 249 251 279 295 308 328 335 388 433 449 452 474 488 550 563 569 576 629 630 634 656 679 696 
176 28 13 33 60 66 150 170 187 211 253 255 258 301 309 310 335 359 376 426 439 481 497 502 554 601 615 623 651 699 
177 17 1 50 56 76 175 299 359 471 478 484 519 523 574 623 633 679 682 
178 26 70 76 80 137 142 153 186 212 267 301 318 342 360 413 416 503 516 532 547 562 593 606 646 659 661 698 
179 26 8 22 25 38 123 276 291 301 309 340 367 422 426 440 461 509 514 533 553 579 584 622 624 672 684 697 
180 24 12 51 112 184 220 270 275 298 385 392 427 459 495 508 534 557 569 582 587 588 606 625 629 685 
181 27 59 80 81 93 96 116 129 161 175 239 270 303 304 314 353 401 412 443 510 542 553 571 572 586 605 627 687 
182 20 32 38 106 112 129 287 291 343 366 383 414 427 468 533 558 578 590 642 667 693 
183 17 33 47 64 99 116 150 199 204 212 226 264 369 381 489 506 623 651 
184 27 80 88 119 157 180 199 221 226 238 242 302 332 362 381 426 428 455 473 478 495 556 562 565 575 618 670 687 
185 26 3 33 90 97 131 197 224 225 234 259 267 286 306 317 402 415 470 472 476 478 497 538 596 611 613 624 
186 35 62 75 81 126 127 132 144 145 156 178 196 229 231 265 288 297 331 356 357 358 394 406 416 452 466 508 537 542 585 593 600 640 648 667 670 
187 19 14 62 68 77 149 176 196 211 218 278 297 302 310 407 453 475 516 551 652 
188 27 3 46 65 104 140 142 145 147 156 191 216 219 222 301 302 331 358 376 395 399 454 514 589 593 605 655 677 
189 20 114 130 147 155 158 202 239 267 276 319 367 384 442 509 564 588 594 605 668 676 
190 29 7 61 78 110 130 146 191 196 225 265 268 271 303 315 317 337 373 435 496 508 525 531 542 579 587 641 650 660 698 
191 23 11 14 31 57 109 117 122 188 190 198 210 224 285 310 359 399 414 493 555 563 580 603 636 
192 24 13 14 51 99 139 150 158 162 170 175 323 328 336 372 416 430 435 458 461 497 500 501 503 550 
193 23 21 30 79 88 110 118 170 171 255 297 384 386 460 472 513 547 559 566 582 651 655 686 690 
194 21 1 2 24 61 65 139 308 332 371 387 425 468 472 536 583 591 596 631 646 650 689 
195 27 1 36 48 78 94 110 131 173 254 281 283 325 374 377 379 432 477 480 529 535 544 580 621 650 670 675 691 
196 21 0 17 51 64 151 165 172 186 187 190 207 309 326 523 524 606 620 626 679 680 697 
197 16 22 75 81 144 185 204 225 321 341 350 384 432 481 520 528 696 
198 32 7 11 30 51 71 89 168 174 191 201 261 313 364 384 389 398 430 471 474 488 491 501 525 562 577 588 597 602 619 628 690 694 
199 29 17 18 41 52 79 81 103 173 183 184 204 313 328 329 345 394 395 438 480 489 532 534 543 549 551 616 642 661 686 
200 22 29 84 85 150 170 299 349 358 369 375 490 499 503 506 544 552 583 593 623 656 664 691 
201 26 9 54 57 149 198 202 211 226 232 284 285 334 347 365 408 485 522 535 610 615 629 634 645 651 673 680 
202 35 27 48 53 54 66 97 125 129 130 153 189 201 207 256 266 284 287 293 328 344 365 367 369 400 434 503 510 536 554 579 584 593 644 670 672 
203 18 56 113 223 225 229 274 294 376 431 455 506 535 539 555 605 621 691 694 
204 22 14 30 62 66 96 111 129 157 183 197 199 217 240 316 367 420 554 601 608 628 669 674 
205 18 16 82 111 120 145 166 219 245 359 377 444 570 607 628 635 644 684 686 
206 22 4 29 48 66 146 259 273 287 312 334 340 343 420 440 471 528 580 583 584 630 668 671 
207 29 9 42 96 101 105 114 166 196 202 241 268 270 275 311 319 384 405 424 483 512 527 588 638 657 658 665 672 691 693 
208 29 18 32 76 106 118 127 130 157 170 223 299 307 374 404 439 440 477 494 516 529 531 545 550 584 614 621 643 656 672 
209 16 2 5 15 22 124 154 298 370 398 402 528 566 588 616 634 655 
210 23 32 42 48 51 53 62 104 131 164 191 225 244 246 314 340 354 365 398 402 406 510 552 626 
211 35 6 46 56 64 72 84 95 133 166 176 187 201 217 232 259 354 375 377 379 387 394 399 416 417 435 452 474 494 502 549 559 618 620 652 674 
212 22 25 90 103 145 178 183 275 279 314 319 346 353 401 440 448 456 465 559 588 609 625 626 
213 24 47 61 101 125 144 150 154 156 175 264 278 292 353 360 370 392 425 445 466 480 562 564 652 664 
214 37 5 11 16 24 38 64 115 129 238 275 297 308 323 338 355 360 371 386 394 410 426 451 463 478 485 497 530 533 553 563 576 580 593 601 624 641 692 
215 25 21 33 37 64 120 122 149 165 259 304 306 342 354 374 402 405 416 440 452 505 541 597 627 635 662 
216 27 15 29 64 159 188 235 246 263 290 317 318 330 348 354 373 376 379 396 511 616 624 630 632 634 635 670 691 
217 23 124 132 168 171 204 211 244 275 276 287 325 327 385 417 464 506 518 550 607 622 654 662 665 
218 26 0 13 22 48 100 109 114 149 187 290 325 450 451 494 498 523 528 538 551 563 621 628 632 647 669 686 
219 20 28 52 130 188 205 238 267 308 328 346 356 373 387 402 431 445 553 610 637 654 
220 25 18 19 59 73 128 131 141 144 180 225 266 313 324 354 368 404 442 443 446 449 458 489 587 669 699 
221 29 13 88 91 92 148 154 165 184 237 247 285 318 342 347 399 411 431 487 515 525 529 541 544 604 606 628 669 673 679 
222 32 15 27 28 40 48 61 111 112 115 160 188 232 242 251 300 325 356 392 394 409 416 426 473 480 515 552 553 599 621 639 640 661 
223 33 32 38 69 107 108 141 144 172 203 208 225 243 250 269 270 313 329 374 428 438 449 481 509 512 515 523 530 571 652 656 668 670 696 
224 26 2 6 98 112 146 158 163 165 185 191 233 267 288 332 432 478 513 522 539 562 577 583 635 667 676 689 
225 39 35 43 49 55 59 61 72 86 98 103 110 123 128 148 159 161 173 185 190 197 203 210 220 223 282 310 343 361 415 459 496 517 524 544 558 621 627 647 691 
226 16 21 60 69 111 112 183 184 201 233 237 298 453 532 541 547 661 
227 19 3 10 50 104 122 156 157 259 318 338 375 416 425 487 516 522 636 685 689 
228 21 37 63 65 103 140 149 246 277 386 411 422 431 443 472 478 479 514 587 591 682 686 
229 32 29 34 50 59 62 127 129 173 175 186 203 269 297 323 352 357 449 508 509 515 524 543 546 570 589 592 594 608 635 639 641 648 
230 19 40 55 136 137 142 143 284 360 388 403 450 462 476 509 586 614 619 686 694 
231 16 22 48 85 86 158 165 186 247 326 360 404 410 421 536 606 623 
232 29 7 22 23 47 72 100 101 201 211 222 249 256 280 284 288 298 361 368 369 401 499 525 530 574 579 585 587 647 664 
233 26 18 38 52 91 112 123 224 226 258 270 284 330 351 444 474 485 502 567 585 593 611 616 624 654 662 678 
234 24 3 52 185 235 251 291 310 350 402 462 491 497 501 536 549 560 585 605 609 620 627 630 643 695 
235 30 5 23 31 77 96 132 136 148 216 234 264 285 310 351 375 394 417 440 496 509 517 519 532 561 596 597 611 616 658 696 
236 21 47 66 89 161 173 258 269 278 282 322 352 413 443 453 498 511 516 603 619 673 688 
237 28 11 15 29 40 53 113 116 120 148 164 221 226 245 277 322 334 343 424 434 439 481 491 516 526 645 672 685 692 
238 25 32 96 111 113 146 149 184 214 219 240 265 308 344 374 400 404 418 427 435 473 486 577 588 680 694 
239 25 16 32 49 60 61 77 85 181 189 273 293 294 359 377 447 483 507 529 540 545 553 581 585 668 693 
240 22 15 29 88 91 110 127 154 164 204 238 249 262 276 322 397 434 536 625 632 664 676 683 
241 29 24 98 124 148 150 168 207 261 293 306 323 361 378 382 401 418 420 440 444 453 506 508 538 584 607 608 610 629 689 
242 26 20 62 74 79 91 124 147 157 184 222 260 263 348 352 358 366 387 440 450 475 518 526 576 648 681 687 
243 27 21 73 79 118 223 258 261 273 304 306 308 310 332 424 439 484 506 555 565 577 585 599 627 642 653 694 698 
244 24 37 91 146 210 217 252 279 320 327 334 362 431 441 443 485 491 544 553 555 602 623 636 683 689 
245 34 27 37 50 73 108 117 139 172 205 237 251 273 342 364 376 417 459 476 479 480 490 495 516 520 531 545 549 564 570 597 645 646 653 668 
246 36 81 82 85 94 96 103 110 144 150 162 166 210 216 228 248 282 307 311 338 352 355 367 407 421 449 462 469 475 508 536 537 554 559 580 645 684 
247 26 47 81 88 102 111 130 159 172 221 231 260 268 306 308 335 350 355 358 438 447 468 564 569 575 598 615 
248 23 18 21 49 61 72 96 150 153 166 246 304 310 314 389 390 458 495 543 544 570 585 658 676 
249 23 17 60 91 101 125 147 175 232 240 254 259 287 329 356 366 390 396 404 445 472 479 500 534 
250 29 12 92 95 134 161 223 253 258 322 342 358 363 364 393 397 415 435 449 459 467 506 570 582 604 611 642 648 666 673 
251 28 18 39 58 85 175 222 234 245 315 331 405 449 453 458 475 478 487 496 522 544 555 582 594 654 661 668 672 697 
252 24 16 113 144 244 255 292 338 366 428 485 492 501 504 511 532 535 604 621 659 667 673 678 685 692 
253 17 25 34 52 55 147 176 250 262 271 281 282 302 304 342 352 511 653 
254 30 3 12 33 34 54 55 76 92 141 167 170 173 195 249 301 393 394 413 451 482 529 577 581 607 635 638 646 655 675 694 
255 15 17 86 119 176 193 252 280 308 323 472 487 592 646 667 694 
256 32 4 50 59 69 74 83 151 156 202 232 266 290 293 347 410 415 421 451 454 460 483 508 526 531 544 552 565 605 624 629 658 676 
257 22 0 2 4 24 67 97 115 170 346 373 470 483 496 501 518 519 562 596 633 657 677 683 
258 25 13 63 72 75 97 130 137 176 233 236 243 250 279 406 453 466 472 498 556 583 604 625 642 650 654 
259 29 47 95 130 137 174 185 206 211 215 227 249 282 283 294 308 317 356 378 393 396 463 477 511 530 538 577 586 592 614 
260 22 2 100 102 113 127 157 169 242 247 274 292 353 382 393 485 496 505 528 542 593 601 668 
261 32 11 35 54 102 114 141 174 198 241 243 297 319 320 327 352 386 408 413 428 513 522 541 542 543 547 608 640 667 669 680 690 698 
262 28 92 94 134 158 240 253 266 270 293 304 331 332 334 336 378 387 423 502 525 603 607 614 637 642 645 663 677 695 
263 31 3 8 34 61 64 99 104 106 153 216 242 268 282 333 360 402 408 423 456 458 517 518 561 640 650 652 660 690 692 694 699 
264 39 6 34 58 65 79 84 94 102 106 145 183 213 235 300 303 319 324 333 337 349 384 420 440 459 476 486 525 546 551 552 562 578 599 642 645 672 673 676 699 
265 35 8 32 36 80 90 104 109 132 151 186 190 238 277 305 308 312 383 395 405 414 443 458 480 497 498 521 522 526 527 566 620 624 637 649 664 
266 25 76 135 139 202 220 256 262 271 277 286 309 333 422 443 444 472 487 504 513 526 527 651 663 687 698 
267 32 44 46 60 85 111 124 128 158 170 174 178 185 189 219 224 269 322 342 414 437 478 486 566 578 598 615 661 665 668 690 693 696 
268 20 5 6 33 73 107 140 190 207 247 263 271 442 484 500 540 548 581 582 612 648 
269 33 19 46 101 105 114 127 130 131 134 223 229 236 267 283 307 315 344 369 376 397 496 497 534 539 548 565 588 589 601 610 612 654 665 
270 25 59 180 181 207 223 233 262 291 307 365 377 430 442 452 456 470 471 483 502 566 600 656 672 676 679 
271 28 21 24 156 190 253 266 268 275 285 286 303 341 370 389 401 424 435 438 469 514 542 571 572 625 636 640 693 695 
272 35 2 18 51 82 91 135 147 151 152 285 288 320 330 349 375 380 393 394 414 419 455 467 517 546 567 573 579 601 608 609 633 647 651 655 659 
273 23 4 25 38 42 115 149 206 239 243 245 305 335 349 369 381 429 456 479 540 556 561 572 620 
274 23 8 21 43 70 203 260 292 302 366 399 414 426 430 453 511 550 567 585 639 646 650 657 681 
275 34 13 22 49 114 150 180 207 212 214 217 271 290 306 310 312 366 386 391 396 467 483 493 502 512 515 535 552 585 590 605 629 637 654 665 
276 26 1 12 32 45 47 65 106 111 129 151 179 189 217 240 300 302 312 340 361 388 450 481 482 528 547 618 
277 28 9 25 45 108 139 171 174 228 237 265 266 291 297 301 338 351 356 394 395 408 424 441 461 475 525 534 567 676 
278 29 1 32 51 58 69 75 80 89 94 123 187 213 236 325 349 395 428 441 464 507 519 523 526 558 622 628 649 660 669 
279 25 13 57 95 128 138 144 175 212 244 258 302 386 387 395 426 483 491 496 513 522 615 617 653 676 681 
280 25 99 102 115 121 149 169 172 232 255 310 326 335 361 386 398 417 516 523 566 617 623 639 651 670 696 
281 28 14 31 56 60 67 77 94 109 118 127 143 155 167 195 253 324 362 363 398 420 462 478 504 524 548 600 650 672 
282 31 29 161 174 225 236 246 253 259 263 288 299 303 328 349 374 389 396 434 442 470 485 505 513 526 547 559 579 586 587 668 683 
283 30 5 8 67 74 75 98 109 129 150 195 259 269 298 362 367 386 394 398 436 501 509 527 539 548 553 592 598 612 649 651 
284 26 17 24 31 34 35 46 63 71 95 136 159 201 202 230 232 233 294 346 373 428 452 453 502 572 686 698 
285 25 60 64 142 191 201 221 235 271 272 290 354 355 375 411 423 425 474 524 618 622 623 651 653 676 689 
286 22 55 100 105 140 150 152 153 185 266 271 354 383 428 482 535 564 584 594 600 603 611 626 
287 23 32 74 86 93 117 147 182 202 206 217 249 294 370 407 429 430 457 495 530 625 645 653 692 
288 31 9 19 27 62 80 81 91 120 123 186 224 232 272 282 303 313 330 385 393 455 463 485 499 535 537 541 553 584 595 597 658 
289 24 6 31 32 34 48 61 65 75 103 155 172 297 299 333 364 434 448 468 524 584 590 632 640 680 
290 28 4 6 35 58 87 91 101 166 216 218 256 275 285 315 317 357 427 438 479 481 495 574 596 605 606 634 648 663 
291 24 2 19 60 109 128 139 179 182 234 270 277 296 331 360 419 483 558 591 604 651 657 660 666 674 
292 21 23 32 44 50 143 213 252 260 274 303 322 335 467 470 519 614 625 636 638 658 670 
293 28 13 69 140 151 202 239 241 256 262 312 324 343 349 366 382 390 396 417 448 498 517 528 589 611 646 649 650 690 
294 29 4 71 94 120 123 133 137 168 171 203 239 259 284 287 304 323 329 386 401 404 450 493 495 542 551 596 624 656 674 
295 21 36 63 83 94 104 135 143 173 175 362 403 425 444 466 537 542 564 593 607 609 617 
296 25 15 38 107 114 291 303 324 410 422 432 438 445 449 489 507 519 542 554 564 577 615 646 655 674 688 
297 27 26 67 73 85 127 186 187 193 214 229 261 277 289 307 310 383 409 412 439 466 484 488 530 548 634 639 681 
298 32 52 83 98 120 121 143 180 209 226 232 283 313 323 334 341 344 357 428 453 475 527 535 544 573 591 641 664 673 674 685 690 696 
299 27 76 108 131 138 159 177 200 208 282 289 336 350 351 363 406 416 456 508 527 538 551 616 654 655 663 673 675 
300 25 9 45 117 127 174 222 264 276 314 319 332 339 350 357 383 412 450 487 488 544 598 619 622 648 656 
301 40 11 72 73 95 97 98 112 152 157 176 178 179 188 254 277 305 339 369 373 384 462 463 467 474 483 498 508 512 515 523 526 561 584 591 599 625 650 676 689 694 
302 35 23 29 56 80 86 93 124 129 161 184 187 188 253 274 276 279 309 330 344 349 399 405 430 432 465 473 488 492 509 592 631 648 657 678 687 
303 26 14 70 78 119 181 190 264 271 282 288 292 296 374 396 405 441 443 496 498 516 547 573 574 631 633 660 
304 41 2 3 17 43 46 59 101 142 157 181 215 243 248 253 262 294 317 347 365 379 380 384 398 402 407 410 423 459 462 463 489 492 513 518 520 526 576 643 667 688 693 
305 21 7 8 30 54 79 265 273 301 377 402 413 422 433 466 481 527 536 546 547 570 596 
306 25 0 5 38 88 139 185 215 241 243 247 275 312 313 321 359 377 438 505 552 553 554 567 578 590 646 
307 25 38 46 78 99 101 104 208 246 269 270 297 313 357 359 374 427 449 464 506 530 541 554 603 672 699 
308 33 29 108 120 149 167 175 194 214 219 238 243 247 255 259 265 359 373 393 449 451 455 479 482 526 541 554 556 565 600 605 625 679 682 
309 28 26 28 72 78 85 90 93 119 158 162 176 179 196 266 302 318 411 452 453 459 470 576 651 659 669 682 683 699 
310 34 3 40 42 78 93 172 176 187 191 225 234 235 243 248 275 280 297 324 342 368 383 409 429 465 482 518 547 575 593 601 604 616 665 695 
311 23 7 21 83 92 105 107 118 139 149 154 160 161 207 246 340 392 484 501 537 544 569 582 643 
312 30 8 35 74 108 131 159 206 265 275 276 293 306 328 339 340 344 347 361 379 410 438 470 493 502 566 576 629 660 670 671 
313 29 13 24 36 53 118 138 150 153 198 199 220 223 288 298 306 307 346 357 361 369 412 454 472 544 556 579 595 596 643 
314 38 10 62 73 81 93 120 127 137 160 181 210 212 248 300 324 333 341 344 368 385 406 446 474 481 483 489 499 527 528 531 542 551 573 574 585 590 603 674 
315 33 10 21 48 72 152 172 190 251 269 290 323 331 345 386 415 416 451 455 461 469 479 504 517 546 549 576 601 603 606 638 645 648 699 
316 20 68 92 141 204 322 346 358 365 419 441 451 473 483 527 587 628 654 669 689 692 
317 30 6 54 57 78 123 124 142 152 167 185 190 216 259 290 304 323 331 365 393 419 468 485 501 503 508 587 602 624 646 649 
318 34 19 40 49 68 86 107 118 121 145 147 178 216 221 227 309 332 334 396 428 429 464 494 509 514 521 552 568 587 603 642 647 649 661 671 
319 38 13 32 42 65 69 134 167 189 207 212 261 264 300 351 363 391 411 418 425 441 445 464 475 484 490 502 505 514 534 562 605 607 610 630 667 668 689 691 
320 18 46 95 117 165 244 261 272 410 421 492 553 556 574 584 610 615 619 648 
321 20 14 66 69 85 117 161 163 197 306 362 395 396 414 418 467 469 503 513 621 660 
322 24 0 55 104 145 162 167 236 237 240 250 267 292 316 369 416 447 452 493 512 609 636 664 673 695 
323 37 4 6 17 46 47 56 65 77 80 139 192 214 229 241 255 294 298 315 317 339 352 369 390 406 425 463 506 539 554 574 576 623 642 649 666 689 694 
324 27 26 80 136 144 154 166 220 264 281 293 296 310 314 325 395 433 449 457 525 536 556 577 597 614 659 667 690 
325 25 1 58 195 217 218 222 278 324 337 360 395 404 430 450 469 472 473 480 503 535 544 592 617 660 698 
326 21 29 41 73 138 155 196 231 280 333 343 361 370 446 486 563 570 611 673 675 695 697 
327 20 5 7 39 44 120 125 217 244 261 397 432 437 467 472 538 542 575 641 648 664 
328 35 11 15 18 56 60 76 134 148 151 162 175 192 199 202 219 282 312 333 360 363 408 418 437 451 464 492 497 501 503 512 513 569 576 632 665 
329 25 15 37 38 93 111 143 160 165 174 199 223 249 294 413 490 493 508 517 566 569 576 644 669 676 678 
330 32 32 58 119 125 137 146 155 170 173 216 233 272 288 302 333 335 379 413 442 479 498 512 520 591 595 604 613 615 618 624 656 661 
331 27 21 66 127 130 151 152 186 188 251 262 291 315 317 335 339 346 367 370 442 495 505 530 552 607 645 646 664 
332 23 16 106 153 167 169 184 194 224 243 262 300 318 386 454 490 509 522 554 612 614 659 671 687 
333 31 2 17 54 96 99 109 111 128 162 263 264 266 289 314 326 328 330 342 359 388 395 420 456 457 466 558 572 612 688 689 693 
334 28 40 59 115 120 147 155 201 206 237 244 262 298 318 336 343 427 450 479 488 499 518 593 599 615 632 662 681 691 
335 19 30 76 175 176 247 273 280 292 330 331 339 406 419 433 492 586 598 669 691 
336 14 6 51 94 106 139 142 159 164 192 262 299 334 365 522 
337 18 31 87 107 164 190 264 325 354 387 427 444 451 570 644 660 662 666 676 
338 24 10 14 73 214 227 246 252 277 341 354 366 384 476 516 539 564 566 572 585 590 602 619 635 680 
339 29 28 57 82 91 116 127 133 145 165 300 301 312 323 331 335 403 482 489 508 512 518 535 630 632 649 656 659 682 689 
340 29 35 40 47 92 108 111 134 168 179 206 210 276 311 312 358 366 384 417 425 450 500 520 563 612 620 622 627 653 679 
341 26 5 99 125 149 159 197 271 298 314 338 343 348 359 387 392 442 443 497 523 534 545 560 565 608 615 658 
342 32 68 155 160 178 215 221 245 250 253 267 310 333 398 416 429 439 465 477 500 517 535 558 590 600 609 616 624 626 634 665 667 676 
343 31 10 11 17 36 43 182 206 225 237 293 326 334 341 375 388 407 415 423 436 464 467 542 555 578 580 601 632 659 675 676 688 
344 25 15 16 93 102 109 121 168 202 238 269 298 302 312 314 417 458 460 514 524 566 582 613 620 643 646 
345 28 13 64 71 137 143 171 174 199 315 365 366 367 383 389 401 420 447 468 474 506 508 541 608 612 625 630 647 667 
346 31 45 50 118 123 145 212 219 257 284 313 316 331 352 361 387 453 458 465 500 512 537 567 581 588 637 649 663 668 670 683 691 
347 37 46 53 77 97 108 201 221 256 304 312 376 406 446 485 487 496 503 520 523 533 539 542 550 561 573 582 590 593 603 609 614 621 639 658 659 688 696 
348 27 38 72 104 216 242 341 355 389 425 467 471 504 507 528 537 546 547 579 582 583 642 655 657 674 680 695 699 
349 26 22 41 44 60 102 118 120 158 200 264 272 273 278 282 293 302 394 454 478 529 536 539 552 583 605 609 
350 28 13 25 30 91 94 112 171 197 234 247 299 300 352 369 394 496 502 503 544 568 584 621 631 644 657 661 677 679 
351 27 70 141 233 235 277 299 319 353 361 400 405 412 434 446 452 467 500 549 583 584 595 597 657 669 677 688 695 
352 26 48 101 131 145 159 229 236 242 246 253 261 323 346 350 419 460 472 481 496 498 509 546 564 572 594 610 
353 23 35 37 41 51 67 73 138 181 212 213 260 351 385 395 442 471 477 487 544 567 649 664 692 
354 19 21 64 88 210 211 215 216 220 285 286 337 338 420 544 624 642 671 682 692 
355 26 24 25 32 44 96 103 140 153 161 214 246 247 285 348 357 365 500 518 520 528 547 558 577 601 618 640 
356 20 110 150 166 186 219 222 249 259 277 460 465 485 558 559 563 574 618 643 655 687 
357 25 57 64 65 139 186 229 290 298 300 307 313 355 413 421 430 458 461 477 488 498 576 583 604 607 643 
358 26 37 43 58 104 138 146 186 188 200 242 247 250 316 340 394 425 450 453 456 528 533 546 630 656 672 686 
359 25 29 42 45 74 89 159 176 177 191 205 239 306 307 308 333 341 401 405 406 467 480 523 620 654 674 
360 29 7 16 54 178 213 214 230 231 263 291 325 328 368 374 409 437 440 460 467 494 525 536 595 609 625 673 679 689 695 
361 28 19 21 42 45 48 58 88 99 151 155 159 225 232 241 276 280 312 313 326 346 351 399 459 512 556 570 571 580 
362 34 52 55 68 90 101 114 124 147 184 244 281 283 295 321 403 415 473 477 479 521 522 535 542 565 579 592 594 610 617 623 665 679 686 698 
363 27 53 89 101 129 136 141 153 250 281 299 319 328 388 412 517 536 545 548 558 614 616 628 650 654 662 667 684 
364 20 29 31 70 91 135 140 168 198 245 250 289 369 419 438 439 485 508 558 675 693 
365 25 11 17 81 161 201 202 210 270 304 316 317 336 345 355 380 400 429 540 564 568 571 624 631 659 690 
366 30 18 38 61 82 90 93 103 116 149 182 242 249 252 274 275 293 338 340 345 374 380 408 419 546 579 586 633 635 655 699 
367 26 2 3 19 32 47 51 165 179 189 202 204 246 283 331 345 385 440 448 460 496 501 503 533 549 605 613 
368 27 20 30 37 51 75 76 152 157 220 232 310 314 360 388 463 501 522 535 562 567 587 601 625 640 646 684 690 
369 30 33 89 90 105 155 183 200 202 232 269 273 301 313 322 323 350 364 386 390 434 436 461 490 539 548 551 585 623 664 699 
370 27 10 14 51 107 110 152 165 209 213 271 287 326 331 390 391 422 441 466 479 520 557 608 609 651 666 682 684 
371 23 12 120 169 170 194 214 395 410 414 421 433 440 442 446 464 471 492 496 499 515 524 535 659 
372 24 15 20 24 42 73 88 113 123 138 140 163 171 192 373 376 406 436 485 502 507 521 584 657 669 
373 25 35 45 110 128 190 216 219 257 284 301 308 372 408 455 458 519 532 534 583 599 602 618 621 642 662 
374 23 7 65 89 116 128 136 195 208 215 223 238 282 303 307 360 366 483 484 560 580 601 613 639 
375 27 30 32 54 57 72 200 211 227 235 272 285 343 390 395 399 434 483 524 533 549 556 634 636 644 672 675 697 
376 25 34 38 46 72 83 129 176 188 203 216 245 269 347 372 391 419 424 438 448 481 608 641 661 663 690 
377 23 81 88 195 205 211 239 270 305 306 407 412 418 441 468 538 556 563 575 588 664 670 690 697 
378 19 44 69 103 114 132 148 241 259 262 386 423 438 526 533 618 680 687 688 692 
379 24 74 78 97 100 115 119 159 195 211 216 304 312 330 382 396 444 450 452 474 479 534 600 680 690 
380 22 118 272 304 365 366 405 432 481 484 523 531 540 541 558 564 569 583 586 610 622 648 664 
381 20 85 119 183 184 273 398 408 421 436 472 480 492 503 532 566 598 632 644 668 685 
382 23 19 39 52 58 63 81 87 104 119 162 241 260 293 379 457 458 460 471 491 530 559 624 659 
383 23 93 111 123 147 148 182 265 286 297 300 310 345 387 428 467 532 534 574 575 583 657 664 683 
384 27 20 22 80 90 109 189 193 197 198 207 264 301 304 338 340 487 512 565 593 596 628 640 646 673 676 680 694 
385 28 7 43 46 75 81 125 129 151 180 217 288 314 353 367 402 406 420 421 466 492 544 556 608 615 635 639 646 651 
386 34 1 11 40 46 73 99 110 142 160 193 214 228 261 275 279 280 283 294 315 332 369 378 391 398 420 427 468 481 566 589 610 615 652 694 
387 32 30 58 64 66 68 80 117 121 126 128 160 194 211 219 242 262 279 337 341 346 383 420 436 459 497 541 551 583 602 650 660 663 
388 23 35 91 124 175 230 276 333 343 363 368 397 399 419 434 439 480 485 544 553 561 622 673 686 
389 23 87 122 131 164 198 248 271 282 345 348 439 478 479 498 528 538 551 552 562 582 653 660 661 
390 23 21 34 128 136 162 248 249 293 323 369 370 375 426 442 452 467 509 554 572 622 675 688 696 
391 22 1 31 33 35 52 69 95 142 144 173 275 319 370 376 386 400 537 543 575 588 626 645 
392 20 6 24 49 78 81 97 130 159 164 180 213 222 311 341 467 472 530 531 622 666 
393 26 82 88 90 95 110 140 142 145 167 250 254 259 260 272 288 308 317 432 441 444 457 468 574 623 648 691 
394 29 28 159 186 199 211 214 222 235 254 272 277 283 349 350 358 459 462 479 494 519 523 558 623 650 663 665 674 677 685 
395 36 15 41 60 92 96 98 105 170 188 199 265 277 278 279 321 324 325 333 353 371 375 417 430 457 467 478 483 510 520 588 631 632 636 646 657 666 
396 28 1 25 47 75 139 144 164 216 249 259 275 282 293 303 318 321 379 451 519 538 563 583 584 600 601 630 642 685 
397 21 26 65 94 100 128 156 240 250 269 327 388 414 422 465 509 567 575 624 631 680 687 
398 26 4 22 37 52 115 142 161 173 198 209 210 280 281 283 304 342 381 386 451 479 507 510 515 575 603 652 
399 29 24 45 72 168 170 188 191 211 221 274 302 361 375 388 401 413 497 499 523 524 570 611 621 633 663 670 674 675 676 
400 19 23 44 48 111 149 174 202 238 351 365 391 402 461 481 544 603 610 615 686 
401 25 24 31 86 101 120 163 181 212 232 241 271 294 345 359 399 417 422 437 451 463 543 603 612 630 648 
402 29 23 48 126 133 185 209 210 215 219 234 263 304 305 385 400 417 443 444 462 465 482 491 520 527 537 548 620 633 636 
403 31 45 71 76 96 99 131 136 147 163 230 295 339 362 431 449 453 460 477 480 481 485 520 526 537 549 559 560 597 659 665 697 
404 27 15 46 68 80 84 112 116 118 156 158 208 220 231 238 249 294 325 411 425 456 515 531 532 553 648 657 683 
405 32 4 16 21 71 113 123 128 207 215 251 265 302 303 351 359 380 415 416 435 436 469 487 515 517 518 528 550 567 605 609 623 698 
406 25 99 126 153 160 164 186 210 258 299 314 323 335 347 359 372 385 479 590 616 635 643 656 670 675 691 
407 23 10 22 88 89 126 137 187 246 287 304 343 377 434 449 479 482 483 521 523 535 579 582 630 
408 28 3 32 34 43 97 116 117 123 135 201 261 263 277 328 366 373 381 417 456 477 504 523 538 540 563 588 625 638 
409 26 14 17 24 79 104 107 114 122 127 131 222 297 310 360 430 439 447 475 478 489 530 591 595 638 645 682 
410 27 27 31 38 45 55 127 214 231 256 296 304 312 320 371 419 423 460 466 472 495 522 526 573 580 631 681 693 
411 22 19 27 125 149 151 172 221 228 285 309 319 404 489 503 526 548 554 557 577 593 611 659 
412 29 9 12 101 110 124 141 142 168 181 297 300 313 351 363 377 426 445 447 479 516 524 526 585 597 608 620 657 674 684 
413 23 35 100 178 236 254 261 305 329 330 357 399 425 449 521 547 548 575 627 664 665 666 684 696 
414 26 24 29 43 102 104 120 146 152 155 182 191 265 267 272 274 321 371 397 418 449 452 521 579 617 641 678 
415 25 10 24 31 49 55 136 185 225 250 256 315 343 362 405 436 461 472 506 521 559 564 581 627 671 687 
416 31 9 32 33 49 70 83 105 123 141 152 178 186 192 211 215 222 227 299 315 322 342 405 443 494 532 542 555 613 625 654 659 
417 30 3 73 166 211 217 235 245 280 293 340 344 395 401 402 408 418 424 481 492 505 535 541 563 581 595 606 635 646 652 685 
418 20 107 174 238 241 319 321 328 377 414 417 435 495 501 539 557 563 588 614 621 680 
419 27 16 26 121 163 272 291 316 317 335 352 364 366 376 388 410 434 500 516 524 546 555 579 599 624 635 636 698 
420 33 2 10 15 22 31 127 154 204 206 241 264 281 333 345 354 385 386 387 430 468 473 477 479 510 519 523 533 537 631 651 673 684 696 
421 27 65 113 119 130 135 156 231 246 256 320 357 371 381 385 432 471 492 552 553 561 570 594 609 627 632 654 669 
422 23 19 28 108 144 179 228 266 296 305 370 397 401 459 466 478 484 518 640 651 659 663 676 681 
423 22 6 81 93 262 263 285 304 343 378 410 438 454 475 480 491 510 542 562 639 640 644 697 
424 25 16 24 53 207 237 243 271 277 376 417 427 494 499 530 540 543 566 585 602 620 624 643 647 653 679 
425 34 8 55 117 152 172 194 213 227 285 295 319 323 340 348 358 404 413 453 465 475 482 511 515 520 522 538 553 563 572 573 576 644 652 658 
426 33 9 42 45 100 107 119 131 138 155 156 165 176 179 184 214 222 274 279 390 412 432 436 443 466 477 507 568 584 594 611 616 654 687 
427 28 16 38 130 144 151 180 182 238 290 307 334 337 386 424 428 432 474 511 528 557 596 602 607 631 644 646 663 673 
428 31 1 144 159 172 184 223 252 261 278 284 286 298 318 383 427 437 443 463 467 473 490 518 522 542 549 571 573 593 612 628 657 
429 25 13 42 43 70 97 103 112 135 140 148 163 273 287 310 318 342 365 431 459 477 497 511 538 608 634 
430 26 3 60 68 174 192 198 270 274 287 302 325 357 395 409 420 442 453 459 468 491 503 507 605 622 647 663 
431 30 16 41 43 51 87 89 106 108 111 114 121 122 141 149 156 170 203 219 221 228 244 403 429 437 452 475 508 531 628 639 
432 24 32 37 41 72 79 118 195 197 224 296 302 327 380 393 421 426 427 436 448 478 527 560 578 630 
433 28 20 29 57 95 111 113 155 162 172 175 305 324 335 371 466 478 485 512 535 597 612 638 645 652 660 661 679 683 
434 21 19 34 127 202 237 240 282 289 351 369 375 388 407 419 461 477 495 532 539 661 694 
435 25 43 45 79 88 90 94 118 121 127 172 190 192 211 238 250 271 405 418 440 508 532 537 544 572 610 
436 26 7 48 54 62 63 67 150 151 283 343 369 372 381 387 405 415 426 432 465 511 519 520 525 535 592 672 
437 19 19 54 132 136 155 267 327 328 360 401 428 431 442 492 551 568 569 572 602 
438 30 3 32 48 67 70 88 125 153 170 199 223 247 271 290 296 306 312 364 376 378 423 467 509 510 512 520 562 624 645 664 
439 27 17 40 47 57 83 105 165 176 208 237 243 297 342 364 388 389 409 554 566 616 626 639 642 670 673 695 698 
440 38 27 46 62 65 66 77 120 121 139 161 164 171 179 206 208 212 215 235 241 242 264 360 367 371 435 442 523 548 552 562 588 590 598 614 615 655 660 665 
441 21 49 100 149 151 244 277 278 303 316 319 370 377 393 456 461 489 501 548 576 579 637 
442 34 10 12 23 64 75 103 132 150 189 220 268 270 282 330 331 341 353 371 390 430 437 440 443 446 450 486 521 564 575 589 628 629 634 668 
443 29 4 22 60 129 141 181 220 228 236 244 265 266 303 341 402 416 426 428 442 462 512 517 595 597 629 639 651 665 697 
444 24 7 22 30 46 89 123 134 205 233 241 266 295 337 379 393 402 455 476 517 529 598 631 658 660 
445 19 40 88 126 127 213 219 249 296 319 412 455 456 467 479 488 579 595 599 608 
446 26 42 50 60 138 144 173 220 314 326 347 351 371 442 452 469 503 507 528 544 553 560 566 576 577 614 636 
447 22 0 12 82 98 157 239 247 322 345 409 412 459 470 477 503 525 552 558 561 588 594 615 
448 19 7 18 33 54 127 212 289 293 367 376 432 486 497 508 527 577 603 634 656 
449 29 11 23 26 39 60 120 161 175 220 223 229 246 250 251 296 307 308 324 403 407 413 414 469 477 506 593 622 648 690 
450 19 73 91 94 100 218 230 242 276 294 300 325 334 340 358 379 442 579 583 670 
451 26 69 96 131 137 144 146 148 158 214 218 254 256 308 315 316 328 337 396 398 401 463 486 553 557 599 638 
452 39 11 13 14 15 22 43 45 64 111 121 123 163 175 186 211 215 270 284 309 322 351 379 390 414 431 446 461 480 481 494 502 529 530 564 571 606 638 651 667 
453 35 32 41 64 83 87 90 117 154 187 226 236 241 251 258 274 284 298 309 346 358 403 425 430 498 550 584 601 622 630 650 655 663 674 678 698 
454 19 25 68 122 133 147 150 188 256 313 332 349 423 511 513 527 554 555 659 694 
455 28 6 54 55 78 108 118 124 132 158 164 172 184 203 272 288 308 315 373 444 445 476 508 572 583 599 643 648 678 
456 29 3 56 82 88 89 124 157 212 263 270 273 299 333 358 404 408 441 445 527 555 558 567 575 581 587 604 641 659 689 
457 17 31 35 54 62 145 287 324 333 382 393 395 459 461 512 545 579 602 
458 29 31 41 42 81 126 192 220 248 251 263 265 344 346 357 373 382 475 477 530 532 551 642 654 657 663 664 681 687 693 
459 33 2 19 45 101 117 145 147 180 225 245 250 264 304 309 361 387 394 422 429 430 447 457 464 480 484 509 568 589 609 626 656 670 671 
460 30 13 21 28 39 69 135 162 193 256 344 352 356 360 367 382 403 410 477 500 501 525 537 557 560 571 587 601 612 620 682 
461 29 25 119 129 155 179 192 277 315 357 369 400 415 434 441 452 457 477 510 517 534 542 560 563 573 586 600 621 623 628 
462 25 62 119 123 145 230 234 246 281 301 304 394 402 443 481 526 532 536 546 552 564 567 569 583 604 607 
463 20 60 73 82 86 109 214 259 288 301 304 323 368 401 428 451 465 494 599 668 674 
464 24 11 37 69 84 124 133 153 155 217 278 307 318 319 328 343 371 459 465 466 557 576 592 620 672 
465 35 0 21 22 27 33 41 47 66 86 148 151 212 302 310 342 346 356 397 402 425 436 463 464 511 512 515 523 556 562 608 611 627 643 655 688 
466 31 27 95 105 127 147 163 173 186 213 258 295 297 305 333 370 385 410 422 426 433 464 504 519 521 522 550 553 567 575 663 674 
467 39 2 14 15 36 45 71 79 103 115 250 272 275 292 301 321 327 343 348 351 359 360 383 390 392 395 428 438 445 518 533 544 561 618 627 649 650 666 668 669 
468 31 24 63 84 91 96 110 130 147 155 164 170 182 194 247 289 317 345 377 386 393 420 430 469 475 502 511 532 566 578 652 662 
469 24 42 98 132 157 164 165 166 246 271 315 321 325 405 446 449 468 486 493 517 530 548 554 580 633 
470 23 12 27 62 132 152 185 257 270 282 292 309 312 447 548 565 575 588 603 606 645 660 671 676 
471 28 2 10 14 23 97 100 132 177 198 206 270 348 353 371 382 421 473 476 498 499 514 516 540 542 544 601 620 683 
472 25 21 47 95 185 193 194 228 249 255 258 266 313 325 327 352 381 392 410 415 486 522 585 603 607 686 
473 24 34 58 62 74 101 102 105 135 159 184 222 238 302 316 325 362 420 428 471 487 510 664 666 674 
474 27 5 29 35 80 127 163 175 198 211 233 285 301 314 345 379 427 479 510 529 555 584 595 611 625 671 686 697 
475 26 5 63 65 76 124 160 162 187 242 246 251 277 298 319 409 423 425 431 458 468 537 541 545 611 621 628 
476 22 39 97 122 124 139 161 162 185 230 245 264 338 444 455 471 550 557 605 625 674 684 696 
477 36 35 43 85 89 112 118 152 169 195 208 259 342 353 357 362 403 408 420 426 429 434 447 449 458 460 461 488 548 552 564 590 604 657 661 667 685 
478 28 23 88 143 149 174 177 184 185 214 224 228 251 267 281 349 389 395 409 422 432 433 505 552 636 655 658 678 689 
479 37 5 78 118 128 146 163 171 228 245 249 273 290 308 315 330 334 362 370 379 389 394 398 406 407 412 420 445 474 490 495 510 518 521 527 600 682 697 
480 26 19 64 69 116 147 158 166 195 199 213 222 245 265 325 359 381 388 403 423 452 459 482 493 527 543 597 
481 31 26 82 164 166 176 197 223 237 276 290 305 314 352 376 380 386 400 403 417 452 462 484 518 546 549 580 587 614 675 689 696 
482 26 1 2 72 254 276 286 308 310 339 402 407 425 480 493 503 505 522 539 559 575 582 637 648 664 677 692 
483 29 9 79 122 132 163 166 207 239 256 257 270 275 279 291 301 314 316 374 375 395 407 499 510 568 582 598 620 623 672 
484 22 74 95 119 127 133 148 177 243 268 297 311 319 374 380 422 459 481 498 541 589 591 635 
485 30 22 28 39 90 128 163 201 214 233 244 252 260 282 288 317 347 356 364 372 388 403 433 505 513 542 574 593 616 623 634 
486 25 73 91 122 158 238 264 267 326 442 448 451 469 472 504 524 530 534 539 548 580 623 668 674 695 697 
487 19 52 64 99 137 221 227 251 255 266 300 347 353 384 405 473 506 513 672 693 
488 27 7 30 48 97 104 117 122 157 165 175 198 297 300 302 334 357 445 477 516 528 531 563 608 640 687 693 696 
489 21 7 11 13 96 143 169 183 199 220 296 304 314 339 409 411 441 500 561 569 579 656 
490 23 33 36 73 90 94 140 157 200 245 319 329 332 369 428 479 533 563 577 588 612 670 677 690 
491 20 45 65 198 234 237 244 279 382 402 423 430 522 544 594 596 601 612 656 665 688 
492 28 30 53 78 98 107 120 131 151 153 252 302 304 320 328 335 371 381 385 417 421 437 579 585 592 623 627 664 678 
493 23 7 30 70 74 146 191 275 294 312 322 329 469 480 482 511 563 578 602 629 664 673 683 690 
494 28 30 63 89 102 103 108 132 156 208 211 218 318 360 394 416 424 452 463 523 528 532 548 554 560 583 594 613 617 
495 34 25 36 47 73 87 111 112 119 130 135 180 184 245 248 287 290 294 331 410 418 434 479 522 532 538 544 545 556 572 586 600 635 651 697 
496 27 18 41 51 97 115 170 190 225 235 251 257 260 269 279 303 347 350 352 367 371 517 522 533 557 614 683 688 
497 19 103 119 176 185 192 214 234 265 269 328 341 387 399 429 448 498 567 603 633 
498 31 0 23 31 40 41 76 84 94 108 113 141 142 218 236 258 265 293 301 303 330 352 357 389 453 471 484 497 581 584 628 655 
499 22 6 57 66 96 105 200 232 288 314 334 371 399 424 471 483 501 522 572 600 612 614 628 
500 22 74 120 143 192 249 268 340 342 346 351 355 419 460 489 525 556 585 634 636 643 694 699 
501 26 33 50 59 68 90 110 192 198 234 252 257 283 311 317 328 367 368 418 441 460 499 502 567 619 649 698 
502 26 27 29 37 40 42 57 65 93 161 176 211 233 262 270 275 284 312 319 350 372 452 468 501 592 662 681 
503 32 7 58 62 87 101 114 146 178 192 200 202 317 321 325 328 347 350 367 381 411 430 446 447 482 530 542 552 587 600 614 644 693 
504 25 0 64 86 91 113 146 160 163 166 252 266 281 315 348 408 466 486 530 538 556 581 585 599 617 634 
505 19 0 6 43 91 115 140 215 260 282 306 319 331 417 478 482 485 510 682 698 
506 20 135 172 183 200 203 217 241 243 250 307 323 345 415 449 487 508 526 549 669 694 
507 22 5 31 51 65 141 146 156 239 278 296 348 372 398 426 430 446 549 560 578 633 684 688 
508 34 20 23 24 85 96 105 125 136 154 161 180 186 190 229 241 246 256 299 301 317 329 339 345 364 431 435 448 455 506 528 561 586 590 676 
509 31 4 24 26 57 104 131 151 179 189 223 229 230 235 283 302 318 332 352 390 397 438 459 531 556 571 583 607 624 630 633 656 
510 29 34 49 57 95 124 126 140 150 181 202 210 395 398 420 423 438 461 473 474 479 483 505 525 530 551 557 562 579 679 
511 32 20 28 31 60 86 117 216 236 252 253 259 274 425 427 429 436 454 465 468 493 515 525 530 534 552 599 642 657 662 671 681 692 
512 27 2 31 34 48 96 146 154 174 207 223 275 301 322 328 330 339 346 361 384 433 438 443 457 465 567 601 670 
513 22 6 36 68 125 160 163 166 193 224 261 266 279 282 304 321 328 454 485 487 515 621 668 
514 16 39 65 96 121 140 179 188 228 271 318 319 344 471 533 580 603 
515 32 23 29 65 80 108 221 222 223 229 275 301 371 398 404 405 425 465 511 513 523 538 545 547 584 590 613 631 652 680 685 686 696 
516 29 0 21 23 34 71 112 113 163 178 187 208 227 236 237 245 280 303 338 412 419 471 488 539 559 585 592 621 655 688 
517 24 53 67 78 140 225 235 263 272 293 315 329 342 363 405 443 444 461 469 496 522 573 623 644 693 
518 25 26 79 134 145 147 217 242 257 263 304 310 334 339 355 405 422 428 467 479 481 528 573 590 596 668 
519 21 4 19 63 152 177 235 257 278 292 296 373 394 396 420 436 466 576 583 607 644 673 
520 26 12 17 40 77 89 106 111 112 129 197 245 304 330 340 347 355 370 395 402 403 425 436 438 557 580 668 
521 26 17 32 58 61 114 157 265 318 362 372 407 413 414 415 442 466 479 538 542 593 613 614 635 678 680 691 
522 37 1 6 20 79 126 148 151 163 172 201 224 227 251 261 265 279 332 336 362 368 410 425 428 466 472 482 491 495 496 499 517 523 566 606 625 661 679 
523 30 37 131 143 177 196 218 223 278 280 301 341 347 359 380 394 399 407 408 420 440 465 494 515 522 548 553 606 637 683 689 
524 23 108 159 196 225 229 281 285 289 344 371 375 399 412 419 486 546 570 575 585 627 661 663 693 
525 30 11 21 52 61 90 120 139 174 190 198 221 232 262 264 277 324 360 436 447 460 500 510 511 535 588 599 659 687 689 692 
526 30 29 48 58 92 115 125 159 172 237 242 256 265 266 278 282 301 304 308 378 403 410 411 412 462 506 544 621 635 690 695 
527 31 41 45 67 69 92 104 170 207 265 266 283 298 299 305 314 316 402 432 448 454 456 479 480 539 550 555 588 616 652 686 690 
528 30 0 78 93 98 128 132 138 197 206 209 218 260 276 293 314 348 355 358 389 405 427 446 488 494 508 518 536 576 616 644 
529 29 12 35 59 77 82 86 100 105 111 129 139 152 156 162 195 208 221 239 254 349 444 452 474 538 550 554 612 665 666 
530 30 97 132 148 152 214 223 232 259 287 297 307 331 382 392 409 424 452 458 469 486 503 504 510 511 541 566 570 632 682 684 
531 28 6 53 71 96 99 140 190 208 245 256 314 380 392 404 431 488 509 543 564 583 596 608 612 622 623 632 642 648 
532 32 36 54 61 102 107 178 199 226 235 252 373 381 383 404 416 434 435 458 462 468 494 495 539 543 547 573 583 593 610 645 667 674 
533 23 9 20 40 94 127 155 179 182 214 347 358 367 375 378 420 467 490 496 514 561 577 585 600 
534 29 48 55 68 73 100 150 151 156 180 199 249 269 277 319 341 373 379 383 461 486 511 535 556 580 592 620 623 666 674 
535 34 0 34 44 48 70 75 78 82 153 174 195 201 203 252 275 286 288 298 325 339 342 362 368 371 407 417 433 436 525 534 591 611 631 668 
536 24 50 54 102 110 149 194 202 231 234 240 246 305 324 349 360 363 462 528 538 543 581 591 605 670 
537 30 2 20 45 63 144 149 186 246 288 295 311 346 348 391 402 403 420 435 460 475 555 561 586 592 610 611 614 621 629 688 
538 30 44 48 49 100 107 128 129 131 185 218 241 259 299 327 377 389 396 408 425 429 495 504 515 521 529 536 554 566 589 609 
539 26 3 24 35 97 136 137 152 165 203 224 269 283 323 338 347 349 369 418 434 482 486 516 527 532 657 683 
540 16 9 87 145 239 268 273 365 380 408 424 471 548 557 570 631 677 
541 25 15 30 69 91 123 172 215 221 226 261 288 307 308 345 380 387 417 475 484 530 551 590 630 648 673 
542 30 10 77 84 105 128 181 186 190 260 261 271 294 295 296 314 327 343 347 362 416 423 428 461 471 485 503 521 621 675 680 
543 27 0 12 25 33 44 147 158 199 229 248 261 391 401 424 480 531 532 536 547 550 576 577 581 612 629 662 688 
544 40 0 36 58 95 99 103 143 167 174 195 200 221 225 244 248 251 256 298 300 311 313 325 350 353 354 385 388 400 435 446 467 471 491 495 526 546 572 599 601 665 
545 19 65 71 75 102 208 239 245 341 363 457 475 495 515 563 588 653 659 686 688 
546 23 8 24 45 49 123 138 229 264 272 305 315 348 352 358 366 419 462 481 524 544 554 588 616 
547 25 110 115 116 141 162 178 193 226 261 276 282 303 305 310 348 355 413 515 532 543 589 591 665 671 696 
548 37 18 22 52 61 66 100 107 161 268 269 281 283 297 363 369 402 411 413 440 441 469 470 477 486 494 523 540 570 573 582 592 599 602 631 640 645 669 
549 33 7 27 43 47 52 73 75 100 114 199 211 234 245 315 351 367 375 403 428 481 506 507 582 597 603 640 644 660 672 679 684 690 694 
550 21 97 110 134 175 192 208 217 274 347 405 453 466 476 527 529 543 573 618 680 694 699 
551 23 134 187 199 218 264 294 299 314 369 387 389 437 458 510 541 578 618 631 638 649 670 675 685 
552 27 22 74 104 129 159 200 210 222 256 264 275 306 318 331 349 389 421 440 447 462 477 478 503 511 563 632 677 
553 27 101 132 179 181 214 219 222 239 244 283 288 306 320 388 404 421 425 446 451 466 523 558 573 588 598 662 683 
554 39 37 71 81 94 99 128 137 139 140 152 165 176 202 204 246 296 306 307 308 323 332 390 411 439 454 469 494 529 538 546 568 579 585 608 617 656 674 681 683 
555 20 25 116 158 162 191 203 243 244 251 343 416 419 454 456 474 527 537 638 663 694 
556 35 27 31 38 45 49 57 60 76 96 126 138 155 157 184 258 273 308 313 320 324 361 375 377 385 465 495 500 504 509 534 561 629 646 664 675 
557 26 56 119 125 128 132 180 370 411 418 427 451 460 464 476 496 510 520 540 558 571 599 617 632 659 667 698 
558 28 3 45 87 91 101 103 153 182 225 278 291 333 342 355 356 363 364 380 394 447 456 553 557 667 669 672 690 691 
559 25 5 31 57 73 111 115 138 193 211 212 246 282 356 382 403 415 482 516 586 593 637 650 679 681 695 
560 23 1 16 49 82 145 146 171 234 341 374 403 432 446 460 461 494 507 561 580 597 608 626 699 
561 29 7 24 84 102 128 140 143 144 235 263 273 301 347 388 421 447 467 489 508 533 537 556 560 563 600 606 660 664 675 
562 23 79 144 146 157 178 184 198 213 224 257 264 319 368 389 423 438 440 465 510 630 683 686 697 
563 33 32 36 47 63 66 92 174 175 191 214 218 326 340 356 377 396 408 417 418 425 461 488 490 493 545 552 561 569 570 658 673 685 698 
564 26 23 60 70 113 189 213 245 247 286 295 296 338 352 365 380 415 442 452 462 477 531 579 592 664 671 689 
565 21 70 78 108 114 119 140 152 162 184 243 256 269 308 341 362 384 470 589 598 628 681 
566 25 76 78 89 193 209 265 267 270 280 312 329 338 344 381 386 424 439 446 468 522 530 538 611 673 690 
567 27 14 88 90 106 122 233 272 274 277 306 346 353 368 397 405 456 462 466 497 501 512 578 610 631 636 650 688 
568 17 3 35 107 150 318 350 365 426 437 459 483 554 632 633 640 642 648 
569 20 19 57 82 153 167 175 180 247 311 328 329 380 437 462 489 563 594 644 681 692 
570 31 39 58 68 125 135 136 172 205 229 245 248 250 305 326 337 361 399 421 524 530 540 548 563 599 601 628 632 638 646 660 666 
571 23 3 55 71 113 122 143 163 165 181 223 271 361 365 428 452 460 509 557 624 659 664 670 686 
572 23 5 61 62 120 131 181 271 273 284 333 338 352 390 425 435 437 455 495 499 544 597 599 631 
573 24 63 68 72 272 298 303 314 347 410 425 428 461 517 518 532 548 550 553 580 591 615 649 667 688 
574 29 6 14 16 21 25 29 69 77 88 97 107 109 177 232 290 303 314 320 323 356 383 393 485 603 632 636 672 674 677 
575 32 14 22 29 35 39 47 67 92 104 110 145 157 184 247 310 327 377 383 391 397 398 413 442 456 466 470 482 524 582 592 632 678 
576 32 0 32 77 98 125 143 153 175 214 242 304 309 312 315 323 328 329 357 425 441 446 464 519 528 543 595 630 667 672 678 682 694 
577 23 87 164 198 224 238 243 254 259 296 324 355 411 446 448 490 533 543 629 655 656 661 665 669 
578 24 26 51 95 111 116 144 168 182 264 267 306 343 432 468 493 507 551 567 600 607 624 646 688 693 
579 30 77 91 122 165 171 179 190 202 232 272 282 313 348 362 366 407 414 419 441 445 450 457 489 492 510 554 564 601 606 677 
580 28 43 111 117 151 191 195 206 214 246 343 361 374 410 469 481 486 514 520 534 560 573 583 600 616 621 664 671 679 
581 24 33 57 67 78 88 107 239 254 268 346 415 417 456 498 504 536 543 590 593 610 626 674 681 685 
582 32 6 9 14 32 87 91 123 140 159 180 193 250 251 268 311 344 347 348 389 407 482 483 548 549 575 596 622 627 631 651 687 697 
583 33 2 4 13 19 26 36 194 200 206 224 258 348 349 351 357 373 380 383 387 396 450 455 462 494 509 519 531 532 580 609 610 612 656 
584 33 7 37 51 60 84 90 96 112 124 156 164 170 179 202 206 208 241 286 288 289 301 320 350 351 372 396 426 453 474 498 515 592 616 
585 32 58 62 70 86 90 149 186 232 233 234 239 243 248 274 275 314 338 369 412 424 472 492 500 504 516 524 533 554 586 588 590 654 
586 25 28 40 62 98 181 230 259 282 335 366 380 461 495 508 537 559 585 587 610 619 621 647 648 673 691 
587 26 20 32 56 66 102 120 129 156 180 190 220 228 232 282 316 317 318 368 456 460 481 503 586 638 664 670 
588 37 17 43 44 79 83 129 132 133 162 169 180 189 198 207 209 212 238 269 346 377 391 395 408 418 440 447 470 490 525 527 545 546 553 585 635 639 664 
589 16 6 30 188 229 269 293 386 442 459 484 538 547 565 628 632 644 
590 30 16 26 37 47 50 60 149 151 182 275 289 306 314 338 342 347 406 440 477 508 515 518 541 581 585 603 612 613 628 665 
591 19 2 3 55 100 194 228 291 298 301 330 409 484 535 536 547 573 619 665 672 
592 29 28 32 42 49 53 68 90 229 255 259 283 302 325 362 436 464 492 502 516 534 537 548 564 575 584 596 633 652 679 
593 33 61 74 111 147 172 178 186 188 200 202 214 233 260 295 310 334 347 384 411 428 449 485 521 532 559 581 602 604 621 652 660 693 695 
594 24 54 65 95 101 128 145 189 229 251 286 352 362 421 426 447 491 494 569 612 642 658 668 671 684 
595 25 13 30 39 44 63 121 129 139 141 150 159 174 288 313 330 351 360 409 417 443 445 474 576 643 645 
596 30 14 42 77 97 100 115 142 151 156 171 174 185 194 235 257 290 294 305 313 384 427 491 518 531 582 592 598 629 667 698 
597 30 25 60 67 94 118 130 142 143 157 169 198 215 235 245 288 324 351 403 412 433 443 480 549 560 572 632 640 643 688 689 
598 19 28 34 72 90 92 110 247 267 283 300 335 381 440 444 483 553 565 596 603 
599 31 9 90 94 105 110 111 171 174 222 243 264 301 334 373 419 445 451 455 463 504 511 525 544 548 557 570 572 600 619 620 689 
600 25 24 27 32 86 97 186 270 281 286 308 342 379 396 461 479 495 499 503 533 561 578 580 599 628 673 
601 38 2 23 29 55 73 104 110 139 149 150 151 165 167 176 204 214 260 269 272 310 315 343 355 368 374 396 453 460 471 491 512 544 570 579 613 656 658 664 
602 28 7 59 86 88 93 99 118 127 128 147 150 198 244 317 338 373 387 424 427 437 457 493 548 593 640 647 657 672 
603 28 53 60 63 116 167 191 236 262 286 307 314 315 318 347 398 400 401 448 470 472 497 514 549 574 590 598 604 614 
604 23 0 22 47 66 136 221 250 252 258 291 310 330 357 456 462 477 593 603 632 657 672 673 679 
605 21 24 45 76 147 181 188 189 203 234 256 275 290 308 319 349 367 405 430 476 536 632 
606 24 29 35 105 145 149 178 180 196 221 231 290 315 417 452 470 522 523 561 579 630 633 671 690 694 
607 25 0 43 60 66 108 126 144 205 217 241 254 262 295 319 331 357 427 462 472 509 519 578 647 662 694 
608 29 69 75 107 121 145 174 204 229 241 261 272 341 345 370 376 385 412 429 445 465 488 531 554 560 643 659 678 696 697 
609 27 11 14 37 57 93 109 110 151 212 234 272 295 322 342 347 349 360 370 405 421 459 538 583 625 648 659 691 
610 26 13 59 111 137 201 219 241 269 319 320 352 362 380 386 400 435 532 537 567 581 583 586 621 639 657 683 
611 19 43 164 185 233 235 250 286 293 326 399 411 426 465 474 475 535 537 566 670 
612 37 4 24 30 57 81 108 118 138 148 155 171 268 269 283 332 333 340 345 401 428 433 460 490 491 499 529 531 543 583 590 594 630 635 640 661 670 675 
613 19 10 28 86 134 139 156 185 330 344 367 374 416 494 515 521 590 601 660 674 
614 28 13 35 62 77 165 208 230 259 262 292 324 332 347 363 418 440 446 481 496 499 503 521 537 603 643 662 678 688 
615 29 10 12 24 43 107 120 129 138 151 153 176 201 247 267 279 296 320 330 334 341 385 386 400 440 447 573 634 649 675 
616 23 36 84 107 199 209 216 233 235 299 310 342 363 406 426 439 485 527 528 546 580 584 619 623 
617 23 1 36 51 73 95 142 147 173 279 280 295 325 362 414 494 504 554 557 628 639 658 672 688 
618 17 40 108 139 184 211 276 285 330 355 356 373 378 467 550 551 668 685 
619 24 13 81 114 127 157 166 167 198 230 236 300 320 338 501 586 591 599 616 620 622 631 647 665 689 
620 33 4 8 16 18 30 31 66 71 109 125 165 196 211 234 265 273 340 344 359 402 412 424 460 464 471 483 534 599 619 668 676 679 680 
621 40 6 39 43 59 61 67 99 106 119 195 203 208 218 222 225 252 321 347 350 373 399 418 461 475 513 516 526 537 542 580 586 593 610 631 633 638 655 666 669 685 
622 26 0 3 26 111 118 139 148 179 217 278 285 300 340 380 388 390 392 430 449 453 531 582 619 631 667 686 
623 27 149 170 176 177 183 200 231 244 280 285 323 362 369 393 394 405 461 483 485 486 492 517 531 534 616 664 670 
624 29 1 63 122 179 185 214 216 233 256 265 294 317 330 342 354 365 382 397 419 424 438 509 571 578 632 655 661 662 664 
625 20 8 154 180 212 240 258 271 287 292 301 308 345 360 368 408 416 474 476 522 609 
626 23 46 58 73 97 119 120 125 128 132 140 152 172 196 210 212 286 342 391 439 459 560 581 698 
627 24 11 34 47 62 63 85 108 110 150 153 181 215 225 234 243 340 413 415 421 465 467 492 524 582 
628 31 3 41 112 113 147 198 204 205 218 221 278 316 363 384 428 431 442 461 475 498 499 565 570 589 590 600 617 630 643 651 682 
629 26 61 66 68 124 139 168 175 180 201 241 256 275 312 442 443 493 537 543 556 577 596 630 649 651 654 661 
630 31 32 40 69 87 147 156 157 162 175 206 216 234 319 339 345 358 396 401 407 432 453 509 541 562 576 606 612 628 629 633 646 
631 35 6 10 20 24 37 81 96 97 115 126 153 158 194 302 303 350 365 395 397 410 420 427 444 515 535 540 548 551 567 572 582 619 621 622 681 
632 34 15 79 95 140 216 218 240 289 328 334 339 343 381 395 421 530 531 552 557 568 570 574 575 589 597 604 605 624 636 669 675 676 686 690 
633 30 10 14 20 44 46 96 106 130 132 142 177 257 272 303 366 399 402 469 497 507 509 568 592 606 621 630 634 639 647 698 
634 22 2 12 85 175 201 209 216 290 297 342 375 429 442 448 485 500 504 615 633 641 673 686 
635 33 9 49 55 89 97 101 114 143 146 150 166 205 215 216 224 229 254 338 366 385 406 417 419 484 495 521 526 588 612 654 658 660 675 
636 23 0 19 31 32 104 119 191 227 244 271 292 322 375 395 402 419 446 478 500 567 574 632 665 
637 19 57 68 103 106 117 127 153 219 262 265 275 346 441 482 523 559 661 670 676 
638 26 22 59 68 74 99 109 130 165 167 174 207 254 292 315 408 409 433 451 452 551 555 570 587 621 671 687 
639 28 7 23 28 49 55 58 75 103 140 222 229 274 280 297 347 374 385 423 431 439 443 588 610 617 633 640 645 654 
640 28 30 51 93 95 107 139 167 186 222 261 263 271 289 355 368 384 422 423 488 548 549 568 597 602 612 639 666 681 
641 19 5 7 38 42 59 73 98 99 145 190 214 229 298 327 376 414 456 634 682 
642 31 3 22 27 35 64 74 76 79 104 109 159 182 199 243 250 258 262 264 318 323 348 354 373 396 439 458 511 531 568 594 660 
643 24 18 23 30 108 115 169 208 234 304 311 313 344 356 357 406 424 455 465 500 595 597 608 614 628 
644 29 58 71 81 121 128 134 137 146 171 202 205 329 337 350 375 381 423 425 427 503 517 519 528 549 569 589 655 658 673 
645 27 11 12 35 36 58 63 95 135 146 201 237 245 246 262 264 287 315 331 391 409 433 438 470 532 548 595 639 
646 30 23 59 81 101 112 155 178 194 245 254 255 274 293 296 306 317 331 344 368 384 385 395 417 427 556 570 578 630 687 691 
647 21 13 112 145 154 218 225 232 272 318 345 424 430 586 602 607 619 633 663 673 682 698 
648 30 14 17 44 62 106 118 186 229 242 250 268 290 300 302 315 320 327 380 393 401 404 449 455 482 531 541 568 586 609 697 
649 27 58 61 85 87 111 121 126 162 265 278 283 293 317 318 323 339 346 353 467 501 551 573 615 629 652 654 659 
650 24 5 32 62 72 88 117 140 160 190 194 195 258 263 274 281 293 301 363 387 394 453 467 559 567 
651 32 15 20 34 53 60 76 110 125 138 146 173 176 183 193 201 266 272 280 283 285 291 309 370 385 420 422 443 452 495 582 628 629 
652 24 42 76 110 132 153 187 211 213 223 263 386 398 417 425 433 468 515 527 592 593 649 660 676 693 
653 21 8 25 41 54 59 74 115 135 152 163 243 245 253 279 285 287 340 389 424 545 692 
654 32 4 16 29 46 47 91 100 101 121 167 217 219 233 251 258 269 275 299 316 359 363 416 421 426 458 585 629 635 639 649 666 695 
655 27 36 52 121 143 144 149 188 193 209 254 272 296 299 348 356 366 440 453 465 478 498 516 577 621 624 644 689 
656 30 42 90 96 104 109 161 169 175 200 208 223 270 294 300 330 339 358 406 448 459 489 491 509 554 577 583 601 657 676 692 
657 28 18 26 105 116 133 149 207 257 274 291 302 348 350 351 372 383 395 404 412 428 458 477 511 539 602 604 610 656 
658 22 22 55 61 81 157 207 235 248 256 288 292 341 347 425 444 478 563 594 601 617 635 644 
659 32 46 87 115 121 155 174 178 252 272 309 324 332 339 343 347 365 371 382 403 411 416 422 454 456 525 545 557 571 608 609 649 673 
660 30 18 26 34 59 110 117 162 190 263 278 291 303 312 321 325 337 387 389 433 440 444 470 549 561 570 593 613 635 642 652 
661 26 48 52 100 149 178 199 222 226 251 267 318 330 350 376 389 433 434 477 522 524 577 612 624 629 637 677 
662 20 61 74 115 117 215 217 233 334 337 363 373 468 502 511 543 553 607 614 624 665 
663 23 27 124 132 148 262 266 290 299 346 376 387 394 399 422 427 430 453 458 466 524 555 647 674 
664 43 1 13 36 46 53 54 76 78 80 113 170 200 213 232 240 265 298 322 327 331 353 369 377 380 383 413 438 458 473 482 492 493 556 561 564 571 580 587 588 601 623 624 684 
665 34 32 36 47 54 63 123 130 156 167 207 217 267 269 275 310 328 342 362 394 403 413 440 443 491 529 544 547 577 590 591 619 636 662 687 
666 20 7 75 133 167 250 291 323 337 370 392 395 413 467 473 529 534 570 621 640 654 
667 29 29 34 64 89 101 163 182 186 224 252 255 261 304 319 324 342 345 363 452 477 532 557 558 573 576 596 622 673 698 
668 30 52 98 103 120 141 150 151 189 206 223 239 245 251 260 267 282 319 346 381 442 463 467 486 513 518 520 535 594 618 620 
669 25 13 39 55 62 204 218 220 221 261 278 309 316 329 335 351 372 421 467 506 548 558 577 621 632 680 
670 33 27 57 97 135 148 159 184 186 195 202 216 223 280 292 312 346 377 399 406 439 450 459 490 512 536 551 571 587 611 612 623 637 684 
671 30 2 6 19 20 40 46 114 131 136 143 149 162 172 206 312 318 332 354 415 459 470 474 511 547 564 580 594 606 638 691 
672 33 7 44 61 71 83 121 167 168 170 179 202 207 208 237 251 264 270 281 307 358 375 436 464 483 487 549 558 574 576 591 602 604 617 
673 42 17 25 30 111 114 120 123 150 159 166 169 170 201 221 236 250 252 264 298 299 322 326 360 384 388 420 427 439 493 519 541 563 566 586 600 604 634 644 647 659 667 679 
674 29 73 147 204 211 291 294 296 298 314 348 359 394 399 412 453 463 466 473 476 486 532 534 554 574 581 613 663 683 691 
675 29 19 34 41 84 101 121 126 168 195 254 299 326 343 364 375 390 399 406 481 542 551 556 561 612 615 632 635 679 695 
676 32 2 7 31 78 113 172 189 224 240 248 256 264 270 277 279 285 301 329 337 342 343 384 399 422 470 508 620 632 637 652 656 690 
677 25 33 59 60 89 105 113 134 139 141 153 188 257 262 350 351 394 482 490 540 552 574 579 661 678 692 
678 19 8 59 139 154 233 252 302 329 414 453 455 478 492 521 575 576 608 614 677 
679 31 22 25 52 115 127 149 151 162 175 177 196 221 270 308 340 350 360 362 424 433 510 522 549 559 580 592 604 620 673 675 696 
680 20 80 96 196 201 238 261 289 338 348 378 379 384 397 418 515 521 542 550 620 669 
681 25 18 21 59 82 132 140 151 171 242 274 279 297 334 410 422 458 502 511 554 559 565 569 581 631 640 
682 18 98 113 177 228 308 309 339 354 370 409 460 479 505 530 576 628 641 647 
683 30 2 15 32 45 116 122 126 134 148 154 173 240 244 257 282 309 346 383 404 433 471 493 496 523 539 553 554 562 610 674 
684 26 24 49 76 83 109 114 115 152 154 163 179 205 246 363 368 370 412 413 420 476 507 530 549 594 664 670 
685 22 2 61 108 125 144 153 180 227 237 252 298 381 394 396 417 477 515 551 563 581 618 621 
686 33 17 47 56 57 67 82 106 152 155 193 199 205 218 228 230 284 358 362 388 400 472 474 515 527 545 562 571 622 632 634 689 697 698 
687 26 10 25 26 39 54 68 91 181 184 242 266 302 332 356 378 397 415 426 458 488 525 582 638 646 665 698 
688 32 17 23 40 59 121 124 125 154 236 296 304 333 343 347 351 378 390 465 491 496 507 516 537 543 545 567 573 578 597 614 617 689 
689 36 7 13 38 61 96 114 119 126 135 153 166 194 224 227 241 244 285 301 316 319 323 333 339 360 456 478 481 523 525 564 597 599 619 655 686 688 
690 32 6 31 63 99 101 111 160 193 198 261 263 267 293 298 324 365 368 376 377 379 449 490 493 526 527 549 558 566 606 632 676 697 
691 24 1 16 28 94 110 195 200 203 207 216 225 319 334 335 346 393 406 521 558 586 609 646 671 674 
692 22 24 40 49 99 109 135 214 237 252 263 287 316 353 354 378 482 511 525 569 653 656 677 
693 26 0 29 44 91 118 128 156 161 182 207 239 267 271 304 333 364 410 458 487 488 503 517 524 578 593 652 
694 26 8 34 125 126 198 203 230 238 243 254 255 263 301 323 384 386 434 454 500 506 549 550 555 576 606 607 
695 24 3 28 48 71 93 122 134 159 234 262 271 310 322 326 348 351 360 439 486 526 559 593 654 675 
696 21 39 84 156 175 197 223 235 267 280 298 347 390 413 420 476 481 488 515 547 608 679 
697 30 26 40 67 72 89 91 97 134 148 157 158 179 196 251 326 375 377 403 423 443 474 479 486 495 562 582 608 648 686 690 
698 30 23 27 43 84 85 157 163 178 190 243 261 266 284 325 362 405 419 439 453 501 505 557 563 596 626 633 647 667 686 687 
699 25 12 18 44 47 48 57 65 78 80 91 114 135 176 220 263 264 307 309 315 348 366 369 500 550 560 
