70 226
0 3 4 7 61 
1 3 8 13 53 
2 8 5 28 38 40 41 48 65 67 
3 6 15 16 19 38 66 68 
4 4 0 19 55 67 
5 7 2 21 33 47 64 65 66 
6 8 14 15 18 24 31 52 54 65 
7 11 0 13 30 36 37 40 45 52 59 60 66 
8 3 1 24 35 
9 5 20 30 39 49 61 
10 6 46 48 55 57 62 66 
11 11 13 14 29 31 34 36 39 47 51 59 68 
12 6 17 18 20 22 52 58 
13 9 1 7 11 14 18 28 50 59 62 
14 11 6 11 13 21 23 30 32 43 55 61 64 
15 5 3 6 24 38 41 
16 8 3 33 39 43 56 57 61 62 
17 3 12 25 66 
18 5 6 12 13 26 37 
19 6 3 4 26 33 64 66 
20 8 9 12 28 31 34 53 68 69 
21 6 5 14 22 32 58 66 
22 4 12 21 54 65 
23 4 14 50 62 68 
24 9 6 8 15 31 33 36 41 61 68 
25 9 17 26 32 47 49 53 57 61 62 
26 8 18 19 25 28 34 37 66 69 
27 4 38 53 60 63 
28 9 2 13 20 26 40 45 53 57 61 
29 10 11 31 46 48 54 55 56 61 65 67 
30 6 7 9 14 51 62 63 
31 7 6 11 20 24 29 54 58 
32 4 14 21 25 46 
33 7 5 16 19 24 38 41 47 
34 6 11 20 26 51 59 65 
35 5 8 40 42 61 63 
36 3 7 11 24 
37 6 7 18 26 38 63 68 
38 10 2 3 15 27 33 37 41 50 51 65 
39 5 9 11 16 44 46 
40 7 2 7 28 35 43 46 58 
41 10 2 15 24 33 38 54 57 64 65 66 
42 2 35 66 
43 4 14 16 40 49 
44 3 39 57 61 
45 4 7 28 46 59 
46 9 10 29 32 39 40 45 51 56 65 
47 7 5 11 25 33 55 57 59 
48 6 2 10 29 57 61 69 
49 5 9 25 43 52 53 
50 5 13 23 38 67 68 
51 7 11 30 34 38 46 55 58 
52 7 6 7 12 49 54 56 65 
53 7 1 20 25 27 28 49 66 
54 7 6 22 29 31 41 52 64 
55 6 4 10 14 29 47 51 
56 4 16 29 46 52 
57 8 10 16 25 28 41 44 47 48 
58 6 12 21 31 40 51 66 
59 7 7 11 13 34 45 47 69 
60 2 7 27 
61 11 0 9 14 16 24 25 28 29 35 44 48 
62 8 10 13 16 23 25 30 66 69 
63 4 27 30 35 37 
64 5 5 14 19 41 54 
65 11 2 5 6 22 29 34 38 41 46 52 68 
66 14 3 5 7 10 17 19 21 26 41 42 53 58 62 68 
67 4 2 4 29 50 
68 9 3 11 20 23 24 37 50 65 66 
69 5 20 26 48 59 62 
