70 487
0 16 2 5 7 8 17 25 40 44 45 47 49 52 57 63 64 65 
1 13 4 9 13 15 19 22 31 36 38 44 56 57 63 
2 10 0 7 13 30 44 46 55 56 57 62 
3 10 17 19 30 35 37 41 55 59 65 69 
4 17 1 5 9 12 16 17 22 23 25 27 29 30 31 51 54 64 66 
5 19 0 4 8 19 20 22 23 24 30 32 34 41 42 52 56 59 60 61 66 
6 17 22 25 26 28 31 33 34 36 40 44 50 53 55 60 61 63 69 
7 10 0 2 12 13 22 36 44 60 66 67 
8 15 0 5 23 32 34 37 40 41 42 47 50 51 52 62 66 
9 13 1 4 10 12 24 33 41 43 44 45 48 55 69 
10 8 9 14 22 30 34 38 57 66 
11 13 16 19 21 23 40 42 46 47 54 56 61 64 68 
12 16 4 7 9 15 18 31 33 37 40 43 44 47 49 56 57 62 
13 18 1 2 7 20 23 24 25 39 40 44 46 50 51 52 53 61 63 69 
14 10 10 17 19 28 40 44 50 59 63 67 
15 12 1 12 27 32 33 45 47 51 56 61 63 66 
16 11 4 11 20 22 26 42 44 45 46 60 61 
17 15 0 3 4 14 21 31 33 34 36 40 51 53 54 67 69 
18 9 12 22 26 39 41 44 51 59 67 
19 16 1 3 5 11 14 37 38 43 44 49 50 54 58 62 64 66 
20 13 5 13 16 26 27 28 30 55 58 61 64 65 68 
21 21 11 17 22 23 25 26 27 28 31 32 38 39 40 42 47 49 57 58 61 67 68 
22 16 1 4 5 6 7 10 16 18 21 23 25 42 48 53 61 63 
23 19 4 5 8 11 13 21 22 28 31 35 39 42 47 48 49 50 52 55 63 
24 12 5 9 13 26 27 29 35 52 54 57 64 69 
25 12 0 4 6 13 21 22 40 44 46 48 57 59 
26 15 6 16 18 20 21 24 28 29 36 39 41 50 54 55 62 
27 17 4 15 20 21 24 40 41 42 47 49 53 56 60 62 63 65 68 
28 14 6 14 20 21 23 26 31 36 39 41 43 50 53 65 
29 12 4 24 26 34 44 48 49 51 54 55 57 68 
30 15 2 3 4 5 10 20 34 40 49 51 55 57 59 63 69 
31 20 1 4 6 12 17 21 23 28 33 35 41 42 46 47 54 62 63 64 66 68 
32 9 5 8 15 21 35 39 55 56 61 
33 11 6 9 12 15 17 31 36 49 60 61 65 
34 13 5 6 8 10 17 29 30 35 36 41 44 50 60 
35 11 3 23 24 31 32 34 44 50 54 55 62 
36 12 1 6 7 17 26 28 33 34 39 48 50 51 
37 10 3 8 12 19 42 44 45 51 62 64 
38 7 1 10 19 21 43 56 60 
39 13 13 18 21 23 26 28 32 36 41 42 51 54 66 
40 18 0 6 8 11 12 13 14 17 21 25 27 30 42 53 56 60 67 68 
41 16 3 5 8 9 18 26 27 28 31 34 39 44 46 52 59 62 
42 17 5 8 11 16 21 22 23 27 31 37 39 40 43 50 57 60 63 
43 10 9 12 19 28 38 42 44 50 53 64 
44 25 0 1 2 6 7 9 12 13 14 16 18 19 25 29 34 35 37 41 43 45 46 49 51 59 68 
45 12 0 9 15 16 37 44 48 50 55 57 58 68 
46 11 2 11 13 16 25 31 41 44 48 62 63 
47 14 0 8 11 12 15 21 23 27 31 51 52 55 63 68 
48 12 9 22 23 25 29 36 45 46 53 56 58 64 
49 13 0 12 19 21 23 27 29 30 33 44 54 64 69 
50 17 6 8 13 14 19 23 26 28 34 35 36 42 43 45 52 61 68 
51 17 4 8 13 15 17 18 29 30 36 37 39 44 47 59 60 61 65 
52 13 0 5 8 13 23 24 41 47 50 53 62 66 67 
53 14 6 13 17 22 27 28 40 43 48 52 56 58 62 68 
54 12 4 11 17 19 24 26 29 31 35 39 49 66 
55 18 2 3 6 9 20 23 26 29 30 32 35 45 47 57 58 64 66 67 
56 13 1 2 5 11 12 15 27 32 38 40 48 53 62 
57 18 0 1 2 10 12 21 24 25 29 30 42 45 55 60 62 66 67 68 
58 9 19 20 21 45 48 53 55 62 66 
59 10 3 5 14 18 25 30 41 44 51 64 
60 15 5 6 7 16 27 33 34 38 40 42 51 57 64 65 66 
61 15 5 6 11 13 15 16 20 21 22 32 33 50 51 62 65 
62 20 2 8 12 19 26 27 31 35 37 41 46 52 53 56 57 58 61 64 66 69 
63 16 0 1 6 13 14 15 22 23 27 30 31 42 46 47 64 68 
64 17 0 4 11 19 20 24 31 37 43 48 49 55 59 60 62 63 65 
65 12 0 3 20 27 28 33 51 60 61 64 67 68 
66 16 4 5 7 8 10 15 19 31 39 52 54 55 57 58 60 62 
67 10 7 14 17 18 21 40 52 55 57 65 
68 15 11 20 21 27 29 31 40 44 45 47 50 53 57 63 65 
69 9 3 6 9 13 17 24 30 49 62 
