70 166
0 3 4 7 61 
1 2 8 13 
2 6 28 38 40 48 65 67 
3 2 15 19 
4 3 0 19 67 
5 3 47 65 66 
6 5 14 15 18 31 52 
7 9 0 13 37 40 45 52 59 60 66 
8 2 1 35 
9 4 30 39 49 61 
10 5 46 48 57 62 66 
11 8 13 14 29 34 36 47 51 59 
12 5 17 20 22 52 58 
13 6 1 7 11 18 50 62 
14 7 6 11 21 23 30 55 61 
15 4 3 6 24 38 
16 5 33 43 56 57 62 
17 2 12 25 
18 3 6 13 37 
19 5 3 4 26 64 66 
20 6 12 31 34 53 68 69 
21 3 14 58 66 
22 3 12 54 65 
23 4 14 50 62 68 
24 5 15 31 33 61 68 
25 8 17 32 47 49 53 57 61 62 
26 5 19 28 34 37 69 
27 2 38 53 
28 6 2 26 45 53 57 61 
29 8 11 31 48 54 56 61 65 67 
30 4 9 14 51 63 
31 5 6 20 24 29 54 
32 2 25 46 
33 4 16 24 38 41 
34 6 11 20 26 51 59 65 
35 5 8 40 42 61 63 
36 1 11 
37 6 7 18 26 38 63 68 
38 8 2 15 27 33 37 50 51 65 
39 2 9 44 
40 5 2 7 35 43 58 
41 5 33 54 57 65 66 
42 2 35 66 
43 3 16 40 49 
44 2 39 57 
45 4 7 28 46 59 
46 5 10 32 45 51 65 
47 5 5 11 25 55 57 
48 6 2 10 29 57 61 69 
49 4 9 25 43 52 
50 5 13 23 38 67 68 
51 7 11 30 34 38 46 55 58 
52 7 6 7 12 49 54 56 65 
53 5 20 25 27 28 66 
54 6 22 29 31 41 52 64 
55 3 14 47 51 
56 3 16 29 52 
57 8 10 16 25 28 41 44 47 48 
58 5 12 21 40 51 66 
59 5 7 11 34 45 69 
60 1 7 
61 9 0 9 14 24 25 28 29 35 48 
62 6 10 13 16 23 25 69 
63 3 30 35 37 
64 2 19 54 
65 10 2 5 22 29 34 38 41 46 52 68 
66 9 5 7 10 19 21 41 42 53 58 
67 4 2 4 29 50 
68 6 20 23 24 37 50 65 
69 5 20 26 48 59 62 
