70 145
0 5 5 8 47 57 63 
1 2 38 56 
2 1 55 
3 4 30 35 55 59 
4 5 16 22 23 25 27 
5 7 0 8 23 34 42 60 66 
6 5 36 44 50 55 63 
7 1 67 
8 5 0 5 40 51 62 
9 4 41 43 44 55 
10 2 14 34 
11 2 42 46 
12 7 31 33 40 44 47 57 62 
13 3 39 51 61 
14 5 10 28 40 50 67 
15 3 27 45 47 
16 4 4 42 44 46 
17 4 31 54 67 69 
18 4 26 41 44 51 
19 4 44 50 54 66 
20 6 26 27 28 55 64 65 
21 6 32 38 39 47 57 58 
22 1 4 
23 3 4 5 49 
24 2 52 54 
25 3 4 46 57 
26 6 18 20 28 39 54 62 
27 7 4 15 20 49 56 63 68 
28 4 14 20 26 65 
29 2 34 44 
30 6 3 40 51 57 59 63 
31 5 12 17 41 63 68 
32 2 21 56 
33 5 12 36 49 60 61 
34 7 5 10 29 35 36 44 60 
35 4 3 34 54 62 
36 4 6 33 34 51 
37 1 45 
38 2 1 21 
39 5 13 21 26 41 54 
40 5 8 12 14 30 68 
41 5 9 18 31 39 52 
42 5 5 11 16 57 60 
43 2 9 53 
44 11 6 9 12 16 18 19 29 34 45 51 59 
45 4 15 37 44 48 
46 3 11 16 25 
47 4 0 12 15 21 
48 2 45 56 
49 5 23 27 33 64 69 
50 4 6 14 19 61 
51 7 8 13 18 30 36 44 59 
52 3 24 41 62 
53 3 43 58 68 
54 6 17 19 24 26 35 39 
55 6 2 3 6 9 20 66 
56 5 1 27 32 48 62 
57 7 0 12 21 25 30 42 68 
58 2 21 53 
59 4 3 30 44 51 
60 4 5 33 34 42 
61 3 13 33 50 
62 7 8 12 26 35 52 56 69 
63 6 0 6 27 30 31 68 
64 2 20 49 
65 2 20 28 
66 3 5 19 55 
67 3 7 14 17 
68 6 27 31 40 53 57 63 
69 3 17 49 62 
