70 265
0 4 4 7 53 61 
1 6 8 13 16 53 58 65 
2 10 5 28 38 39 40 41 48 50 65 67 
3 6 15 16 19 38 66 68 
4 5 0 10 19 55 67 
5 8 2 12 21 33 47 64 65 66 
6 9 14 15 18 23 24 31 52 54 65 
7 11 0 13 30 36 37 40 45 52 59 60 66 
8 3 1 24 35 
9 5 20 30 39 49 61 
10 8 4 44 46 48 55 57 62 66 
11 12 13 14 22 29 31 34 36 39 47 51 59 68 
12 8 5 17 18 20 22 25 52 58 
13 12 1 7 11 14 18 23 28 33 50 59 62 69 
14 12 6 11 13 21 23 30 32 43 45 55 61 64 
15 5 3 6 24 38 41 
16 10 1 3 33 39 43 54 56 57 61 62 
17 6 12 24 25 26 54 66 
18 7 6 12 13 26 32 35 37 
19 7 3 4 26 33 63 64 66 
20 9 9 12 28 31 34 41 53 68 69 
21 7 5 14 22 32 50 58 66 
22 7 11 12 21 35 48 54 65 
23 8 6 13 14 37 48 50 62 68 
24 11 6 8 15 17 31 33 36 41 61 68 69 
25 10 12 17 26 32 47 49 53 57 61 62 
26 9 17 18 19 25 28 34 37 66 69 
27 4 38 53 60 63 
28 10 2 13 20 26 40 43 45 53 57 61 
29 10 11 31 46 48 54 55 56 61 65 67 
30 7 7 9 14 38 51 62 63 
31 9 6 11 20 24 29 54 58 64 68 
32 5 14 18 21 25 46 
33 8 5 13 16 19 24 38 41 47 
34 6 11 20 26 51 59 65 
35 7 8 18 22 40 42 61 63 
36 3 7 11 24 
37 7 7 18 23 26 38 63 68 
38 11 2 3 15 27 30 33 37 41 50 51 65 
39 6 2 9 11 16 44 46 
40 8 2 7 28 35 43 46 58 66 
41 11 2 15 20 24 33 38 54 57 64 65 66 
42 2 35 66 
43 6 14 16 28 40 49 63 
44 4 10 39 57 61 
45 5 7 14 28 46 59 
46 9 10 29 32 39 40 45 51 56 65 
47 7 5 11 25 33 55 57 59 
48 8 2 10 22 23 29 57 61 69 
49 5 9 25 43 52 53 
50 7 2 13 21 23 38 67 68 
51 7 11 30 34 38 46 55 58 
52 8 6 7 12 49 54 56 65 67 
53 8 0 1 20 25 27 28 49 66 
54 9 6 16 17 22 29 31 41 52 64 
55 6 4 10 14 29 47 51 
56 4 16 29 46 52 
57 9 10 16 25 28 41 44 47 48 67 
58 7 1 12 21 31 40 51 66 
59 7 7 11 13 34 45 47 69 
60 2 7 27 
61 11 0 9 14 16 24 25 28 29 35 44 48 
62 8 10 13 16 23 25 30 66 69 
63 6 19 27 30 35 37 43 
64 6 5 14 19 31 41 54 
65 12 1 2 5 6 22 29 34 38 41 46 52 68 
66 16 3 5 7 10 17 19 21 26 40 41 42 53 58 62 68 69 
67 6 2 4 29 50 52 57 
68 10 3 11 20 23 24 31 37 50 65 66 
69 8 13 20 24 26 48 59 62 66 
