750 248
0 0 
1 0 
2 0 
3 0 
4 0 
5 0 
6 2 491 609 
7 0 
8 0 
9 0 
10 0 
11 3 92 134 352 
12 3 340 554 561 
13 0 
14 0 
15 0 
16 1 84 
17 0 
18 0 
19 1 345 
20 1 444 
21 0 
22 0 
23 1 172 
24 0 
25 1 487 
26 2 127 374 
27 0 
28 0 
29 1 233 
30 0 
31 1 180 
32 2 205 527 
33 1 58 
34 0 
35 0 
36 0 
37 0 
38 1 694 
39 0 
40 0 
41 0 
42 0 
43 0 
44 0 
45 0 
46 0 
47 1 182 
48 3 61 136 372 
49 0 
50 1 68 
51 1 694 
52 0 
53 0 
54 0 
55 1 441 
56 0 
57 0 
58 1 33 
59 0 
60 0 
61 2 48 612 
62 1 468 
63 0 
64 1 122 
65 1 584 
66 2 84 250 
67 0 
68 1 50 
69 2 127 149 
70 1 280 
71 0 
72 0 
73 1 284 
74 0 
75 1 201 
76 0 
77 1 606 
78 0 
79 1 131 
80 0 
81 1 438 
82 1 252 
83 1 189 
84 2 16 66 
85 1 745 
86 0 
87 3 496 549 716 
88 2 402 526 
89 1 658 
90 1 183 
91 0 
92 2 11 541 
93 0 
94 1 206 
95 1 294 
96 1 376 
97 1 476 
98 0 
99 1 364 
100 0 
101 0 
102 1 300 
103 0 
104 0 
105 1 491 
106 0 
107 1 230 
108 0 
109 1 355 
110 1 309 
111 0 
112 1 584 
113 0 
114 0 
115 1 248 
116 0 
117 0 
118 2 610 681 
119 0 
120 2 432 475 
121 0 
122 2 64 150 
123 0 
124 2 512 574 
125 0 
126 0 
127 2 26 69 
128 0 
129 0 
130 1 397 
131 2 79 748 
132 0 
133 0 
134 1 11 
135 2 210 615 
136 2 48 522 
137 1 427 
138 0 
139 1 737 
140 1 147 
141 0 
142 1 374 
143 0 
144 0 
145 1 715 
146 1 728 
147 1 140 
148 0 
149 1 69 
150 1 122 
151 0 
152 0 
153 1 373 
154 3 552 718 729 
155 0 
156 0 
157 0 
158 0 
159 0 
160 4 312 459 543 730 
161 1 323 
162 1 179 
163 2 215 282 
164 2 188 274 
165 0 
166 0 
167 2 499 533 
168 0 
169 1 566 
170 1 722 
171 1 584 
172 1 23 
173 0 
174 0 
175 0 
176 0 
177 1 429 
178 1 221 
179 1 162 
180 1 31 
181 1 491 
182 2 47 557 
183 2 90 646 
184 0 
185 1 702 
186 1 650 
187 0 
188 1 164 
189 1 83 
190 1 665 
191 0 
192 1 684 
193 0 
194 1 690 
195 1 250 
196 0 
197 0 
198 0 
199 0 
200 0 
201 2 75 391 
202 0 
203 0 
204 0 
205 2 32 330 
206 1 94 
207 0 
208 0 
209 0 
210 2 135 396 
211 0 
212 0 
213 0 
214 0 
215 1 163 
216 1 495 
217 1 583 
218 2 386 557 
219 0 
220 0 
221 1 178 
222 0 
223 0 
224 2 618 668 
225 0 
226 0 
227 0 
228 4 229 296 654 712 
229 1 228 
230 1 107 
231 0 
232 2 342 591 
233 1 29 
234 0 
235 1 403 
236 0 
237 0 
238 0 
239 1 455 
240 1 394 
241 2 255 456 
242 2 436 456 
243 2 302 403 
244 0 
245 0 
246 1 570 
247 1 692 
248 1 115 
249 0 
250 2 66 195 
251 1 620 
252 2 82 459 
253 0 
254 0 
255 2 241 748 
256 0 
257 0 
258 1 304 
259 0 
260 0 
261 1 269 
262 0 
263 1 401 
264 0 
265 1 506 
266 0 
267 0 
268 1 749 
269 1 261 
270 1 636 
271 0 
272 2 392 438 
273 1 495 
274 1 164 
275 0 
276 2 705 732 
277 0 
278 1 514 
279 2 410 562 
280 1 70 
281 0 
282 1 163 
283 0 
284 1 73 
285 1 475 
286 1 313 
287 0 
288 1 657 
289 0 
290 1 594 
291 0 
292 0 
293 1 551 
294 1 95 
295 1 467 
296 1 228 
297 1 713 
298 0 
299 0 
300 1 102 
301 0 
302 1 243 
303 1 519 
304 1 258 
305 1 506 
306 0 
307 1 704 
308 1 372 
309 1 110 
310 0 
311 1 526 
312 2 160 673 
313 1 286 
314 1 422 
315 1 454 
316 0 
317 0 
318 0 
319 0 
320 0 
321 0 
322 0 
323 2 161 546 
324 2 402 444 
325 0 
326 0 
327 0 
328 0 
329 0 
330 2 205 601 
331 0 
332 0 
333 0 
334 0 
335 2 372 651 
336 0 
337 1 664 
338 2 401 402 
339 0 
340 1 12 
341 0 
342 1 232 
343 0 
344 0 
345 1 19 
346 0 
347 0 
348 0 
349 0 
350 0 
351 0 
352 2 11 353 
353 1 352 
354 2 594 739 
355 1 109 
356 0 
357 0 
358 0 
359 1 520 
360 0 
361 0 
362 0 
363 0 
364 1 99 
365 0 
366 0 
367 0 
368 0 
369 0 
370 0 
371 1 517 
372 3 48 308 335 
373 1 153 
374 2 26 142 
375 0 
376 1 96 
377 0 
378 0 
379 1 566 
380 1 527 
381 1 472 
382 1 528 
383 0 
384 0 
385 0 
386 1 218 
387 1 630 
388 0 
389 0 
390 1 449 
391 1 201 
392 1 272 
393 0 
394 1 240 
395 0 
396 1 210 
397 1 130 
398 0 
399 0 
400 0 
401 3 263 338 662 
402 4 88 324 338 553 
403 2 235 243 
404 1 550 
405 0 
406 3 419 447 670 
407 1 558 
408 0 
409 0 
410 1 279 
411 1 681 
412 0 
413 0 
414 1 459 
415 0 
416 0 
417 0 
418 0 
419 1 406 
420 0 
421 0 
422 1 314 
423 0 
424 0 
425 1 482 
426 0 
427 1 137 
428 0 
429 1 177 
430 1 575 
431 0 
432 1 120 
433 0 
434 1 599 
435 0 
436 1 242 
437 0 
438 2 81 272 
439 1 560 
440 0 
441 2 55 466 
442 0 
443 0 
444 2 20 324 
445 0 
446 0 
447 1 406 
448 0 
449 1 390 
450 1 613 
451 0 
452 0 
453 0 
454 1 315 
455 1 239 
456 2 241 242 
457 0 
458 0 
459 3 160 252 414 
460 1 537 
461 0 
462 0 
463 0 
464 2 489 676 
465 0 
466 1 441 
467 2 295 561 
468 2 62 734 
469 0 
470 0 
471 0 
472 1 381 
473 0 
474 0 
475 2 120 285 
476 3 97 658 667 
477 0 
478 0 
479 0 
480 0 
481 1 554 
482 1 425 
483 0 
484 0 
485 0 
486 0 
487 1 25 
488 0 
489 1 464 
490 0 
491 3 6 105 181 
492 2 603 652 
493 0 
494 1 734 
495 2 216 273 
496 1 87 
497 0 
498 0 
499 1 167 
500 0 
501 1 695 
502 0 
503 0 
504 0 
505 0 
506 2 265 305 
507 0 
508 0 
509 0 
510 0 
511 0 
512 1 124 
513 3 560 600 728 
514 2 278 587 
515 2 640 703 
516 0 
517 2 371 744 
518 0 
519 1 303 
520 1 359 
521 0 
522 1 136 
523 0 
524 0 
525 0 
526 2 88 311 
527 2 32 380 
528 2 382 670 
529 0 
530 0 
531 0 
532 0 
533 1 167 
534 0 
535 0 
536 0 
537 1 460 
538 1 696 
539 0 
540 0 
541 1 92 
542 0 
543 2 160 674 
544 0 
545 0 
546 1 323 
547 0 
548 0 
549 1 87 
550 1 404 
551 1 293 
552 1 154 
553 1 402 
554 2 12 481 
555 0 
556 0 
557 3 182 218 587 
558 1 407 
559 0 
560 2 439 513 
561 2 12 467 
562 1 279 
563 0 
564 0 
565 0 
566 2 169 379 
567 0 
568 0 
569 0 
570 1 246 
571 0 
572 0 
573 0 
574 1 124 
575 1 430 
576 0 
577 0 
578 1 678 
579 0 
580 0 
581 0 
582 0 
583 1 217 
584 3 65 112 171 
585 0 
586 0 
587 3 514 557 702 
588 0 
589 1 697 
590 0 
591 1 232 
592 0 
593 0 
594 2 290 354 
595 1 747 
596 0 
597 0 
598 0 
599 1 434 
600 1 513 
601 1 330 
602 1 720 
603 1 492 
604 0 
605 0 
606 1 77 
607 0 
608 0 
609 1 6 
610 1 118 
611 0 
612 1 61 
613 2 450 616 
614 0 
615 1 135 
616 1 613 
617 1 658 
618 1 224 
619 0 
620 1 251 
621 1 716 
622 0 
623 1 688 
624 0 
625 1 658 
626 1 682 
627 0 
628 0 
629 0 
630 1 387 
631 0 
632 1 736 
633 0 
634 0 
635 0 
636 1 270 
637 0 
638 0 
639 0 
640 3 515 661 690 
641 0 
642 0 
643 0 
644 0 
645 0 
646 1 183 
647 0 
648 0 
649 0 
650 1 186 
651 2 335 726 
652 1 492 
653 0 
654 1 228 
655 0 
656 0 
657 1 288 
658 4 89 476 617 625 
659 1 670 
660 0 
661 1 640 
662 1 401 
663 0 
664 1 337 
665 1 190 
666 0 
667 2 476 737 
668 1 224 
669 0 
670 3 406 528 659 
671 0 
672 0 
673 1 312 
674 1 543 
675 1 738 
676 1 464 
677 0 
678 1 578 
679 0 
680 0 
681 2 118 411 
682 1 626 
683 0 
684 1 192 
685 0 
686 0 
687 0 
688 2 623 694 
689 0 
690 2 194 640 
691 0 
692 1 247 
693 0 
694 3 38 51 688 
695 1 501 
696 1 538 
697 1 589 
698 0 
699 0 
700 0 
701 0 
702 2 185 587 
703 1 515 
704 1 307 
705 1 276 
706 0 
707 0 
708 0 
709 0 
710 0 
711 0 
712 1 228 
713 1 297 
714 0 
715 1 145 
716 2 87 621 
717 0 
718 1 154 
719 0 
720 1 602 
721 0 
722 1 170 
723 0 
724 0 
725 0 
726 1 651 
727 0 
728 2 146 513 
729 1 154 
730 1 160 
731 0 
732 1 276 
733 0 
734 2 468 494 
735 0 
736 1 632 
737 2 139 667 
738 1 675 
739 1 354 
740 0 
741 0 
742 0 
743 0 
744 1 517 
745 1 85 
746 0 
747 1 595 
748 2 131 255 
749 1 268 
