750 1681
0 4 81 173 175 707 
1 2 54 705 
2 4 173 231 332 566 
3 3 370 582 609 
4 3 78 112 289 
5 3 76 288 690 
6 5 108 246 450 623 739 
7 3 283 406 652 
8 6 195 327 330 401 525 602 
9 0 
10 4 96 294 333 610 
11 4 148 405 466 721 
12 7 236 297 386 445 550 613 741 
13 4 107 368 382 587 
14 6 106 212 258 334 388 710 
15 8 102 179 189 367 403 530 597 650 
16 5 30 83 207 257 428 
17 3 240 442 488 
18 5 202 400 605 624 673 
19 2 201 472 
20 5 45 181 319 592 626 
21 4 103 294 316 632 
22 5 93 357 478 548 716 
23 2 355 496 
24 8 48 254 348 483 543 562 576 589 
25 3 171 392 586 
26 9 158 169 293 305 416 422 648 684 749 
27 7 185 346 388 459 532 711 717 
28 6 36 318 513 557 579 695 
29 0 
30 5 16 87 153 226 734 
31 8 350 407 411 415 492 516 727 739 
32 5 43 140 565 688 742 
33 4 56 161 181 190 
34 5 213 353 583 621 665 
35 3 105 294 402 
36 9 28 126 226 356 364 525 699 702 722 
37 6 65 188 288 324 352 734 
38 3 321 334 528 
39 9 50 83 107 159 329 467 537 561 629 
40 2 625 654 
41 3 432 547 563 
42 2 624 742 
43 5 32 159 436 556 633 
44 4 276 295 435 721 
45 5 20 94 120 405 509 
46 4 266 451 502 643 
47 7 131 464 472 499 544 573 578 
48 5 24 206 342 398 617 
49 4 223 295 487 671 
50 6 39 82 179 478 565 598 
51 3 172 484 714 
52 9 230 304 374 477 587 606 655 668 673 
53 4 135 368 415 561 
54 5 1 94 239 442 641 
55 7 342 428 505 625 628 636 697 
56 4 33 163 353 364 
57 4 111 358 467 479 
58 10 191 201 339 343 344 360 395 396 489 523 
59 5 233 382 508 623 735 
60 7 87 129 304 501 522 630 645 
61 4 207 241 410 541 
62 3 294 313 482 
63 5 70 477 576 663 733 
64 3 141 368 697 
65 7 37 141 157 415 473 631 687 
66 4 197 372 420 590 
67 6 81 85 176 319 393 667 
68 2 712 715 
69 5 73 89 294 646 737 
70 5 63 77 287 366 635 
71 7 80 106 174 181 427 686 748 
72 9 184 206 244 360 398 411 469 631 731 
73 7 69 153 236 288 340 342 379 
74 3 246 247 424 
75 2 407 734 
76 2 5 672 
77 6 70 92 198 243 547 595 
78 5 4 189 449 591 647 
79 2 445 466 
80 4 71 150 571 700 
81 3 0 67 301 
82 6 50 143 339 391 392 673 
83 2 16 39 
84 5 254 255 266 326 509 
85 9 67 321 349 352 353 431 501 539 749 
86 2 265 298 
87 5 30 60 167 194 655 
88 2 302 401 
89 5 69 220 278 496 613 
90 4 196 256 648 680 
91 3 364 579 644 
92 3 77 175 702 
93 2 22 275 
94 5 45 54 216 524 724 
95 3 215 443 656 
96 7 10 298 334 381 390 462 481 
97 3 500 580 615 
98 3 159 197 624 
99 5 268 302 330 420 422 
100 4 338 382 424 734 
101 6 392 402 485 499 591 699 
102 3 15 623 625 
103 5 21 424 715 722 747 
104 2 136 561 
105 4 35 168 191 275 
106 7 14 71 109 238 308 433 634 
107 7 13 39 174 186 285 390 553 
108 5 6 130 237 430 499 
109 5 106 173 280 305 604 
110 3 159 317 434 
111 8 57 134 231 256 311 339 342 690 
112 6 4 174 336 379 383 558 
113 2 376 598 
114 5 507 572 713 741 744 
115 4 256 298 376 388 
116 3 222 359 391 
117 6 141 212 285 326 455 536 
118 5 399 469 493 614 618 
119 5 135 200 510 560 746 
120 1 45 
121 9 135 144 194 332 485 525 580 695 732 
122 2 327 549 
123 3 354 579 688 
124 4 201 390 424 690 
125 5 129 206 364 396 591 
126 4 36 209 264 709 
127 5 131 272 322 376 699 
128 1 443 
129 9 60 125 212 234 265 309 383 495 713 
130 2 108 148 
131 8 47 127 170 249 523 532 668 735 
132 1 711 
133 5 151 303 412 459 604 
134 3 111 207 728 
135 7 53 119 121 246 285 323 393 
136 4 104 200 465 479 
137 5 221 317 453 591 612 
138 6 373 398 409 422 475 536 
139 5 163 269 337 474 500 
140 6 32 151 512 530 694 699 
141 7 64 65 117 197 368 495 589 
142 8 145 272 372 466 529 577 626 742 
143 4 82 546 650 701 
144 7 121 322 337 441 509 612 703 
145 4 142 192 397 497 
146 7 178 327 339 373 493 569 702 
147 4 327 370 418 674 
148 4 11 130 393 736 
149 2 189 510 
150 6 80 336 522 547 589 688 
151 4 133 140 297 331 
152 5 308 366 459 652 687 
153 5 30 73 502 537 589 
154 8 240 291 354 481 678 710 715 727 
155 2 240 330 
156 3 242 318 407 
157 3 65 259 708 
158 7 26 239 282 320 409 736 749 
159 5 39 43 98 110 174 
160 4 415 437 552 721 
161 2 33 552 
162 1 222 
163 7 56 139 187 478 595 612 678 
164 4 267 277 387 442 
165 6 183 217 426 497 666 714 
166 3 218 449 649 
167 7 87 280 295 408 574 611 682 
168 3 105 342 734 
169 4 26 248 319 491 
170 3 131 283 309 
171 8 25 250 323 363 372 426 462 492 
172 2 51 631 
173 3 0 2 109 
174 7 71 107 112 159 414 622 626 
175 4 0 92 349 481 
176 5 67 249 290 648 699 
177 3 384 632 657 
178 3 146 342 504 
179 6 15 50 274 403 422 596 
180 3 328 662 683 
181 3 20 33 71 
182 3 632 693 725 
183 3 165 419 527 
184 6 72 317 318 480 550 613 
185 5 27 242 246 286 639 
186 2 107 341 
187 6 163 342 351 496 622 666 
188 4 37 240 675 694 
189 9 15 78 149 240 305 375 527 588 604 
190 5 33 352 396 514 525 
191 3 58 105 700 
192 6 145 215 276 293 525 566 
193 2 318 456 
194 5 87 121 308 392 393 
195 5 8 200 407 537 658 
196 1 90 
197 6 66 98 141 439 499 609 
198 2 77 429 
199 1 643 
200 7 119 136 195 424 480 599 682 
201 4 19 58 124 465 
202 6 18 242 245 246 455 736 
203 3 291 347 506 
204 1 324 
205 3 213 260 647 
206 3 48 72 125 
207 6 16 61 134 238 594 668 
208 0 
209 4 126 349 468 744 
210 5 311 342 514 628 738 
211 1 338 
212 5 14 117 129 258 401 
213 3 34 205 483 
214 3 282 390 503 
215 4 95 192 415 597 
216 4 94 384 648 673 
217 2 165 231 
218 2 166 560 
219 4 245 254 680 700 
220 6 89 268 411 599 622 697 
221 6 137 274 291 318 674 704 
222 5 116 162 236 492 611 
223 4 49 249 604 678 
224 6 331 397 600 653 715 741 
225 1 615 
226 3 30 36 388 
227 5 289 306 478 599 726 
228 1 398 
229 3 359 503 596 
230 4 52 471 667 739 
231 9 2 111 217 324 438 504 564 597 662 
232 2 538 581 
233 2 59 503 
234 7 129 252 268 287 438 445 656 
235 3 363 444 518 
236 8 12 73 222 238 342 376 577 703 
237 2 108 524 
238 7 106 207 236 384 554 623 705 
239 6 54 158 269 400 544 630 
240 10 17 154 155 188 189 386 415 656 661 671 
241 5 61 423 455 622 656 
242 5 156 185 202 248 579 
243 3 77 613 688 
244 2 72 468 
245 2 202 219 
246 6 6 74 135 185 202 681 
247 5 74 248 301 324 388 
248 7 169 242 247 315 389 488 521 
249 5 131 176 223 411 446 
250 4 171 328 586 643 
251 5 490 672 697 736 740 
252 5 234 393 436 623 736 
253 2 610 706 
254 5 24 84 219 256 558 
255 1 84 
256 6 90 111 115 254 312 335 
257 5 16 493 547 600 669 
258 6 14 212 263 534 650 708 
259 4 157 353 359 598 
260 7 205 270 471 481 493 623 736 
261 1 579 
262 1 341 
263 2 258 635 
264 3 126 290 682 
265 3 86 129 527 
266 7 46 84 395 460 512 666 722 
267 6 164 341 371 372 393 594 
268 5 99 220 234 583 629 
269 5 139 239 363 666 693 
270 6 260 302 305 356 383 473 
271 1 417 
272 4 127 142 716 727 
273 3 413 616 695 
274 4 179 221 385 579 
275 6 93 105 280 406 571 728 
276 5 44 192 707 725 746 
277 6 164 286 465 480 590 703 
278 4 89 387 491 498 
279 2 367 369 
280 6 109 167 275 323 451 453 
281 4 285 308 528 645 
282 6 158 214 380 535 557 564 
283 5 7 170 363 374 587 
284 1 306 
285 9 107 117 135 281 319 320 502 612 690 
286 4 185 277 489 741 
287 4 70 234 625 681 
288 4 5 37 73 493 
289 3 4 227 722 
290 5 176 264 339 448 563 
291 3 154 203 221 
292 3 385 423 637 
293 2 26 192 
294 6 10 21 35 62 69 636 
295 4 44 49 167 569 
296 0 
297 3 12 151 478 
298 5 86 96 115 700 714 
299 1 426 
300 3 570 573 709 
301 6 81 247 627 657 697 743 
302 7 88 99 270 316 411 415 646 
303 6 133 403 425 470 654 655 
304 3 52 60 429 
305 5 26 109 189 270 520 
306 4 227 284 366 678 
307 6 340 357 390 409 446 562 
308 5 106 152 194 281 393 
309 4 129 170 348 526 
310 2 505 594 
311 5 111 210 405 563 589 
312 9 256 412 442 501 536 554 728 729 736 
313 2 62 395 
314 1 633 
315 3 248 475 638 
316 4 21 302 684 713 
317 4 110 137 184 638 
318 9 28 156 184 193 221 417 442 567 712 
319 7 20 67 169 285 469 639 692 
320 5 158 285 517 679 708 
321 2 38 85 
322 6 127 144 515 545 723 741 
323 8 135 171 280 340 471 578 667 672 
324 5 37 204 231 247 399 
325 4 330 551 702 724 
326 6 84 117 369 449 548 738 
327 5 8 122 146 147 719 
328 4 180 250 439 573 
329 3 39 382 636 
330 7 8 99 155 325 387 392 425 
331 3 151 224 622 
332 4 2 121 532 743 
333 6 10 336 397 410 508 550 
334 3 14 38 96 
335 2 256 425 
336 5 112 150 333 599 738 
337 8 139 144 374 402 405 489 559 570 
338 5 100 211 342 629 713 
339 5 58 82 111 146 290 
340 8 73 307 323 345 385 390 407 428 
341 6 186 262 267 449 525 526 
342 12 48 55 73 111 168 178 187 210 236 338 699 748 
343 3 58 668 708 
344 6 58 412 416 563 645 684 
345 6 340 582 633 645 681 692 
346 3 27 379 605 
347 4 203 348 536 625 
348 7 24 309 347 378 424 458 696 
349 3 85 175 209 
350 4 31 449 458 728 
351 6 187 467 496 524 527 567 
352 4 37 85 190 624 
353 8 34 56 85 259 397 441 681 731 
354 6 123 154 391 673 677 718 
355 3 23 417 684 
356 4 36 270 438 612 
357 2 22 307 
358 3 57 421 511 
359 7 116 229 259 368 582 637 671 
360 4 58 72 626 718 
361 1 407 
362 3 496 543 716 
363 6 171 235 269 283 374 509 
364 6 36 56 91 125 561 606 
365 3 429 431 699 
366 5 70 152 306 373 420 
367 7 15 279 400 425 534 686 701 
368 10 13 53 64 141 359 395 418 527 551 557 
369 5 279 326 475 550 647 
370 4 3 147 447 532 
371 2 267 464 
372 8 66 142 171 267 457 523 599 713 
373 7 138 146 366 376 568 690 709 
374 9 52 283 337 363 548 575 594 599 709 
375 2 189 465 
376 7 113 115 127 236 373 510 624 
377 1 615 
378 3 348 477 482 
379 5 73 112 346 505 700 
380 4 282 682 713 735 
381 1 96 
382 8 13 59 100 329 585 645 701 739 
383 5 112 129 270 526 581 
384 5 177 216 238 431 479 
385 5 274 292 340 399 647 
386 5 12 240 410 554 618 
387 4 164 278 330 560 
388 6 14 27 115 226 247 714 
389 1 248 
390 8 96 107 124 214 307 340 716 719 
391 6 82 116 354 455 551 654 
392 8 25 82 101 194 330 518 568 672 
393 8 67 135 148 194 252 267 308 673 
394 1 587 
395 5 58 266 313 368 566 
396 5 58 125 190 541 703 
397 6 145 224 333 353 413 425 
398 6 48 72 138 228 484 697 
399 6 118 324 385 499 532 550 
400 4 18 239 367 414 
401 7 8 88 212 522 623 635 715 
402 5 35 101 337 595 655 
403 5 15 179 303 476 686 
404 3 480 507 736 
405 7 11 45 311 337 517 532 550 
406 3 7 275 663 
407 7 31 75 156 195 340 361 597 
408 2 167 723 
409 5 138 158 307 673 708 
410 6 61 333 386 413 708 734 
411 8 31 72 220 249 302 412 556 677 
412 9 133 312 344 411 458 479 620 679 702 
413 3 273 397 410 
414 4 174 400 682 745 
415 8 31 53 65 160 215 240 302 428 
416 3 26 344 468 
417 8 271 318 355 620 635 672 708 740 
418 6 147 368 440 584 606 650 
419 5 183 455 484 642 643 
420 5 66 99 366 450 652 
421 2 358 656 
422 4 26 99 138 179 
423 3 241 292 515 
424 8 74 100 103 124 200 348 539 632 
425 6 303 330 335 367 397 517 
426 4 165 171 299 611 
427 3 71 553 721 
428 6 16 55 340 415 633 654 
429 4 198 304 365 562 
430 5 108 540 718 734 742 
431 3 85 365 384 
432 3 41 511 608 
433 2 106 435 
434 3 110 523 624 
435 4 44 433 450 560 
436 3 43 252 468 
437 2 160 673 
438 5 231 234 356 477 481 
439 3 197 328 733 
440 3 418 478 674 
441 5 144 353 534 594 643 
442 5 17 54 164 312 318 
443 3 95 128 701 
444 2 235 519 
445 7 12 79 234 452 511 605 656 
446 2 249 307 
447 4 370 456 486 624 
448 4 290 527 597 741 
449 11 78 166 326 341 350 457 510 575 579 588 687 
450 5 6 420 435 588 648 
451 3 46 280 611 
452 5 445 498 521 578 580 
453 5 137 280 465 470 549 
454 1 599 
455 6 117 202 241 391 419 746 
456 2 193 447 
457 4 372 449 515 707 
458 7 348 350 412 526 622 702 728 
459 7 27 133 152 542 588 617 731 
460 1 266 
461 1 728 
462 4 96 171 509 588 
463 2 502 634 
464 4 47 371 611 713 
465 5 136 201 277 375 453 
466 5 11 79 142 497 743 
467 3 39 57 351 
468 7 209 244 416 436 558 687 730 
469 4 72 118 319 488 
470 5 303 453 599 696 749 
471 4 230 260 323 588 
472 4 19 47 598 648 
473 2 65 270 
474 7 139 509 525 578 691 692 726 
475 5 138 315 369 480 573 
476 3 403 507 542 
477 5 52 63 378 438 557 
478 6 22 50 163 227 297 440 
479 5 57 136 384 412 718 
480 5 184 200 277 404 475 
481 5 96 154 175 260 438 
482 5 62 378 575 628 692 
483 3 24 213 487 
484 3 51 398 419 
485 8 101 121 497 507 580 624 626 678 
486 3 447 632 724 
487 3 49 483 524 
488 5 17 248 469 584 658 
489 5 58 286 337 600 642 
490 4 251 572 668 723 
491 2 169 278 
492 6 31 171 222 523 525 539 
493 6 118 146 257 260 288 699 
494 1 582 
495 3 129 141 582 
496 6 23 89 187 351 362 621 
497 6 145 165 466 485 508 739 
498 4 278 452 522 525 
499 10 47 101 108 197 399 506 561 658 680 720 
500 7 97 139 579 599 613 666 749 
501 5 60 85 312 531 720 
502 7 46 153 285 463 529 699 702 
503 3 214 229 233 
504 6 178 231 534 546 676 728 
505 3 55 310 379 
506 3 203 499 653 
507 7 114 404 476 485 591 621 731 
508 5 59 333 497 658 683 
509 9 45 84 144 363 462 474 671 702 745 
510 5 119 149 376 449 613 
511 3 358 432 445 
512 4 140 266 516 643 
513 1 28 
514 4 190 210 551 579 
515 3 322 423 457 
516 5 31 512 549 648 671 
517 5 320 405 425 522 706 
518 3 235 392 554 
519 1 444 
520 1 305 
521 4 248 452 576 629 
522 6 60 150 401 498 517 623 
523 5 58 131 372 434 492 
524 5 94 237 351 487 598 
525 10 8 36 121 190 192 341 474 492 498 630 
526 6 309 341 383 458 532 636 
527 8 183 189 265 351 368 448 588 603 
528 4 38 281 612 687 
529 3 142 502 714 
530 5 15 140 542 656 697 
531 2 501 640 
532 7 27 131 332 370 399 405 526 
533 1 678 
534 8 258 367 441 504 548 555 585 634 
535 2 282 635 
536 5 117 138 312 347 599 
537 3 39 153 195 
538 2 232 696 
539 5 85 424 492 594 616 
540 4 430 565 594 619 
541 3 61 396 657 
542 3 459 476 530 
543 4 24 362 611 737 
544 4 47 239 599 745 
545 1 322 
546 3 143 504 654 
547 5 41 77 150 257 676 
548 7 22 326 374 534 571 591 615 
549 3 122 453 516 
550 7 12 184 333 369 399 405 739 
551 5 325 368 391 514 598 
552 3 160 161 728 
553 2 107 427 
554 6 238 312 386 518 581 735 
555 1 534 
556 3 43 411 748 
557 5 28 282 368 477 722 
558 4 112 254 468 712 
559 2 337 594 
560 5 119 218 387 435 684 
561 6 39 53 104 364 499 651 
562 4 24 307 429 580 
563 4 41 290 311 344 
564 3 231 282 578 
565 5 32 50 540 587 620 
566 3 2 192 395 
567 5 318 351 577 618 696 
568 5 373 392 582 672 708 
569 2 146 295 
570 4 300 337 618 624 
571 3 80 275 548 
572 6 114 490 707 711 724 729 
573 5 47 300 328 475 663 
574 1 167 
575 5 374 449 482 655 734 
576 4 24 63 521 748 
577 6 142 236 567 646 689 748 
578 6 47 323 452 474 564 617 
579 9 28 91 123 242 261 274 449 500 514 
580 5 97 121 452 485 562 
581 3 232 383 554 
582 7 3 345 359 494 495 568 614 
583 2 34 268 
584 3 418 488 608 
585 4 382 534 673 682 
586 2 25 250 
587 6 13 52 283 394 565 634 
588 7 189 449 450 459 462 471 527 
589 6 24 141 150 153 311 626 
590 3 66 277 720 
591 7 78 101 125 137 507 548 679 
592 1 20 
593 1 692 
594 8 207 267 310 374 441 539 540 559 
595 6 77 163 402 624 640 720 
596 2 179 229 
597 6 15 215 231 407 448 723 
598 7 50 113 259 472 524 551 696 
599 11 200 220 227 336 372 374 454 470 500 536 544 
600 3 224 257 489 
601 1 683 
602 2 8 732 
603 2 527 706 
604 5 109 133 189 223 682 
605 4 18 346 445 696 
606 3 52 364 418 
607 1 679 
608 3 432 584 717 
609 2 3 197 
610 3 10 253 686 
611 7 167 222 426 451 464 543 697 
612 7 137 144 163 285 356 528 641 
613 8 12 89 184 243 500 510 615 625 
614 2 118 582 
615 5 97 225 377 548 613 
616 3 273 539 672 
617 3 48 459 578 
618 4 118 386 567 570 
619 1 540 
620 4 412 417 565 628 
621 3 34 496 507 
622 8 174 187 220 241 331 458 711 717 
623 9 6 59 102 238 252 260 401 522 684 
624 12 18 42 98 352 376 434 447 485 570 595 645 712 
625 6 40 55 102 287 347 613 
626 7 20 142 174 360 485 589 699 
627 2 301 701 
628 4 55 210 482 620 
629 4 39 268 338 521 
630 5 60 239 525 650 706 
631 3 65 72 172 
632 5 21 177 182 424 486 
633 4 43 314 345 428 
634 5 106 463 534 587 663 
635 7 70 263 401 417 535 707 732 
636 4 55 294 329 526 
637 3 292 359 722 
638 2 315 317 
639 2 185 319 
640 2 531 595 
641 2 54 612 
642 3 419 489 719 
643 7 46 199 250 419 441 512 673 
644 3 91 681 716 
645 6 60 281 344 345 382 624 
646 3 69 302 577 
647 4 78 205 369 385 
648 8 26 90 176 216 450 472 516 740 
649 3 166 681 746 
650 5 15 143 258 418 630 
651 1 561 
652 3 7 152 420 
653 3 224 506 672 
654 7 40 303 391 428 546 690 730 
655 5 52 87 303 402 575 
656 7 95 234 240 241 421 445 530 
657 4 177 301 541 680 
658 6 195 488 499 508 659 671 
659 2 658 664 
660 0 
661 1 240 
662 4 180 231 688 693 
663 4 63 406 573 634 
664 1 659 
665 1 34 
666 5 165 187 266 269 500 
667 3 67 230 323 
668 5 52 131 207 343 490 
669 1 257 
670 1 690 
671 6 49 240 359 509 516 658 
672 9 76 251 323 392 417 568 616 653 742 
673 10 18 52 82 216 354 393 409 437 585 643 
674 3 147 221 440 
675 2 188 740 
676 2 504 547 
677 3 354 411 700 
678 6 154 163 223 306 485 533 
679 4 320 412 591 607 
680 4 90 219 499 657 
681 6 246 287 345 353 644 649 
682 8 167 200 264 380 414 585 604 705 
683 3 180 508 601 
684 6 26 316 344 355 560 623 
685 0 
686 5 71 367 403 610 749 
687 6 65 152 449 468 528 745 
688 6 32 123 150 243 662 747 
689 1 577 
690 7 5 111 124 285 373 654 670 
691 1 474 
692 5 319 345 474 482 593 
693 3 182 269 662 
694 2 140 188 
695 3 28 121 273 
696 6 348 470 538 567 598 605 
697 9 55 64 220 251 301 398 530 611 748 
698 0 
699 10 36 101 127 140 176 342 365 493 502 626 
700 7 80 191 219 298 379 677 727 
701 5 143 367 382 443 627 
702 9 36 92 146 325 412 458 502 509 734 
703 4 144 236 277 396 
704 2 221 713 
705 3 1 238 682 
706 6 253 517 603 630 735 748 
707 6 0 276 457 572 635 730 
708 8 157 258 320 343 409 410 417 568 
709 4 126 300 373 374 
710 2 14 154 
711 4 27 132 572 622 
712 4 68 318 558 624 
713 8 114 129 316 338 372 380 464 704 
714 5 51 165 298 388 529 
715 5 68 103 154 224 401 
716 5 22 272 362 390 644 
717 3 27 608 622 
718 4 354 360 430 479 
719 3 327 390 642 
720 4 499 501 590 595 
721 4 11 44 160 427 
722 6 36 103 266 289 557 637 
723 5 322 408 490 597 744 
724 4 94 325 486 572 
725 2 182 276 
726 2 227 474 
727 5 31 154 272 700 749 
728 8 134 275 312 350 458 461 504 552 
729 2 312 572 
730 3 468 654 707 
731 4 72 353 459 507 
732 3 121 602 635 
733 2 63 439 
734 9 30 37 75 100 168 410 430 575 702 
735 5 59 131 380 554 706 
736 8 148 158 202 251 252 260 312 404 
737 2 69 543 
738 4 210 326 336 746 
739 6 6 31 230 382 497 550 
740 4 251 417 648 675 
741 7 12 114 224 286 322 448 742 
742 6 32 42 142 430 672 741 
743 3 301 332 466 
744 3 114 209 723 
745 4 414 509 544 687 
746 5 119 276 455 649 738 
747 2 103 688 
748 7 71 342 556 576 577 697 706 
749 7 26 85 158 470 500 686 727 
