750 2635
0 9 87 93 132 160 363 505 566 621 629 
1 5 334 464 528 566 708 
2 9 35 206 293 363 517 561 652 680 683 
3 4 86 218 328 711 
4 6 85 171 245 291 371 559 
5 4 30 353 636 701 
6 8 37 68 160 201 223 490 542 572 
7 7 80 188 484 565 590 615 658 
8 4 104 141 590 666 
9 3 97 259 501 
10 10 70 90 124 300 303 306 391 406 429 527 
11 9 35 67 79 173 326 362 413 544 611 
12 9 47 100 259 299 445 614 655 687 708 
13 5 23 621 705 715 738 
14 10 83 93 166 230 252 365 397 444 647 712 
15 9 187 401 403 405 453 548 595 603 659 
16 5 112 113 360 423 574 
17 9 183 320 405 444 518 550 592 615 660 
18 6 34 254 322 355 583 645 
19 7 129 155 241 339 448 541 679 
20 6 94 233 331 416 424 517 
21 6 41 47 60 232 612 663 
22 9 193 378 419 434 469 504 512 535 661 
23 6 13 55 296 398 576 638 
24 5 49 104 222 624 744 
25 7 159 183 266 281 298 388 681 
26 9 307 347 411 462 503 540 678 679 707 
27 9 62 165 330 448 506 597 617 647 730 
28 11 88 157 339 368 390 457 522 639 670 689 745 
29 6 74 112 130 276 283 398 
30 8 5 182 329 630 636 653 676 725 
31 9 49 141 185 278 400 696 698 726 729 
32 13 69 114 131 211 213 249 264 301 420 581 584 738 746 
33 4 81 192 228 291 
34 9 18 36 147 168 222 261 603 676 733 
35 8 2 11 78 97 272 325 626 748 
36 7 34 56 92 285 617 696 731 
37 7 6 60 197 406 481 498 585 
38 9 90 119 279 322 355 444 593 704 742 
39 3 93 619 650 
40 4 237 504 594 618 
41 5 21 111 267 403 426 
42 6 253 509 530 623 705 743 
43 6 208 224 268 580 715 746 
44 10 277 343 394 407 495 541 588 623 656 732 
45 11 153 191 267 330 349 465 493 498 536 654 709 
46 5 65 183 381 614 719 
47 7 12 21 370 405 408 543 733 
48 7 125 179 209 247 405 493 733 
49 6 24 31 116 206 260 677 
50 7 235 445 471 551 681 733 735 
51 6 256 397 461 541 598 603 
52 3 188 249 335 
53 8 121 192 309 343 389 414 656 747 
54 6 287 300 456 520 534 738 
55 5 23 89 168 280 393 
56 11 36 172 221 248 265 276 279 399 585 673 747 
57 5 74 222 223 349 364 
58 6 299 343 375 524 538 700 
59 6 139 151 268 506 603 697 
60 5 21 37 561 711 722 
61 9 101 141 165 253 351 406 516 580 681 
62 12 27 110 193 199 296 311 380 503 628 632 659 714 
63 6 77 84 515 565 581 653 
64 7 77 174 321 493 552 608 613 
65 14 46 228 234 293 294 306 400 445 449 521 535 644 652 712 
66 3 244 619 680 
67 10 11 88 134 166 217 255 338 340 376 535 
68 7 6 122 147 321 428 513 615 
69 7 32 238 503 539 557 596 747 
70 6 10 114 458 477 591 687 
71 6 109 117 245 498 502 593 
72 4 386 391 549 712 
73 6 189 221 355 561 706 745 
74 8 29 57 130 435 515 608 682 685 
75 9 215 237 367 439 456 461 630 641 702 
76 8 87 92 285 398 443 546 569 592 
77 7 63 64 84 206 236 360 596 
78 6 35 91 257 299 399 625 
79 7 11 112 275 387 450 573 687 
80 11 7 103 180 298 401 403 426 486 577 666 675 
81 6 33 114 147 198 394 422 
82 7 304 395 407 425 582 635 704 
83 4 14 98 441 548 
84 13 63 77 94 117 127 242 288 382 483 484 579 658 686 
85 8 4 130 318 322 545 601 641 655 
86 7 3 133 363 387 664 697 722 
87 12 0 76 250 302 345 417 428 462 555 610 615 724 
88 10 28 67 162 172 298 310 483 505 637 715 
89 8 55 114 203 416 603 692 722 740 
90 9 10 38 96 103 111 178 320 322 342 
91 9 78 190 246 335 338 349 450 478 481 
92 8 36 76 268 296 507 592 653 692 
93 8 0 14 39 155 184 221 309 396 
94 7 20 84 132 418 446 624 647 
95 4 297 310 423 595 
96 1 90 
97 9 9 35 147 191 465 559 615 624 670 
98 13 83 130 179 264 297 365 472 531 560 620 623 625 704 
99 5 133 222 269 529 650 
100 8 12 185 199 362 397 519 729 747 
101 11 61 185 196 217 260 283 327 524 648 705 707 
102 2 512 580 
103 11 80 90 285 355 399 417 443 540 618 706 724 
104 7 8 24 151 212 421 473 599 
105 2 152 472 
106 6 119 233 352 664 669 711 
107 8 297 305 321 365 417 546 625 647 
108 4 144 227 714 746 
109 10 71 266 300 315 389 421 429 521 680 746 
110 4 62 256 376 462 
111 6 41 90 207 517 573 649 
112 10 16 29 79 189 298 321 474 560 564 582 
113 8 16 181 387 397 536 637 671 688 
114 6 32 70 81 89 212 335 
115 3 512 656 699 
116 5 49 138 213 626 637 
117 8 71 84 201 330 395 491 603 681 
118 7 125 252 291 605 633 636 698 
119 13 38 106 172 234 311 318 417 464 497 548 578 650 688 
120 10 145 229 277 318 417 429 436 446 527 740 
121 10 53 147 166 187 315 337 411 486 722 731 
122 9 68 162 216 219 418 424 482 545 575 
123 10 292 318 396 411 469 483 566 661 666 699 
124 9 10 125 238 242 286 376 490 500 731 
125 5 48 118 124 158 168 
126 5 179 242 308 486 742 
127 8 84 205 229 336 351 455 529 621 
128 4 158 283 522 629 
129 6 19 277 489 561 638 714 
130 9 29 74 85 98 347 381 447 673 712 
131 5 32 266 595 638 658 
132 10 0 94 161 278 301 379 404 521 555 683 
133 4 86 99 440 550 
134 10 67 232 431 551 574 576 583 598 620 624 
135 3 226 420 567 
136 8 179 340 418 492 540 585 625 708 
137 2 605 700 
138 7 116 184 187 339 395 396 735 
139 5 59 253 286 290 298 
140 7 241 306 363 454 513 659 718 
141 11 8 31 61 143 156 215 307 317 394 572 627 
142 5 303 362 401 534 696 
143 9 141 223 232 255 341 409 588 611 624 
144 4 108 342 415 575 
145 4 120 418 646 714 
146 8 165 343 505 533 536 582 604 648 
147 10 34 68 81 97 121 357 401 475 715 720 
148 9 309 374 377 463 554 604 728 730 742 
149 3 265 662 674 
150 5 273 403 579 587 741 
151 7 59 104 225 316 455 517 614 
152 10 105 274 403 421 431 510 616 633 681 688 
153 3 45 250 299 
154 2 215 437 
155 4 19 93 157 335 
156 9 141 243 323 339 354 443 591 603 701 
157 9 28 155 166 314 331 550 615 658 721 
158 7 125 128 235 465 492 513 711 
159 3 25 434 726 
160 7 0 6 174 204 260 361 641 
161 9 132 185 204 246 289 390 532 596 648 
162 7 88 122 224 231 394 671 686 
163 6 446 480 483 492 554 598 
164 9 208 272 548 636 638 673 684 706 741 
165 9 27 61 146 263 289 472 546 576 739 
166 7 14 67 121 157 440 567 682 
167 10 214 225 406 568 576 604 608 620 689 733 
168 8 34 55 125 252 295 484 732 738 
169 5 228 443 516 668 748 
170 4 288 444 554 739 
171 5 4 261 525 582 673 
172 8 56 88 119 240 402 592 661 690 
173 6 11 271 307 455 557 684 
174 7 64 160 191 444 606 611 673 
175 6 331 337 500 533 539 731 
176 4 326 410 512 655 
177 5 351 523 543 581 702 
178 6 90 180 317 353 399 435 
179 10 48 98 126 136 321 343 550 560 686 727 
180 6 80 178 361 395 543 709 
181 9 113 352 448 517 521 530 594 701 735 
182 7 30 214 222 307 309 454 723 
183 8 17 25 46 289 390 483 506 533 
184 12 93 138 201 276 345 358 580 661 695 698 725 749 
185 5 31 100 101 161 505 
186 2 421 552 
187 6 15 121 138 508 642 692 
188 7 7 52 301 409 620 642 677 
189 7 73 112 220 249 368 581 693 
190 5 91 303 420 714 728 
191 9 45 97 174 227 279 334 437 495 570 
192 6 33 53 271 330 489 728 
193 10 22 62 305 308 323 379 552 589 646 690 
194 4 220 294 585 688 
195 6 238 301 333 420 442 608 
196 8 101 275 284 336 428 452 636 658 
197 6 37 491 517 542 580 669 
198 5 81 275 610 642 725 
199 9 62 100 303 392 418 429 438 544 729 
200 6 369 399 418 457 605 732 
201 6 6 117 184 215 275 664 
202 5 294 311 401 506 720 
203 3 89 628 665 
204 10 160 161 338 362 416 484 513 540 602 655 
205 3 127 287 654 
206 7 2 49 77 281 351 509 696 
207 7 111 227 311 328 365 468 571 
208 5 43 164 511 706 730 
209 5 48 235 354 501 513 
210 9 229 378 455 532 538 539 597 629 715 
211 13 32 249 250 290 336 354 484 494 566 608 629 686 732 
212 2 104 114 
213 8 32 116 225 279 408 472 501 542 
214 11 167 182 232 280 319 406 450 477 624 666 693 
215 8 75 141 154 201 227 520 563 690 
216 4 122 445 526 707 
217 4 67 101 451 591 
218 3 3 378 488 
219 4 122 308 363 608 
220 10 189 194 264 366 375 434 467 521 540 704 
221 7 56 73 93 398 485 632 697 
222 8 24 34 57 99 182 314 525 599 
223 8 6 57 143 278 420 532 599 702 
224 8 43 162 369 402 513 633 652 671 
225 10 151 167 213 340 393 397 478 574 674 702 
226 5 135 327 355 506 640 
227 6 108 191 207 215 382 748 
228 6 33 65 169 249 513 589 
229 7 120 127 210 247 260 409 532 
230 5 14 234 244 362 491 
231 6 162 292 342 381 520 672 
232 11 21 134 143 214 363 505 511 635 683 687 728 
233 9 20 106 242 263 315 321 400 591 672 
234 10 65 119 230 242 302 368 385 391 431 514 
235 6 50 158 209 526 673 749 
236 7 77 270 271 453 596 652 681 
237 3 40 75 258 
238 10 69 124 195 275 295 390 507 624 645 651 
239 4 325 433 446 587 
240 8 172 313 322 390 404 466 478 627 
241 7 19 140 262 277 298 414 728 
242 11 84 124 126 233 234 274 346 416 432 521 544 
243 4 156 335 454 624 
244 12 66 230 270 299 412 420 437 446 454 508 579 675 
245 4 4 71 669 674 
246 8 91 161 336 365 479 493 562 630 
247 5 48 229 544 672 724 
248 4 56 380 649 708 
249 10 32 52 189 211 228 374 543 565 612 743 
250 6 87 153 211 343 497 735 
251 1 386 
252 9 14 118 168 394 425 627 651 661 718 
253 5 42 61 139 467 652 
254 7 18 291 430 458 614 633 678 
255 8 67 143 321 341 380 578 659 724 
256 6 51 110 523 533 545 560 
257 6 78 296 342 380 526 554 
258 7 237 315 339 343 394 526 674 
259 7 9 12 284 289 302 618 658 
260 12 49 101 160 229 284 292 305 357 615 658 667 697 
261 9 34 171 264 282 308 381 398 418 521 
262 6 241 298 539 640 647 749 
263 10 165 233 309 386 445 510 553 678 722 733 
264 6 32 98 220 261 444 555 
265 7 56 149 333 379 630 644 683 
266 7 25 109 131 311 320 356 711 
267 8 41 45 285 301 459 486 678 711 
268 6 43 59 92 460 698 734 
269 9 99 448 472 480 515 530 538 581 662 
270 7 236 244 276 509 536 559 644 
271 9 173 192 236 348 380 414 669 692 722 
272 4 35 164 623 658 
273 5 150 326 410 436 527 
274 8 152 242 287 293 362 502 564 716 
275 9 79 196 198 201 238 511 688 699 715 
276 9 29 56 184 270 382 432 607 708 733 
277 8 44 120 129 241 471 476 692 703 
278 8 31 132 223 469 553 666 685 695 
279 9 38 56 191 213 358 614 625 715 749 
280 10 55 214 282 310 468 501 529 540 726 746 
281 4 25 206 365 677 
282 6 261 280 310 367 397 673 
283 10 29 101 128 310 336 355 498 557 679 715 
284 10 196 259 260 415 464 467 468 494 672 673 
285 8 36 76 103 267 473 504 549 687 
286 5 124 139 348 368 632 
287 9 54 205 274 394 431 454 559 596 646 
288 4 84 170 467 748 
289 4 161 165 183 259 
290 5 139 211 679 702 714 
291 7 4 33 118 254 524 543 626 
292 7 123 231 260 518 613 708 709 
293 6 2 65 274 572 704 749 
294 7 65 194 202 357 572 636 658 
295 10 168 238 367 386 392 458 575 603 637 642 
296 10 23 62 92 257 337 432 452 564 734 745 
297 8 95 98 107 339 512 520 593 641 
298 12 25 80 88 112 139 241 262 333 365 482 492 538 
299 9 12 58 78 153 244 311 532 538 701 
300 7 10 54 109 396 521 642 732 
301 10 32 132 188 195 267 322 381 445 612 661 
302 4 87 234 259 427 
303 6 10 142 190 199 329 510 
304 8 82 401 419 440 560 645 650 704 
305 4 107 193 260 594 
306 7 10 65 140 315 322 384 597 
307 8 26 141 173 182 411 517 639 742 
308 6 126 193 219 261 406 468 
309 7 53 93 148 182 263 656 700 
310 11 88 95 280 282 283 330 411 510 546 615 720 
311 8 62 119 202 207 266 299 388 438 
312 4 330 373 531 662 
313 4 240 350 616 695 
314 8 157 222 379 391 610 633 652 741 
315 9 109 121 233 258 306 476 586 708 724 
316 3 151 542 637 
317 8 141 178 345 386 466 532 647 748 
318 11 85 119 120 123 571 593 648 692 720 723 738 
319 5 214 389 424 555 720 
320 4 17 90 266 418 
321 10 64 68 107 112 179 233 255 460 461 678 
322 14 18 38 85 90 240 301 306 504 538 577 626 671 727 742 
323 4 156 193 396 681 
324 3 332 365 708 
325 3 35 239 663 
326 9 11 176 273 420 445 638 678 715 743 
327 6 101 226 336 531 625 637 
328 4 3 207 535 744 
329 8 30 303 338 349 484 565 599 608 
330 8 27 45 117 192 310 312 425 584 
331 5 20 157 175 336 464 
332 10 324 377 402 403 422 450 514 527 664 695 
333 7 195 265 298 337 408 616 730 
334 4 1 191 389 417 
335 5 52 91 114 155 243 
336 11 127 196 211 246 283 327 331 368 475 703 728 
337 6 121 175 296 333 471 713 
338 11 67 91 204 329 393 450 603 614 632 733 738 
339 10 19 28 138 156 258 297 547 571 690 706 
340 6 67 136 225 390 607 713 
341 3 143 255 621 
342 9 90 144 231 257 487 529 537 566 589 
343 11 44 53 58 146 179 250 258 455 549 629 716 
344 4 490 499 559 686 
345 5 87 184 317 556 638 
346 7 242 420 427 558 562 648 743 
347 5 26 130 356 495 649 
348 3 271 286 620 
349 7 45 57 91 329 466 535 644 
350 5 313 386 450 456 634 
351 13 61 127 177 206 413 559 602 618 640 646 649 653 679 
352 4 106 181 418 683 
353 13 5 178 388 406 428 492 493 519 534 558 576 636 685 
354 8 156 209 211 500 506 512 642 715 
355 7 18 38 73 103 226 283 484 
356 4 266 347 390 610 
357 3 147 260 294 
358 6 184 279 393 422 632 710 
359 4 481 507 513 748 
360 4 16 77 562 621 
361 5 160 180 444 539 611 
362 14 11 100 142 204 230 274 363 400 436 480 484 568 569 620 
363 14 0 2 86 140 219 232 362 366 461 531 532 552 630 708 
364 1 57 
365 14 14 98 107 207 246 281 298 324 383 398 436 479 618 621 
366 10 220 363 438 475 502 532 544 601 667 711 
367 5 75 282 295 478 742 
368 12 28 189 234 286 336 488 535 542 559 608 670 712 
369 4 200 224 515 668 
370 6 47 388 514 621 692 746 
371 6 4 402 491 587 612 711 
372 3 512 550 639 
373 4 312 564 665 690 
374 4 148 249 559 688 
375 3 58 220 378 
376 8 67 110 124 417 459 533 557 600 
377 7 148 332 424 616 701 715 720 
378 6 22 210 218 375 740 747 
379 9 132 193 265 314 387 559 575 619 678 
380 9 62 248 255 257 271 413 517 603 622 
381 9 46 130 231 261 301 388 441 499 517 
382 4 84 227 276 623 
383 4 365 686 715 749 
384 7 306 441 479 562 617 643 684 
385 5 234 466 630 699 735 
386 12 72 251 263 295 317 350 391 396 402 481 509 562 
387 12 79 86 113 379 390 431 443 481 511 546 566 723 
388 8 25 311 353 370 381 421 552 586 
389 6 53 109 319 334 666 670 
390 9 28 161 183 238 240 340 356 387 706 
391 8 10 72 234 314 386 420 443 733 
392 4 199 295 420 729 
393 5 55 225 338 358 588 
394 9 44 81 141 162 252 258 287 531 694 
395 11 82 117 138 180 409 411 415 515 530 668 718 
396 8 93 123 138 300 323 386 661 739 
397 7 14 51 100 113 225 282 556 
398 11 23 29 76 221 261 365 490 532 542 675 700 
399 7 56 78 103 178 200 403 558 
400 5 31 65 233 362 704 
401 7 15 80 142 147 202 304 604 
402 5 172 224 332 371 386 
403 11 15 41 80 150 152 332 399 429 551 654 724 
404 6 132 240 540 702 715 745 
405 5 15 17 47 48 439 
406 12 10 37 61 167 214 308 353 442 478 523 563 598 
407 3 44 82 661 
408 7 47 213 333 527 571 626 717 
409 8 143 188 229 395 520 580 599 696 
410 5 176 273 528 549 712 
411 8 26 121 123 307 310 395 440 684 
412 7 244 471 597 678 695 715 732 
413 4 11 351 380 632 
414 6 53 241 271 438 486 519 
415 6 144 284 395 547 592 609 
416 9 20 89 204 242 530 560 600 609 620 
417 11 87 103 107 119 120 334 376 545 596 641 682 
418 13 94 122 136 145 199 200 261 320 352 460 571 604 631 
419 6 22 304 449 522 591 621 
420 13 32 135 190 195 223 244 326 346 391 392 634 713 731 
421 7 104 109 152 186 388 644 694 
422 6 81 332 358 469 610 691 
423 6 16 95 493 503 514 519 
424 7 20 122 319 377 458 483 546 
425 6 82 252 330 436 554 595 
426 6 41 80 468 511 590 635 
427 3 302 346 451 
428 4 68 87 196 353 
429 6 10 109 120 199 403 606 
430 5 254 441 517 591 663 
431 11 134 152 234 287 387 481 562 595 701 706 740 
432 4 242 276 296 653 
433 4 239 439 471 746 
434 4 22 159 220 673 
435 4 74 178 662 748 
436 9 120 273 362 365 425 476 594 601 681 
437 5 154 191 244 521 664 
438 6 199 311 366 414 619 696 
439 7 75 405 433 466 678 729 745 
440 6 133 166 304 411 442 535 
441 5 83 381 384 430 727 
442 5 195 406 440 443 571 
443 12 76 103 156 169 387 391 442 579 591 609 624 721 
444 9 14 17 38 170 174 264 361 455 646 
445 10 12 50 65 216 263 301 326 454 470 699 
446 8 94 120 163 239 244 480 533 683 
447 5 130 484 606 616 639 
448 11 19 27 181 269 502 556 561 624 675 735 737 
449 6 65 419 492 556 609 748 
450 11 79 91 214 332 338 350 492 592 606 621 629 
451 5 217 427 547 580 743 
452 4 196 296 644 741 
453 6 15 236 495 545 600 655 
454 10 140 182 243 244 287 445 456 471 574 723 
455 6 127 151 173 210 343 444 
456 7 54 75 350 454 569 641 645 
457 2 28 200 
458 6 70 254 295 424 583 666 
459 4 267 376 493 674 
460 9 268 321 418 464 518 636 661 665 677 
461 7 51 75 321 363 541 608 640 
462 7 26 87 110 465 590 596 645 
463 3 148 688 729 
464 9 1 119 284 331 460 526 616 632 667 
465 4 45 97 158 462 
466 6 240 317 349 385 439 493 
467 5 220 253 284 288 722 
468 7 207 280 284 308 426 510 555 
469 6 22 123 278 422 551 696 
470 5 445 513 605 660 732 
471 11 50 277 337 412 433 454 515 537 623 640 737 
472 6 98 105 165 213 269 512 
473 4 104 285 509 627 
474 3 112 578 640 
475 8 147 336 366 530 589 680 699 725 
476 3 277 315 436 
477 5 70 214 492 495 725 
478 7 91 225 240 367 406 507 599 
479 6 246 365 384 674 675 735 
480 4 163 269 362 446 
481 8 37 91 359 386 387 431 602 636 
482 6 122 298 528 556 581 635 
483 6 84 88 123 163 183 424 
484 9 7 84 168 204 211 329 355 362 447 
485 10 221 493 510 540 566 571 600 641 643 726 
486 7 80 121 126 267 414 551 639 
487 2 342 657 
488 2 218 368 
489 7 129 192 518 548 585 682 683 
490 8 6 124 344 398 518 569 669 738 
491 7 117 197 230 371 504 632 678 
492 10 136 158 163 298 353 449 450 477 596 659 
493 12 45 48 64 246 353 423 459 466 485 604 626 714 
494 5 211 284 528 568 613 
495 7 44 191 347 453 477 516 636 
496 0 
497 7 119 250 543 602 628 642 737 
498 5 37 45 71 283 704 
499 2 344 381 
500 3 124 175 354 
501 6 9 209 213 280 612 722 
502 6 71 274 366 448 637 671 
503 7 26 62 69 423 539 637 742 
504 7 22 40 285 322 491 542 689 
505 5 0 88 146 185 232 
506 7 27 59 183 202 226 354 611 
507 4 92 238 359 478 
508 5 187 244 598 700 719 
509 8 42 206 270 386 473 514 638 646 
510 9 152 263 303 310 468 485 589 600 662 
511 7 208 232 275 387 426 705 717 
512 13 22 102 115 176 297 354 372 472 531 553 573 640 682 
513 13 68 140 158 204 209 224 228 359 470 526 658 720 729 
514 9 234 332 370 423 509 515 518 573 590 
515 7 63 74 269 369 395 471 514 
516 5 61 169 495 651 688 
517 14 2 20 111 151 181 197 307 380 381 430 519 622 704 722 
518 8 17 292 460 489 490 514 547 653 
519 6 100 353 414 423 517 636 
520 8 54 215 231 297 409 531 625 718 
521 12 65 109 132 181 220 242 261 300 437 529 637 686 
522 5 28 128 419 690 705 
523 5 177 256 406 588 714 
524 7 58 101 291 558 577 615 636 
525 6 171 222 550 612 678 725 
526 6 216 235 257 258 464 513 
527 7 10 120 273 332 408 686 692 
528 7 1 410 482 494 681 735 748 
529 7 99 127 280 342 521 604 701 
530 7 42 181 269 395 416 475 582 
531 10 98 312 327 363 394 512 520 549 610 709 
532 12 161 210 223 229 299 317 363 366 398 570 634 747 
533 7 146 175 183 256 376 446 557 
534 3 54 142 353 
535 7 22 65 67 328 349 368 440 
536 5 45 113 146 270 595 
537 4 342 471 645 726 
538 9 58 210 269 298 299 322 590 648 716 
539 7 69 175 210 262 361 503 726 
540 10 26 103 136 204 220 280 404 485 692 708 
541 5 19 44 51 461 546 
542 8 6 197 213 316 368 398 504 628 
543 9 47 177 180 249 291 497 570 609 729 
544 7 11 199 242 247 366 565 602 
545 10 85 122 256 417 453 563 574 592 634 662 
546 8 76 107 165 310 387 424 541 561 
547 5 339 415 451 518 731 
548 7 15 83 119 164 489 639 719 
549 7 72 285 343 410 531 595 607 
550 7 17 133 157 179 372 525 666 
551 5 50 134 403 469 486 
552 7 64 186 193 363 388 655 665 
553 7 263 278 512 576 626 664 724 
554 6 148 163 170 257 425 741 
555 6 87 132 264 319 468 693 
556 7 345 397 448 449 482 619 733 
557 6 69 173 283 376 533 653 
558 10 346 353 399 524 588 615 616 656 669 735 
559 11 4 97 270 287 344 351 368 374 379 654 660 
560 7 98 112 179 256 304 416 678 
561 6 2 60 73 129 448 546 
562 10 246 346 360 384 386 431 572 574 695 719 
563 5 215 406 545 595 619 
564 6 112 274 296 373 567 570 
565 7 7 63 249 329 544 579 618 
566 8 0 1 123 211 342 387 485 670 
567 4 135 166 564 593 
568 5 167 362 494 587 615 
569 8 76 362 456 490 609 651 659 698 
570 5 191 532 543 564 736 
571 8 207 318 339 408 418 442 485 697 
572 6 6 141 293 294 562 630 
573 5 79 111 512 514 687 
574 7 16 134 225 454 545 562 717 
575 5 122 144 295 379 620 
576 8 23 134 165 167 353 553 618 734 
577 4 80 322 524 603 
578 5 119 255 474 649 691 
579 6 84 150 244 443 565 659 
580 9 43 61 102 184 197 409 451 591 609 
581 9 32 63 177 189 269 482 588 607 655 
582 7 82 112 146 171 530 590 600 
583 7 18 134 458 586 651 691 734 
584 4 32 330 608 661 
585 6 37 56 136 194 489 699 
586 8 315 388 583 595 687 688 737 741 
587 6 150 239 371 568 644 688 
588 8 44 143 393 523 558 581 594 671 
589 5 193 228 342 475 510 
590 9 7 8 426 462 514 538 582 736 747 
591 8 70 156 217 233 419 430 443 580 
592 9 17 76 92 172 415 450 545 698 700 
593 6 38 71 297 318 567 727 
594 8 40 181 305 436 588 640 682 686 
595 11 15 95 131 425 431 536 549 563 586 637 691 
596 11 69 77 161 236 287 417 462 492 614 692 743 
597 4 27 210 306 412 
598 7 51 134 163 406 508 668 719 
599 7 104 222 223 329 409 478 736 
600 7 376 416 453 485 510 582 683 
601 4 85 366 436 668 
602 5 204 351 481 497 544 
603 13 15 34 51 59 89 117 156 295 338 380 577 667 689 
604 10 146 148 167 401 418 493 529 624 682 712 
605 5 118 137 200 470 705 
606 5 174 429 447 450 732 
607 6 276 340 549 581 649 655 
608 10 64 74 167 195 211 219 329 368 461 584 
609 7 415 416 443 449 543 569 580 
610 8 87 198 314 356 422 531 718 733 
611 7 11 143 174 361 506 691 746 
612 8 21 249 301 371 501 525 613 629 
613 5 64 292 494 612 635 
614 7 12 46 151 254 279 338 596 
615 11 7 17 68 87 97 157 260 310 524 558 568 
616 10 152 313 333 377 447 464 558 702 704 722 
617 4 27 36 384 708 
618 8 40 103 259 351 365 565 576 624 
619 7 39 66 379 438 556 563 657 
620 10 98 134 167 188 348 362 416 575 668 700 
621 12 0 13 127 341 360 365 370 419 450 628 632 636 
622 3 380 517 625 
623 6 42 44 98 272 382 471 
624 14 24 94 97 134 143 214 238 243 443 448 604 618 667 708 
625 9 78 98 107 136 279 327 520 622 685 
626 9 35 116 291 322 408 493 553 661 707 
627 6 141 240 252 473 666 710 
628 6 62 203 497 542 621 680 
629 8 0 128 210 211 343 450 612 714 
630 7 30 75 246 265 363 385 572 
631 2 418 684 
632 9 62 221 286 338 358 413 464 491 621 
633 9 118 152 224 254 314 647 648 652 672 
634 5 350 420 532 545 710 
635 6 82 232 426 482 613 645 
636 14 5 30 118 164 196 294 353 460 481 495 519 524 621 691 
637 10 88 113 116 295 316 327 502 503 521 595 
638 7 23 129 131 164 326 345 509 
639 8 28 307 372 447 486 548 662 707 
640 9 226 262 351 461 471 474 512 594 741 
641 8 75 85 160 297 417 456 485 652 
642 7 187 188 198 295 300 354 497 
643 2 384 485 
644 7 65 265 270 349 421 452 587 
645 7 18 238 304 456 462 537 635 
646 8 145 193 287 351 444 509 716 738 
647 8 14 27 94 107 262 317 633 665 
648 7 101 146 161 318 346 538 633 
649 6 111 248 347 351 578 607 
650 5 39 99 119 304 685 
651 6 238 252 516 569 583 706 
652 8 2 65 224 236 253 314 633 641 
653 7 30 63 92 351 432 518 557 
654 5 45 205 403 559 736 
655 8 12 85 176 204 453 552 581 607 
656 5 44 53 115 309 558 
657 3 487 619 660 
658 11 7 84 131 157 196 259 260 272 294 513 678 
659 9 15 62 140 255 492 569 579 705 744 
660 6 17 470 559 657 684 712 
661 13 22 123 172 184 252 301 396 407 460 584 626 669 729 
662 7 149 269 312 435 510 545 639 
663 3 21 325 430 
664 6 86 106 201 332 437 553 
665 5 203 373 460 552 647 
666 9 8 80 123 214 278 389 458 550 627 
667 5 260 366 464 603 624 
668 9 169 369 395 598 601 620 676 683 726 
669 7 106 197 245 271 490 558 661 
670 6 28 97 368 389 566 709 
671 7 113 162 224 322 502 588 703 
672 7 231 233 247 284 633 697 729 
673 12 56 130 164 171 174 235 282 284 434 692 705 736 
674 6 149 225 245 258 459 479 
675 5 80 244 398 448 479 
676 3 30 34 668 
677 5 49 188 281 460 743 
678 13 26 254 263 267 321 326 379 412 439 491 525 560 658 
679 8 19 26 283 290 351 694 723 746 
680 6 2 66 109 475 628 687 
681 9 25 50 61 117 152 236 323 436 528 
682 7 74 166 417 489 512 594 604 
683 9 2 132 232 265 352 446 489 600 668 
684 6 164 173 384 411 631 660 
685 5 74 278 353 625 650 
686 9 84 162 179 211 344 383 521 527 594 
687 9 12 70 79 232 285 573 586 680 702 
688 12 113 119 152 194 275 374 463 516 586 587 714 723 
689 4 28 167 504 603 
690 6 172 193 215 339 373 522 
691 7 422 578 583 595 611 636 733 
692 12 89 92 187 271 277 318 370 527 540 596 673 721 
693 5 189 214 555 702 720 
694 3 394 421 679 
695 6 184 278 313 332 412 562 
696 7 31 36 142 206 409 438 469 
697 6 59 86 221 260 571 672 
698 6 31 118 184 268 569 592 
699 7 115 123 275 385 445 475 585 
700 7 58 137 309 398 508 592 620 
701 9 5 156 181 299 377 431 529 729 731 
702 9 75 177 223 225 290 404 616 687 693 
703 4 277 336 671 715 
704 10 38 82 98 220 293 304 400 498 517 616 
705 10 13 42 101 511 522 605 659 673 715 720 
706 8 73 103 164 208 339 390 431 651 
707 5 26 101 216 626 639 
708 12 1 12 136 248 276 292 315 324 363 540 617 624 
709 5 45 180 292 531 670 
710 4 358 627 634 723 
711 9 3 60 106 158 266 267 366 371 745 
712 8 14 65 72 130 368 410 604 660 
713 3 337 340 420 
714 10 62 108 129 145 190 290 493 523 629 688 
715 16 13 43 88 147 210 275 279 283 326 354 377 383 404 412 703 705 
716 4 274 343 538 646 
717 4 408 511 574 727 
718 5 140 252 395 520 610 
719 5 46 508 548 562 598 
720 10 147 202 310 318 319 377 513 693 705 731 
721 3 157 443 692 
722 11 60 86 89 121 263 271 467 501 517 616 726 
723 8 182 318 387 454 679 688 710 748 
724 7 87 103 247 255 315 403 553 
725 7 30 184 198 475 477 525 729 
726 8 31 159 280 485 537 539 668 722 
727 6 179 322 441 593 717 737 
728 6 148 190 192 232 241 336 
729 13 31 100 199 392 439 463 513 543 661 672 701 725 746 
730 4 27 148 208 333 
731 8 36 121 124 175 420 547 701 720 
732 8 44 168 200 211 300 412 470 606 
733 12 34 47 48 50 167 263 276 338 391 556 610 691 
734 4 268 296 576 583 
735 9 50 138 181 250 385 448 479 528 558 
736 6 570 590 599 654 673 738 
737 5 448 471 497 586 727 
738 9 13 32 54 168 318 338 490 646 736 
739 3 165 170 396 
740 4 89 120 378 431 
741 7 150 164 314 452 554 586 640 
742 7 38 126 148 307 322 367 503 
743 7 42 249 326 346 451 596 677 
744 3 24 328 659 
745 6 28 73 296 404 439 711 
746 11 32 43 108 109 280 370 433 611 679 729 747 
747 8 53 56 69 100 378 532 590 746 
748 10 35 169 227 288 317 359 435 449 528 723 
749 6 184 235 262 279 293 383 
