750 10428
0 21 9 61 203 213 247 272 287 324 339 345 394 486 502 546 548 584 631 636 672 703 735 
1 33 9 27 33 49 90 114 134 141 144 171 182 183 253 278 282 322 323 372 377 438 481 483 484 487 492 554 590 609 627 663 684 697 711 
2 19 10 34 173 203 215 263 311 381 406 419 422 473 524 536 583 584 645 675 727 
3 30 63 101 131 163 205 237 240 258 263 288 303 347 349 410 419 449 455 472 497 527 541 559 564 579 602 624 625 637 742 743 
4 31 15 26 31 49 79 161 180 191 266 274 283 297 309 323 365 457 519 522 533 555 577 600 610 626 635 665 676 691 729 730 736 
5 33 19 34 70 83 97 132 134 154 203 214 216 230 258 266 269 279 320 385 392 401 445 491 492 576 577 612 618 621 667 668 686 712 724 
6 27 85 97 114 140 144 189 190 234 247 284 312 315 341 343 377 390 394 514 526 597 614 618 620 627 634 644 710 
7 26 42 68 76 98 172 196 243 269 281 334 347 353 405 455 482 504 510 513 527 571 585 649 653 672 693 749 
8 23 62 92 139 148 219 228 265 280 292 354 376 383 397 445 448 556 584 632 639 656 658 698 706 
9 26 0 1 15 47 50 79 90 120 135 186 227 300 314 326 332 394 411 417 433 543 610 617 637 684 688 692 
10 28 2 21 24 72 73 74 121 213 214 250 331 434 435 440 473 484 491 511 517 523 532 539 595 632 650 688 705 746 
11 38 95 112 117 127 169 177 191 207 208 215 288 289 301 327 335 345 351 363 366 381 404 408 431 435 451 457 480 503 512 558 600 648 658 674 683 690 695 741 
12 24 20 42 50 53 62 92 121 153 231 239 241 311 318 324 367 396 430 431 510 642 655 673 725 739 
13 31 71 92 110 123 129 162 164 171 181 196 246 294 309 392 401 429 432 443 462 480 481 534 570 618 621 649 680 690 691 703 714 
14 29 44 105 123 128 199 253 283 330 357 371 378 384 405 417 476 480 500 541 580 594 602 644 649 655 674 687 708 737 746 
15 26 4 9 54 102 147 232 237 272 273 300 303 354 379 393 465 477 491 571 579 593 630 631 641 686 708 729 
16 35 32 34 51 107 112 124 151 153 162 234 245 248 262 269 276 279 285 289 308 384 396 399 482 486 516 557 575 586 640 646 663 676 687 709 736 
17 25 21 52 111 136 150 198 229 279 290 292 295 313 317 355 396 406 448 461 490 569 629 683 704 707 739 
18 27 43 87 139 187 199 239 296 302 328 341 365 370 381 431 477 492 532 544 555 571 594 599 636 642 682 714 716 
19 30 5 29 50 65 73 91 120 141 164 172 224 253 262 283 333 405 413 415 420 421 559 582 587 616 641 654 661 732 742 744 
20 32 12 32 37 58 78 139 156 210 217 232 243 248 268 301 327 339 366 430 440 454 455 459 469 555 611 613 639 650 667 693 733 749 
21 29 10 17 35 57 75 104 150 165 172 173 180 207 208 240 312 334 363 398 433 527 575 581 603 635 696 697 705 733 735 
22 20 31 48 107 116 174 175 209 252 280 283 304 330 429 469 512 537 626 628 711 715 
23 25 26 70 87 97 101 102 106 122 164 166 177 330 333 337 366 395 478 550 551 557 576 656 700 716 733 
24 34 10 26 88 105 129 165 189 220 228 311 318 321 365 372 388 400 403 437 446 450 474 475 477 512 561 580 582 613 641 674 683 709 728 731 
25 20 33 41 67 146 217 218 250 319 343 408 455 464 521 539 607 652 656 704 719 720 
26 36 4 23 24 29 34 45 68 73 78 130 137 144 167 171 175 192 212 214 263 285 291 303 324 327 329 396 419 449 501 521 539 558 601 639 689 697 
27 21 1 40 83 97 112 187 225 351 359 367 426 444 469 509 513 612 642 677 689 701 719 
28 22 69 102 120 144 157 182 223 258 275 278 295 376 385 402 486 543 549 583 606 706 726 731 
29 28 19 26 39 42 116 138 161 249 269 282 296 329 335 352 382 404 439 444 540 555 588 628 637 673 688 702 715 728 
30 26 54 64 72 90 92 99 129 170 180 228 302 338 379 381 388 396 397 403 408 413 472 667 728 736 739 742 
31 17 4 22 43 91 104 116 153 178 211 247 296 297 485 539 563 584 586 
32 23 16 20 38 83 147 149 266 269 271 273 278 292 302 303 361 362 432 449 484 494 526 529 685 
33 28 1 25 70 75 79 142 160 162 169 216 344 357 374 386 399 447 466 474 566 585 591 604 630 641 648 651 723 727 
34 27 2 5 16 26 53 72 77 84 85 96 119 124 127 257 296 358 384 426 448 526 561 643 701 710 720 733 741 
35 30 21 38 39 49 75 161 186 191 240 248 326 328 337 351 352 373 382 413 441 499 501 510 515 528 562 601 664 666 671 708 
36 23 63 88 97 122 171 281 364 375 394 443 444 456 474 483 577 615 659 669 674 678 684 706 709 
37 25 20 43 48 76 79 154 164 202 291 306 315 345 384 412 431 432 451 475 505 507 541 676 682 716 734 
38 25 32 35 91 99 164 192 213 216 241 253 255 263 298 362 364 382 439 453 486 544 549 616 668 678 706 
39 19 29 35 44 60 137 299 318 345 418 466 474 526 565 573 584 616 677 743 745 
40 25 27 47 67 123 203 228 245 257 274 283 316 352 354 396 412 430 530 541 571 575 638 650 660 715 731 
41 28 25 59 80 135 157 161 168 178 214 235 247 249 259 274 286 313 371 380 385 388 460 476 518 528 602 691 699 711 
42 27 7 12 29 83 110 117 118 147 162 212 253 292 316 321 336 337 384 398 413 454 502 581 594 606 620 699 721 
43 30 18 31 37 47 68 72 83 121 211 217 242 263 273 293 343 392 416 417 420 426 558 563 587 589 590 595 664 680 700 704 
44 30 14 39 51 74 143 153 164 224 231 263 288 320 329 349 373 388 399 423 439 456 467 477 486 524 544 618 666 694 717 723 
45 35 26 54 122 139 156 157 158 161 168 174 212 241 244 266 270 280 309 317 337 340 355 360 363 365 462 480 486 509 515 534 550 560 611 647 675 
46 28 62 66 102 121 122 143 144 157 258 310 322 344 359 379 390 417 467 472 484 498 530 561 578 602 643 703 723 724 
47 28 9 40 43 111 139 165 168 202 218 244 270 292 340 353 373 390 440 457 468 470 534 541 552 554 636 637 708 726 
48 34 22 37 62 83 118 140 142 157 191 232 236 247 259 330 343 362 405 430 432 438 481 509 572 601 610 614 624 639 642 677 705 730 735 743 
49 30 1 4 35 53 56 78 81 100 107 142 152 231 246 256 275 352 354 388 393 409 462 463 484 510 554 568 580 583 628 685 
50 29 9 12 19 80 111 166 180 189 193 231 319 330 356 359 363 379 389 436 440 477 497 509 524 565 571 573 672 721 723 
51 29 16 44 106 131 191 247 318 362 426 434 450 506 525 535 539 545 558 571 594 630 669 671 675 695 699 700 702 710 714 
52 25 17 96 114 150 215 235 249 276 316 342 368 403 426 445 457 498 513 536 601 614 671 672 691 710 722 
53 28 12 34 49 64 74 102 105 196 215 235 237 240 264 311 337 414 463 507 581 596 633 645 651 670 680 681 729 731 
54 27 15 30 45 85 104 121 125 134 142 177 179 195 230 264 289 299 303 429 441 616 644 647 665 683 690 697 733 
55 32 79 87 88 116 119 125 145 168 188 190 198 222 227 264 276 309 314 333 401 424 440 445 537 540 548 551 562 589 652 674 699 700 
56 26 49 62 65 74 113 118 128 305 313 330 382 395 421 434 443 492 506 507 515 517 523 534 569 647 735 747 
57 25 21 68 113 121 125 126 158 187 223 240 243 248 402 446 447 534 546 612 636 643 655 672 695 725 738 
58 33 20 62 66 91 104 110 123 143 149 155 199 200 209 211 253 265 270 291 293 310 314 339 340 370 424 432 455 462 495 575 611 706 748 
59 20 41 90 118 232 280 332 338 343 480 543 621 623 643 646 677 688 700 713 737 744 
60 31 39 101 102 104 108 185 202 235 260 264 270 272 273 275 316 436 460 487 488 495 547 563 582 599 621 637 680 718 728 736 748 
61 28 0 134 151 193 205 222 247 249 257 277 329 331 359 366 409 432 473 477 492 577 584 613 628 674 710 721 722 726 
62 34 8 12 46 48 56 58 68 89 111 164 237 336 347 376 386 397 408 453 522 547 590 596 601 604 637 639 643 684 711 727 739 740 742 746 
63 32 3 36 83 174 187 194 212 223 225 257 283 302 313 368 369 408 417 423 436 460 523 584 585 592 606 644 673 681 687 696 706 749 
64 31 30 53 69 101 103 118 127 142 175 195 196 202 212 225 239 245 273 283 295 307 322 332 337 374 381 424 466 511 619 624 711 
65 30 19 56 108 137 157 195 207 224 232 236 282 291 301 334 336 346 350 359 410 440 445 479 482 505 564 657 670 707 727 744 
66 26 46 58 73 74 79 136 153 154 244 280 294 296 310 414 419 424 436 438 477 509 517 573 614 625 633 735 
67 26 25 40 109 126 130 184 241 292 325 369 371 374 385 406 427 450 452 466 492 510 632 633 685 715 718 744 
68 28 7 26 43 57 62 101 167 168 233 258 274 294 327 372 426 429 438 568 572 601 633 660 661 676 692 706 716 727 
69 32 28 64 86 127 139 300 328 331 366 404 413 436 456 520 525 539 560 567 570 578 591 609 624 639 647 648 660 680 695 731 736 748 
70 30 5 23 33 76 77 100 105 109 166 177 244 266 283 318 362 442 479 489 491 495 504 506 542 548 576 622 625 664 667 697 
71 28 13 152 190 202 209 228 293 295 323 335 353 374 386 393 409 451 490 508 530 551 582 631 638 675 717 725 726 735 
72 23 10 30 34 43 126 134 173 185 287 320 331 359 418 468 542 571 588 624 639 653 739 743 748 
73 31 10 19 26 66 76 77 151 159 232 234 245 251 295 299 367 384 397 415 442 444 452 466 496 528 594 617 632 638 705 710 747 
74 32 10 44 53 56 66 75 77 107 112 113 148 152 153 176 179 229 288 301 305 341 437 443 454 455 494 510 515 526 714 716 722 742 
75 21 21 33 35 74 125 188 212 216 309 366 385 391 494 506 508 551 577 581 683 701 737 
76 30 7 37 70 73 81 84 88 120 136 160 229 232 238 278 285 406 480 520 521 563 569 577 586 640 683 698 716 737 738 743 
77 22 34 70 73 74 81 251 265 282 303 358 380 393 395 420 424 460 462 468 547 587 611 636 
78 33 20 26 49 82 124 169 172 232 256 272 312 323 325 339 350 359 360 364 387 436 440 450 528 546 568 614 621 627 688 692 724 744 749 
79 31 4 9 33 37 55 66 90 117 159 183 240 280 289 300 304 336 350 358 364 465 480 482 484 571 581 596 602 616 656 660 691 
80 29 41 50 116 135 200 206 220 221 222 281 315 332 341 356 358 375 446 452 464 534 536 587 608 636 642 643 701 704 711 
81 22 49 76 77 106 142 144 217 243 282 355 371 376 410 465 526 560 589 599 610 624 715 716 
82 29 78 89 139 160 213 236 276 330 337 358 385 396 435 442 487 503 527 547 570 609 627 641 659 716 717 720 737 744 748 
83 34 5 27 32 42 43 48 63 90 129 145 159 185 197 201 211 232 237 249 258 260 263 287 298 406 481 515 528 550 589 624 688 694 718 738 
84 26 34 76 159 200 282 283 306 340 342 386 396 448 508 522 526 527 546 584 628 640 654 664 673 716 727 739 
85 22 6 34 54 135 158 213 236 305 363 377 405 434 436 467 490 534 537 590 629 665 674 715 
86 24 69 88 119 232 252 308 336 358 387 391 531 539 561 564 592 636 664 667 669 694 699 718 727 744 
87 22 18 23 55 164 203 215 246 263 295 338 391 427 479 520 540 560 563 594 609 659 669 673 
88 33 24 36 55 76 86 91 164 178 185 186 290 294 306 328 331 335 346 359 387 406 423 444 469 495 527 536 602 605 631 649 684 706 738 
89 25 62 82 112 195 240 292 294 304 342 372 376 392 393 394 410 416 465 507 532 550 584 601 686 693 708 
90 28 1 9 30 59 79 83 210 217 241 247 267 308 314 358 403 434 476 494 499 510 550 574 587 603 605 657 669 743 
91 38 19 31 38 58 88 109 136 139 177 179 184 203 204 226 273 287 342 352 357 379 395 443 450 478 481 489 504 516 541 554 609 611 613 635 656 673 730 742 
92 22 8 12 13 30 112 123 155 171 194 205 206 279 302 347 391 444 479 497 583 586 588 613 
93 27 117 130 151 175 192 210 247 281 327 389 437 438 469 496 539 542 557 594 596 603 625 641 657 666 670 704 734 
94 17 204 206 223 250 286 297 304 386 460 461 508 590 629 699 741 747 749 
95 31 11 100 107 108 124 134 136 139 144 151 179 213 218 256 353 420 422 451 581 592 593 613 618 627 633 645 655 665 714 720 748 
96 33 34 52 112 129 143 148 165 168 171 177 290 317 376 402 405 417 437 449 462 485 513 516 539 543 560 619 625 633 634 693 699 713 740 
97 30 5 6 23 27 36 136 147 165 230 256 279 280 303 330 365 385 388 414 422 435 494 513 558 568 586 589 597 682 723 740 
98 22 7 136 155 165 184 249 293 313 326 365 386 430 457 482 485 499 511 517 536 663 669 737 
99 34 30 38 181 192 206 225 266 281 294 297 300 312 328 330 336 370 438 451 457 477 517 535 541 560 564 620 622 640 660 681 682 709 712 726 
100 22 49 70 95 147 180 202 206 245 251 268 310 405 411 415 443 449 538 603 639 658 677 692 
101 23 3 23 60 64 68 124 162 173 203 253 331 386 434 437 451 478 493 525 558 564 621 658 741 
102 28 15 23 28 46 53 60 126 158 159 172 209 216 278 283 290 420 440 469 477 482 501 528 566 608 651 677 694 745 
103 24 64 106 200 206 222 276 279 286 318 415 427 436 493 525 526 530 574 596 601 638 651 665 704 740 
104 30 21 31 54 58 60 123 169 171 188 202 228 248 301 311 327 335 353 367 394 404 423 432 452 472 503 509 539 554 717 736 
105 32 14 24 53 70 117 142 145 148 152 158 161 199 202 220 243 280 305 354 379 403 427 437 465 468 530 547 583 701 702 731 738 749 
106 37 23 51 81 103 138 148 161 170 182 214 235 252 265 285 314 341 343 349 351 396 400 442 447 459 472 492 561 576 619 623 637 640 679 683 690 693 743 
107 34 16 22 49 74 95 125 144 191 200 209 234 255 333 338 339 369 402 426 457 463 469 490 491 547 552 555 566 574 607 669 676 710 723 742 
108 24 60 65 95 136 141 150 234 235 256 287 290 335 394 407 435 556 561 568 575 581 584 610 699 741 
109 29 67 70 91 112 127 166 199 212 228 235 237 276 282 325 457 458 473 496 500 529 562 564 566 575 618 653 693 696 704 
110 31 13 42 58 141 150 179 193 201 236 238 356 393 410 438 445 476 516 543 566 580 609 613 633 639 669 673 681 704 706 711 748 
111 21 17 47 50 62 141 214 356 361 400 438 443 450 500 538 582 590 628 711 718 723 746 
112 34 11 16 27 74 89 92 96 109 123 155 167 173 216 247 255 257 329 376 386 413 421 428 430 435 448 527 533 565 599 607 645 672 704 729 
113 35 56 57 74 129 140 148 152 156 246 271 272 296 297 301 315 334 341 420 464 468 477 483 504 514 550 555 589 590 601 627 642 661 666 694 747 
114 18 1 6 52 120 140 143 150 272 377 392 439 452 504 514 655 672 693 738 
115 25 169 183 219 220 245 246 252 264 272 327 339 389 410 444 459 491 518 550 599 625 642 643 680 691 737 
116 22 22 29 31 55 80 143 192 194 201 231 243 250 325 439 451 536 598 618 634 647 709 743 
117 34 11 42 79 93 105 128 208 244 248 250 263 282 286 296 315 319 328 355 404 419 424 510 559 566 602 608 609 634 640 683 686 694 718 722 
118 32 42 48 56 59 64 196 232 267 271 281 286 288 300 307 308 334 369 378 397 400 405 406 435 463 464 466 475 496 498 523 617 624 
119 37 34 55 86 149 171 178 259 284 342 348 367 414 424 426 434 463 494 498 513 519 522 534 547 549 561 571 575 605 616 668 678 691 730 734 736 743 746 
120 23 9 19 28 76 114 125 150 155 272 276 297 307 360 386 461 479 519 568 626 645 653 705 726 
121 27 10 12 43 46 54 57 134 160 203 260 266 392 394 432 435 491 499 520 567 595 598 699 705 706 711 718 738 
122 26 23 36 45 46 130 144 228 328 375 386 428 430 487 512 513 545 547 587 624 632 641 654 662 666 710 728 
123 32 13 14 40 58 92 104 112 167 201 208 234 237 251 368 370 386 389 402 413 415 416 428 505 515 558 596 614 642 646 718 721 739 
124 34 16 34 78 95 101 133 206 219 230 254 317 325 350 378 381 383 410 447 455 468 474 489 500 501 526 545 580 589 605 624 651 701 730 739 
125 31 54 55 57 75 107 120 139 204 235 247 258 272 297 359 392 405 420 422 474 555 625 641 662 676 677 698 718 736 737 738 749 
126 27 57 67 72 102 166 175 184 195 212 215 249 302 328 404 408 428 468 473 475 478 492 513 566 599 628 675 744 
127 35 11 34 64 69 109 138 144 195 196 235 287 308 326 356 360 374 376 380 409 421 488 503 542 588 589 602 637 639 645 650 689 710 735 738 741 
128 22 14 56 117 129 180 197 209 222 227 326 332 334 369 387 415 448 450 454 464 480 523 649 
129 27 13 24 30 83 96 113 128 185 219 262 271 334 361 404 427 477 523 614 669 675 676 679 687 691 702 734 740 
130 22 26 67 93 122 134 170 184 190 219 296 304 310 323 335 338 368 495 560 636 652 681 729 
131 27 3 51 153 235 239 247 255 277 282 304 319 341 373 400 450 484 507 513 528 549 575 581 606 636 642 665 729 
132 22 5 193 195 258 264 266 287 426 431 435 456 461 464 545 623 628 629 630 636 695 715 722 
133 31 124 141 198 226 229 282 326 335 347 352 356 399 441 468 505 513 559 585 587 590 591 613 616 623 628 644 647 674 681 695 704 
134 26 1 5 54 61 72 95 121 130 164 216 222 257 258 298 315 341 374 472 498 512 539 589 624 681 714 722 
135 25 9 41 80 85 164 171 193 212 261 284 348 360 372 425 426 453 478 530 533 543 552 594 619 708 730 
136 29 17 66 76 91 95 97 98 108 178 214 258 278 349 365 389 414 424 459 542 547 591 613 616 627 635 697 720 725 728 
137 30 26 39 65 139 140 177 184 195 236 248 300 302 315 350 401 411 413 420 421 422 453 459 520 525 585 594 605 656 673 705 
138 30 29 106 127 143 155 159 161 253 263 269 293 317 358 402 410 418 475 482 495 589 627 670 682 683 690 699 706 725 728 744 
139 29 8 18 20 45 47 69 82 91 95 125 137 176 184 198 244 260 339 345 381 432 444 465 496 537 558 588 589 725 727 
140 31 6 48 113 114 137 142 180 187 213 223 233 243 265 282 296 300 329 389 463 496 522 591 622 660 669 679 680 696 698 720 743 
141 37 1 19 108 110 111 133 150 153 172 183 185 190 236 321 331 334 354 392 435 437 504 507 509 547 548 571 583 611 620 634 641 659 692 696 713 723 741 
142 29 33 48 49 54 64 81 105 140 146 172 181 198 202 219 234 369 407 450 458 518 530 559 576 599 638 672 677 698 710 
143 38 44 46 58 96 114 116 138 180 198 226 229 259 281 286 290 293 298 358 394 431 433 466 474 492 510 528 543 551 554 596 640 641 642 644 659 671 696 719 
144 44 1 6 26 28 46 81 95 107 122 127 168 199 201 211 237 258 284 288 300 317 337 338 376 426 471 488 494 496 509 514 518 529 534 536 586 610 613 623 635 665 703 707 737 745 
145 21 55 83 105 151 210 267 272 344 363 382 386 455 476 501 545 555 629 691 708 715 736 
146 26 25 142 202 203 220 233 257 280 345 360 414 428 453 454 463 470 543 546 547 559 587 590 623 680 692 713 
147 28 15 32 42 97 100 148 158 167 218 265 277 310 331 342 399 401 404 414 440 446 455 487 549 597 623 642 680 691 
148 18 8 74 96 105 106 113 147 243 342 379 436 529 540 541 599 617 621 716 
149 21 32 58 119 155 251 275 280 285 317 325 333 370 394 419 428 437 473 506 582 645 705 
150 25 17 21 52 108 110 114 120 141 151 183 184 195 252 285 294 296 332 367 375 452 468 491 617 665 690 
151 27 16 61 73 93 95 145 150 181 188 192 214 217 327 341 353 405 444 509 516 589 635 656 657 661 700 728 734 
152 31 49 71 74 105 113 220 232 252 254 290 308 324 351 364 403 408 422 431 477 523 539 574 599 629 639 658 659 665 678 680 696 
153 25 12 16 31 44 66 74 131 141 181 210 241 250 253 282 329 349 376 471 494 543 550 565 571 691 743 
154 28 5 37 66 156 168 171 245 263 279 328 362 364 377 400 404 486 509 520 541 563 566 567 597 627 643 658 690 732 
155 35 58 92 98 112 120 138 149 158 172 176 184 186 197 227 271 288 317 328 336 345 373 374 395 420 437 443 451 540 546 594 602 650 675 722 746 
156 26 20 45 113 154 183 253 270 281 296 314 400 423 471 479 511 575 635 652 670 677 678 685 686 700 723 729 
157 27 28 41 45 46 48 65 231 259 260 279 350 380 395 418 425 435 441 514 540 544 556 570 572 601 675 738 742 
158 26 45 57 85 102 105 147 155 170 182 278 316 324 331 468 504 508 538 547 548 597 664 687 724 730 736 747 
159 27 73 79 83 84 102 138 162 165 208 218 265 268 291 319 360 482 487 508 541 604 626 627 658 726 728 729 745 
160 33 33 76 82 121 169 204 243 248 276 296 311 316 368 379 440 454 458 496 500 507 509 511 545 566 577 580 605 634 646 648 680 723 735 
161 26 4 29 35 41 45 105 106 138 186 198 300 422 430 439 458 461 497 506 507 508 557 562 567 582 633 697 
162 25 13 16 33 42 101 159 163 172 216 276 299 326 356 367 426 462 503 571 575 587 617 663 665 681 706 
163 23 3 162 174 207 218 259 265 301 313 337 347 380 436 487 538 559 596 601 622 670 675 709 732 
164 43 13 19 23 37 38 44 62 87 88 134 135 169 174 270 288 331 332 346 353 374 414 452 464 470 479 482 496 555 563 596 615 646 649 650 659 677 680 684 688 689 691 698 733 
165 33 21 24 47 96 97 98 159 203 239 256 324 368 385 398 434 454 461 486 512 519 522 529 537 543 559 623 635 639 660 698 721 727 733 
166 23 23 50 70 109 126 194 245 266 293 320 322 362 385 435 497 521 536 537 566 626 637 655 679 
167 25 26 68 112 123 147 176 180 186 188 201 219 304 317 337 350 393 394 493 563 625 636 637 667 688 738 
168 23 41 45 47 55 68 96 144 154 198 237 290 313 324 400 469 488 490 514 535 547 579 588 628 
169 25 11 33 78 104 115 160 164 199 203 271 292 348 403 445 496 550 582 624 649 700 703 705 716 732 748 
170 37 30 106 130 158 202 206 210 212 235 290 293 320 321 335 336 363 396 413 419 427 475 505 509 528 546 556 559 561 592 602 617 623 664 682 705 727 746 
171 26 1 13 26 36 92 96 104 119 135 154 175 185 253 330 353 371 432 440 467 511 518 553 589 597 731 741 
172 38 7 19 21 78 102 141 142 155 162 183 193 223 231 242 259 265 315 320 337 391 393 398 404 412 467 471 489 500 521 548 559 614 639 649 663 673 686 689 
173 30 2 21 72 101 112 179 195 218 219 222 247 288 308 343 396 418 459 461 462 494 519 547 634 659 669 696 712 719 742 748 
174 23 22 45 63 163 164 181 205 218 219 281 293 358 387 468 474 509 556 590 610 654 712 722 726 
175 32 22 26 64 93 126 171 223 246 263 275 285 287 300 346 368 376 380 435 465 508 522 529 551 554 581 616 630 632 641 657 692 713 
176 30 74 139 155 167 183 201 234 258 290 312 328 336 351 365 390 443 498 517 555 564 609 646 678 683 694 700 704 706 709 710 
177 29 11 23 54 70 91 96 137 180 234 236 251 299 315 358 363 402 421 422 436 440 550 579 594 596 601 686 725 727 743 
178 34 31 41 88 119 136 214 243 253 300 323 325 327 354 405 406 419 420 431 435 476 480 486 547 570 586 595 618 646 653 670 675 693 709 741 
179 27 54 74 91 95 110 173 197 318 320 369 381 391 396 408 421 446 465 478 487 573 581 606 649 714 721 730 734 
180 25 4 21 30 50 100 128 140 143 167 177 202 237 240 301 320 392 500 553 581 584 623 639 677 678 691 
181 21 13 99 142 151 153 174 232 315 316 339 344 345 352 436 521 573 578 626 639 655 739 
182 28 1 28 106 158 226 230 232 233 257 303 304 316 323 326 350 375 436 443 506 533 592 603 616 617 639 663 722 740 
183 30 1 79 115 141 150 156 172 176 225 262 284 308 403 412 415 465 466 503 554 570 573 588 598 612 616 621 634 635 674 715 
184 36 67 91 98 126 130 137 139 150 155 243 258 270 281 287 316 351 365 372 376 381 470 473 478 503 516 530 551 566 595 598 617 624 635 651 657 735 
185 25 60 72 83 88 129 141 171 189 251 376 413 469 473 492 528 549 551 606 616 644 663 704 705 706 743 
186 24 9 35 88 155 161 167 234 249 270 309 310 335 347 455 460 471 518 588 609 610 634 642 670 679 
187 21 18 27 57 63 140 246 284 343 371 374 387 400 406 408 447 449 521 562 588 604 608 
188 23 55 75 104 151 167 206 212 253 264 273 293 310 313 364 407 423 486 591 621 670 681 699 729 
189 23 6 24 50 185 240 278 299 334 356 399 416 422 423 466 480 545 562 580 582 613 676 736 749 
190 23 6 55 71 130 141 219 222 231 245 391 456 486 519 530 536 565 580 648 658 675 684 697 737 
191 33 4 11 35 48 51 107 195 216 232 237 242 266 286 321 334 361 372 387 391 393 425 426 496 535 548 559 592 598 599 600 632 673 722 
192 28 26 38 93 99 116 151 284 312 315 316 353 372 385 453 454 473 499 510 523 588 606 625 639 667 690 708 727 736 
193 25 50 61 110 132 135 172 224 229 247 249 256 279 296 298 308 317 322 398 420 660 674 720 724 733 748 
194 27 63 92 116 166 197 200 228 230 274 315 365 378 438 446 460 471 486 490 516 524 565 569 599 646 693 711 724 
195 29 54 64 65 89 126 127 132 137 150 173 191 203 219 222 238 293 321 328 363 383 394 481 485 503 522 615 623 644 677 
196 26 7 13 53 64 118 127 229 253 254 289 294 320 322 325 460 466 494 499 508 533 535 596 682 710 728 747 
197 24 83 128 155 179 194 213 226 248 314 380 392 451 539 553 586 648 655 671 678 683 686 697 724 726 
198 26 17 55 133 139 142 143 161 168 219 226 267 284 288 290 300 360 379 381 450 457 581 583 658 661 677 712 
199 24 14 18 58 105 109 144 169 208 237 327 361 448 449 454 474 482 485 531 564 623 628 703 731 734 
200 24 58 80 84 103 107 194 211 216 222 233 237 361 464 471 481 487 490 505 522 548 593 673 686 726 
201 32 83 110 116 123 144 167 176 307 324 335 375 386 404 409 420 445 454 496 503 515 518 569 575 576 597 623 630 636 695 700 721 744 
202 32 37 47 60 64 71 100 104 105 142 146 170 180 229 263 282 293 297 316 334 342 355 486 491 494 506 510 541 592 672 733 735 748 
203 27 0 2 5 40 87 91 101 121 146 165 169 195 209 255 313 332 338 422 459 461 514 532 533 565 607 627 697 
204 22 91 94 125 160 229 245 264 266 269 281 331 395 442 483 521 523 584 591 600 617 730 736 
205 20 3 61 92 174 211 218 222 233 288 330 403 424 477 525 530 532 551 558 661 738 
206 27 80 92 94 99 100 103 124 170 188 218 238 255 259 274 276 300 308 333 522 556 582 599 619 659 679 720 740 
207 28 11 21 65 163 223 229 236 251 277 280 326 351 362 393 400 430 518 530 541 567 593 614 639 649 673 674 741 745 
208 21 11 21 117 123 159 199 209 254 319 324 326 371 372 400 403 426 427 550 577 642 687 
209 35 22 58 71 102 107 128 203 208 210 216 299 352 361 370 372 406 451 462 484 500 507 590 591 620 630 642 650 661 665 666 709 711 716 732 734 
210 23 20 90 93 145 153 170 209 227 247 268 288 297 316 335 441 454 503 519 520 521 576 586 604 
211 26 31 43 58 83 144 200 205 218 274 315 356 413 420 443 460 506 522 537 563 624 665 669 697 700 706 720 
212 28 26 42 45 63 64 75 109 126 135 170 188 233 238 285 290 318 322 337 339 346 364 381 468 515 607 641 705 739 
213 21 0 10 38 82 85 95 140 197 217 265 318 325 349 362 382 397 577 638 640 645 705 
214 28 5 10 26 41 106 111 136 151 178 296 307 331 345 350 367 375 390 449 465 491 568 589 592 629 632 689 703 742 
215 21 2 11 52 53 87 126 243 244 310 384 420 428 477 492 542 556 578 629 703 707 736 
216 35 5 33 38 75 102 112 134 162 191 200 209 237 264 266 300 312 329 355 362 455 512 513 524 525 533 534 550 559 561 597 623 642 685 703 709 
217 30 20 25 43 81 90 151 213 225 279 280 287 298 301 306 322 334 386 431 439 456 519 529 571 585 606 620 639 645 689 721 
218 19 25 47 95 147 159 163 173 174 205 206 211 423 464 500 564 574 625 656 745 
219 32 8 115 124 129 130 142 167 173 174 190 195 198 268 283 292 308 370 380 392 429 435 457 463 496 526 558 599 648 697 710 713 741 
220 24 24 80 105 115 146 152 228 251 287 295 321 370 385 390 399 420 479 501 549 565 657 658 678 730 
221 22 80 248 296 320 363 456 459 512 543 544 568 606 611 612 635 641 651 712 718 727 731 743 
222 31 55 61 80 103 128 134 173 190 195 200 205 257 280 290 296 303 323 356 360 366 392 408 474 488 600 610 666 667 732 734 744 
223 29 28 57 63 94 140 172 175 207 238 239 254 307 348 369 403 417 420 459 522 531 564 569 576 579 598 615 652 723 742 
224 23 19 44 65 193 249 288 291 311 342 354 391 420 435 437 461 505 545 550 565 593 617 682 717 
225 23 27 63 64 99 183 217 256 287 309 318 328 374 381 386 397 428 433 441 463 473 555 672 713 
226 28 91 133 143 182 197 198 230 256 274 314 351 353 384 416 435 438 452 545 556 581 584 599 684 697 709 714 716 730 
227 21 9 55 128 155 210 230 262 280 282 362 368 417 497 506 589 602 627 670 700 721 739 
228 28 8 24 30 40 71 104 109 122 194 220 262 277 293 306 337 351 408 440 503 513 520 558 587 590 620 622 625 710 
229 26 17 74 76 133 143 193 196 202 204 207 261 319 366 375 411 436 444 477 487 512 556 607 691 700 736 739 
230 26 5 54 97 124 182 194 226 227 238 270 275 318 370 380 421 443 453 491 499 573 575 629 641 675 679 736 
231 23 12 44 49 50 116 157 172 190 236 250 277 299 335 366 377 397 459 460 480 518 658 672 707 
232 37 15 20 48 59 65 73 76 78 83 86 118 152 181 182 191 260 293 316 344 378 389 426 431 504 533 550 579 607 610 634 665 670 681 716 725 732 749 
233 27 68 140 146 182 200 205 212 276 290 296 352 368 376 480 493 494 496 510 513 527 556 585 624 655 656 707 745 
234 26 6 16 73 107 108 123 142 176 177 186 316 332 335 365 366 413 440 491 573 593 616 650 672 698 740 743 
235 25 41 52 53 60 106 108 109 125 127 131 170 249 280 284 312 353 400 446 448 469 485 514 589 660 686 
236 29 48 65 82 85 110 137 141 177 207 231 241 251 268 321 370 408 423 428 456 475 533 576 577 619 636 638 686 692 724 
237 28 3 15 53 62 83 109 123 144 168 180 191 199 200 216 316 328 337 366 379 380 405 510 521 522 559 670 690 704 
238 20 76 110 195 206 212 223 230 260 273 274 281 363 396 429 530 538 582 593 667 691 
239 22 12 18 64 131 165 223 308 313 348 354 364 388 398 405 508 525 527 551 584 603 648 671 
240 28 3 21 35 53 57 79 89 180 189 269 278 298 334 373 406 426 445 483 522 546 577 612 648 657 671 673 685 688 
241 30 12 38 45 67 90 153 236 267 269 419 430 444 452 477 503 507 511 516 529 540 545 589 610 649 651 684 690 706 720 738 
242 19 43 172 191 265 350 361 375 387 405 439 443 459 467 481 525 583 687 700 726 
243 34 7 20 57 81 105 116 140 148 160 178 184 215 248 262 303 314 316 341 391 398 408 413 427 434 451 460 480 539 549 552 581 622 627 644 
244 29 45 47 66 70 117 139 215 280 306 347 374 377 388 441 445 456 511 537 540 549 575 587 599 601 614 643 655 656 709 
245 30 16 40 64 73 100 115 154 166 190 204 257 259 260 264 273 318 335 354 405 432 441 511 522 539 567 620 621 682 714 738 
246 37 13 49 87 113 115 175 187 279 280 302 309 311 326 340 400 428 473 475 500 515 533 557 570 577 609 615 624 644 653 656 675 682 687 709 717 745 747 
247 32 0 6 31 41 48 51 61 90 93 112 125 131 173 193 210 279 295 304 341 346 353 355 462 503 529 549 564 580 583 618 691 711 
248 30 16 20 35 57 104 117 137 160 197 221 243 290 301 307 314 370 383 405 408 438 444 460 521 546 571 575 600 622 635 703 
249 24 29 41 52 61 83 98 126 186 193 224 235 304 368 433 458 480 494 587 598 630 643 703 729 749 
250 21 10 25 94 116 117 153 231 291 295 373 443 459 498 509 546 554 581 627 632 669 700 
251 32 73 77 100 123 149 177 185 207 220 236 270 287 310 335 405 425 444 445 449 452 579 588 595 600 624 625 635 643 651 662 672 725 
252 18 22 86 106 115 150 152 265 286 321 374 395 563 565 594 623 672 706 737 
253 37 1 14 19 38 42 58 101 138 153 156 171 178 188 196 262 301 324 332 355 375 377 387 399 412 419 437 478 483 549 559 577 585 586 631 679 681 730 
254 20 124 152 196 208 223 277 325 327 336 422 488 491 497 517 523 569 612 636 638 678 
255 37 38 107 112 131 203 206 271 275 329 343 347 363 365 390 396 450 455 457 473 500 516 576 598 601 602 613 614 629 632 653 660 683 686 690 707 711 714 
256 26 49 78 95 97 108 165 193 225 226 265 270 309 330 338 424 438 460 561 578 594 596 599 620 649 669 719 
257 23 34 40 61 63 112 134 146 182 222 245 286 304 319 403 422 444 476 508 543 562 670 730 737 
258 33 3 5 28 46 68 83 125 132 134 136 144 176 184 272 325 343 364 413 422 426 454 488 499 507 532 536 556 572 612 659 679 704 743 
259 22 41 48 119 143 157 163 172 206 245 275 288 290 375 412 451 452 498 539 594 657 697 747 
260 27 60 83 121 139 157 232 238 245 271 327 359 395 412 448 485 500 510 543 618 631 647 651 673 676 681 686 711 
261 18 135 229 281 365 374 415 435 439 481 506 556 566 605 641 649 670 699 720 
262 22 16 19 129 183 227 228 243 253 306 310 323 374 378 429 430 525 558 585 635 704 724 735 
263 31 2 3 26 38 43 44 83 87 117 138 154 175 202 273 285 322 336 400 450 456 520 530 537 575 582 586 620 627 653 656 670 
264 28 53 54 55 60 115 132 188 204 216 245 276 309 310 316 378 448 478 482 485 509 514 523 524 545 644 656 697 727 
265 33 8 58 77 106 140 147 159 163 172 213 242 252 256 279 293 303 346 372 381 422 458 472 484 490 496 514 530 605 628 636 678 714 730 
266 28 4 5 32 45 70 99 121 132 166 191 204 216 318 340 346 348 397 434 474 484 496 500 547 592 601 657 729 747 
267 27 90 118 145 198 241 269 278 284 288 308 331 336 339 340 353 361 385 458 486 520 562 579 603 618 629 630 724 
268 26 20 100 159 210 219 236 278 284 300 319 330 338 350 412 433 447 451 471 479 482 493 634 638 672 692 699 
269 30 5 7 16 29 32 138 204 240 241 267 278 287 324 357 363 386 416 460 510 559 570 594 632 649 657 669 685 688 705 730 
270 28 45 47 58 60 156 164 184 186 230 251 256 311 313 340 348 360 363 447 484 521 535 557 569 572 623 634 690 691 
271 23 32 113 118 129 155 169 255 260 292 317 340 402 403 451 457 475 508 550 557 625 667 710 719 
272 32 0 15 60 78 113 114 115 120 125 145 258 277 281 312 322 353 363 386 407 458 470 475 491 530 550 551 584 596 695 696 730 731 
273 21 15 32 43 60 64 91 188 238 245 263 276 314 369 441 455 520 527 578 588 673 705 
274 32 4 40 41 68 194 206 211 226 238 307 312 332 356 357 359 378 404 411 423 428 440 447 551 593 597 603 632 644 646 648 689 708 
275 32 28 49 60 149 175 230 255 259 291 345 353 361 367 377 478 490 511 539 542 611 619 623 647 650 671 678 687 692 694 708 719 722 
276 33 16 52 55 82 103 109 120 160 162 206 233 264 273 285 336 347 348 372 443 446 458 480 481 495 518 552 571 573 589 605 663 727 738 
277 29 61 131 147 207 228 231 254 272 285 346 363 418 468 480 501 516 517 536 551 579 599 623 654 655 663 697 723 732 748 
278 36 1 28 32 76 102 136 158 189 240 267 268 269 285 376 396 411 435 463 466 468 473 490 516 540 544 577 579 595 616 645 652 665 670 681 737 738 
279 31 5 16 17 92 97 103 154 157 193 217 246 247 265 296 299 382 401 437 458 466 479 513 540 553 602 633 635 675 689 729 740 
280 27 8 22 45 59 66 79 97 105 146 149 207 217 222 227 235 244 246 328 366 398 413 415 465 511 524 553 560 
281 25 7 36 80 93 99 118 143 156 174 184 204 238 261 272 296 311 318 338 352 419 462 499 507 513 724 
282 31 1 29 65 77 81 84 109 117 131 133 140 153 202 227 286 397 444 478 495 503 518 527 530 542 547 632 650 671 684 703 710 
283 28 4 14 19 22 40 63 64 70 84 102 219 356 371 461 464 468 484 506 562 577 605 607 611 648 652 681 720 724 
284 37 6 119 135 144 183 187 192 198 235 267 268 319 321 349 351 354 363 364 383 391 394 433 527 558 577 580 587 595 603 610 627 639 677 679 690 705 711 
285 26 16 26 76 106 149 150 175 212 263 276 277 278 301 312 331 396 416 477 495 541 565 585 646 663 700 734 
286 31 41 94 103 117 118 143 191 252 257 282 289 303 309 453 454 460 465 488 490 491 492 514 556 577 616 619 632 681 690 721 748 
287 33 0 72 83 91 108 127 132 175 184 217 220 225 251 269 301 314 317 336 360 370 395 407 432 434 446 590 599 615 631 671 676 707 730 
288 38 3 11 44 74 118 144 155 164 173 198 205 210 224 259 267 326 344 353 368 388 405 418 433 439 465 471 476 510 576 627 632 647 648 686 689 706 709 738 
289 21 11 16 54 79 196 286 299 304 307 333 382 412 416 432 499 512 546 608 664 674 707 
290 32 17 88 96 102 108 143 152 168 170 176 198 212 222 233 248 259 357 362 421 497 523 525 531 586 627 644 652 660 691 723 734 739 
291 24 26 37 58 65 159 224 250 275 326 360 410 430 434 462 465 506 529 557 583 613 628 629 708 709 
292 32 8 17 32 42 47 67 89 169 219 271 300 324 330 368 374 396 399 414 431 439 487 537 572 585 586 617 641 648 653 706 707 732 
293 32 43 58 71 98 138 143 166 170 174 188 195 202 228 232 265 296 298 320 339 345 359 392 427 459 550 551 556 570 589 597 668 714 
294 24 13 66 68 88 89 99 150 196 298 308 334 351 360 442 458 489 490 545 579 583 589 634 655 674 
295 32 17 28 64 71 73 87 220 247 250 298 322 348 351 376 379 395 420 435 446 482 524 526 542 545 647 661 670 674 688 727 731 743 
296 32 18 29 31 34 66 113 117 130 140 150 156 160 193 214 221 222 233 279 281 293 367 371 439 464 483 503 505 531 546 582 612 709 
297 30 4 31 94 99 113 120 125 202 210 323 333 359 393 433 434 469 485 492 529 562 570 587 592 636 685 690 712 722 742 749 
298 30 38 83 134 143 193 217 240 293 294 295 330 360 375 403 409 470 493 495 507 518 530 543 545 594 604 606 616 632 645 713 
299 27 39 54 73 162 177 189 209 231 279 289 341 366 371 392 393 421 466 476 508 541 578 649 658 662 664 715 727 
300 33 9 15 69 79 99 118 137 140 144 161 175 178 198 206 216 268 292 323 358 374 377 392 415 422 425 457 494 517 587 641 646 652 663 
301 37 11 20 65 74 104 113 163 180 217 248 253 285 287 312 320 337 353 363 387 414 481 496 503 524 541 547 554 573 611 646 658 666 698 717 726 743 747 
302 27 18 30 32 63 92 126 137 246 350 400 420 430 433 440 485 501 522 560 579 626 632 633 647 677 732 733 749 
303 25 3 15 26 32 54 77 97 182 222 243 265 286 323 392 402 413 464 468 498 508 522 587 629 645 738 
304 24 22 79 89 94 130 131 167 182 247 249 257 289 321 340 491 521 544 578 589 626 649 720 730 743 
305 18 56 74 85 105 352 372 415 482 544 545 560 586 673 682 688 708 714 720 
306 25 37 84 88 217 228 244 262 342 358 405 436 437 448 488 524 567 571 575 579 582 601 605 638 668 674 
307 24 64 118 120 201 214 223 248 274 289 328 329 345 371 376 412 420 426 486 547 553 596 612 671 721 
308 38 16 86 90 118 127 152 173 183 193 206 219 239 267 294 314 326 365 374 377 379 380 393 418 450 532 554 555 561 562 577 598 633 671 712 713 724 736 745 
309 34 4 13 45 55 75 186 225 246 256 264 286 340 355 376 392 431 432 438 468 548 555 563 578 612 613 634 638 646 697 713 714 715 722 748 
310 27 46 58 66 100 130 147 186 188 215 251 262 264 360 388 413 477 529 549 585 592 629 667 673 694 700 725 731 
311 23 2 12 24 53 104 160 224 246 270 281 316 322 365 449 518 590 651 663 688 692 712 713 715 
312 28 6 21 78 99 176 192 216 235 272 274 285 301 359 445 468 481 488 514 530 544 549 568 570 572 629 704 722 743 
313 23 17 41 56 63 98 163 168 188 203 239 270 343 350 360 384 427 513 523 604 631 645 667 689 
314 27 9 55 58 90 106 156 197 226 243 248 273 287 308 336 337 345 348 428 435 527 536 545 580 653 697 735 739 
315 33 6 37 80 113 117 134 137 172 177 181 192 194 211 322 343 360 365 384 391 392 396 434 475 479 497 581 597 659 660 662 690 693 712 
316 38 40 42 52 60 158 160 181 182 184 192 202 210 232 234 237 243 264 311 319 341 345 350 382 392 412 464 508 522 546 566 589 604 626 658 666 685 713 730 
317 24 17 45 96 124 138 144 149 155 167 193 271 287 318 360 416 418 425 433 474 534 684 701 702 748 
318 30 12 24 39 51 70 103 179 212 213 225 230 245 266 281 317 402 458 467 469 471 476 524 530 571 576 651 690 719 726 727 
319 29 25 50 117 131 159 208 229 257 268 284 316 407 418 449 463 495 554 594 605 646 647 654 658 674 689 691 712 714 724 
320 30 5 44 72 166 170 172 179 180 196 221 293 301 325 344 434 476 479 483 484 492 520 523 559 621 647 652 658 665 687 747 
321 28 24 42 141 170 191 195 220 236 252 284 304 349 374 385 457 482 498 581 585 591 628 630 646 662 708 721 733 747 
322 32 1 46 64 166 193 196 212 217 263 272 295 311 315 336 349 362 364 367 397 473 478 517 540 542 571 574 580 612 632 644 654 733 
323 22 1 4 71 78 130 178 182 222 262 297 300 303 457 535 550 645 689 696 722 724 729 740 
324 25 0 12 26 152 158 165 168 201 208 253 269 292 330 347 375 447 449 461 500 527 608 620 651 653 657 
325 27 67 78 109 116 124 149 178 196 213 254 258 320 335 351 387 395 409 427 435 457 473 524 532 539 606 626 653 
326 31 9 35 98 127 128 133 162 182 207 208 246 288 291 308 348 370 375 383 467 485 503 547 561 590 616 627 630 651 665 671 672 
327 25 11 20 26 68 93 104 115 151 178 199 254 260 396 417 427 459 465 566 573 581 649 675 679 684 746 
328 28 18 35 69 88 99 117 122 126 154 155 176 195 225 237 280 307 329 354 379 424 499 531 563 568 587 671 696 731 
329 31 26 29 44 61 112 140 153 216 255 307 328 333 338 354 358 398 427 428 433 437 447 452 494 523 527 540 581 607 638 680 723 
330 41 14 22 23 48 50 56 82 97 99 171 205 256 268 292 298 324 369 379 401 402 406 424 434 437 439 458 488 497 499 507 539 566 572 589 625 684 697 712 717 724 746 
331 27 10 61 69 72 88 101 141 147 158 164 204 214 267 285 339 349 384 437 488 502 556 563 615 658 678 737 742 
332 32 9 59 64 80 128 150 164 203 234 253 274 336 346 368 396 439 443 474 492 548 549 562 575 599 636 643 659 705 711 731 737 740 
333 22 19 23 55 107 149 206 289 297 329 370 408 443 499 560 594 644 695 696 700 709 740 744 
334 28 7 21 65 113 118 128 129 141 189 191 202 217 240 294 400 422 447 510 524 555 567 580 602 645 648 681 698 726 
335 26 11 29 71 88 104 108 130 133 170 186 201 210 231 234 245 251 325 345 347 377 447 468 524 596 623 681 
336 31 42 62 65 79 86 99 155 170 176 254 263 267 276 287 314 322 332 378 403 433 438 492 498 566 580 611 636 644 651 687 730 
337 33 23 35 42 45 53 64 82 144 163 167 172 212 228 237 301 314 342 354 402 438 490 506 507 572 574 579 605 606 608 634 647 677 725 
338 18 30 59 87 107 130 144 203 256 268 281 329 415 460 516 546 602 655 685 
339 20 0 20 58 78 107 115 139 181 212 267 293 331 416 476 499 507 538 578 664 682 
340 25 45 47 58 84 246 266 267 270 271 304 309 372 409 419 472 473 540 552 577 602 624 631 668 692 720 
341 29 6 18 74 80 106 113 131 134 151 243 247 299 316 353 361 393 401 437 489 497 507 515 539 554 610 655 696 706 719 
342 24 52 84 89 91 119 147 148 202 224 306 337 376 409 444 461 468 471 544 553 592 606 648 687 710 
343 27 6 25 43 48 59 106 173 187 255 258 313 315 349 373 378 495 517 552 559 569 576 617 621 624 629 711 720 
344 22 33 46 145 181 232 288 320 389 418 511 519 536 563 589 615 628 635 664 699 721 738 743 
345 30 0 11 37 39 139 146 155 181 214 275 293 307 314 316 335 349 359 383 494 513 514 530 547 613 617 626 627 640 699 747 
346 25 65 88 164 175 212 247 265 266 277 332 404 413 422 442 485 496 518 560 566 571 582 587 658 662 724 
347 30 3 7 62 92 133 163 186 244 255 276 324 335 371 374 382 401 403 407 474 489 513 519 599 602 647 649 656 676 726 737 
348 23 119 135 169 223 239 266 270 276 295 314 326 394 408 423 458 469 522 533 534 677 678 692 711 
349 17 3 44 106 136 153 213 284 321 322 331 343 345 392 450 600 698 725 
350 31 65 78 79 124 137 157 167 182 214 242 268 302 313 316 355 364 388 401 454 472 486 489 523 538 558 559 573 588 664 672 728 
351 23 11 27 35 106 152 176 184 207 226 228 284 294 295 325 429 482 531 541 565 633 657 744 747 
352 26 29 35 40 49 91 133 181 209 233 281 305 373 391 419 422 447 512 516 518 520 554 603 612 618 701 714 
353 32 7 47 71 95 104 151 164 171 192 226 235 247 267 272 275 288 301 341 472 482 521 541 542 547 555 606 628 680 700 720 737 742 
354 29 8 15 40 49 105 141 178 224 239 245 284 328 329 337 374 397 417 471 507 519 544 564 568 570 656 659 680 685 747 
355 25 17 45 81 117 202 216 247 253 309 350 390 430 445 451 458 491 495 499 502 562 575 601 615 667 710 
356 26 50 80 110 111 127 133 162 189 211 222 274 283 418 432 434 444 494 498 500 616 623 628 649 690 697 713 
357 23 14 33 91 269 274 290 376 390 490 493 513 515 528 545 604 613 623 628 703 705 718 739 745 
358 28 34 77 79 80 82 86 90 138 143 174 177 300 306 329 399 433 474 513 524 613 630 642 649 651 668 679 686 733 
359 28 27 46 50 61 65 72 78 88 125 260 274 293 297 312 345 382 384 387 403 419 422 444 449 451 511 608 635 674 
360 31 45 78 120 127 135 146 159 198 222 270 287 291 294 298 310 313 315 317 395 409 437 450 458 557 632 634 647 667 676 701 723 
361 33 32 111 129 191 199 200 209 242 267 275 341 389 412 423 440 445 455 501 503 515 526 533 569 575 601 611 643 647 664 693 722 727 743 
362 35 32 38 48 51 70 154 166 207 213 216 227 290 322 383 396 411 505 517 518 528 534 535 537 541 549 591 608 621 649 652 657 671 686 709 733 
363 37 11 21 45 50 85 145 170 177 195 221 238 255 269 270 272 277 284 301 404 406 444 464 486 499 501 527 534 588 600 612 620 640 646 654 682 685 705 
364 25 36 38 78 79 152 154 188 212 239 258 284 322 350 401 410 436 463 500 521 556 641 645 675 678 735 
365 28 4 18 24 45 97 98 136 176 184 194 234 255 261 308 311 315 398 403 411 461 483 490 570 578 618 705 725 746 
366 23 11 20 23 61 69 75 222 229 231 234 237 280 299 396 437 438 486 519 544 582 677 722 729 
367 24 12 27 73 104 119 150 162 214 275 296 322 369 382 443 453 477 483 508 532 599 618 650 658 748 
368 21 52 63 123 130 160 165 175 227 233 249 288 292 332 495 500 538 542 652 670 704 744 
369 21 63 67 107 118 128 142 179 223 273 330 367 416 439 445 505 566 609 621 625 683 705 
370 36 18 58 99 123 149 209 219 220 230 236 248 287 326 333 409 410 431 433 437 455 462 475 529 564 571 583 612 628 630 631 643 655 677 708 711 744 
371 25 14 41 67 81 171 187 208 283 296 299 307 347 377 393 533 546 557 569 589 602 609 636 646 653 711 
372 27 1 24 68 89 135 184 191 192 208 209 265 276 305 340 425 426 439 479 494 550 560 565 582 588 617 715 744 
373 20 35 44 47 131 155 240 250 343 352 381 479 483 512 540 542 543 630 693 729 738 
374 33 33 64 67 71 127 134 155 164 187 225 244 252 261 262 292 300 308 321 347 354 418 495 503 504 529 553 598 603 612 625 636 694 702 
375 30 36 80 122 150 182 201 214 229 242 253 259 298 324 326 381 402 405 406 429 464 469 508 546 551 559 629 660 679 720 727 
376 37 8 28 62 81 89 96 112 127 144 153 175 184 185 233 278 295 307 309 342 357 405 425 450 479 489 560 578 585 588 599 628 646 647 660 705 738 749 
377 31 1 6 85 114 154 231 244 253 275 300 308 335 371 402 409 412 429 458 498 505 515 521 575 580 590 595 625 635 665 688 705 
378 20 14 118 124 194 232 262 264 274 336 343 447 467 522 565 585 596 620 670 720 745 
379 26 15 30 46 50 91 105 148 160 198 237 295 308 328 330 391 423 449 469 514 550 574 637 641 669 684 723 
380 19 41 77 127 157 163 175 197 219 230 237 308 413 417 476 522 541 610 611 736 
381 22 2 11 18 30 64 124 139 179 184 198 212 225 265 373 375 442 474 539 593 627 700 726 
382 24 29 35 38 56 145 213 279 289 316 347 359 367 396 457 502 512 534 569 670 671 693 701 704 710 
383 28 8 124 195 248 284 326 345 362 417 439 445 446 457 472 511 520 543 568 586 591 603 614 617 639 669 688 692 731 
384 19 14 16 34 37 42 73 215 226 313 315 331 359 455 463 519 575 666 713 733 
385 28 5 28 41 67 75 82 97 165 166 192 220 267 321 413 419 445 460 487 511 532 597 598 614 626 646 690 721 735 
386 33 33 62 71 84 94 98 101 112 120 122 123 145 201 217 225 269 272 394 496 497 553 566 573 582 591 602 617 629 654 663 705 727 741 
387 31 78 86 88 128 174 187 191 242 253 301 325 359 388 400 426 453 480 481 484 490 538 565 579 591 598 609 612 665 682 710 713 
388 24 24 30 41 44 49 97 239 244 288 310 350 387 479 489 587 639 642 658 675 683 694 732 736 741 
389 15 50 93 115 123 136 140 232 344 361 465 541 581 634 652 708 
390 21 6 46 47 176 214 220 255 355 357 413 445 462 524 536 573 611 634 679 694 710 734 
391 25 75 86 87 92 172 179 190 191 224 243 284 315 352 379 392 421 467 468 531 556 570 608 612 713 732 
392 37 5 13 43 89 114 121 125 141 180 197 219 222 293 299 300 303 309 315 316 349 391 402 420 476 481 489 504 507 517 520 522 563 579 624 639 640 714 
393 23 15 49 71 77 89 110 167 172 191 207 297 299 308 341 371 418 430 443 512 520 635 690 738 
394 31 0 6 9 36 89 104 108 121 143 149 167 195 284 348 386 407 411 412 422 423 456 524 525 577 595 614 652 659 674 686 748 
395 25 23 56 77 91 155 157 204 252 260 287 295 325 360 399 444 531 537 559 588 621 677 678 687 720 742 
396 36 12 16 17 26 30 40 82 84 106 170 173 179 238 255 278 285 292 315 327 332 362 366 382 422 447 512 557 578 611 613 653 654 700 729 730 731 
397 28 8 30 62 73 118 213 225 231 266 282 322 354 443 445 448 450 482 534 548 566 604 644 657 667 702 707 712 742 
398 23 21 42 165 172 193 239 243 280 329 365 407 423 436 442 472 532 595 618 623 626 655 708 712 
399 26 16 33 44 133 147 189 220 253 292 358 395 435 493 507 508 510 567 580 614 621 626 676 708 722 736 749 
400 30 24 106 111 118 131 154 156 168 187 207 208 235 246 263 302 334 387 406 413 432 456 460 463 464 508 514 532 559 607 708 
401 24 5 13 55 137 147 279 330 341 347 350 364 438 440 477 497 503 512 546 576 589 590 600 641 644 
402 29 28 57 96 107 123 138 177 271 303 318 330 337 375 377 392 418 447 463 483 491 494 514 521 558 563 642 662 672 694 
403 31 24 30 52 90 105 152 169 183 205 208 223 257 271 298 336 347 359 365 470 472 480 487 503 524 566 625 627 672 682 702 738 
404 27 11 29 69 104 117 126 129 147 154 172 201 274 346 363 447 461 466 504 513 531 561 598 606 624 685 689 737 
405 32 7 14 19 48 85 96 100 118 125 151 178 237 239 242 245 248 251 288 306 375 376 457 475 488 499 512 536 543 589 617 657 721 
406 30 2 17 67 76 83 88 118 178 187 209 240 330 363 375 400 417 492 531 540 549 565 580 588 615 650 675 698 717 721 732 
407 23 108 142 188 272 287 319 347 394 398 447 461 508 515 541 550 617 659 660 704 715 723 732 735 
408 22 11 25 30 62 63 126 152 179 187 222 228 236 243 248 333 348 426 542 594 608 671 677 
409 26 49 61 71 127 201 298 325 340 342 360 370 377 411 434 450 490 497 530 531 542 566 567 569 584 603 712 
410 23 3 65 81 89 110 115 124 138 291 364 370 446 465 492 564 605 608 609 624 636 639 656 744 
411 27 9 100 137 229 274 278 362 365 394 409 423 425 430 459 474 478 479 503 567 582 631 654 715 716 717 720 724 
412 25 37 40 172 183 253 259 260 268 289 307 316 361 377 394 422 431 445 459 478 491 506 517 543 609 617 
413 38 19 30 35 42 69 112 123 137 170 185 211 234 243 258 280 303 310 346 380 385 390 400 439 476 530 546 564 579 588 594 596 625 679 692 720 723 730 732 
414 24 53 66 97 119 136 146 147 164 292 301 418 440 462 476 482 527 529 612 621 635 663 688 734 740 
415 26 19 73 100 103 123 128 183 261 280 300 305 338 437 445 449 451 470 479 518 525 606 687 692 717 723 729 
416 22 43 89 123 189 226 269 285 289 317 339 369 443 468 528 541 556 640 642 678 687 717 740 
417 21 9 14 43 46 63 96 223 227 327 354 380 383 406 426 469 528 577 644 663 684 705 
418 29 39 72 138 157 173 277 288 308 317 319 344 356 374 393 402 414 420 426 438 483 495 510 567 588 592 641 698 711 747 
419 22 2 3 26 66 117 149 170 178 241 253 281 340 352 359 385 454 499 606 615 650 713 748 
420 39 19 43 77 95 102 113 125 137 155 178 193 201 211 215 220 223 224 295 302 307 392 418 462 508 553 557 580 594 608 611 637 647 670 687 697 711 714 740 741 
421 25 19 56 112 127 137 177 179 230 290 299 391 422 426 464 474 478 630 652 656 669 675 677 704 725 728 
422 32 2 95 97 125 137 152 161 177 189 203 254 257 258 265 300 334 346 352 359 394 396 412 421 435 535 536 576 611 620 634 647 729 
423 22 44 63 88 104 156 188 189 218 236 274 348 361 379 394 398 411 497 552 573 603 607 740 
424 26 55 58 64 66 77 117 119 136 205 256 328 330 454 475 503 506 522 534 547 554 570 592 624 647 651 718 
425 27 135 157 191 251 300 317 372 376 411 451 469 484 488 501 537 538 546 564 589 621 641 645 646 679 718 732 743 
426 35 27 34 43 51 52 68 107 119 132 135 144 162 191 208 232 240 258 307 372 387 408 417 418 421 428 448 451 501 504 546 572 653 678 710 720 
427 26 67 87 103 105 129 170 208 243 293 313 325 327 329 462 475 497 554 574 581 614 637 674 711 724 732 736 
428 28 112 122 123 126 146 149 215 225 236 246 274 314 329 426 435 440 469 479 488 506 516 529 566 592 621 624 625 737 
429 20 13 22 54 68 219 238 262 351 375 377 457 471 479 488 566 584 649 687 694 713 
430 23 12 20 40 48 98 112 122 161 207 241 262 291 302 355 393 411 447 507 584 694 714 734 744 
431 26 11 12 18 37 132 143 152 178 217 232 292 309 370 412 508 555 561 568 590 619 628 632 653 658 674 735 
432 27 13 32 37 48 58 61 104 121 139 171 245 287 289 309 356 400 445 462 473 509 532 564 567 572 644 702 729 
433 26 9 21 143 225 249 268 284 288 297 302 317 329 336 358 370 449 455 499 502 505 506 545 555 636 647 677 
434 29 10 51 56 85 90 101 119 165 243 266 287 291 297 315 320 330 356 409 454 499 500 514 546 581 599 625 636 729 741 
435 39 10 11 82 97 108 112 118 121 132 141 157 166 175 178 219 224 226 261 278 295 314 325 399 422 428 440 466 472 488 504 525 553 615 616 648 655 690 700 739 
436 29 50 60 63 66 69 78 85 103 148 163 177 181 182 229 306 364 398 446 454 465 472 478 498 506 526 536 577 621 630 
437 29 24 74 93 96 101 105 141 149 155 224 253 279 306 329 330 331 341 360 366 370 415 454 557 561 570 597 617 625 667 
438 26 1 48 66 68 93 99 110 111 194 226 248 256 309 336 337 366 401 418 454 460 548 554 605 611 655 725 
439 35 29 38 44 114 116 161 217 242 261 288 292 296 330 332 369 372 383 413 444 460 465 473 506 520 543 544 588 601 605 619 621 624 663 701 706 
440 30 10 20 47 50 55 65 78 102 147 160 171 177 228 234 274 302 361 401 414 428 435 470 510 520 525 575 607 627 688 721 
441 20 35 54 133 157 210 225 244 245 273 481 505 554 560 563 569 575 597 652 678 707 
442 20 70 73 82 106 204 294 346 381 398 509 558 616 630 658 661 700 705 712 719 739 
443 28 13 36 56 74 91 100 111 155 176 182 211 230 242 250 276 332 333 367 393 397 416 484 497 570 604 618 652 662 
444 30 27 29 36 73 88 92 115 139 151 229 241 248 251 257 282 342 356 359 363 395 439 494 523 547 549 679 681 709 712 723 
445 26 5 8 52 55 65 110 169 201 240 244 251 312 355 361 369 383 385 390 397 412 415 432 502 671 693 697 
446 17 24 57 80 147 179 194 235 276 287 295 383 410 436 482 525 676 722 
447 28 33 57 106 124 187 268 270 274 324 329 334 335 352 378 396 402 404 407 430 476 498 570 578 592 655 666 668 671 
448 26 8 17 34 84 112 128 199 235 260 264 306 397 426 466 487 498 523 527 532 566 606 615 638 659 697 698 
449 29 3 26 32 96 100 187 199 214 251 311 319 324 359 379 415 433 486 522 523 545 578 592 593 620 671 680 690 699 731 
450 35 24 51 67 78 91 111 128 131 142 198 255 263 308 349 360 376 397 409 471 484 516 526 527 556 564 565 607 624 631 637 642 708 726 738 742 
451 32 11 37 71 95 99 101 116 155 197 209 243 259 268 271 355 359 415 425 426 457 497 559 578 611 626 630 631 638 649 654 698 702 
452 25 67 73 80 104 114 150 164 226 241 251 259 329 453 464 483 555 580 591 613 629 634 702 722 728 736 
453 22 38 62 135 137 146 192 230 286 367 387 452 455 476 527 542 562 569 586 599 655 706 733 
454 25 20 42 74 128 146 160 165 192 199 201 210 258 286 350 419 424 434 436 437 438 488 532 584 629 674 
455 27 3 7 20 25 58 74 124 145 147 186 216 255 273 361 370 384 433 453 481 540 551 577 594 672 702 708 722 
456 22 36 44 69 132 190 217 221 236 244 263 394 400 500 537 571 575 607 618 646 649 700 728 
457 32 4 11 47 52 98 99 107 109 198 219 255 271 300 321 323 325 382 383 405 429 451 468 495 544 566 593 605 614 673 739 740 745 
458 30 109 142 160 161 249 265 267 272 276 279 294 318 330 348 355 360 377 505 509 512 576 596 597 609 620 656 685 687 705 748 
459 23 20 106 115 136 137 173 203 221 223 231 242 250 293 327 411 412 476 545 618 667 692 713 721 
460 39 41 60 63 77 94 186 194 196 211 231 243 248 256 269 286 338 385 400 438 439 477 488 509 522 552 562 614 631 637 644 672 711 721 722 723 727 739 740 742 
461 32 17 94 120 132 161 165 173 203 224 283 324 342 365 404 407 462 463 488 494 519 525 539 544 552 555 603 618 661 666 697 699 715 
462 36 13 45 49 58 77 96 162 173 209 247 281 291 370 390 414 420 427 432 461 463 508 521 533 534 537 597 610 635 642 647 656 659 712 715 722 737 
463 29 49 53 107 118 119 140 146 219 225 278 319 364 384 400 402 461 462 523 546 547 553 576 582 586 622 628 631 669 742 
464 25 25 80 113 118 128 132 164 200 218 283 296 303 316 363 375 400 421 452 557 590 592 595 654 725 740 
465 32 15 79 81 89 105 139 175 179 183 214 280 286 288 291 327 389 410 436 439 468 497 499 504 512 525 604 611 612 644 657 687 717 
466 31 33 39 64 67 73 118 143 183 189 196 278 279 299 404 435 448 471 475 476 495 518 530 560 570 603 645 655 672 702 711 727 
467 27 44 46 85 171 172 242 318 326 378 391 480 488 503 531 544 584 590 615 627 634 672 688 691 716 738 747 749 
468 35 47 72 77 105 113 124 126 133 150 158 174 212 277 278 283 303 309 312 335 342 391 416 457 465 521 539 547 549 552 610 614 685 731 735 743 
469 25 20 22 27 88 93 102 107 168 185 235 297 318 348 375 379 417 425 428 554 560 578 614 635 641 707 
470 17 47 146 164 184 272 298 403 415 440 474 475 515 539 551 645 653 686 
471 27 144 153 156 172 186 194 200 268 288 318 342 354 429 450 466 479 494 517 565 596 641 649 686 690 697 699 734 
472 31 3 30 46 104 106 134 265 340 350 353 383 398 403 435 436 489 499 501 503 516 579 581 590 600 622 655 668 686 687 694 720 
473 29 2 10 61 109 126 149 184 185 192 225 246 255 278 322 325 340 432 439 526 563 576 580 588 603 652 672 712 720 739 
474 32 24 33 36 39 124 125 143 174 199 222 266 317 332 347 358 381 411 421 470 488 489 496 522 536 559 590 621 635 692 697 704 721 
475 27 24 37 118 126 138 170 236 246 271 272 315 370 405 424 427 466 470 495 533 580 603 640 641 656 668 709 731 
476 31 14 41 90 110 145 178 257 288 299 318 320 339 380 392 413 414 447 453 459 466 492 496 516 528 543 565 569 638 639 689 700 
477 32 15 18 24 44 50 61 66 99 102 113 129 152 205 215 229 241 285 310 367 401 460 504 506 539 568 606 623 649 681 713 731 742 
478 25 23 91 101 126 135 179 184 253 264 275 282 322 411 412 421 436 483 507 543 557 567 588 630 670 744 
479 30 65 70 87 92 120 156 164 220 268 279 315 320 372 373 376 388 411 415 428 429 471 567 620 638 688 705 707 710 715 740 
480 26 11 13 14 45 59 76 79 128 178 189 231 233 243 249 276 277 387 403 467 511 580 593 611 692 696 702 
481 26 1 13 48 83 91 195 200 242 261 276 301 312 387 392 441 455 567 593 597 608 610 617 631 650 695 702 
482 33 7 16 65 79 98 102 138 159 164 199 264 268 295 305 321 351 353 397 414 446 498 525 562 598 631 642 671 685 690 695 703 733 735 
483 28 1 36 113 204 240 253 296 320 365 367 373 402 418 452 478 501 537 541 574 584 587 593 595 621 630 649 687 745 
484 31 1 10 32 46 49 79 131 209 265 266 270 283 320 387 425 443 450 505 508 511 553 568 621 632 665 666 679 720 729 738 744 
485 25 31 96 98 195 199 235 260 264 297 302 326 346 491 494 511 513 524 526 527 550 561 580 622 656 733 
486 27 0 16 28 38 44 45 154 165 178 188 190 194 202 267 307 350 363 366 449 497 529 632 640 652 658 715 743 
487 18 1 60 82 122 147 159 163 179 200 229 292 385 403 448 527 544 547 625 
488 34 60 127 144 168 222 254 258 286 306 312 330 331 405 425 428 429 435 454 460 461 467 474 548 564 581 585 592 594 595 639 676 686 699 747 
489 24 70 91 124 172 294 341 347 350 376 388 392 472 474 574 595 613 622 628 634 636 702 711 735 741 
490 27 17 71 85 107 168 194 200 265 275 278 286 294 337 357 365 387 409 533 537 538 612 648 654 666 710 712 732 
491 30 5 10 15 70 107 115 121 150 202 214 230 234 254 272 286 304 355 402 412 485 493 504 537 590 613 615 633 683 686 730 
492 27 1 5 18 56 61 67 106 126 143 185 215 286 297 320 332 336 406 410 476 513 561 614 617 647 661 676 680 
493 18 101 103 167 233 268 298 357 399 491 508 513 528 539 551 576 612 670 744 
494 31 32 74 75 90 97 119 144 153 173 196 202 233 249 300 329 345 356 372 402 444 461 471 485 530 537 549 553 643 659 683 697 
495 33 58 60 70 88 130 138 276 282 285 298 319 343 355 368 374 418 457 466 475 513 517 541 557 583 588 654 656 682 685 691 720 724 730 
496 30 73 93 109 118 139 140 144 160 164 169 191 201 219 233 265 266 301 346 386 474 476 519 525 535 537 539 648 704 717 736 
497 28 3 50 92 161 166 227 254 290 315 330 341 386 401 409 423 427 443 451 465 486 504 523 524 593 606 643 702 721 
498 27 46 52 118 119 134 176 250 259 303 321 336 356 377 436 447 448 482 538 549 594 604 629 650 678 702 734 747 
499 31 35 90 98 121 192 196 230 258 281 289 328 330 333 339 355 363 405 419 433 434 465 472 514 533 542 545 579 609 616 649 721 
500 28 14 109 111 124 160 172 180 209 218 246 255 260 266 324 356 364 368 434 456 537 544 549 607 612 621 689 698 723 
501 23 26 35 102 124 145 220 277 302 361 363 425 426 472 483 517 518 532 578 703 706 717 733 742 
502 18 0 42 331 355 382 433 445 517 531 598 617 618 624 663 706 710 718 733 
503 32 11 82 104 127 162 183 184 195 201 210 228 241 247 282 296 301 326 361 374 401 403 411 424 467 472 553 555 595 622 626 630 695 
504 23 7 70 91 113 114 141 158 232 374 392 404 426 435 465 477 491 497 618 623 653 658 671 723 
505 27 37 65 123 133 170 200 224 296 362 369 377 433 441 458 484 530 554 570 584 593 599 600 617 625 662 668 711 
506 35 51 56 70 75 149 161 182 202 211 227 261 283 291 337 412 424 428 433 436 439 477 507 521 541 587 614 615 622 644 668 676 715 726 727 739 
507 34 37 53 56 89 131 141 160 161 209 241 258 281 298 330 337 339 341 354 392 399 430 478 506 525 527 534 553 571 590 606 651 663 689 709 
508 38 71 75 84 94 158 159 161 175 196 239 257 271 299 303 316 367 375 399 400 407 420 431 462 484 493 517 543 545 585 599 608 633 673 684 685 694 709 724 
509 30 27 45 48 50 66 104 141 144 151 154 160 170 174 250 264 432 442 458 460 510 533 569 597 599 611 637 667 669 688 708 
510 31 7 12 35 49 67 74 90 117 143 192 202 233 237 260 269 288 334 399 418 440 509 511 567 578 607 622 631 663 667 685 686 
511 29 10 64 98 156 160 171 241 244 245 275 280 344 359 383 385 480 484 485 510 562 565 587 592 628 640 666 723 725 745 
512 28 11 22 24 122 134 165 216 221 229 289 352 373 382 393 396 401 405 458 465 555 563 599 600 609 652 705 723 739 
513 29 7 27 52 96 97 119 122 126 131 133 216 228 233 279 281 313 345 347 357 358 404 485 492 493 495 540 653 658 721 
514 24 6 113 114 144 157 168 203 235 264 265 286 312 345 379 400 402 434 499 524 579 603 622 742 746 
515 23 35 45 56 74 83 123 201 212 246 341 357 361 377 407 470 534 553 626 649 653 668 669 742 
516 21 16 91 96 110 151 184 194 241 255 277 278 338 352 428 450 472 476 548 554 589 661 
517 30 10 56 66 98 99 176 254 277 300 322 343 362 392 412 471 495 501 502 508 528 558 575 645 662 666 670 675 680 690 738 
518 25 41 115 142 144 171 186 201 207 231 276 282 298 311 346 352 362 415 466 501 578 591 684 687 699 727 
519 23 4 119 120 165 173 190 210 217 344 347 354 366 384 461 496 521 532 569 572 625 637 644 698 
520 31 69 76 87 121 137 154 210 228 263 267 273 320 352 383 392 393 439 440 525 537 552 566 573 577 588 598 652 669 705 713 730 
521 28 25 26 76 166 172 181 187 204 210 237 248 270 304 353 364 377 402 462 468 506 519 567 581 593 609 658 679 691 
522 29 4 62 84 119 140 165 175 195 200 206 211 223 237 240 245 302 303 316 348 378 380 392 424 449 460 474 573 582 630 
523 27 10 56 63 118 128 129 152 192 204 254 264 290 313 320 329 350 444 448 449 463 497 525 543 629 667 688 713 
524 32 2 44 50 194 216 264 280 295 301 306 318 325 334 335 358 390 394 403 485 497 514 591 626 641 646 647 672 674 677 692 718 729 
525 30 51 69 101 103 137 205 216 239 242 262 290 394 415 435 440 446 461 465 482 496 507 520 523 573 580 593 614 623 665 680 
526 26 6 32 34 39 74 81 84 103 124 219 295 361 436 450 473 485 532 539 543 594 610 628 638 643 657 715 
527 33 3 7 21 82 84 88 112 233 239 273 282 284 314 324 329 363 414 448 450 453 485 487 507 531 574 584 617 631 634 681 687 689 709 
528 26 35 41 73 78 83 102 131 143 170 185 357 362 416 417 476 493 517 532 575 584 607 624 629 666 681 714 
529 22 32 109 144 148 165 175 217 241 247 291 297 310 370 374 414 428 486 547 613 699 716 741 
530 35 40 46 71 103 105 135 142 184 190 205 207 238 263 265 272 282 298 312 318 345 409 413 466 494 505 562 575 611 613 639 659 663 667 669 692 
531 26 86 199 223 290 296 328 351 391 395 404 406 409 467 502 527 537 578 598 645 647 674 685 688 696 711 712 
532 30 10 18 89 203 205 258 308 325 367 385 398 400 432 448 454 501 519 526 528 560 572 599 621 628 643 665 666 681 728 740 
533 25 4 112 135 182 196 203 216 232 236 246 348 361 371 462 475 490 499 509 541 544 582 583 609 677 710 
534 27 13 45 47 56 57 80 85 119 144 216 317 348 362 363 382 397 424 462 507 515 536 539 585 727 730 731 738 
535 18 51 99 168 191 196 270 323 362 422 496 590 610 651 660 682 694 715 732 
536 26 2 52 80 88 98 116 144 166 190 258 277 314 344 390 405 422 436 474 534 550 568 602 609 670 698 700 
537 30 22 55 85 139 165 166 211 244 263 292 362 395 425 456 462 483 490 491 494 496 500 520 531 581 625 684 689 708 732 749 
538 26 100 111 158 163 238 339 350 368 387 425 490 498 540 542 578 588 591 597 601 607 609 611 622 630 634 740 
539 37 10 25 26 31 51 69 86 93 96 104 134 152 197 243 245 259 275 325 330 341 381 461 468 470 477 493 496 526 534 589 616 640 648 678 734 741 742 
540 26 29 55 87 148 155 157 241 244 278 279 322 329 340 373 406 455 513 538 569 613 630 653 669 689 721 724 
541 29 3 14 37 40 47 91 99 148 154 159 202 207 285 299 301 351 353 362 380 389 407 416 483 495 506 533 565 619 704 
542 27 70 72 93 127 136 215 275 282 295 322 353 368 373 408 409 453 499 538 580 593 618 622 667 682 699 723 725 
543 32 9 28 59 96 110 135 143 146 153 165 221 257 260 298 373 383 405 412 439 476 478 508 523 526 551 552 593 606 664 710 728 735 
544 28 18 38 44 157 221 278 304 305 312 342 354 366 439 457 461 467 487 500 533 572 592 627 668 711 722 731 735 745 
545 37 51 122 124 132 145 160 189 224 226 241 264 294 295 298 305 314 357 433 449 459 499 508 552 553 564 566 571 596 609 611 645 669 681 690 721 737 744 
546 25 0 57 78 84 146 155 170 240 248 250 289 296 316 338 371 375 401 413 425 426 434 463 594 606 737 
547 38 60 62 77 82 105 107 119 122 136 141 146 158 168 173 178 266 282 301 307 326 345 353 424 444 463 468 487 529 549 576 586 605 619 646 659 667 678 725 
548 24 0 55 70 141 158 172 191 200 309 332 397 438 488 516 577 591 616 636 659 660 675 687 689 728 
549 30 28 38 119 131 147 185 220 243 244 247 253 310 312 332 362 406 444 468 494 498 500 547 556 559 592 593 611 640 679 734 
550 29 23 45 83 89 90 113 115 153 169 177 208 216 224 232 271 272 293 323 372 379 407 485 536 559 560 571 638 645 738 
551 26 23 55 71 75 143 175 184 185 205 239 272 274 277 293 375 455 470 493 543 568 589 638 652 659 663 729 
552 26 47 107 135 243 276 340 343 423 460 461 468 520 543 545 553 567 573 601 602 604 672 683 719 720 734 739 
553 27 171 180 197 279 280 307 342 374 386 420 435 463 484 494 503 507 515 545 552 606 616 627 651 661 662 680 737 
554 24 1 47 49 91 104 143 175 183 250 301 308 319 341 352 424 427 438 441 469 505 516 556 588 629 
555 26 4 18 20 29 107 113 125 145 164 176 225 308 309 334 353 431 433 452 461 503 512 619 637 656 662 725 
556 26 8 108 157 170 174 206 215 226 229 233 258 261 286 293 331 364 391 416 450 549 554 592 623 691 699 702 
557 23 16 23 93 161 246 270 271 291 360 371 396 420 437 464 478 495 588 593 642 646 654 677 716 
558 22 11 26 43 51 97 101 123 139 205 219 228 262 284 350 402 442 517 582 595 624 648 735 
559 29 3 19 117 133 142 146 163 165 170 172 191 216 237 253 269 320 343 350 375 395 400 451 474 549 550 575 618 662 720 
560 28 45 69 81 87 96 99 130 280 302 305 333 346 372 376 441 466 469 532 550 567 572 621 683 701 702 718 731 749 
561 26 24 34 46 86 106 108 119 170 216 256 308 326 404 431 437 485 492 641 643 653 656 673 683 685 719 735 
562 28 35 55 109 161 187 189 257 267 283 297 308 332 355 453 460 482 511 530 564 591 608 646 647 653 657 660 687 736 
563 34 31 43 60 76 87 154 164 167 211 252 309 328 331 344 392 402 441 473 512 578 581 589 618 633 639 656 672 688 697 704 705 706 718 738 
564 27 3 65 86 99 101 109 176 199 218 223 247 354 370 410 413 425 432 450 488 545 562 578 585 620 637 644 693 
565 32 39 50 112 153 190 194 203 220 224 252 285 351 372 378 387 406 450 471 476 511 541 581 595 601 608 642 652 655 665 708 734 739 
566 33 33 102 107 109 110 117 126 154 160 166 184 261 316 327 330 336 346 369 386 397 403 409 428 429 448 457 520 545 590 661 677 729 746 
567 25 69 121 154 161 207 245 306 334 399 409 411 418 432 478 479 481 510 521 552 560 573 600 621 629 692 
568 25 49 68 78 97 108 120 214 221 312 328 354 383 431 477 484 536 551 570 606 623 627 647 673 703 722 
569 25 17 56 76 194 201 223 254 270 343 361 371 382 409 441 453 476 509 519 540 601 605 646 659 682 705 
570 30 13 69 82 157 178 183 246 269 293 297 312 354 365 391 424 437 443 447 466 505 568 577 604 636 665 683 688 707 710 735 
571 31 7 15 18 40 50 51 72 79 119 141 153 162 217 248 276 306 318 322 346 370 456 507 545 550 622 635 636 643 650 702 720 
572 22 48 68 157 258 270 292 312 330 337 426 432 519 532 544 560 632 646 674 677 682 689 701 
573 32 39 50 66 179 181 183 230 234 276 301 327 350 386 390 423 520 522 525 552 567 581 601 618 641 653 672 676 690 700 703 706 725 
574 21 90 103 107 152 218 322 337 379 427 483 489 527 593 647 650 663 670 680 704 713 738 
575 35 16 21 40 58 108 109 119 131 156 162 201 230 244 248 263 306 332 355 361 377 384 440 441 456 517 528 530 559 592 604 613 618 665 727 741 
576 26 5 23 70 106 142 201 210 223 236 255 288 318 343 401 422 458 463 473 493 547 597 703 709 719 726 733 
577 31 4 5 36 61 75 76 160 208 213 236 240 246 253 278 283 284 286 308 340 394 417 436 455 520 548 570 594 595 614 635 639 
578 32 46 69 181 215 256 273 299 304 309 339 365 376 396 447 449 451 469 501 510 518 531 538 563 564 600 617 618 626 667 671 684 733 
579 28 3 15 168 177 223 232 251 267 277 278 294 302 306 337 387 392 413 472 499 514 581 590 598 644 680 684 705 710 
580 31 14 24 49 110 124 160 189 190 247 284 314 322 334 336 377 399 406 420 452 473 475 480 485 525 542 618 631 637 694 715 735 
581 34 21 42 53 75 79 95 108 131 175 179 180 198 226 243 250 315 321 327 329 389 427 434 472 488 521 537 563 565 573 579 621 645 697 717 
582 29 19 24 60 71 111 149 161 169 189 206 238 263 296 306 346 366 372 386 411 463 522 533 558 624 663 664 684 698 721 
583 22 2 28 49 92 105 141 198 242 247 291 294 370 495 533 588 626 639 660 674 691 703 710 
584 28 0 2 8 31 39 61 63 84 89 108 180 204 226 239 272 409 429 430 454 467 483 505 527 528 595 609 724 728 
585 23 7 33 63 133 137 217 233 253 262 285 292 310 321 376 378 488 508 534 564 604 653 726 744 
586 26 16 31 76 92 97 144 178 197 210 253 263 290 292 305 383 453 463 547 587 596 610 681 697 707 725 736 
587 29 19 43 77 80 90 122 133 146 162 228 244 249 284 297 300 303 328 346 388 483 506 511 586 607 638 651 678 698 702 
588 36 29 72 92 127 139 168 183 186 187 192 251 273 350 363 372 376 395 406 413 418 439 473 478 495 520 538 554 557 583 608 619 702 725 726 737 738 
589 41 43 55 81 83 97 113 124 127 134 138 139 151 171 214 227 235 241 276 293 294 304 316 330 344 371 401 405 425 516 539 551 563 640 641 663 664 671 705 724 731 747 
590 32 1 43 62 85 94 111 113 133 146 174 209 228 287 311 326 377 401 431 464 467 472 474 491 507 535 566 579 598 660 673 684 723 
591 26 33 69 133 136 140 188 204 209 321 362 383 386 387 452 518 524 538 548 562 607 619 687 698 707 713 720 
592 29 63 86 95 170 182 191 202 214 266 297 310 342 418 424 428 447 449 464 488 511 544 549 556 575 598 605 628 699 720 
593 28 15 95 200 207 224 234 238 274 381 449 457 480 481 483 497 505 521 525 542 543 549 557 574 622 645 656 678 710 
594 33 14 18 42 51 73 87 93 135 137 155 177 252 256 259 269 298 319 333 408 413 420 455 488 498 526 546 577 613 632 646 666 700 732 
595 30 10 43 121 178 184 251 278 284 377 394 398 464 483 488 489 503 558 565 577 584 615 628 651 662 667 668 716 727 733 744 
596 26 53 62 79 93 103 123 143 163 164 177 196 256 272 307 335 378 413 458 471 545 586 628 677 688 699 733 
597 28 6 97 147 154 158 171 201 216 274 293 315 385 437 441 458 462 481 509 538 576 605 637 651 661 669 675 685 704 
598 26 116 121 183 184 191 223 249 255 308 374 385 387 404 482 502 520 531 579 590 592 620 621 631 652 663 706 
599 35 18 60 81 112 115 126 142 148 152 191 194 206 219 226 244 256 277 287 332 347 367 376 434 453 505 508 509 512 532 617 622 651 687 694 704 
600 18 4 11 191 204 222 248 251 349 363 401 472 505 512 567 578 628 723 729 
601 26 26 35 48 52 62 68 89 103 113 157 163 177 244 255 266 306 355 361 439 538 552 565 569 573 626 682 
602 24 3 14 41 46 79 88 117 127 155 170 227 255 279 334 338 340 347 371 386 536 552 645 682 702 
603 24 21 90 93 100 182 239 267 274 284 352 374 383 409 423 461 466 473 475 514 662 672 679 730 745 
604 17 33 62 159 187 210 298 313 316 357 397 443 465 498 552 570 575 585 
605 23 88 90 119 124 137 160 261 265 276 283 306 319 337 410 438 439 457 547 569 592 597 685 732 
606 32 28 42 63 131 179 185 192 217 221 298 325 337 342 353 404 415 419 448 477 497 507 543 546 553 568 622 657 666 694 697 717 743 
607 23 25 107 112 203 212 229 232 283 329 400 423 440 450 456 500 510 528 538 587 591 665 686 719 
608 22 80 102 117 187 289 324 337 359 362 391 408 410 420 481 508 562 565 588 622 656 659 671 
609 33 1 69 82 87 91 110 117 176 186 246 369 371 387 410 412 458 499 512 521 533 536 538 545 584 629 634 644 664 685 708 712 713 740 
610 25 4 9 48 81 108 144 174 186 222 232 241 284 341 380 462 468 481 526 535 586 628 680 681 691 707 
611 26 20 45 58 77 91 141 221 275 283 301 336 361 380 390 396 420 422 438 451 465 480 509 530 538 545 549 
612 26 5 27 57 183 221 240 254 258 296 307 309 322 352 363 370 374 387 391 414 465 490 493 500 626 712 715 
613 30 20 24 61 91 92 95 110 133 136 144 189 255 291 309 345 357 358 396 452 489 491 529 530 540 575 594 692 693 711 732 
614 29 6 48 52 66 78 123 129 172 207 244 255 383 385 394 399 427 457 460 468 469 492 506 525 577 643 649 672 693 705 
615 21 36 164 195 223 246 287 331 344 355 406 419 435 448 467 491 506 595 660 668 699 744 
616 30 19 38 39 54 79 119 133 136 175 182 183 185 234 278 286 298 326 356 435 442 499 539 548 553 619 654 657 679 714 749 
617 36 9 73 118 148 150 162 170 182 184 204 224 292 343 345 372 383 386 405 407 412 437 481 492 502 505 527 578 599 619 625 651 660 675 687 711 747 
618 31 5 6 13 44 95 109 116 178 247 260 267 352 365 367 398 443 456 459 461 502 504 542 559 563 573 575 578 580 691 716 749 
619 20 64 96 106 135 206 236 275 286 431 439 541 547 555 588 591 616 617 631 653 712 
620 27 6 42 99 141 209 217 228 245 256 263 324 363 378 422 449 458 479 564 598 632 646 651 673 697 709 714 722 
621 38 5 13 59 60 78 101 148 183 188 245 320 343 362 369 395 399 414 425 428 436 439 474 483 484 500 532 560 567 581 598 644 654 671 675 679 708 712 729 
622 27 70 99 140 163 228 243 248 463 472 485 489 503 506 510 514 538 542 571 593 599 606 608 677 716 738 745 748 
623 35 59 106 132 133 144 146 147 165 170 180 195 199 201 216 252 270 275 277 335 356 357 398 477 504 525 556 568 645 669 674 693 723 727 734 739 
624 35 3 48 64 69 72 81 83 118 122 124 134 169 184 211 233 246 251 340 343 392 404 410 424 428 439 450 502 528 558 582 682 688 704 707 744 
625 34 3 66 70 93 96 115 125 167 192 218 228 251 271 330 369 374 377 403 413 428 434 437 487 505 519 537 617 637 640 679 684 692 696 730 
626 27 4 22 120 159 166 181 302 304 316 325 345 385 398 399 451 503 515 524 578 583 601 612 660 664 667 729 734 
627 31 1 6 78 82 95 113 136 138 154 159 203 227 243 250 263 284 288 290 326 345 381 403 440 467 544 553 568 666 672 711 742 
628 34 22 29 49 61 84 111 126 132 133 168 199 265 291 321 344 353 356 357 370 376 431 463 489 511 526 532 592 595 596 600 610 669 711 745 
629 31 17 85 94 132 145 152 214 215 230 255 267 291 303 310 312 343 375 386 452 454 498 523 528 554 567 609 638 641 655 662 747 
630 29 15 33 51 132 175 201 209 249 267 321 326 358 370 373 421 436 442 451 478 483 503 522 538 540 634 664 714 729 749 
631 29 0 15 71 88 253 260 287 313 340 370 411 450 451 460 463 481 482 510 527 580 598 619 656 658 676 685 708 737 740 
632 27 8 10 67 73 122 175 191 214 250 255 269 274 282 286 288 298 302 322 360 431 484 486 572 594 620 679 703 
633 16 53 66 67 68 95 96 110 161 279 302 308 351 491 508 563 656 
634 32 6 96 116 117 141 160 173 183 186 232 268 270 294 309 337 360 389 390 422 452 467 489 527 538 609 630 653 660 696 718 728 747 
635 25 4 21 91 136 144 151 156 165 183 184 221 248 251 262 279 344 359 377 393 414 462 469 474 571 577 
636 33 0 18 47 57 77 80 86 130 131 132 167 201 236 254 265 297 332 336 371 374 410 433 434 489 548 570 571 637 667 719 733 743 749 
637 29 3 9 29 47 60 62 106 127 166 167 379 420 427 450 460 509 519 555 564 580 597 625 636 639 640 645 719 736 744 
638 28 40 71 73 103 142 213 236 254 268 306 309 329 448 451 476 479 526 550 551 587 629 656 658 667 668 691 718 724 
639 34 8 20 26 48 62 69 72 100 110 127 152 165 172 180 181 182 192 207 217 284 383 388 392 410 476 488 530 563 577 583 637 645 731 735 
640 24 16 76 84 99 106 117 143 213 345 363 392 416 475 486 511 539 549 589 625 637 641 688 721 726 
641 34 15 19 24 33 82 93 122 125 141 143 175 212 221 230 261 292 300 364 379 401 418 425 469 471 475 524 561 573 589 629 640 658 668 694 
642 24 12 18 27 48 80 113 115 123 131 143 147 186 208 209 216 358 388 402 416 450 462 482 557 565 
643 24 34 46 57 59 62 80 115 154 244 249 251 332 361 370 494 497 526 532 561 571 614 664 669 722 
644 31 6 14 54 63 133 143 185 195 243 246 264 274 290 322 333 336 397 401 417 432 460 465 506 519 564 579 609 621 657 672 706 
645 31 2 53 95 112 120 127 149 213 217 278 298 303 313 323 334 364 425 466 470 517 531 545 550 581 593 602 623 637 639 672 729 
646 34 16 59 123 160 164 176 178 194 274 285 300 301 309 319 321 363 371 376 385 425 456 524 547 557 562 569 572 594 620 664 671 708 716 739 
647 33 45 54 56 69 116 133 260 275 288 295 302 319 320 337 347 360 361 376 420 422 424 433 462 492 524 531 562 568 574 651 658 696 697 
648 26 11 33 69 160 190 197 219 239 240 274 283 288 292 334 342 435 490 496 539 558 662 670 671 678 695 723 
649 31 7 13 14 88 128 164 169 172 179 207 241 256 261 269 299 304 327 347 356 358 362 429 451 456 471 477 483 499 515 614 741 
650 20 10 20 40 127 155 164 209 234 275 282 367 406 419 481 498 571 574 651 696 714 
651 30 33 53 102 103 124 184 221 241 251 260 311 318 324 326 336 358 424 507 535 553 587 595 597 599 617 620 647 650 732 735 
652 29 25 55 130 156 223 278 283 290 300 320 362 368 389 394 421 441 443 473 486 512 520 551 565 598 706 708 717 740 749 
653 29 7 72 109 120 178 246 255 263 292 314 324 325 371 396 426 431 470 504 513 515 540 561 562 573 585 619 634 728 735 
654 25 19 84 122 174 277 319 322 363 386 396 411 451 464 490 495 557 616 621 680 685 691 692 718 720 744 
655 28 12 14 57 95 114 166 181 197 233 244 277 294 338 341 370 398 435 438 447 453 466 472 565 629 677 679 712 729 
656 34 8 23 25 79 91 137 151 218 233 244 246 263 264 347 354 410 421 458 462 475 485 495 555 561 563 593 608 631 633 638 659 725 730 732 
657 29 65 90 93 151 175 184 220 240 259 266 269 324 351 362 397 405 465 526 562 606 616 644 667 668 671 683 687 719 732 
658 31 8 11 100 101 152 154 159 190 198 220 231 299 301 316 319 320 331 346 367 388 431 442 486 504 513 521 631 638 641 647 712 
659 28 36 82 87 141 143 152 164 173 206 258 315 332 354 394 407 448 462 494 530 547 548 551 569 608 656 666 689 726 
660 29 40 68 69 79 99 140 165 193 235 255 290 315 375 376 407 535 548 562 583 590 615 617 626 634 702 704 721 723 735 
661 17 19 68 113 151 198 205 209 295 442 461 492 516 553 566 597 736 745 
662 21 122 125 251 299 315 321 346 402 443 505 517 553 555 559 595 603 629 648 735 740 746 
663 26 1 16 98 162 172 182 185 276 277 285 300 311 386 414 417 439 502 507 510 530 551 574 582 589 598 668 
664 23 35 43 70 84 86 158 170 289 299 339 344 350 361 543 582 589 609 626 630 643 646 696 716 
665 31 4 54 85 95 103 131 144 150 152 162 209 211 232 278 320 326 377 387 484 525 532 565 570 575 607 678 689 698 699 712 739 
666 26 35 44 93 113 122 209 222 301 316 384 447 461 484 490 511 517 528 532 594 606 627 659 675 676 679 728 
667 31 5 20 30 70 86 167 192 222 238 271 310 313 355 360 397 437 459 509 510 523 530 542 547 578 595 626 636 638 657 707 712 
668 22 5 38 119 293 306 340 358 447 472 475 505 506 515 544 595 615 638 641 657 663 676 719 
669 34 36 51 86 87 90 98 107 110 129 140 173 211 250 256 269 379 383 421 463 509 515 520 530 540 545 597 623 628 643 685 694 700 712 741 
670 35 53 65 93 138 156 163 178 186 188 227 232 237 257 261 263 278 295 368 378 382 420 478 493 517 536 574 648 676 697 702 719 727 733 736 746 
671 31 35 51 52 143 197 239 240 275 282 287 307 308 326 328 362 382 408 445 447 449 482 504 578 589 608 621 646 648 657 674 728 
672 35 0 7 50 52 57 112 114 142 202 225 231 234 251 252 268 326 350 402 403 455 460 466 467 473 524 552 563 573 603 614 627 644 645 707 736 
673 25 12 29 63 84 87 91 110 137 172 191 200 207 240 260 273 305 310 457 508 561 568 590 620 675 736 
674 32 11 14 24 36 55 61 85 133 183 193 207 289 294 295 306 319 359 394 427 431 454 524 531 572 583 623 671 686 691 727 732 740 
675 27 2 45 51 71 126 129 155 157 163 178 190 230 246 279 327 364 388 406 421 517 548 597 617 621 666 673 706 
676 25 4 16 37 68 107 125 129 189 260 287 347 360 399 446 488 492 506 573 631 666 668 670 718 739 740 
677 31 27 39 48 59 100 102 125 142 156 164 180 195 198 284 302 337 348 366 370 395 408 421 433 524 533 557 566 572 596 622 655 
678 26 36 38 119 152 156 176 180 197 220 254 265 275 331 348 364 395 416 426 441 498 539 547 587 593 648 665 
679 30 106 129 140 166 186 206 230 253 258 284 327 358 375 390 413 425 444 484 521 549 603 616 621 625 632 655 666 684 698 717 
680 26 13 43 53 60 69 115 140 146 147 152 160 164 329 353 354 449 492 517 525 553 574 579 610 654 724 740 
681 29 53 63 99 110 130 133 134 162 188 232 253 260 278 283 286 334 335 444 477 527 528 532 545 586 610 685 686 732 748 
682 25 18 37 97 99 138 170 196 224 245 246 305 339 363 387 403 495 535 542 569 572 601 602 624 703 709 
683 25 11 17 24 54 75 76 106 117 138 176 197 255 369 388 491 494 552 560 561 570 657 715 725 730 742 
684 25 1 9 36 62 88 164 190 226 241 282 317 327 330 379 417 508 518 537 578 579 582 590 625 679 703 
685 30 32 49 67 156 216 240 269 297 316 338 354 363 404 458 468 482 495 508 510 531 561 597 605 609 631 654 669 681 698 707 
686 29 5 15 89 117 156 172 177 197 200 235 236 255 260 288 358 362 394 470 471 472 488 491 510 607 674 681 721 723 732 
687 35 14 16 63 129 158 208 242 246 275 320 336 342 395 415 416 420 429 458 465 472 483 518 527 548 562 591 599 617 657 691 719 723 724 731 746 
688 29 9 10 29 59 78 83 164 167 240 269 295 305 311 377 383 414 440 467 479 509 523 531 563 570 596 624 640 710 734 
689 25 26 27 127 164 172 214 217 274 279 288 313 319 323 404 476 500 507 527 537 540 548 572 659 665 727 
690 30 11 13 54 106 138 150 154 192 237 241 255 270 284 286 297 315 318 356 385 393 435 449 471 482 517 545 573 699 734 744 
691 30 4 13 41 52 79 115 119 129 145 147 153 164 180 229 238 247 270 290 319 467 495 521 556 583 610 618 638 654 674 687 
692 25 9 68 78 100 141 146 175 236 268 275 311 340 348 383 413 415 459 474 480 524 530 567 613 625 654 
693 18 7 20 89 96 106 109 114 178 194 315 361 373 382 445 564 613 614 623 
694 24 44 83 86 102 113 117 176 275 310 374 388 390 402 429 430 472 508 535 580 599 606 641 669 749 
695 14 11 51 57 69 132 133 201 272 333 481 482 503 648 706 
696 23 21 63 109 140 141 143 152 173 272 323 328 333 341 480 531 625 634 647 650 664 711 723 729 
697 35 1 21 26 54 70 136 161 190 197 203 211 219 226 259 264 277 309 314 330 356 420 445 448 461 471 474 494 563 581 586 606 620 647 670 724 
698 25 8 76 125 140 142 164 165 234 301 334 349 406 418 448 451 500 519 536 582 587 591 665 679 685 717 
699 28 41 42 51 55 86 94 96 108 121 138 188 261 268 344 345 449 461 471 488 518 529 542 556 592 596 615 665 690 
700 31 23 43 51 55 59 151 156 169 176 201 211 227 229 242 250 285 310 333 353 381 396 435 442 456 476 536 573 594 669 736 748 
701 15 27 34 75 80 105 124 317 352 360 382 439 560 572 712 714 
702 27 29 51 105 129 317 374 397 403 432 451 452 455 466 480 481 489 497 498 556 560 571 587 588 602 660 670 720 
703 26 0 13 46 144 169 199 214 215 216 248 249 282 357 482 501 568 573 576 583 632 682 684 708 722 735 749 
704 30 17 25 43 80 93 103 109 110 112 133 176 185 237 258 262 312 368 382 407 421 474 496 541 563 574 597 599 624 660 737 
705 35 10 21 48 73 120 121 137 149 169 170 185 212 213 269 273 284 332 357 363 365 369 376 377 386 417 442 458 479 512 520 563 569 579 589 614 
706 32 8 28 36 38 58 63 68 88 110 121 138 162 176 185 211 241 252 288 292 341 439 453 501 502 563 573 598 644 652 675 695 725 
707 25 17 65 144 215 231 233 255 287 289 292 397 441 469 479 570 586 591 610 624 667 672 685 722 733 739 
708 32 14 15 35 47 89 135 145 192 274 275 291 305 321 370 389 398 399 400 450 455 509 537 565 609 621 631 646 652 703 722 724 745 
709 26 16 24 36 99 116 163 176 178 209 216 226 244 246 288 291 296 333 362 444 475 507 508 527 576 620 682 
710 35 6 34 51 52 61 73 107 122 127 142 176 196 219 228 271 282 342 355 382 387 390 426 479 490 502 533 543 570 579 583 593 688 725 738 740 
711 36 1 22 41 62 64 80 110 111 121 194 209 247 255 260 284 332 343 348 370 371 418 420 427 460 466 489 505 531 544 613 617 627 628 696 742 747 
712 32 5 99 173 174 198 221 297 308 311 315 319 330 397 398 409 442 444 462 473 490 531 609 612 619 621 655 658 665 667 669 701 721 
713 27 59 96 141 146 175 219 225 298 308 309 311 316 356 384 387 391 419 429 459 477 520 523 574 591 609 726 736 
714 25 13 18 51 74 95 134 179 226 245 255 265 293 305 309 319 352 392 420 430 528 616 620 630 650 701 
715 26 22 29 40 67 81 85 132 145 183 299 309 311 372 407 411 461 462 479 486 506 526 535 580 612 683 719 
716 23 18 23 37 68 74 76 81 82 84 148 169 209 226 232 411 467 529 557 595 618 622 646 664 
717 21 44 71 82 104 224 246 301 330 406 411 415 416 465 496 501 581 606 652 679 698 747 
718 21 60 67 83 86 111 117 121 123 125 221 357 424 425 502 524 560 563 634 638 654 676 
719 23 25 27 143 173 256 271 275 318 341 442 552 561 576 607 636 637 657 668 670 687 715 722 725 
720 37 25 34 82 95 136 140 193 206 211 241 261 283 304 305 340 343 353 375 378 395 411 413 426 472 473 484 495 552 559 571 591 592 654 702 732 737 745 
721 30 42 50 61 123 165 179 201 217 227 286 307 321 344 385 405 406 440 459 460 474 497 499 513 540 545 582 640 660 686 712 
722 31 52 61 74 117 132 134 155 174 182 191 275 297 309 312 323 361 366 399 446 452 455 460 462 544 568 620 643 703 707 708 719 
723 35 33 44 46 50 97 107 111 141 156 160 223 277 290 329 360 379 407 413 415 444 460 500 504 511 512 542 590 600 623 648 660 686 687 696 738 
724 30 5 46 78 158 193 194 197 236 262 267 281 283 308 319 323 330 346 411 427 495 508 540 584 589 638 680 687 697 708 733 
725 29 12 57 71 136 138 139 177 232 251 310 337 349 365 421 438 464 511 542 547 555 573 586 588 656 683 706 710 719 730 
726 24 28 47 61 71 99 120 159 174 197 200 242 301 318 334 347 381 450 506 576 585 588 640 659 713 
727 34 2 33 62 65 68 84 86 139 165 170 177 192 221 264 276 295 299 318 361 375 386 460 466 506 518 534 575 595 623 670 674 689 737 743 
728 23 24 29 30 60 122 136 138 151 159 196 350 421 452 456 532 543 548 584 634 653 666 671 741 
729 31 4 15 53 112 130 131 156 159 188 249 266 279 323 366 373 396 415 422 432 434 484 524 551 566 600 621 626 630 645 655 696 
730 32 4 48 91 119 124 135 158 179 204 220 226 253 257 265 269 272 287 304 316 336 396 413 491 495 520 534 603 625 656 683 725 740 
731 26 24 28 40 53 69 105 171 199 221 272 295 310 328 332 383 396 449 468 475 477 534 544 560 589 639 687 
732 30 19 154 163 169 209 222 232 277 292 302 388 391 406 407 413 425 427 490 535 537 594 605 613 651 656 657 674 681 686 720 
733 29 20 21 23 34 54 164 165 193 202 302 321 322 358 362 384 453 482 485 501 502 576 578 595 596 636 670 707 724 738 
734 24 37 93 119 129 151 179 199 209 222 285 290 390 414 430 471 498 539 549 552 565 623 626 688 690 
735 32 0 21 48 56 66 71 127 160 184 202 262 314 364 385 407 431 468 482 489 543 544 558 561 570 580 639 651 653 660 662 703 747 
736 32 4 16 30 60 69 104 119 125 145 158 189 192 204 215 229 230 308 380 388 399 427 452 496 562 586 637 661 670 672 673 700 713 
737 29 14 59 75 76 82 98 115 125 144 190 252 257 278 331 332 347 353 404 428 462 545 546 553 588 631 704 720 727 739 
738 37 57 76 83 88 105 114 121 125 127 157 167 205 241 245 276 278 288 303 344 373 376 393 403 450 467 484 517 534 550 563 574 588 622 710 723 733 749 
739 30 12 17 30 62 72 84 123 124 181 212 227 229 290 314 357 435 442 457 460 473 506 512 552 565 623 646 665 676 707 737 
740 32 62 96 97 103 129 182 206 234 279 323 332 333 414 416 420 423 457 460 464 479 532 538 609 631 652 662 674 676 680 710 730 748 
741 23 11 34 94 101 108 127 141 171 178 207 219 386 388 420 434 489 529 539 575 649 669 728 748 
742 27 3 19 30 62 74 91 107 157 173 214 223 297 331 353 395 397 450 460 463 477 501 514 515 539 627 683 711 
743 28 3 39 48 72 76 90 106 116 119 140 153 177 185 221 234 258 295 301 304 312 344 361 425 468 486 606 636 727 
744 29 19 59 65 67 78 82 86 126 138 201 222 333 351 368 370 372 410 430 478 484 493 545 585 595 615 624 637 654 690 
745 21 39 102 144 159 207 218 233 246 308 357 378 457 483 511 544 603 622 628 661 708 720 
746 15 10 14 62 111 119 155 170 327 330 365 514 566 662 670 687 
747 26 56 73 94 113 158 196 246 259 266 301 320 321 345 351 354 418 467 488 498 589 617 629 634 711 717 735 
748 24 58 60 69 72 82 95 110 169 173 193 202 277 286 309 317 367 394 419 458 622 681 700 740 741 
749 25 7 20 63 78 94 105 125 189 232 249 297 302 376 399 467 537 560 616 618 630 636 652 694 703 738 
