800 2237
0 4 81 173 175 707 
1 3 4 387 655 
2 5 73 131 232 466 598 
3 7 220 429 432 459 595 673 707 
4 5 1 89 620 687 694 
5 4 38 440 601 739 
6 4 150 323 439 725 
7 7 56 67 302 586 718 721 792 
8 3 125 202 310 
9 3 385 583 622 
10 5 110 291 386 643 704 
11 9 165 171 423 484 497 573 632 669 737 
12 7 13 141 243 394 504 518 723 
13 8 12 191 297 343 419 473 508 795 
14 9 136 213 223 401 437 564 631 684 797 
15 4 66 190 240 411 
16 5 172 374 420 655 676 
17 5 83 281 486 505 554 
18 4 31 302 604 740 
19 4 98 371 405 610 
20 4 22 44 360 548 
21 7 34 155 225 265 393 628 758 
22 6 20 122 383 399 605 699 
23 7 58 118 137 151 164 470 691 
24 7 110 405 416 540 552 663 669 
25 9 121 157 222 380 541 578 583 654 727 
26 7 133 139 179 461 656 700 722 
27 1 66 
28 5 113 126 192 265 773 
29 9 337 394 398 402 479 503 714 726 747 
30 5 75 500 623 677 707 
31 5 18 44 64 73 616 
32 7 44 184 358 414 452 496 650 
33 4 73 181 618 718 
34 13 21 83 91 252 426 429 449 504 627 727 763 791 794 
35 4 409 537 707 720 
36 7 151 383 416 440 492 606 662 
37 4 38 108 132 200 
38 7 5 37 144 173 659 774 790 
39 3 146 340 798 
40 5 157 280 557 677 754 
41 4 344 363 503 789 
42 5 109 135 420 524 799 
43 5 228 413 464 605 795 
44 9 20 31 32 373 381 408 453 482 487 
45 5 62 198 254 473 779 
46 7 98 290 297 474 571 584 681 
47 6 95 182 228 315 348 620 
48 6 181 411 570 624 698 768 
49 10 121 231 250 299 307 312 317 475 708 755 
50 6 152 380 516 525 724 728 
51 4 179 574 660 737 
52 7 110 113 121 182 341 531 542 
53 5 235 342 482 591 603 
54 10 261 271 409 413 414 430 465 466 559 593 
55 7 120 249 398 524 639 751 792 
56 7 7 91 266 463 484 592 607 
57 5 115 149 190 318 449 
58 7 23 148 167 172 336 520 610 
59 5 277 376 463 533 626 
60 5 114 443 571 587 639 
61 7 107 165 323 379 572 747 795 
62 8 45 228 401 405 496 639 708 713 
63 1 251 
64 7 31 97 242 245 283 299 504 
65 6 122 213 232 442 521 790 
66 13 15 27 98 180 206 216 266 274 281 491 527 543 786 
67 11 7 116 229 251 289 405 443 456 514 676 776 
68 7 143 226 278 330 332 369 637 
69 4 181 182 347 359 
70 3 178 287 614 
71 6 181 447 497 589 695 740 
72 3 317 365 630 
73 8 2 31 33 164 306 362 590 781 
74 6 105 126 310 479 485 747 
75 4 30 176 305 574 
76 4 360 556 608 609 
77 1 168 
78 6 359 360 371 431 614 634 
79 9 370 398 401 402 480 488 550 588 798 
80 2 258 291 
81 5 0 104 131 343 592 
82 3 183 282 761 
83 7 17 34 103 321 438 680 740 
84 3 417 449 791 
85 5 246 292 357 545 654 
86 2 359 588 
87 2 472 780 
88 5 269 270 403 414 642 
89 8 4 145 440 476 523 532 604 623 
90 5 572 585 601 665 700 
91 6 34 56 187 225 430 652 
92 7 175 239 273 301 328 391 393 
93 4 252 296 338 648 
94 7 249 259 342 356 448 556 567 
95 4 47 423 425 560 
96 5 167 458 465 490 524 
97 5 64 247 498 521 605 
98 8 19 46 66 356 381 510 580 705 
99 7 206 388 400 499 604 762 767 
100 6 216 286 393 586 655 794 
101 4 271 378 403 702 
102 3 199 357 474 
103 11 83 116 178 213 238 293 301 321 324 672 793 
104 7 81 173 260 303 307 453 482 
105 5 74 117 242 464 525 
106 7 315 380 521 549 552 698 740 
107 6 61 126 138 605 742 774 
108 7 37 465 517 536 609 650 779 
109 5 42 170 664 734 758 
110 11 10 24 52 190 194 272 341 406 507 716 766 
111 1 264 
112 8 223 232 282 420 573 613 668 783 
113 5 28 52 134 356 578 
114 5 60 324 549 658 796 
115 6 57 301 335 601 664 741 
116 7 67 103 216 248 443 684 739 
117 6 105 502 546 687 737 791 
118 3 23 433 798 
119 6 507 529 560 604 678 790 
120 5 55 329 383 574 787 
121 7 25 49 52 345 424 698 707 
122 4 22 65 166 233 
123 6 150 206 358 467 514 659 
124 2 202 723 
125 6 8 181 220 258 328 748 
126 6 28 74 107 340 354 708 
127 5 132 268 406 427 799 
128 8 153 164 177 230 291 528 634 702 
129 5 169 195 278 455 502 
130 7 147 165 329 334 440 611 738 
131 10 2 81 164 327 454 554 631 648 711 759 
132 6 37 127 141 257 667 771 
133 11 26 156 382 397 405 463 501 569 571 672 763 
134 5 113 191 396 496 780 
135 7 42 265 277 311 431 507 640 
136 5 14 204 247 295 551 
137 6 23 209 258 285 552 605 
138 3 107 265 690 
139 9 26 216 241 283 339 382 409 589 623 
140 4 413 538 596 689 
141 7 12 132 224 259 670 705 757 
142 6 237 346 397 460 587 784 
143 7 68 160 165 177 284 374 588 
144 4 38 224 300 389 
145 6 89 163 179 628 750 793 
146 7 39 178 267 591 594 607 622 
147 2 130 351 
148 6 58 149 171 286 414 455 
149 6 57 148 224 258 481 758 
150 6 6 123 383 549 674 791 
151 8 23 36 160 226 400 410 520 575 
152 8 50 253 287 496 567 606 736 784 
153 4 128 225 456 656 
154 6 224 239 352 518 555 626 
155 5 21 223 615 709 780 
156 4 133 309 680 706 
157 10 25 40 243 496 583 656 696 705 759 795 
158 3 184 411 572 
159 1 260 
160 5 143 151 555 763 767 
161 2 426 558 
162 6 253 262 303 410 661 712 
163 4 145 333 581 606 
164 7 23 73 128 131 227 389 729 
165 10 11 61 130 143 224 243 252 265 417 718 
166 4 122 235 419 440 
167 3 58 96 530 
168 6 77 261 322 354 614 722 
169 6 129 447 448 610 680 743 
170 5 109 307 311 351 704 
171 3 11 148 341 
172 9 16 58 277 286 431 557 601 638 736 
173 8 0 38 104 335 545 564 670 735 
174 7 180 332 393 409 716 747 760 
175 4 0 92 254 265 
176 7 75 375 447 508 525 757 798 
177 7 128 143 233 307 484 622 721 
178 6 70 103 146 408 492 493 
179 9 26 51 145 234 441 571 572 640 692 
180 2 66 174 
181 9 33 48 69 71 125 263 341 401 511 
182 4 47 52 69 265 
183 5 82 320 413 743 799 
184 5 32 158 303 386 717 
185 4 427 430 431 640 
186 6 308 409 465 552 624 675 
187 3 91 296 375 
188 4 197 244 454 631 
189 3 214 478 697 
190 7 15 57 110 444 518 693 787 
191 4 13 134 672 791 
192 6 28 460 566 597 690 769 
193 4 277 387 525 614 
194 3 110 377 520 
195 3 129 534 603 
196 3 265 373 486 
197 3 188 330 512 
198 6 45 231 495 520 610 700 
199 2 102 742 
200 6 37 271 486 495 557 679 
201 7 203 323 343 440 583 771 794 
202 7 8 124 272 377 394 421 777 
203 5 201 211 270 526 645 
204 4 136 214 569 643 
205 6 227 293 496 549 611 637 
206 6 66 99 123 442 642 738 
207 4 569 586 725 758 
208 5 288 378 415 608 734 
209 4 137 499 643 736 
210 3 541 617 737 
211 8 203 221 324 438 504 564 597 662 
212 3 468 511 585 
213 7 14 65 103 363 627 643 662 
214 7 189 204 228 235 446 667 748 
215 6 238 275 471 575 609 675 
216 7 66 100 116 139 227 353 686 
217 4 475 645 714 796 
218 5 289 420 446 564 650 
219 5 335 364 605 610 620 
220 7 3 125 301 333 500 534 633 
221 3 211 253 386 
222 4 25 349 424 709 
223 3 14 112 155 
224 6 141 144 149 154 165 778 
225 8 21 91 153 273 326 349 413 656 
226 6 68 151 268 342 441 474 
227 6 164 205 216 292 327 708 
228 8 43 47 62 214 333 395 452 797 
229 8 67 409 434 473 477 532 627 670 
230 4 128 288 401 771 
231 5 49 198 299 344 646 
232 3 2 65 112 
233 4 122 177 254 277 
234 6 179 362 416 469 538 623 
235 8 53 166 214 330 446 504 639 645 
236 5 321 482 683 693 705 
237 5 142 273 386 659 717 
238 3 103 215 405 
239 4 92 154 625 765 
240 3 15 462 598 
241 5 139 369 485 720 785 
242 9 64 105 280 434 490 591 621 622 643 
243 5 12 157 165 288 758 
244 5 188 249 463 766 793 
245 7 64 327 330 381 408 498 516 
246 2 85 367 
247 5 97 136 591 602 764 
248 5 116 349 416 495 660 
249 8 55 94 244 304 479 605 688 770 
250 2 49 378 
251 10 63 67 282 300 321 333 512 527 637 750 
252 6 34 93 165 358 462 469 
253 8 152 162 221 262 264 386 627 687 
254 7 45 175 233 270 272 572 595 
255 8 271 388 425 590 650 745 767 774 
256 3 496 507 720 
257 3 132 362 792 
258 9 80 125 137 149 298 299 481 591 669 
259 4 94 141 391 643 
260 7 104 159 449 450 506 583 779 
261 3 54 168 553 
262 6 162 253 393 469 578 693 
263 1 181 
264 5 111 253 359 397 611 
265 8 21 28 135 138 165 175 182 196 
266 4 56 66 331 454 
267 2 146 309 
268 4 127 226 298 592 
269 3 88 735 749 
270 6 88 203 254 382 414 513 
271 7 54 101 200 255 447 450 586 
272 12 110 202 254 323 425 455 495 541 561 656 660 717 
273 7 92 225 237 365 568 590 635 
274 4 66 294 295 514 
275 2 215 525 
276 8 291 521 603 693 707 724 757 776 
277 9 59 135 172 193 233 291 407 568 679 
278 4 68 129 553 731 
279 2 629 718 
280 5 40 242 448 606 632 
281 11 17 66 374 404 463 498 516 690 691 698 793 
282 4 82 112 251 498 
283 4 64 139 433 709 
284 3 143 357 536 
285 4 137 322 351 708 
286 7 100 148 172 405 430 555 700 
287 5 70 152 375 545 598 
288 7 208 230 243 341 503 532 698 
289 5 67 218 684 714 757 
290 9 46 383 401 426 486 557 664 753 758 
291 8 10 80 128 276 277 299 402 757 
292 7 85 227 471 622 644 712 792 
293 4 103 205 385 575 
294 7 274 473 614 699 748 760 793 
295 4 136 274 473 727 
296 7 93 187 379 394 399 432 722 
297 3 13 46 545 
298 9 258 268 371 458 582 591 652 665 763 
299 8 49 64 231 258 291 305 396 723 
300 4 144 251 314 510 
301 7 92 103 115 220 599 738 786 
302 8 7 18 317 320 404 474 485 668 
303 6 104 162 184 459 543 643 
304 6 249 499 539 544 561 582 
305 5 75 299 517 593 594 
306 3 73 681 730 
307 9 49 104 170 177 564 604 614 713 717 
308 5 186 373 455 494 796 
309 9 156 267 357 369 400 405 416 506 732 
310 5 8 74 388 576 665 
311 6 135 170 331 377 411 649 
312 3 49 714 723 
313 7 507 626 644 673 701 704 744 
314 2 300 713 
315 7 47 106 398 442 682 732 787 
316 4 586 590 631 724 
317 5 49 72 302 509 656 
318 5 57 349 470 517 676 
319 3 461 551 798 
320 5 183 302 533 588 622 
321 7 83 103 236 251 488 580 657 
322 4 168 285 656 703 
323 8 6 61 201 272 400 444 579 702 
324 9 103 114 211 384 541 586 681 793 795 
325 4 427 589 646 693 
326 8 225 337 461 497 536 582 607 716 
327 11 131 227 245 396 411 417 486 509 618 642 648 
328 5 92 125 475 550 647 
329 6 120 130 356 441 722 751 
330 10 68 197 235 245 362 450 652 686 718 794 
331 6 266 311 440 479 671 793 
332 8 68 174 345 559 586 605 610 720 
333 5 163 220 228 251 384 
334 4 130 337 451 575 
335 6 115 173 219 350 583 588 
336 3 58 518 713 
337 7 29 326 334 342 602 633 655 
338 2 93 779 
339 6 139 379 435 473 626 681 
340 5 39 126 437 485 769 
341 7 52 110 171 181 288 559 685 
342 7 53 94 226 337 372 436 740 
343 4 13 81 201 799 
344 2 41 231 
345 6 121 332 472 611 614 708 
346 7 142 351 454 508 675 693 725 
347 4 69 377 450 734 
348 3 47 552 564 
349 6 222 225 248 318 435 763 
350 4 335 476 538 550 
351 7 147 170 285 346 512 725 779 
352 5 154 430 463 481 694 
353 2 216 704 
354 8 126 168 355 360 372 452 679 739 
355 3 354 462 672 
356 10 94 98 113 329 368 395 624 749 764 782 
357 6 85 102 284 309 655 796 
358 4 32 123 252 631 
359 6 69 78 86 264 392 658 
360 7 20 76 78 354 509 544 588 
361 5 445 471 487 631 752 
362 10 73 234 257 330 433 454 563 595 654 677 
363 2 41 213 
364 4 219 457 520 537 
365 5 72 273 476 648 797 
366 6 527 542 579 615 647 678 
367 8 246 390 412 456 591 620 778 779 
368 3 356 484 686 
369 5 68 241 309 588 669 
370 3 79 671 736 
371 6 19 78 298 592 685 761 
372 3 342 354 467 
373 6 44 196 308 458 683 722 
374 7 16 143 281 465 698 719 725 
375 5 176 187 287 523 763 
376 6 59 397 575 591 599 695 
377 7 194 202 311 347 574 581 678 
378 4 101 208 250 400 
379 8 61 296 339 383 484 605 624 734 
380 4 25 50 106 536 
381 6 44 98 245 635 750 754 
382 4 133 139 270 620 
383 10 22 36 120 150 290 379 403 483 537 733 
384 6 324 333 486 514 546 595 
385 2 9 293 
386 8 10 184 221 237 253 439 562 799 
387 7 1 193 446 540 591 613 709 
388 6 99 255 310 585 615 753 
389 6 144 164 547 617 761 777 
390 7 367 421 486 490 499 598 798 
391 5 92 259 450 607 711 
392 7 359 488 511 568 570 751 756 
393 7 21 92 100 174 262 429 774 
394 6 12 29 202 296 695 697 
395 4 228 356 406 760 
396 7 134 299 327 422 549 659 755 
397 11 133 142 264 376 433 451 459 563 609 638 752 
398 4 29 55 79 315 
399 5 22 296 525 593 672 
400 7 99 151 309 323 378 473 605 
401 8 14 62 79 181 230 290 469 571 
402 5 29 79 291 525 771 
403 4 88 101 383 753 
404 6 281 302 487 530 568 666 
405 11 19 24 62 67 133 238 286 309 564 661 714 
406 6 110 127 395 438 725 775 
407 3 277 782 795 
408 11 44 178 245 420 473 586 587 621 649 652 742 
409 9 35 54 139 174 186 229 456 559 594 
410 3 151 162 492 
411 6 15 48 158 311 327 732 
412 2 367 419 
413 7 43 54 140 183 225 694 747 
414 7 32 54 88 148 270 426 487 
415 7 208 642 652 725 769 771 797 
416 8 24 36 234 248 309 440 657 749 
417 5 84 165 327 429 750 
418 4 443 645 687 718 
419 6 13 166 412 496 592 647 
420 9 16 42 112 218 408 544 583 585 599 
421 4 202 390 637 775 
422 2 396 652 
423 5 11 95 568 619 707 
424 5 121 222 563 597 600 
425 10 95 255 272 457 512 609 631 671 779 799 
426 9 34 161 290 414 440 493 576 606 795 
427 7 127 185 325 479 649 652 719 
428 4 604 616 746 798 
429 4 3 34 393 417 
430 9 54 91 185 286 352 471 651 681 791 
431 6 78 135 172 185 591 616 
432 6 3 296 477 508 551 658 
433 6 118 283 362 397 670 797 
434 3 229 242 771 
435 4 339 349 447 475 
436 5 342 549 648 671 754 
437 4 14 340 576 655 
438 3 83 211 406 
439 4 6 386 643 696 
440 11 5 36 89 130 166 201 331 416 426 542 558 
441 5 179 226 329 626 795 
442 6 65 206 315 525 650 754 
443 6 60 67 116 418 572 587 
444 5 190 323 462 537 784 
445 5 361 477 591 632 793 
446 4 214 218 235 387 
447 10 71 169 176 271 435 559 644 651 681 730 
448 5 94 169 280 594 771 
449 4 34 57 84 260 
450 9 260 271 330 347 391 592 626 700 722 
451 6 334 397 532 561 586 683 
452 4 32 228 354 485 
453 7 44 104 506 519 632 669 699 
454 7 131 188 266 346 362 500 728 
455 8 129 148 272 308 472 572 696 792 
456 7 67 153 367 409 469 493 736 
457 5 364 425 651 674 731 
458 4 96 298 373 717 
459 7 3 303 397 601 621 655 775 
460 2 142 192 
461 6 26 319 326 498 646 664 
462 6 240 252 355 444 508 580 
463 9 56 59 133 244 281 352 523 678 794 
464 2 43 105 
465 9 54 96 108 186 374 494 585 687 720 
466 4 2 54 709 750 
467 6 123 372 496 563 653 689 
468 3 212 627 633 
469 9 234 252 262 401 456 741 745 758 763 
470 3 23 318 544 
471 6 215 292 361 430 557 636 
472 9 87 345 455 496 566 609 668 708 785 
473 9 13 45 229 294 295 339 400 408 655 
474 6 46 102 226 302 728 787 
475 6 49 217 328 435 597 729 
476 5 89 350 365 635 644 
477 4 229 432 445 599 
478 2 189 591 
479 8 29 74 249 331 427 485 524 641 
480 2 79 648 
481 7 149 258 352 571 587 667 759 
482 6 44 53 104 236 658 782 
483 1 383 
484 7 11 56 177 368 379 585 781 
485 8 74 241 302 340 452 479 587 708 
486 8 17 196 200 290 327 384 390 553 
487 6 44 361 404 414 509 688 
488 5 79 321 392 625 774 
489 3 545 655 665 
490 3 96 242 390 
491 4 66 497 558 673 
492 5 36 178 410 656 668 
493 7 178 426 456 681 700 706 799 
494 5 308 465 580 647 698 
495 6 198 200 248 272 577 701 
496 13 32 62 134 152 157 205 256 419 467 472 564 707 763 
497 4 11 71 326 491 
498 8 97 245 281 282 461 583 741 766 
499 5 99 209 304 390 681 
500 3 30 220 454 
501 5 133 626 646 686 799 
502 4 117 129 537 775 
503 6 29 41 288 675 716 781 
504 5 12 34 64 211 235 
505 4 17 508 621 661 
506 7 260 309 453 597 667 679 762 
507 7 110 119 135 256 313 758 763 
508 6 13 176 346 432 462 505 
509 6 317 327 360 487 569 716 
510 5 98 300 550 606 757 
511 6 181 212 392 692 783 797 
512 4 197 251 351 425 
513 2 270 574 
514 8 67 123 274 384 529 591 649 712 
515 2 618 786 
516 6 50 245 281 650 759 779 
517 7 108 305 318 599 669 778 791 
518 5 12 154 190 336 534 
519 1 453 
520 8 58 151 194 198 364 525 624 797 
521 6 65 97 106 276 542 667 
522 0 
523 6 89 375 463 606 620 763 
524 6 42 55 96 479 580 752 
525 12 50 105 176 193 275 399 402 442 520 547 749 764 
526 5 203 539 649 745 759 
527 5 66 251 366 574 613 
528 3 128 643 789 
529 4 119 514 661 758 
530 5 167 404 678 724 771 
531 2 52 687 
532 5 89 229 288 451 634 
533 3 59 320 659 
534 3 195 220 518 
535 1 577 
536 6 108 284 326 380 590 600 
537 8 35 364 383 444 502 575 731 793 
538 5 140 234 350 740 757 
539 3 304 526 778 
540 5 24 387 701 784 794 
541 6 25 210 272 324 575 721 
542 6 52 366 440 521 625 637 
543 2 66 303 
544 7 304 360 420 470 573 579 743 
545 6 85 173 287 297 489 601 
546 3 117 384 709 
547 3 389 525 761 
548 3 20 597 655 
549 8 106 114 150 205 396 436 759 771 
550 7 79 328 350 510 610 717 743 
551 5 136 319 432 638 743 
552 7 24 106 137 186 348 567 762 
553 5 261 278 486 680 772 
554 2 17 131 
555 4 154 160 286 606 
556 2 76 94 
557 8 40 172 200 290 471 594 613 671 
558 5 161 440 491 582 782 
559 6 54 332 341 409 447 744 
560 3 95 119 756 
561 4 272 304 451 578 
562 2 386 696 
563 7 362 397 424 467 627 740 796 
564 8 14 173 211 218 307 348 405 496 
565 2 638 696 
566 6 192 472 574 629 692 734 
567 5 94 152 552 578 619 
568 7 273 277 392 404 423 612 739 
569 6 133 204 207 509 649 745 
570 4 48 392 657 753 
571 7 46 60 133 179 401 481 610 
572 11 61 90 158 179 254 443 455 625 668 755 756 
573 5 11 112 544 587 714 
574 7 51 75 120 377 513 527 566 
575 9 151 215 293 334 376 537 541 634 642 
576 5 310 426 437 702 711 
577 2 495 535 
578 7 25 113 262 561 567 607 799 
579 4 323 366 544 735 
580 5 98 321 462 494 524 
581 4 163 377 619 759 
582 5 298 304 326 558 749 
583 11 9 25 157 201 260 335 420 498 706 732 743 
584 2 46 677 
585 7 90 212 388 420 465 484 605 
586 10 7 100 207 271 316 324 332 408 451 734 
587 8 60 142 408 443 481 485 573 699 
588 10 79 86 143 320 335 360 369 607 642 784 
589 4 71 139 325 636 
590 6 73 255 273 316 536 660 
591 13 53 146 242 247 258 298 367 376 387 431 445 478 514 
592 7 56 81 268 371 419 450 699 
593 5 54 305 399 721 768 
594 5 146 305 409 448 557 
595 4 3 254 362 384 
596 2 140 776 
597 7 192 211 424 475 506 548 759 
598 4 2 240 287 390 
599 7 301 376 420 477 517 628 641 
600 4 424 536 646 663 
601 6 5 90 115 172 459 545 
602 4 247 337 684 723 
603 4 53 195 276 791 
604 8 18 89 99 119 307 428 708 739 
605 13 22 43 97 107 137 219 249 332 379 400 585 654 721 
606 9 36 152 163 280 426 510 523 555 709 
607 8 56 146 326 391 578 588 621 768 
608 4 76 208 764 797 
609 7 76 108 215 397 425 472 649 
610 9 19 58 169 198 219 332 550 571 685 
611 6 130 205 264 345 667 799 
612 1 568 
613 5 112 387 527 557 765 
614 8 70 78 168 193 294 307 345 629 
615 5 155 366 388 681 763 
616 3 31 428 431 
617 2 210 389 
618 4 33 327 515 649 
619 5 423 567 581 682 794 
620 8 4 47 219 367 382 523 668 737 
621 8 242 408 459 505 607 643 660 777 
622 8 9 146 177 242 292 320 691 737 
623 6 30 89 139 234 766 783 
624 10 48 186 356 379 520 643 653 668 685 733 
625 5 239 488 542 572 669 
626 8 59 154 313 339 441 450 501 633 
627 8 34 213 229 253 468 563 658 772 
628 3 21 145 599 
629 4 279 566 614 725 
630 5 72 675 768 780 784 
631 7 14 131 188 316 358 361 425 
632 5 11 280 445 453 726 
633 5 220 337 468 626 702 
634 4 78 128 532 575 
635 3 273 381 476 
636 3 471 589 695 
637 6 68 205 251 421 542 794 
638 4 172 397 551 565 
639 4 55 60 62 235 
640 6 135 179 185 714 750 791 
641 4 479 599 710 723 
642 6 88 206 327 415 575 588 
643 13 10 204 209 213 242 259 303 439 528 621 624 688 743 
644 4 292 313 447 476 
645 6 203 217 235 418 673 765 
646 5 231 325 461 501 600 
647 5 328 366 419 494 665 
648 6 93 131 327 365 436 480 
649 8 311 408 427 514 526 569 609 618 
650 6 32 108 218 255 442 516 
651 6 430 447 457 706 740 785 
652 8 91 298 330 408 415 422 427 790 
653 3 467 624 706 
654 4 25 85 362 605 
655 11 1 16 100 337 357 437 459 473 489 548 679 
656 8 26 153 157 225 272 317 322 492 
657 4 321 416 570 664 
658 5 114 359 432 482 627 
659 6 38 123 237 396 533 692 
660 6 51 248 272 590 621 751 
661 6 162 405 505 529 714 786 
662 3 36 211 213 
663 2 24 600 
664 6 109 115 290 461 657 757 
665 5 90 298 310 489 647 
666 2 404 740 
667 7 132 214 481 506 521 611 752 
668 8 112 302 472 492 572 620 624 704 
669 7 11 24 258 369 453 517 625 
670 5 141 173 229 433 790 
671 7 331 370 425 436 557 719 743 
672 6 103 133 191 355 399 738 
673 4 3 313 491 645 
674 2 150 457 
675 6 186 215 346 503 630 786 
676 3 16 67 318 
677 6 30 40 362 584 717 791 
678 5 119 366 377 463 530 
679 6 200 277 354 506 655 767 
680 5 83 156 169 553 725 
681 11 46 306 324 339 430 447 493 499 615 742 782 
682 3 315 619 779 
683 3 236 373 451 
684 6 14 116 289 602 689 762 
685 4 341 371 610 624 
686 5 216 330 368 501 741 
687 7 4 117 253 418 465 531 775 
688 5 249 487 643 775 787 
689 4 140 467 684 718 
690 3 138 192 281 
691 3 23 281 622 
692 5 179 511 566 659 738 
693 7 190 236 262 276 325 346 781 
694 4 4 352 413 744 
695 4 71 376 394 636 
696 7 157 439 455 562 565 720 754 
697 3 189 394 732 
698 8 48 106 121 281 288 374 494 734 
699 7 22 294 453 587 592 705 795 
700 6 26 90 198 286 450 493 
701 4 313 495 540 793 
702 5 101 128 323 576 633 
703 1 322 
704 5 10 170 313 353 668 
705 5 98 141 157 236 699 
706 6 156 493 583 651 653 778 
707 9 0 3 30 35 121 276 423 496 760 
708 9 49 62 126 227 285 345 472 485 604 
709 7 155 222 283 387 466 546 606 
710 2 641 757 
711 3 131 391 576 
712 3 162 292 514 
713 5 62 307 314 336 756 
714 9 29 217 289 312 405 573 640 661 734 
715 1 769 
716 7 110 174 326 503 509 771 789 
717 9 184 237 272 307 458 550 677 718 746 
718 9 7 33 165 279 330 418 689 717 781 
719 3 374 427 671 
720 6 35 241 256 332 465 696 
721 5 7 177 541 593 605 
722 6 26 168 296 329 373 450 
723 6 12 124 299 312 602 641 
724 5 50 276 316 530 777 
725 9 6 207 346 351 374 406 415 629 680 
726 2 29 632 
727 4 25 34 295 788 
728 4 50 454 474 763 
729 2 164 475 
730 2 306 447 
731 3 278 457 537 
732 6 309 315 411 583 697 799 
733 2 383 624 
734 8 109 208 347 379 566 586 698 714 
735 3 173 269 579 
736 5 152 172 209 370 456 
737 6 11 51 117 210 620 622 
738 5 130 206 301 672 692 
739 5 5 116 354 568 604 
740 9 18 71 83 106 342 538 563 651 666 
741 5 115 469 498 686 748 
742 4 107 199 408 681 
743 9 169 183 544 550 551 583 643 671 754 
744 3 313 559 694 
745 4 255 469 526 569 
746 2 428 717 
747 5 29 61 74 174 413 
748 5 125 214 294 741 750 
749 6 269 356 416 525 582 794 
750 7 145 251 381 417 466 640 748 
751 5 55 329 392 660 755 
752 4 361 397 524 667 
753 5 290 388 403 570 793 
754 6 40 381 436 442 696 743 
755 5 49 396 572 751 789 
756 4 392 560 572 713 
757 9 141 176 276 289 291 510 538 664 710 
758 9 21 109 149 207 243 290 469 507 529 
759 9 131 157 481 516 526 549 581 597 761 
760 4 174 294 395 707 
761 5 82 371 389 547 759 
762 4 99 506 552 684 
763 12 34 133 160 298 349 375 469 496 507 523 615 728 
764 4 247 356 525 608 
765 3 239 613 645 
766 4 110 244 498 623 
767 6 99 160 255 679 779 789 
768 4 48 593 607 630 
769 4 192 340 415 715 
770 1 249 
771 10 132 201 230 402 415 434 448 530 549 716 
772 2 553 627 
773 1 28 
774 6 38 107 255 393 488 793 
775 6 406 421 459 502 687 688 
776 3 67 276 596 
777 4 202 389 621 724 
778 5 224 367 517 539 706 
779 10 45 108 260 338 351 367 425 516 682 767 
780 4 87 134 155 630 
781 5 73 484 503 693 718 
782 5 356 407 482 558 681 
783 3 112 511 623 
784 6 142 152 444 540 588 630 
785 3 241 472 651 
786 5 66 301 515 661 675 
787 5 120 190 315 474 688 
788 1 727 
789 5 41 528 716 755 767 
790 7 38 65 119 652 670 792 799 
791 11 34 84 117 150 191 430 517 603 640 677 792 
792 7 7 55 257 292 455 790 791 
793 12 103 145 244 281 294 324 331 445 537 701 753 774 
794 9 34 100 201 330 463 540 619 637 749 
795 9 13 43 61 157 324 407 426 441 699 
796 5 114 217 308 357 563 
797 9 14 228 365 415 433 511 520 608 798 
798 8 39 79 118 176 319 390 428 797 
799 12 42 127 183 343 386 425 493 501 578 611 732 790 
