800 2889
0 4 81 173 175 707 
1 5 4 247 387 655 789 
2 6 19 73 131 232 466 598 
3 12 38 220 231 402 429 432 459 475 579 595 673 707 
4 6 1 47 89 620 687 694 
5 4 38 440 601 739 
6 5 150 323 394 439 725 
7 13 56 67 243 302 376 454 481 586 717 718 721 790 792 
8 4 125 202 310 729 
9 3 385 583 622 
10 7 110 291 386 643 674 695 704 
11 10 17 165 171 423 484 497 573 632 669 737 
12 7 13 141 243 394 504 518 723 
13 12 12 149 191 265 297 343 419 473 501 508 588 795 
14 12 136 213 223 257 307 351 401 437 564 631 684 797 
15 7 66 121 190 240 256 382 411 
16 10 34 73 172 198 310 374 420 597 655 676 
17 7 11 83 208 281 486 505 554 
18 5 31 302 557 604 740 
19 6 2 98 253 371 405 610 
20 4 22 44 360 548 
21 7 34 155 225 265 393 628 758 
22 10 20 38 122 251 383 399 559 605 620 699 
23 7 58 118 137 151 164 470 691 
24 8 110 176 405 416 540 552 663 669 
25 11 121 157 222 380 443 541 578 583 654 721 727 
26 8 133 139 179 264 461 656 700 722 
27 3 66 82 446 
28 8 76 88 113 126 192 265 314 773 
29 9 337 394 398 402 479 503 714 726 747 
30 6 75 143 500 623 677 707 
31 6 18 44 64 73 374 616 
32 7 44 184 358 414 452 496 650 
33 4 73 181 618 718 
34 14 16 21 83 91 252 426 429 449 504 627 727 763 791 794 
35 4 409 537 707 720 
36 8 72 151 383 416 440 492 606 662 
37 6 38 108 132 200 365 668 
38 12 3 5 22 37 144 173 226 295 469 659 774 790 
39 3 146 340 798 
40 6 157 280 434 557 677 754 
41 7 191 344 363 503 746 755 789 
42 6 109 135 367 420 524 799 
43 8 192 204 228 370 413 464 605 795 
44 11 20 31 32 373 381 408 429 453 482 487 497 
45 5 62 198 254 473 779 
46 10 98 180 287 290 297 474 525 571 584 681 
47 9 4 95 141 182 228 315 348 590 620 
48 8 137 181 411 570 624 656 698 768 
49 10 121 231 250 299 307 312 317 475 708 755 
50 7 152 380 516 525 547 724 728 
51 7 93 179 346 423 574 660 737 
52 9 77 110 113 121 182 341 459 531 542 
53 7 235 342 375 482 551 591 603 
54 13 82 261 271 398 409 413 414 430 465 466 473 559 593 
55 8 120 147 249 398 524 639 751 792 
56 12 7 91 214 229 230 266 463 484 592 607 714 755 
57 6 115 149 190 318 449 471 
58 10 23 101 148 167 172 281 336 438 520 610 
59 7 60 277 293 376 463 533 626 
60 7 59 114 443 571 587 639 786 
61 8 107 165 323 379 481 572 747 795 
62 9 45 228 359 401 405 496 639 708 713 
63 4 251 315 774 779 
64 9 31 97 200 242 245 283 299 504 666 
65 6 122 213 232 442 521 790 
66 17 15 27 98 180 206 216 266 274 281 491 527 528 543 558 648 753 786 
67 11 7 116 229 251 289 405 443 456 514 676 776 
68 8 143 226 278 330 332 369 637 704 
69 5 181 182 347 359 522 
70 5 178 287 595 614 795 
71 8 181 358 447 497 589 695 726 740 
72 5 36 317 365 452 630 
73 10 2 16 31 33 164 306 362 366 590 781 
74 7 105 126 127 310 479 485 747 
75 4 30 176 305 574 
76 7 28 266 360 427 556 608 609 
77 5 52 150 168 534 641 
78 6 359 360 371 431 614 634 
79 11 370 398 401 402 480 483 488 507 550 588 798 
80 3 258 291 569 
81 8 0 104 131 343 381 592 721 731 
82 6 27 54 183 282 359 761 
83 9 17 34 103 321 437 438 563 680 740 
84 3 417 449 791 
85 5 246 292 357 545 654 
86 3 359 564 588 
87 3 464 472 780 
88 8 28 230 269 270 403 414 494 642 
89 9 4 145 270 440 476 523 532 604 623 
90 8 381 400 486 572 585 601 665 700 
91 6 34 56 187 225 430 652 
92 7 175 239 273 301 328 391 393 
93 7 51 161 232 252 296 338 648 
94 10 249 259 342 356 398 448 556 567 580 686 
95 4 47 423 425 560 
96 5 167 458 465 490 524 
97 7 64 118 247 498 521 605 726 
98 10 19 46 66 312 356 381 510 580 705 748 
99 8 206 268 388 400 499 604 762 767 
100 7 216 286 393 552 586 655 794 
101 8 58 271 378 403 426 488 534 702 
102 4 199 357 474 563 
103 11 83 116 178 213 238 293 301 321 324 672 793 
104 9 81 173 260 303 307 450 453 482 751 
105 9 74 117 133 242 274 351 464 525 601 
106 7 315 380 521 549 552 698 740 
107 8 61 126 138 341 603 605 742 774 
108 9 37 139 465 487 517 536 609 650 779 
109 5 42 170 664 734 758 
110 15 10 24 52 190 194 272 341 406 418 451 507 604 716 766 773 
111 3 210 264 474 
112 9 223 232 282 420 573 613 668 783 785 
113 5 28 52 134 356 578 
114 5 60 324 549 658 796 
115 7 57 301 335 385 601 664 741 
116 7 67 103 216 248 443 684 739 
117 7 105 502 546 641 687 737 791 
118 5 23 97 433 728 798 
119 7 269 507 529 560 604 678 790 
120 6 55 329 383 574 712 787 
121 9 15 25 49 52 345 424 661 698 707 
122 7 22 65 166 226 233 483 653 
123 8 150 206 358 403 467 514 575 659 
124 6 202 275 337 355 394 723 
125 8 8 181 182 220 258 328 407 748 
126 8 28 74 107 258 340 354 708 766 
127 8 74 132 268 406 427 498 569 799 
128 9 153 164 177 230 291 475 528 634 702 
129 11 169 195 278 307 445 455 470 502 568 572 628 
130 9 147 165 243 329 334 440 611 666 738 
131 11 2 81 164 327 454 554 585 631 648 711 759 
132 7 37 127 141 257 479 667 771 
133 15 26 105 156 255 382 397 405 463 501 509 569 571 672 751 763 
134 9 113 191 228 324 396 496 528 565 780 
135 9 42 265 277 311 431 507 567 638 640 
136 7 14 204 247 295 302 551 785 
137 7 23 48 209 258 285 552 605 
138 3 107 265 690 
139 12 26 108 216 241 283 328 339 382 409 552 589 623 
140 7 189 413 538 581 596 689 788 
141 9 12 47 132 224 259 315 670 705 757 
142 10 164 177 208 237 346 397 460 479 587 784 
143 9 30 68 160 165 177 284 374 588 717 
144 5 38 224 300 389 472 
145 6 89 163 179 628 750 793 
146 8 39 149 178 267 591 594 607 622 
147 7 55 130 301 351 427 639 681 
148 7 58 149 171 286 414 455 472 
149 11 13 57 146 148 224 256 258 300 344 481 758 
150 7 6 77 123 383 549 674 791 
151 10 23 36 160 226 396 400 410 520 575 739 
152 9 50 253 287 496 509 567 606 736 784 
153 7 128 225 456 529 544 656 758 
154 7 216 224 239 352 518 555 626 
155 7 21 223 386 460 615 709 780 
156 6 133 257 309 680 706 779 
157 10 25 40 243 496 583 656 696 705 759 795 
158 5 184 323 411 572 703 
159 3 260 623 764 
160 6 143 151 555 598 763 767 
161 3 93 426 558 
162 8 253 262 303 410 459 661 678 712 
163 4 145 333 581 606 
164 8 23 73 128 131 142 227 389 729 
165 11 11 61 130 143 224 243 252 255 265 417 718 
166 4 122 235 419 440 
167 6 58 96 329 435 530 604 
168 6 77 261 322 354 614 722 
169 6 129 447 448 610 680 743 
170 7 109 307 311 351 553 684 704 
171 4 11 148 341 786 
172 9 16 58 277 286 431 557 601 638 736 
173 9 0 38 104 335 545 564 670 735 767 
174 7 180 332 393 409 716 747 760 
175 5 0 92 254 265 668 
176 11 24 75 375 427 447 508 525 660 757 788 798 
177 10 128 142 143 178 233 272 307 484 622 721 
178 8 70 103 146 177 408 492 493 651 
179 9 26 51 145 234 441 571 572 640 692 
180 3 46 66 174 
181 10 33 48 69 71 125 263 341 401 411 511 
182 6 47 52 69 125 265 451 
183 6 82 320 332 413 743 799 
184 5 32 158 303 386 717 
185 4 427 430 431 640 
186 7 308 409 465 536 552 624 675 
187 4 91 296 375 687 
188 4 197 244 454 631 
189 4 140 214 478 697 
190 8 15 57 110 444 518 693 778 787 
191 6 13 41 134 554 672 791 
192 9 28 43 460 553 566 597 690 768 769 
193 6 243 277 387 525 614 742 
194 5 110 257 377 457 520 
195 4 129 476 534 603 
196 3 265 373 486 
197 3 188 330 512 
198 7 16 45 231 495 520 610 700 
199 2 102 742 
200 9 37 64 271 348 442 486 495 557 679 
201 10 203 323 343 440 558 583 612 771 778 794 
202 8 8 124 272 377 394 421 574 777 
203 6 201 211 246 270 526 645 
204 8 43 136 214 510 551 569 589 643 
205 7 227 293 404 496 549 611 637 
206 10 66 99 123 359 442 530 642 705 738 795 
207 5 569 586 725 733 758 
208 8 17 142 288 378 415 602 608 734 
209 6 137 257 327 499 643 736 
210 5 111 461 541 617 737 
211 11 203 221 294 310 324 438 469 504 564 597 662 
212 4 468 511 585 762 
213 8 14 65 103 363 406 627 643 662 
214 8 56 189 204 228 235 446 667 748 
215 9 238 275 471 500 575 609 671 675 793 
216 8 66 100 116 139 154 227 353 686 
217 4 475 645 714 796 
218 5 289 420 446 564 650 
219 7 226 335 356 364 605 610 620 
220 9 3 125 245 301 333 500 529 534 633 
221 3 211 253 386 
222 5 25 349 398 424 709 
223 4 14 112 155 583 
224 9 141 144 149 154 165 243 514 624 778 
225 9 21 91 153 273 326 349 361 413 656 
226 9 38 68 122 151 219 268 342 441 474 
227 6 164 205 216 292 327 708 
228 10 43 47 62 134 214 333 390 395 452 797 
229 11 56 67 267 409 434 473 477 532 627 670 706 
230 7 56 88 128 288 401 582 771 
231 9 3 49 198 299 344 450 646 728 775 
232 5 2 65 93 112 465 
233 5 122 177 254 277 408 
234 9 179 362 374 416 469 504 538 623 629 
235 9 53 166 214 330 446 447 504 639 645 
236 8 310 321 482 605 683 685 693 705 
237 5 142 273 386 659 717 
238 6 103 215 405 424 682 777 
239 5 92 154 424 625 765 
240 4 15 252 462 598 
241 6 139 369 466 485 720 785 
242 11 64 105 280 434 490 534 591 621 622 643 743 
243 10 7 12 130 157 165 193 224 288 516 758 
244 5 188 249 463 766 793 
245 9 64 220 327 330 381 408 498 516 780 
246 4 85 203 324 367 
247 8 1 97 136 584 591 602 712 764 
248 6 116 326 349 416 495 660 
249 9 55 94 244 304 479 494 605 688 770 
250 4 49 378 581 706 
251 11 22 63 67 282 300 321 333 512 527 637 750 
252 10 34 93 165 240 358 365 462 469 523 570 
253 11 19 152 162 221 262 264 295 386 442 627 687 
254 7 45 175 233 270 272 572 595 
255 13 133 165 271 388 393 425 590 650 653 674 745 767 774 
256 5 15 149 496 507 720 
257 8 14 132 156 194 209 362 385 792 
258 10 80 125 126 137 149 298 299 481 591 669 
259 4 94 141 391 643 
260 8 104 159 337 449 450 506 583 779 
261 4 54 168 553 746 
262 7 162 253 393 469 578 618 693 
263 3 181 524 647 
264 8 26 111 253 359 397 607 611 789 
265 9 13 21 28 135 138 165 175 182 196 
266 5 56 66 76 331 454 
267 5 146 229 309 317 707 
268 5 99 127 226 298 592 
269 5 88 119 735 749 751 
270 10 88 89 203 254 284 382 414 494 513 653 
271 8 54 101 200 255 447 450 546 586 
272 13 110 177 202 254 323 425 455 495 541 561 656 660 717 
273 7 92 225 237 365 568 590 635 
274 6 66 105 294 295 497 514 
275 4 124 215 323 525 
276 8 291 521 603 693 707 724 757 776 
277 10 59 135 172 193 233 291 407 568 628 679 
278 5 68 129 553 554 731 
279 4 629 682 718 769 
280 6 40 242 448 473 606 632 
281 14 17 58 66 374 404 463 498 516 591 660 690 691 698 793 
282 6 82 112 251 421 498 771 
283 5 64 139 433 709 763 
284 6 143 270 355 357 387 536 
285 8 137 321 322 351 401 528 708 771 
286 9 100 148 172 308 405 430 555 679 700 
287 8 46 70 152 375 385 495 545 598 
288 7 208 230 243 341 503 532 698 
289 6 67 218 684 714 757 775 
290 10 46 383 401 426 438 486 557 664 753 758 
291 10 10 80 128 276 277 299 402 636 698 757 
292 9 85 227 402 471 475 622 644 712 792 
293 6 59 103 205 385 450 575 
294 8 211 274 473 614 699 748 760 793 
295 7 38 136 253 274 398 473 727 
296 7 93 187 379 394 399 432 722 
297 4 13 46 403 545 
298 9 258 268 371 458 582 591 652 665 763 
299 9 49 64 231 258 291 305 396 645 723 
300 6 144 149 251 314 510 625 
301 9 92 103 115 147 220 591 599 738 786 
302 10 7 18 136 317 320 404 474 485 553 668 
303 7 104 162 184 393 459 543 643 
304 8 249 495 499 539 544 561 582 653 
305 6 75 299 384 517 593 594 
306 3 73 681 730 
307 11 14 49 104 129 170 177 564 604 614 713 717 
308 7 186 286 373 455 494 779 796 
309 9 156 267 357 369 400 405 416 506 732 
310 10 8 16 74 211 236 322 388 576 665 691 
311 9 135 170 331 377 411 484 557 582 649 
312 4 49 98 714 723 
313 7 507 626 644 673 701 704 744 
314 3 28 300 713 
315 10 47 63 106 141 398 442 480 682 732 787 
316 5 586 590 631 688 724 
317 7 49 72 267 302 368 509 656 
318 7 57 349 470 517 676 679 686 
319 5 336 461 482 551 798 
320 6 183 302 533 564 588 622 
321 9 83 103 236 251 285 488 580 591 657 
322 6 168 285 310 430 656 703 
323 11 6 61 158 201 272 275 400 444 579 654 702 
324 11 103 114 134 211 246 384 541 586 681 793 795 
325 7 345 427 578 589 646 667 693 
326 10 225 248 337 461 497 536 582 607 716 748 
327 14 131 209 227 245 396 411 417 447 486 509 618 642 648 730 
328 7 92 125 139 475 550 647 779 
329 9 120 130 167 337 356 441 617 722 751 
330 11 68 197 235 245 362 450 652 686 718 754 794 
331 7 266 311 416 440 479 671 793 
332 10 68 174 183 345 545 559 586 605 610 720 
333 5 163 220 228 251 384 
334 6 130 337 451 554 575 662 
335 8 115 173 219 350 424 583 588 731 
336 4 58 319 518 713 
337 10 29 124 260 326 329 334 342 602 633 655 
338 2 93 779 
339 6 139 379 435 473 626 681 
340 6 39 126 433 437 485 769 
341 9 52 107 110 171 181 288 559 685 756 
342 7 53 94 226 337 372 436 740 
343 5 13 81 201 412 799 
344 5 41 149 231 650 772 
345 8 121 325 332 472 587 611 614 708 
346 9 51 142 351 454 508 578 675 693 725 
347 5 69 377 450 734 762 
348 4 47 200 552 564 
349 7 222 225 248 318 435 604 763 
350 4 335 476 538 550 
351 9 14 105 147 170 285 346 512 725 779 
352 6 154 430 463 481 694 777 
353 2 216 704 
354 10 126 168 355 360 372 452 465 582 679 739 
355 6 124 284 354 462 672 725 
356 11 94 98 113 219 329 368 395 624 749 764 782 
357 7 85 102 284 309 521 655 796 
358 6 32 71 123 252 419 631 
359 10 62 69 78 82 86 206 264 392 617 658 
360 8 20 76 78 354 509 544 588 707 
361 6 225 445 471 487 631 752 
362 10 73 234 257 330 433 454 563 595 654 677 
363 4 41 213 607 739 
364 5 219 457 483 520 537 
365 7 37 72 252 273 476 648 797 
366 8 73 527 542 579 615 647 678 774 
367 9 42 246 390 412 456 591 620 778 779 
368 6 317 356 418 422 484 686 
369 5 68 241 309 588 669 
370 4 43 79 671 736 
371 7 19 78 298 494 592 685 761 
372 4 342 354 467 637 
373 10 44 196 308 385 423 458 601 683 722 738 
374 11 16 31 143 234 281 442 446 465 698 719 725 
375 8 53 176 187 287 427 523 568 763 
376 7 7 59 397 575 591 599 695 
377 8 194 202 311 347 558 574 581 678 
378 6 101 208 250 400 473 486 
379 9 61 296 339 383 484 605 624 697 734 
380 4 25 50 106 536 
381 9 44 81 90 98 245 434 635 750 754 
382 5 15 133 139 270 620 
383 11 22 36 120 150 290 379 403 483 537 651 733 
384 8 305 324 333 486 514 517 546 595 
385 7 9 115 257 287 293 373 436 
386 10 10 155 184 221 237 253 439 562 695 799 
387 9 1 193 284 446 540 591 613 709 767 
388 7 99 255 310 440 585 615 753 
389 6 144 164 547 617 761 777 
390 8 228 367 421 486 490 499 598 798 
391 5 92 259 450 607 711 
392 7 359 488 511 568 570 751 756 
393 10 21 92 100 174 255 262 303 429 634 774 
394 9 6 12 29 124 202 296 695 697 722 
395 5 228 356 406 420 760 
396 8 134 151 299 327 422 549 659 755 
397 11 133 142 264 376 433 451 459 563 609 638 752 
398 10 29 54 55 79 94 222 295 315 646 675 
399 6 22 296 420 525 593 672 
400 9 90 99 151 309 323 378 473 605 681 
401 9 14 62 79 181 230 285 290 469 571 
402 9 3 29 79 291 292 525 565 771 775 
403 9 88 101 123 297 383 423 516 753 793 
404 7 205 281 302 487 530 568 666 
405 12 19 24 62 67 133 238 286 309 564 640 661 714 
406 10 110 127 213 395 438 601 697 701 725 775 
407 4 125 277 782 795 
408 12 44 178 233 245 420 473 586 587 621 649 652 742 
409 9 35 54 139 174 186 229 456 559 594 
410 3 151 162 492 
411 8 15 48 158 181 311 327 732 785 
412 3 343 367 419 
413 7 43 54 140 183 225 694 747 
414 7 32 54 88 148 270 426 487 
415 9 208 642 652 664 687 725 769 771 797 
416 9 24 36 234 248 309 331 440 657 749 
417 5 84 165 327 429 750 
418 7 110 368 443 645 687 718 785 
419 9 13 166 358 412 496 504 592 647 715 
420 14 16 42 112 218 395 399 408 499 544 583 585 599 688 696 
421 6 202 282 390 637 649 775 
422 3 368 396 652 
423 8 11 51 95 373 403 568 619 707 
424 9 121 222 238 239 335 563 572 597 600 
425 11 95 255 272 457 512 609 631 671 749 779 799 
426 11 34 101 161 290 414 440 493 512 576 606 795 
427 11 76 127 147 176 185 325 375 479 649 652 719 
428 5 604 605 616 746 798 
429 5 3 34 44 393 417 
430 12 54 91 185 286 322 352 471 651 681 685 781 791 
431 6 78 135 172 185 591 616 
432 6 3 296 477 508 551 658 
433 8 118 283 340 362 397 586 670 797 
434 5 40 229 242 381 771 
435 5 167 339 349 447 475 
436 6 342 385 549 648 671 754 
437 7 14 83 340 576 651 655 747 
438 5 58 83 211 290 406 
439 4 6 386 643 696 
440 12 5 36 89 130 166 201 331 388 416 426 542 558 
441 6 179 226 329 619 626 795 
442 10 65 200 206 253 315 374 525 650 754 775 
443 7 25 60 67 116 418 572 587 
444 7 190 323 462 535 537 713 784 
445 7 129 361 477 591 632 714 793 
446 7 27 214 218 235 374 387 598 
447 12 71 169 176 235 271 327 435 559 644 651 681 730 
448 5 94 169 280 594 771 
449 6 34 57 84 260 712 724 
450 13 104 231 260 271 293 330 347 391 592 626 700 722 759 
451 9 110 182 334 397 490 532 561 586 683 
452 6 32 72 228 354 485 514 
453 8 44 104 506 519 632 669 699 715 
454 9 7 131 188 266 346 362 500 728 762 
455 8 129 148 272 308 472 572 696 792 
456 7 67 153 367 409 469 493 736 
457 6 194 364 425 651 674 731 
458 4 96 298 373 717 
459 9 3 52 162 303 397 601 621 655 775 
460 4 142 155 192 759 
461 7 26 210 319 326 498 646 664 
462 7 240 252 355 444 508 580 751 
463 9 56 59 133 244 281 352 523 678 794 
464 3 43 87 105 
465 12 54 96 108 186 232 354 374 480 494 585 687 720 
466 7 2 54 241 641 709 739 750 
467 6 123 372 496 563 653 689 
468 3 212 627 633 
469 12 38 211 234 252 262 401 456 559 741 745 758 763 
470 4 23 129 318 544 
471 8 57 215 292 361 430 557 636 784 
472 12 87 144 148 345 455 496 566 609 668 708 720 785 
473 12 13 45 54 229 280 294 295 339 378 400 408 655 
474 7 46 102 111 226 302 728 787 
475 11 3 49 128 217 292 328 435 597 666 729 761 
476 6 89 195 350 365 635 644 
477 4 229 432 445 599 
478 2 189 591 
479 10 29 74 132 142 249 331 427 485 524 641 
480 6 79 315 465 588 648 780 
481 9 7 61 149 258 352 571 587 667 759 
482 7 44 53 104 236 319 658 782 
483 5 79 122 364 383 758 
484 8 11 56 177 311 368 379 585 781 
485 9 74 241 302 340 452 479 587 644 708 
486 10 17 90 196 200 290 327 378 384 390 553 
487 9 44 108 361 404 414 509 555 600 688 
488 7 79 101 321 392 533 625 774 
489 3 545 655 665 
490 4 96 242 390 451 
491 4 66 497 558 673 
492 5 36 178 410 656 668 
493 7 178 426 456 681 700 706 799 
494 9 88 249 270 308 371 465 580 647 698 
495 8 198 200 248 272 287 304 577 701 
496 13 32 62 134 152 157 205 256 419 467 472 564 707 763 
497 7 11 44 71 274 326 491 666 
498 10 97 127 245 281 282 461 521 583 741 766 
499 7 99 209 304 390 420 681 737 
500 4 30 215 220 454 
501 6 13 133 626 646 686 799 
502 4 117 129 537 775 
503 8 29 41 288 567 675 716 760 781 
504 7 12 34 64 211 234 235 419 
505 6 17 508 531 621 661 726 
506 8 260 309 453 562 597 667 679 762 
507 8 79 110 119 135 256 313 758 763 
508 8 13 176 346 432 462 505 694 752 
509 9 133 152 317 327 360 487 561 569 716 
510 7 98 204 300 550 606 654 757 
511 6 181 212 392 692 783 797 
512 6 197 251 351 425 426 631 
513 3 270 574 731 
514 12 67 123 224 274 384 452 529 591 634 649 712 750 
515 2 618 786 
516 8 50 243 245 281 403 650 759 779 
517 8 108 305 318 384 599 669 778 791 
518 8 12 154 190 336 534 554 597 634 
519 2 453 682 
520 8 58 151 194 198 364 525 624 797 
521 9 65 97 106 276 357 498 542 667 687 
522 1 69 
523 7 89 252 375 463 606 620 763 
524 7 42 55 96 263 479 580 752 
525 13 46 50 105 176 193 275 399 402 442 520 547 749 764 
526 5 203 539 649 745 759 
527 5 66 251 366 574 613 
528 6 66 128 134 285 643 789 
529 6 119 153 220 514 661 758 
530 6 167 206 404 678 724 771 
531 4 52 505 669 687 
532 5 89 229 288 451 634 
533 4 59 320 488 659 
534 6 77 101 195 220 242 518 
535 2 444 577 
536 7 108 186 284 326 380 590 600 
537 10 35 364 383 444 502 575 693 726 731 793 
538 5 140 234 350 740 757 
539 4 304 526 766 778 
540 6 24 387 701 744 784 794 
541 8 25 210 272 324 575 613 623 721 
542 6 52 366 440 521 625 637 
543 5 66 303 552 561 574 
544 8 153 304 360 420 470 573 579 743 
545 7 85 173 287 297 332 489 601 
546 4 117 271 384 709 
547 4 50 389 525 761 
548 3 20 597 655 
549 8 106 114 150 205 396 436 759 771 
550 7 79 328 350 510 610 717 743 
551 8 53 136 204 319 432 628 638 743 
552 10 24 100 106 137 139 186 348 543 567 762 
553 8 170 192 261 278 302 486 680 772 
554 6 17 131 191 278 334 518 
555 5 154 160 286 487 606 
556 2 76 94 
557 10 18 40 172 200 290 311 471 594 613 671 
558 8 66 161 201 377 440 491 582 782 
559 10 22 54 332 341 409 447 469 585 744 795 
560 3 95 119 756 
561 6 272 304 451 509 543 578 
562 4 386 506 584 696 
563 10 83 102 362 397 424 467 627 688 740 796 
564 11 14 86 173 211 218 307 320 348 405 496 782 
565 5 134 402 638 696 751 
566 6 192 472 574 629 692 734 
567 9 94 135 152 503 552 578 619 624 681 
568 9 129 273 277 375 392 404 423 612 739 
569 9 80 127 133 204 207 509 598 649 745 
570 6 48 252 392 651 657 753 
571 7 46 60 133 179 401 481 610 
572 13 61 90 129 158 179 254 424 443 455 625 668 755 756 
573 5 11 112 544 587 714 
574 10 51 75 120 202 377 513 527 543 566 624 
575 10 123 151 215 293 334 376 537 541 634 642 
576 6 310 426 437 681 702 711 
577 2 495 535 
578 10 25 113 262 325 346 561 567 607 741 799 
579 5 3 323 366 544 735 
580 6 94 98 321 462 494 524 
581 6 140 163 250 377 619 759 
582 8 230 298 304 311 326 354 558 749 
583 14 9 25 157 201 223 260 335 420 498 625 678 706 732 743 
584 4 46 247 562 677 
585 9 90 131 212 388 420 465 484 559 605 
586 11 7 100 207 271 316 324 332 408 433 451 734 
587 9 60 142 345 408 443 481 485 573 699 
588 13 13 79 86 143 320 335 360 369 480 607 642 721 784 
589 5 71 139 204 325 636 
590 9 47 73 255 273 316 536 614 621 660 
591 17 53 146 242 247 258 281 298 301 321 367 376 387 431 445 478 514 701 
592 7 56 81 268 371 419 450 699 
593 5 54 305 399 721 768 
594 6 146 305 409 448 557 728 
595 5 3 70 254 362 384 
596 2 140 776 
597 10 16 192 211 424 475 506 518 548 689 759 
598 7 2 160 240 287 390 446 569 
599 8 301 376 420 477 517 628 641 651 
600 6 424 487 536 646 663 714 
601 9 5 90 105 115 172 373 406 459 545 
602 5 208 247 337 684 723 
603 6 53 107 195 276 762 791 
604 11 18 89 99 110 119 167 307 349 428 708 739 
605 15 22 43 97 107 137 219 236 249 332 379 400 428 585 654 721 
606 9 36 152 163 280 426 510 523 555 709 
607 10 56 146 264 326 363 391 578 588 621 768 
608 4 76 208 764 797 
609 7 76 108 215 397 425 472 649 
610 9 19 58 169 198 219 332 550 571 685 
611 6 130 205 264 345 667 799 
612 2 201 568 
613 6 112 387 527 541 557 765 
614 10 70 78 168 193 294 307 345 590 629 779 
615 5 155 366 388 681 763 
616 4 31 428 431 639 
617 5 210 329 359 389 769 
618 6 33 262 327 515 636 649 
619 6 423 441 567 581 682 794 
620 9 4 22 47 219 367 382 523 668 737 
621 9 242 408 459 505 590 607 643 660 777 
622 8 9 146 177 242 292 320 691 737 
623 9 30 89 139 159 234 541 766 783 788 
624 13 48 186 224 356 379 520 567 574 643 653 668 685 733 
625 7 239 300 488 542 572 583 669 
626 8 59 154 313 339 441 450 501 633 
627 8 34 213 229 253 468 563 658 772 
628 6 21 129 145 277 551 599 
629 5 234 279 566 614 725 
630 5 72 675 768 780 784 
631 9 14 131 188 316 358 361 425 512 709 
632 5 11 280 445 453 726 
633 5 220 337 468 626 702 
634 7 78 128 393 514 518 532 575 
635 4 273 381 476 657 
636 5 291 471 589 618 695 
637 7 68 205 251 372 421 542 794 
638 5 135 172 397 551 565 
639 6 55 60 62 147 235 616 
640 7 135 179 185 405 714 750 791 
641 9 77 117 466 479 599 695 710 723 726 
642 7 88 206 327 415 575 588 793 
643 13 10 204 209 213 242 259 303 439 528 621 624 688 743 
644 7 292 313 447 476 485 657 730 
645 8 203 217 235 299 418 673 698 765 
646 6 231 325 398 461 501 600 
647 7 263 328 366 419 494 665 670 
648 9 66 93 131 327 365 436 480 673 799 
649 9 311 408 421 427 514 526 569 609 618 
650 7 32 108 218 255 344 442 516 
651 11 178 383 430 437 447 457 570 599 706 740 785 
652 8 91 298 330 408 415 422 427 790 
653 7 122 255 270 304 467 624 706 
654 7 25 85 323 362 510 605 736 
655 11 1 16 100 337 357 437 459 473 489 548 679 
656 9 26 48 153 157 225 272 317 322 492 
657 6 321 416 570 635 644 664 
658 5 114 359 432 482 627 
659 8 38 123 237 396 533 676 692 739 
660 8 51 176 248 272 281 590 621 751 
661 7 121 162 405 505 529 714 786 
662 4 36 211 213 334 
663 4 24 600 712 756 
664 7 109 115 290 415 461 657 757 
665 5 90 298 310 489 647 
666 7 64 130 404 475 497 677 740 
667 8 132 214 325 481 506 521 611 752 
668 10 37 112 175 302 472 492 572 620 624 704 
669 8 11 24 258 369 453 517 531 625 
670 6 141 173 229 433 647 790 
671 8 215 331 370 425 436 557 719 743 
672 7 103 133 191 355 399 738 774 
673 6 3 313 491 645 648 776 
674 4 10 150 255 457 
675 8 186 215 346 398 503 630 777 786 
676 4 16 67 318 659 
677 7 30 40 362 584 666 717 791 
678 7 119 162 366 377 463 530 583 
679 8 200 277 286 318 354 506 655 767 
680 5 83 156 169 553 725 
681 16 46 147 306 324 339 400 430 447 493 499 567 576 615 742 782 790 
682 7 238 279 315 519 619 737 779 
683 3 236 373 451 
684 7 14 116 170 289 602 689 762 
685 6 236 341 371 430 610 624 
686 7 94 216 318 330 368 501 741 
687 10 4 117 187 253 415 418 465 521 531 775 
688 8 249 316 420 487 563 643 775 787 
689 5 140 467 597 684 718 
690 3 138 192 281 
691 4 23 281 310 622 
692 6 179 511 566 659 738 761 
693 8 190 236 262 276 325 346 537 781 
694 5 4 352 413 508 744 
695 7 10 71 376 386 394 636 641 
696 8 157 420 439 455 562 565 720 754 
697 5 189 379 394 406 732 
698 10 48 106 121 281 288 291 374 494 645 734 
699 7 22 294 453 587 592 705 795 
700 6 26 90 198 286 450 493 
701 6 313 406 495 540 591 793 
702 5 101 128 323 576 633 
703 2 158 322 
704 6 10 68 170 313 353 668 
705 6 98 141 157 206 236 699 
706 9 156 229 250 493 583 651 653 778 792 
707 11 0 3 30 35 121 267 276 360 423 496 760 
708 9 49 62 126 227 285 345 472 485 604 
709 8 155 222 283 387 466 546 606 631 
710 3 641 747 757 
711 3 131 391 576 
712 7 120 162 247 292 449 514 663 
713 6 62 307 314 336 444 756 
714 12 29 56 217 289 312 405 445 573 600 640 661 734 
715 3 419 453 769 
716 7 110 174 326 503 509 771 789 
717 11 7 143 184 237 272 307 458 550 677 718 746 
718 10 7 33 165 279 330 418 689 717 725 781 
719 3 374 427 671 
720 7 35 241 256 332 465 472 696 
721 8 7 25 81 177 541 588 593 605 
722 7 26 168 296 329 373 394 450 
723 6 12 124 299 312 602 641 
724 6 50 276 316 449 530 777 
725 11 6 207 346 351 355 374 406 415 629 680 718 
726 7 29 71 97 505 537 632 641 
727 4 25 34 295 788 
728 7 50 118 231 454 474 594 763 
729 4 8 164 475 776 
730 4 306 327 447 644 
731 6 81 278 335 457 513 537 
732 6 309 315 411 583 697 799 
733 4 207 383 624 755 
734 8 109 208 347 379 566 586 698 714 
735 3 173 269 579 
736 6 152 172 209 370 456 654 
737 8 11 51 117 210 499 620 622 682 
738 6 130 206 301 373 672 692 
739 9 5 116 151 354 363 466 568 604 659 
740 9 18 71 83 106 342 538 563 651 666 
741 6 115 469 498 578 686 748 
742 5 107 193 199 408 681 
743 10 169 183 242 544 550 551 583 643 671 754 
744 4 313 540 559 694 
745 4 255 469 526 569 
746 4 41 261 428 717 
747 7 29 61 74 174 413 437 710 
748 7 98 125 214 294 326 741 750 
749 7 269 356 416 425 525 582 794 
750 8 145 251 381 417 466 514 640 748 
751 10 55 104 133 269 329 392 462 565 660 755 
752 5 361 397 508 524 667 
753 6 66 290 388 403 570 793 
754 7 40 330 381 436 442 696 743 
755 8 41 49 56 396 572 733 751 789 
756 6 341 392 560 572 663 713 
757 9 141 176 276 289 291 510 538 664 710 
758 11 21 109 149 153 207 243 290 469 483 507 529 
759 11 131 157 450 460 481 516 526 549 581 597 761 
760 5 174 294 395 503 707 
761 7 82 371 389 475 547 692 759 
762 8 99 212 347 454 506 552 603 684 
763 13 34 133 160 283 298 349 375 469 496 507 523 615 728 
764 5 159 247 356 525 608 
765 3 239 613 645 
766 6 110 126 244 498 539 623 
767 8 99 160 173 255 387 679 779 789 
768 6 48 192 593 607 630 781 
769 7 192 279 340 415 617 715 796 
770 1 249 
771 12 132 201 230 282 285 402 415 434 448 530 549 716 
772 3 344 553 627 
773 2 28 110 
774 9 38 63 107 255 366 393 488 672 793 
775 10 231 289 402 406 421 442 459 502 687 688 
776 5 67 276 596 673 729 
777 7 202 238 352 389 621 675 724 
778 7 190 201 224 367 517 539 706 
779 16 45 63 108 156 260 308 328 338 351 367 425 516 614 682 767 787 
780 6 87 134 155 245 480 630 
781 7 73 430 484 503 693 718 768 
782 6 356 407 482 558 564 681 
783 3 112 511 623 
784 7 142 152 444 471 540 588 630 
785 7 112 136 241 411 418 472 651 
786 7 60 66 171 301 515 661 675 
787 6 120 190 315 474 688 779 
788 4 140 176 623 727 
789 7 1 41 264 528 716 755 767 
790 9 7 38 65 119 652 670 681 792 799 
791 11 34 84 117 150 191 430 517 603 640 677 792 
792 8 7 55 257 292 455 706 790 791 
793 15 103 145 215 244 281 294 324 331 403 445 537 642 701 753 774 
794 9 34 100 201 330 463 540 619 637 749 
795 12 13 43 61 70 157 206 324 407 426 441 559 699 
796 6 114 217 308 357 563 769 
797 9 14 228 365 415 433 511 520 608 798 
798 8 39 79 118 176 319 390 428 797 
799 13 42 127 183 343 386 425 493 501 578 611 648 732 790 
