800 1904
0 4 81 173 175 707 
1 2 4 655 
2 4 73 131 232 466 
3 5 220 432 459 673 707 
4 3 1 89 620 
5 4 38 440 601 739 
6 4 150 323 439 725 
7 6 56 302 586 718 721 792 
8 2 125 202 
9 3 385 583 622 
10 4 110 386 643 704 
11 6 171 423 484 573 632 737 
12 6 13 141 243 504 518 723 
13 7 12 191 297 343 419 473 795 
14 9 136 213 223 401 437 564 631 684 797 
15 4 66 190 240 411 
16 3 172 374 420 
17 5 83 281 486 505 554 
18 4 31 302 604 740 
19 4 98 371 405 610 
20 4 22 44 360 548 
21 5 34 155 225 393 758 
22 5 20 122 399 605 699 
23 7 58 118 137 151 164 470 691 
24 7 110 405 416 540 552 663 669 
25 8 121 157 222 380 541 583 654 727 
26 7 133 139 179 461 656 700 722 
27 1 66 
28 4 126 192 265 773 
29 9 337 394 398 402 479 503 714 726 747 
30 5 75 500 623 677 707 
31 4 18 44 64 73 
32 6 44 184 414 452 496 650 
33 4 73 181 618 718 
34 12 21 83 91 252 426 429 449 504 627 727 763 791 
35 3 409 707 720 
36 6 151 383 416 440 492 662 
37 4 38 108 132 200 
38 7 5 37 144 173 659 774 790 
39 1 798 
40 5 157 280 557 677 754 
41 4 344 363 503 789 
42 4 109 135 420 524 
43 5 228 413 464 605 795 
44 9 20 31 32 373 381 408 453 482 487 
45 5 62 198 254 473 779 
46 5 98 290 474 584 681 
47 4 228 315 348 620 
48 5 181 411 624 698 768 
49 9 121 231 250 299 312 317 475 708 755 
50 4 152 380 525 728 
51 4 179 574 660 737 
52 7 110 113 121 182 341 531 542 
53 4 235 482 591 603 
54 10 261 271 409 413 414 430 465 466 559 593 
55 6 249 398 524 639 751 792 
56 7 7 91 266 463 484 592 607 
57 4 115 149 318 449 
58 5 23 148 167 336 610 
59 5 277 376 463 533 626 
60 4 114 443 571 587 
61 7 107 165 323 379 572 747 795 
62 7 45 228 401 405 496 639 713 
63 1 251 
64 6 31 242 245 283 299 504 
65 6 122 213 232 442 521 790 
66 8 15 27 180 206 274 281 527 786 
67 10 116 229 251 289 405 443 456 514 676 776 
68 6 143 226 278 330 332 369 
69 3 181 182 359 
70 2 287 614 
71 4 497 589 695 740 
72 3 317 365 630 
73 6 2 31 33 164 306 362 
74 3 105 126 479 
75 4 30 176 305 574 
76 4 360 556 608 609 
77 1 168 
78 5 359 360 371 431 614 
79 8 370 398 401 402 480 550 588 798 
80 2 258 291 
81 4 0 104 131 592 
82 3 183 282 761 
83 7 17 34 103 321 438 680 740 
84 3 417 449 791 
85 3 292 357 545 
86 2 359 588 
87 2 472 780 
88 3 269 414 642 
89 8 4 145 440 476 523 532 604 623 
90 3 585 665 700 
91 5 34 56 187 225 652 
92 5 239 273 301 391 393 
93 4 252 296 338 648 
94 6 249 259 342 356 448 556 
95 2 423 425 
96 5 167 458 465 490 524 
97 4 247 498 521 605 
98 6 19 46 381 510 580 705 
99 6 206 388 400 499 604 767 
100 4 286 393 586 655 
101 4 271 378 403 702 
102 3 199 357 474 
103 9 83 116 213 238 293 321 324 672 793 
104 5 81 260 303 307 482 
105 3 74 242 464 
106 7 315 380 521 549 552 698 740 
107 6 61 126 138 605 742 774 
108 6 37 465 536 609 650 779 
109 5 42 170 664 734 758 
110 9 10 24 52 190 194 341 406 716 766 
111 1 264 
112 8 223 232 282 420 573 613 668 783 
113 4 52 134 356 578 
114 5 60 324 549 658 796 
115 6 57 301 335 601 664 741 
116 7 67 103 216 248 443 684 739 
117 5 502 546 687 737 791 
118 3 23 433 798 
119 6 507 529 560 604 678 790 
120 2 329 383 
121 7 25 49 52 345 424 698 707 
122 4 22 65 166 233 
123 6 150 206 358 467 514 659 
124 2 202 723 
125 6 8 181 220 258 328 748 
126 6 28 74 107 340 354 708 
127 5 132 268 406 427 799 
128 8 153 164 177 230 291 528 634 702 
129 3 169 195 455 
130 7 147 165 329 334 440 611 738 
131 9 2 81 164 327 454 554 648 711 759 
132 6 37 127 141 257 667 771 
133 8 26 156 382 397 501 569 672 763 
134 5 113 191 396 496 780 
135 7 42 265 277 311 431 507 640 
136 5 14 204 247 295 551 
137 4 23 209 552 605 
138 3 107 265 690 
139 7 26 216 241 283 382 589 623 
140 3 538 596 689 
141 7 12 132 224 259 670 705 757 
142 5 346 397 460 587 784 
143 6 68 160 165 177 284 374 
144 4 38 224 300 389 
145 5 89 179 628 750 793 
146 5 178 267 594 607 622 
147 1 130 
148 5 58 149 171 286 455 
149 4 57 148 224 481 
150 5 6 123 383 674 791 
151 8 23 36 160 226 400 410 520 575 
152 7 50 253 287 496 567 736 784 
153 4 128 225 456 656 
154 6 224 239 352 518 555 626 
155 5 21 223 615 709 780 
156 4 133 309 680 706 
157 8 25 40 583 656 696 705 759 795 
158 1 184 
159 1 260 
160 5 143 151 555 763 767 
161 2 426 558 
162 4 262 303 661 712 
163 3 333 581 606 
164 7 23 73 128 131 227 389 729 
165 7 61 130 143 224 243 417 718 
166 3 122 419 440 
167 2 58 96 
168 6 77 261 322 354 614 722 
169 6 129 447 448 610 680 743 
170 5 109 307 311 351 704 
171 3 11 148 341 
172 7 16 277 286 431 557 601 736 
173 6 0 38 545 564 670 735 
174 6 180 332 393 409 716 760 
175 3 0 254 265 
176 7 75 375 447 508 525 757 798 
177 4 128 143 484 622 
178 4 146 408 492 493 
179 7 26 51 145 234 441 571 692 
180 2 66 174 
181 7 33 48 69 125 341 401 511 
182 3 52 69 265 
183 4 82 413 743 799 
184 5 32 158 303 386 717 
185 4 427 430 431 640 
186 4 308 409 465 624 
187 2 91 375 
188 3 197 244 631 
189 1 697 
190 4 15 110 444 518 
191 4 13 134 672 791 
192 5 28 460 566 597 769 
193 3 277 387 525 
194 3 110 377 520 
195 2 129 534 
196 3 265 373 486 
197 3 188 330 512 
198 5 45 231 495 520 610 
199 1 102 
200 4 37 271 486 495 
201 6 323 343 440 583 771 794 
202 7 8 124 272 377 394 421 777 
203 4 211 270 526 645 
204 4 136 214 569 643 
205 6 227 293 496 549 611 637 
206 5 66 99 123 442 738 
207 3 569 586 758 
208 3 288 415 608 
209 4 137 499 643 736 
210 2 541 737 
211 8 203 221 324 438 504 564 597 662 
212 2 468 511 
213 7 14 65 103 363 627 643 662 
214 6 204 228 235 446 667 748 
215 4 238 471 575 609 
216 5 116 139 227 353 686 
217 4 475 645 714 796 
218 4 289 420 564 650 
219 5 335 364 605 610 620 
220 7 3 125 301 333 500 534 633 
221 2 211 386 
222 4 25 349 424 709 
223 3 14 112 155 
224 6 141 144 149 154 165 778 
225 7 21 91 153 273 326 349 413 
226 6 68 151 268 342 441 474 
227 6 164 205 216 292 327 708 
228 7 43 47 62 214 395 452 797 
229 7 67 409 434 473 477 627 670 
230 4 128 288 401 771 
231 5 49 198 299 344 646 
232 3 2 65 112 
233 3 122 254 277 
234 6 179 362 416 469 538 623 
235 7 53 214 330 446 504 639 645 
236 5 321 482 683 693 705 
237 3 273 386 717 
238 3 103 215 405 
239 4 92 154 625 765 
240 2 15 598 
241 4 139 369 720 785 
242 9 64 105 280 434 490 591 621 622 643 
243 4 12 165 288 758 
244 5 188 249 463 766 793 
245 6 64 327 330 381 408 498 
246 1 367 
247 5 97 136 591 602 764 
248 4 116 416 495 660 
249 7 55 94 244 304 479 605 770 
250 2 49 378 
251 10 63 67 282 300 321 333 512 527 637 750 
252 5 34 93 358 462 469 
253 4 152 262 264 687 
254 7 45 175 233 270 272 572 595 
255 6 271 388 590 745 767 774 
256 3 496 507 720 
257 2 132 362 
258 7 80 125 298 299 481 591 669 
259 4 94 141 391 643 
260 5 104 159 450 506 779 
261 2 54 168 
262 6 162 253 393 469 578 693 
263 0 
264 5 111 253 359 397 611 
265 6 28 135 138 175 182 196 
266 2 56 454 
267 2 146 309 
268 3 127 226 592 
269 3 88 735 749 
270 3 203 254 382 
271 7 54 101 200 255 447 450 586 
272 9 202 254 425 455 495 541 561 656 660 
273 7 92 225 237 365 568 590 635 
274 4 66 294 295 514 
275 1 525 
276 6 291 603 707 724 757 776 
277 8 59 135 172 193 233 291 407 679 
278 3 68 553 731 
279 2 629 718 
280 5 40 242 448 606 632 
281 11 17 66 374 404 463 498 516 690 691 698 793 
282 3 82 112 251 
283 4 64 139 433 709 
284 2 143 357 
285 3 322 351 708 
286 7 100 148 172 405 430 555 700 
287 5 70 152 375 545 598 
288 6 208 230 243 341 503 532 
289 4 67 218 684 714 
290 8 46 383 401 426 557 664 753 758 
291 6 80 128 276 277 402 757 
292 7 85 227 471 622 644 712 792 
293 4 103 205 385 575 
294 4 274 473 614 748 
295 4 136 274 473 727 
296 4 93 394 399 432 
297 2 13 545 
298 7 258 371 582 591 652 665 763 
299 5 49 64 231 258 305 
300 3 144 251 510 
301 6 92 115 220 599 738 786 
302 8 7 18 317 320 404 474 485 668 
303 5 104 162 184 459 543 
304 6 249 499 539 544 561 582 
305 5 75 299 517 593 594 
306 3 73 681 730 
307 6 104 170 564 604 713 717 
308 5 186 373 455 494 796 
309 8 156 267 357 369 405 416 506 732 
310 3 388 576 665 
311 6 135 170 331 377 411 649 
312 3 49 714 723 
313 6 507 644 673 701 704 744 
314 1 713 
315 7 47 106 398 442 682 732 787 
316 4 586 590 631 724 
317 5 49 72 302 509 656 
318 2 57 349 
319 3 461 551 798 
320 4 302 533 588 622 
321 7 83 103 236 251 488 580 657 
322 4 168 285 656 703 
323 6 6 61 201 400 444 579 
324 7 103 114 211 541 586 793 795 
325 3 589 646 693 
326 4 225 582 607 716 
327 10 131 227 245 396 411 486 509 618 642 648 
328 4 125 475 550 647 
329 5 120 130 356 441 751 
330 7 68 197 235 245 652 718 794 
331 5 311 440 479 671 793 
332 8 68 174 345 559 586 605 610 720 
333 4 163 220 251 384 
334 3 130 337 451 
335 5 115 219 350 583 588 
336 3 58 518 713 
337 5 29 334 602 633 655 
338 2 93 779 
339 5 379 435 473 626 681 
340 4 126 437 485 769 
341 7 52 110 171 181 288 559 685 
342 5 94 226 372 436 740 
343 3 13 201 799 
344 2 41 231 
345 5 121 332 611 614 708 
346 5 142 351 454 675 725 
347 2 377 734 
348 2 47 552 
349 5 222 225 318 435 763 
350 4 335 476 538 550 
351 5 170 285 346 512 725 
352 5 154 430 463 481 694 
353 2 216 704 
354 7 126 168 360 372 452 679 739 
355 2 462 672 
356 9 94 113 329 368 395 624 749 764 782 
357 5 85 102 284 309 796 
358 3 123 252 631 
359 5 69 78 86 264 658 
360 7 20 76 78 354 509 544 588 
361 5 445 471 487 631 752 
362 8 73 234 257 433 454 595 654 677 
363 2 41 213 
364 4 219 457 520 537 
365 3 72 273 476 
366 6 527 542 579 615 647 678 
367 8 246 390 412 456 591 620 778 779 
368 3 356 484 686 
369 4 68 241 309 588 
370 2 79 671 
371 5 19 78 298 592 685 
372 3 342 354 467 
373 5 44 196 308 458 722 
374 6 16 143 281 465 698 719 
375 4 176 187 287 523 
376 5 59 397 575 591 599 
377 6 194 202 311 347 581 678 
378 3 101 250 400 
379 6 61 339 383 484 624 734 
380 4 25 50 106 536 
381 6 44 98 245 635 750 754 
382 3 133 139 270 
383 8 36 120 150 290 379 483 537 733 
384 4 333 486 546 595 
385 2 9 293 
386 7 10 184 221 237 439 562 799 
387 4 193 446 540 591 
388 6 99 255 310 585 615 753 
389 6 144 164 547 617 761 777 
390 7 367 421 486 490 499 598 798 
391 4 92 259 450 711 
392 6 488 511 568 570 751 756 
393 7 21 92 100 174 262 429 774 
394 3 29 202 296 
395 4 228 356 406 760 
396 5 134 327 549 659 755 
397 10 133 142 264 376 433 459 563 609 638 752 
398 4 29 55 79 315 
399 5 22 296 525 593 672 
400 6 99 151 323 378 473 605 
401 8 14 62 79 181 230 290 469 571 
402 5 29 79 291 525 771 
403 2 101 753 
404 5 281 302 487 530 568 
405 10 19 24 62 67 238 286 309 564 661 714 
406 6 110 127 395 438 725 775 
407 2 277 795 
408 10 44 178 245 420 473 586 587 621 649 742 
409 7 35 54 174 186 229 559 594 
410 2 151 492 
411 4 15 48 311 327 
412 2 367 419 
413 6 43 54 183 225 694 747 
414 5 32 54 88 426 487 
415 6 208 642 652 725 769 771 
416 8 24 36 234 248 309 440 657 749 
417 4 84 165 429 750 
418 3 443 645 687 
419 6 13 166 412 496 592 647 
420 8 16 42 112 218 408 583 585 599 
421 4 202 390 637 775 
422 1 652 
423 4 11 95 568 707 
424 5 121 222 563 597 600 
425 9 95 272 457 512 609 631 671 779 799 
426 9 34 161 290 414 440 493 576 606 795 
427 5 127 185 479 649 652 
428 4 604 616 746 798 
429 3 34 393 417 
430 8 54 185 286 352 471 651 681 791 
431 6 78 135 172 185 591 616 
432 6 3 296 477 508 551 658 
433 6 118 283 362 397 670 797 
434 2 229 242 
435 4 339 349 447 475 
436 5 342 549 648 671 754 
437 4 14 340 576 655 
438 3 83 211 406 
439 4 6 386 643 696 
440 10 5 36 89 130 166 201 331 416 426 558 
441 4 179 226 329 626 
442 6 65 206 315 525 650 754 
443 6 60 67 116 418 572 587 
444 5 190 323 462 537 784 
445 5 361 477 591 632 793 
446 3 214 235 387 
447 9 169 176 271 435 559 644 651 681 730 
448 5 94 169 280 594 771 
449 3 34 57 84 
450 6 260 271 391 592 700 722 
451 4 334 532 561 586 
452 4 32 228 354 485 
453 4 44 506 632 699 
454 5 131 266 346 362 500 
455 7 129 148 272 308 472 696 792 
456 5 67 153 367 469 493 
457 4 364 425 674 731 
458 3 96 373 717 
459 5 3 303 397 621 775 
460 2 142 192 
461 4 26 319 498 664 
462 5 252 355 444 508 580 
463 8 56 59 244 281 352 523 678 794 
464 2 43 105 
465 8 54 96 108 186 374 494 687 720 
466 4 2 54 709 750 
467 6 123 372 496 563 653 689 
468 3 212 627 633 
469 9 234 252 262 401 456 741 745 758 763 
470 2 23 544 
471 6 215 292 361 430 557 636 
472 7 87 455 496 566 609 668 708 
473 8 13 45 229 294 295 339 400 408 
474 5 46 102 226 302 728 
475 5 49 217 328 435 729 
476 5 89 350 365 635 644 
477 4 229 432 445 599 
478 1 591 
479 7 29 74 249 331 427 524 641 
480 2 79 648 
481 6 149 258 352 571 587 667 
482 6 44 53 104 236 658 782 
483 1 383 
484 7 11 56 177 368 379 585 781 
485 5 302 340 452 587 708 
486 7 17 196 200 327 384 390 553 
487 6 44 361 404 414 509 688 
488 4 321 392 625 774 
489 3 545 655 665 
490 3 96 242 390 
491 1 497 
492 4 36 178 410 668 
493 6 178 426 456 700 706 799 
494 4 308 465 580 647 
495 6 198 200 248 272 577 701 
496 11 32 62 134 152 205 256 419 467 472 707 763 
497 2 71 491 
498 7 97 245 281 461 583 741 766 
499 5 99 209 304 390 681 
500 3 30 220 454 
501 4 133 626 686 799 
502 2 117 537 
503 6 29 41 288 675 716 781 
504 5 12 34 64 211 235 
505 4 17 508 621 661 
506 7 260 309 453 597 667 679 762 
507 6 119 135 256 313 758 763 
508 4 176 432 462 505 
509 4 317 327 360 487 
510 4 98 300 550 757 
511 5 181 212 392 692 797 
512 4 197 251 351 425 
513 1 574 
514 6 67 123 274 591 649 712 
515 0 
516 3 281 650 779 
517 5 305 599 669 778 791 
518 5 12 154 190 336 534 
519 0 
520 7 151 194 198 364 525 624 797 
521 5 65 97 106 542 667 
522 0 
523 6 89 375 463 606 620 763 
524 6 42 55 96 479 580 752 
525 10 50 176 193 275 399 402 442 520 547 764 
526 4 203 539 649 759 
527 5 66 251 366 574 613 
528 2 128 789 
529 3 119 661 758 
530 4 404 678 724 771 
531 1 52 
532 4 89 288 451 634 
533 3 59 320 659 
534 3 195 220 518 
535 1 577 
536 2 108 380 
537 7 364 383 444 502 575 731 793 
538 4 140 234 350 740 
539 3 304 526 778 
540 4 24 387 701 794 
541 6 25 210 272 324 575 721 
542 5 52 366 521 625 637 
543 1 303 
544 6 304 360 470 573 579 743 
545 6 85 173 287 297 489 601 
546 3 117 384 709 
547 3 389 525 761 
548 3 20 597 655 
549 7 106 114 205 396 436 759 771 
550 5 79 328 350 510 743 
551 5 136 319 432 638 743 
552 6 24 106 137 348 567 762 
553 4 278 486 680 772 
554 2 17 131 
555 3 154 160 286 
556 2 76 94 
557 7 40 172 290 471 594 613 671 
558 3 161 440 782 
559 6 54 332 341 409 447 744 
560 2 119 756 
561 4 272 304 451 578 
562 2 386 696 
563 6 397 424 467 627 740 796 
564 6 14 173 211 218 307 405 
565 2 638 696 
566 6 192 472 574 629 692 734 
567 4 152 552 578 619 
568 6 273 392 404 423 612 739 
569 4 133 204 207 649 
570 3 392 657 753 
571 5 60 179 401 481 610 
572 5 61 254 443 668 755 
573 5 11 112 544 587 714 
574 5 51 75 513 527 566 
575 8 151 215 293 376 537 541 634 642 
576 4 310 426 437 702 
577 2 495 535 
578 6 113 262 561 567 607 799 
579 4 323 366 544 735 
580 5 98 321 462 494 524 
581 4 163 377 619 759 
582 4 298 304 326 749 
583 10 9 25 157 201 335 420 498 706 732 743 
584 2 46 677 
585 5 90 388 420 484 605 
586 10 7 100 207 271 316 324 332 408 451 734 
587 8 60 142 408 443 481 485 573 699 
588 9 79 86 320 335 360 369 607 642 784 
589 4 71 139 325 636 
590 4 255 273 316 660 
591 12 53 242 247 258 298 367 376 387 431 445 478 514 
592 7 56 81 268 371 419 450 699 
593 5 54 305 399 721 768 
594 5 146 305 409 448 557 
595 3 254 362 384 
596 2 140 776 
597 6 192 211 424 506 548 759 
598 3 240 287 390 
599 7 301 376 420 477 517 628 641 
600 2 424 646 
601 4 5 115 172 545 
602 4 247 337 684 723 
603 3 53 276 791 
604 8 18 89 99 119 307 428 708 739 
605 12 22 43 97 107 137 219 249 332 400 585 654 721 
606 5 163 280 426 523 709 
607 6 56 146 326 578 588 621 
608 4 76 208 764 797 
609 7 76 108 215 397 425 472 649 
610 8 19 58 169 198 219 332 571 685 
611 6 130 205 264 345 667 799 
612 1 568 
613 4 112 527 557 765 
614 6 70 78 168 294 345 629 
615 5 155 366 388 681 763 
616 2 428 431 
617 1 389 
618 3 33 327 649 
619 4 567 581 682 794 
620 7 4 47 219 367 523 668 737 
621 7 242 408 459 505 607 660 777 
622 8 9 146 177 242 292 320 691 737 
623 5 30 89 139 234 783 
624 9 48 186 356 379 520 643 653 668 685 
625 4 239 488 542 669 
626 6 59 154 339 441 501 633 
627 6 34 213 229 468 563 658 
628 2 145 599 
629 4 279 566 614 725 
630 5 72 675 768 780 784 
631 6 14 188 316 358 361 425 
632 4 11 280 445 453 
633 4 220 337 468 626 
634 3 128 532 575 
635 3 273 381 476 
636 3 471 589 695 
637 5 205 251 421 542 794 
638 3 397 551 565 
639 3 55 62 235 
640 4 135 185 714 791 
641 4 479 599 710 723 
642 5 88 327 415 575 588 
643 10 10 204 209 213 242 259 439 624 688 743 
644 4 292 313 447 476 
645 5 203 217 235 418 765 
646 3 231 325 600 
647 5 328 366 419 494 665 
648 5 93 131 327 436 480 
649 8 311 408 427 514 526 569 609 618 
650 5 32 108 218 442 516 
651 4 430 447 706 740 
652 7 91 298 330 415 422 427 790 
653 2 467 624 
654 3 25 362 605 
655 7 1 100 337 437 489 548 679 
656 6 26 153 157 272 317 322 
657 3 321 416 570 
658 5 114 359 432 482 627 
659 5 38 123 396 533 692 
660 6 51 248 272 590 621 751 
661 6 162 405 505 529 714 786 
662 3 36 211 213 
663 1 24 
664 5 109 115 290 461 757 
665 5 90 298 310 489 647 
666 1 740 
667 7 132 214 481 506 521 611 752 
668 8 112 302 472 492 572 620 624 704 
669 4 24 258 517 625 
670 5 141 173 229 433 790 
671 6 331 370 425 436 557 743 
672 6 103 133 191 355 399 738 
673 2 3 313 
674 2 150 457 
675 4 346 503 630 786 
676 1 67 
677 6 30 40 362 584 717 791 
678 5 119 366 377 463 530 
679 5 277 354 506 655 767 
680 5 83 156 169 553 725 
681 8 46 306 339 430 447 499 615 782 
682 3 315 619 779 
683 1 236 
684 6 14 116 289 602 689 762 
685 4 341 371 610 624 
686 4 216 368 501 741 
687 5 117 253 418 465 775 
688 4 487 643 775 787 
689 4 140 467 684 718 
690 2 138 281 
691 3 23 281 622 
692 5 179 511 566 659 738 
693 4 236 262 325 781 
694 3 352 413 744 
695 2 71 636 
696 7 157 439 455 562 565 720 754 
697 2 189 732 
698 5 48 106 121 281 374 
699 6 22 453 587 592 705 795 
700 5 26 90 286 450 493 
701 4 313 495 540 793 
702 3 101 128 576 
703 1 322 
704 5 10 170 313 353 668 
705 5 98 141 157 236 699 
706 5 156 493 583 651 778 
707 8 0 3 30 35 121 276 423 496 
708 8 49 126 227 285 345 472 485 604 
709 6 155 222 283 466 546 606 
710 2 641 757 
711 2 131 391 
712 3 162 292 514 
713 5 62 307 314 336 756 
714 9 29 217 289 312 405 573 640 661 734 
715 1 769 
716 5 110 174 326 503 771 
717 7 184 237 307 458 677 718 746 
718 8 7 33 165 279 330 689 717 781 
719 1 374 
720 6 35 241 256 332 465 696 
721 4 7 541 593 605 
722 4 26 168 373 450 
723 5 12 124 312 602 641 
724 4 276 316 530 777 
725 7 6 346 351 406 415 629 680 
726 1 29 
727 4 25 34 295 788 
728 3 50 474 763 
729 2 164 475 
730 2 306 447 
731 3 278 457 537 
732 5 309 315 583 697 799 
733 1 383 
734 6 109 347 379 566 586 714 
735 3 173 269 579 
736 3 152 172 209 
737 6 11 51 117 210 620 622 
738 5 130 206 301 672 692 
739 5 5 116 354 568 604 
740 9 18 71 83 106 342 538 563 651 666 
741 5 115 469 498 686 748 
742 2 107 408 
743 9 169 183 544 550 551 583 643 671 754 
744 3 313 559 694 
745 2 255 469 
746 2 428 717 
747 3 29 61 413 
748 4 125 214 294 741 
749 5 269 356 416 582 794 
750 5 145 251 381 417 466 
751 5 55 329 392 660 755 
752 4 361 397 524 667 
753 5 290 388 403 570 793 
754 6 40 381 436 442 696 743 
755 5 49 396 572 751 789 
756 3 392 560 713 
757 7 141 176 276 291 510 664 710 
758 8 21 109 207 243 290 469 507 529 
759 7 131 157 526 549 581 597 761 
760 2 174 395 
761 4 82 389 547 759 
762 3 506 552 684 
763 11 34 133 160 298 349 469 496 507 523 615 728 
764 4 247 356 525 608 
765 3 239 613 645 
766 3 110 244 498 
767 5 99 160 255 679 789 
768 3 48 593 630 
769 4 192 340 415 715 
770 1 249 
771 9 132 201 230 402 415 448 530 549 716 
772 1 553 
773 1 28 
774 6 38 107 255 393 488 793 
775 5 406 421 459 687 688 
776 3 67 276 596 
777 4 202 389 621 724 
778 5 224 367 517 539 706 
779 8 45 108 260 338 367 425 516 682 
780 4 87 134 155 630 
781 4 484 503 693 718 
782 4 356 482 558 681 
783 2 112 623 
784 5 142 152 444 588 630 
785 1 241 
786 4 66 301 661 675 
787 2 315 688 
788 1 727 
789 4 41 528 755 767 
790 7 38 65 119 652 670 792 799 
791 11 34 84 117 150 191 430 517 603 640 677 792 
792 6 7 55 292 455 790 791 
793 11 103 145 244 281 324 331 445 537 701 753 774 
794 7 201 330 463 540 619 637 749 
795 8 13 43 61 157 324 407 426 699 
796 5 114 217 308 357 563 
797 7 14 228 433 511 520 608 798 
798 8 39 79 118 176 319 390 428 797 
799 11 127 183 343 386 425 493 501 578 611 732 790 
