800 11504
0 22 7 76 81 163 173 175 202 333 396 411 445 500 514 515 606 637 681 701 707 722 727 770 
1 31 4 10 26 58 86 155 226 247 310 387 389 406 425 440 478 532 563 575 581 589 634 655 659 663 664 679 714 740 773 781 789 
2 27 19 36 61 73 131 159 162 207 232 251 293 323 388 403 427 430 438 466 521 563 598 610 653 656 669 762 775 
3 34 17 38 47 135 162 176 189 220 227 231 232 271 288 402 404 429 432 435 459 466 475 557 579 583 595 642 673 681 686 707 725 739 777 787 
4 23 1 13 15 39 47 89 162 258 275 283 320 363 423 424 620 626 661 687 694 696 737 749 793 
5 21 14 30 38 119 125 153 162 231 248 273 361 409 440 484 485 586 597 601 625 705 739 
6 30 78 102 120 138 140 150 157 203 239 273 287 297 323 358 394 439 462 507 520 537 609 648 665 683 692 699 718 725 776 799 
7 33 0 43 56 67 74 103 209 243 254 267 292 302 376 382 383 428 454 456 481 500 544 586 590 646 696 717 718 721 732 790 792 794 795 
8 28 11 36 81 115 117 125 202 229 255 263 310 315 353 373 374 393 409 432 465 495 566 585 618 623 682 729 736 750 
9 22 69 97 183 247 272 283 354 385 404 459 529 560 583 606 610 622 630 636 651 705 735 790 
10 28 1 45 110 159 182 192 204 217 290 291 332 355 371 386 408 423 536 549 572 606 613 643 674 680 695 704 712 730 
11 36 8 17 96 98 158 161 165 171 175 176 180 199 214 229 238 307 361 403 404 423 428 484 497 511 550 573 616 625 632 633 648 669 681 737 752 763 
12 28 13 55 87 88 91 102 128 129 141 166 187 190 214 232 243 248 258 313 394 400 411 504 518 555 611 684 723 748 
13 37 4 12 55 149 157 159 189 191 206 265 271 297 310 336 343 373 380 396 416 419 427 435 468 471 473 496 501 504 508 523 529 534 588 738 749 754 795 
14 34 5 25 34 55 57 71 107 113 136 152 178 213 223 257 265 275 286 307 351 363 391 401 437 536 564 567 610 631 684 690 699 747 777 797 
15 32 4 41 45 47 61 66 78 89 121 134 190 240 256 265 329 346 382 411 433 446 449 473 475 495 629 638 639 651 659 732 741 777 
16 26 34 42 73 77 172 198 252 277 304 310 322 374 403 420 439 463 508 551 586 597 622 655 662 676 703 794 
17 27 3 11 69 82 83 91 112 179 189 208 211 281 349 354 464 486 503 505 509 525 529 554 575 611 710 729 736 
18 31 31 32 56 70 97 110 182 235 241 302 303 347 414 424 425 451 498 539 557 591 592 604 626 650 658 687 709 720 730 740 750 
19 25 2 40 92 94 98 234 235 250 253 258 321 326 371 398 405 423 440 490 494 603 610 632 697 767 786 
20 20 22 44 60 76 125 281 337 360 379 403 436 492 548 565 570 586 683 741 767 799 
21 30 34 40 67 133 144 155 183 186 191 221 225 258 265 270 357 368 393 461 491 496 532 578 592 611 628 669 738 742 758 770 
22 45 20 38 103 122 127 162 179 184 224 241 251 289 312 325 340 353 383 398 399 408 423 449 454 456 463 464 506 507 514 530 559 569 605 620 639 699 708 713 716 725 726 767 776 779 790 
23 32 26 54 56 58 93 109 118 137 140 144 151 164 198 225 227 307 359 417 420 425 470 500 532 541 555 565 589 603 625 652 691 728 
24 28 33 60 110 119 176 180 240 251 279 350 369 405 416 424 492 517 540 552 603 634 643 653 656 663 664 669 706 759 
25 36 14 36 42 66 121 122 157 160 181 215 222 295 324 336 350 362 380 443 444 500 504 541 557 569 572 578 583 629 651 654 656 711 721 727 737 754 
26 31 1 23 58 112 119 130 131 133 139 179 261 264 367 453 458 461 476 487 499 563 570 572 616 656 688 700 717 722 775 788 799 
27 28 31 35 36 66 82 88 89 105 124 198 211 295 301 378 446 469 499 522 531 587 588 600 626 659 677 714 725 799 
28 33 41 56 58 76 88 94 110 113 126 192 198 210 222 252 265 309 314 340 375 405 425 457 473 477 523 564 566 571 610 699 709 773 781 
29 36 114 122 127 186 190 217 290 302 337 347 373 394 398 402 443 446 453 479 481 483 503 512 526 530 552 582 622 631 665 668 669 714 725 726 747 781 
30 25 5 75 79 102 138 143 185 254 260 294 378 389 416 425 435 440 448 500 509 623 626 653 659 677 707 
31 19 18 27 44 64 73 116 159 210 265 338 374 404 467 490 544 603 616 668 720 
32 29 18 44 55 60 67 77 94 112 171 184 257 275 354 358 412 414 419 435 445 452 470 486 494 496 569 650 668 693 707 
33 34 24 56 73 83 85 167 181 198 230 243 279 298 377 414 428 448 450 459 463 498 499 560 576 588 618 627 641 642 675 679 709 718 724 750 
34 44 14 16 21 50 83 91 156 176 248 252 256 313 371 373 403 413 421 426 429 449 452 457 460 488 489 493 504 533 539 544 563 582 599 627 630 659 701 727 729 762 763 768 791 794 
35 22 27 97 115 135 149 182 214 239 347 409 448 537 558 566 578 635 642 707 720 753 774 781 
36 26 2 8 25 27 41 47 72 108 109 151 281 373 382 383 416 440 467 492 509 606 651 656 662 678 724 769 
37 26 38 54 103 108 132 136 200 225 274 285 301 302 365 371 433 448 541 570 609 625 629 645 668 688 708 759 
38 30 3 5 22 37 59 74 97 114 117 132 144 173 212 226 253 292 295 302 308 469 496 560 600 630 655 659 763 774 790 797 
39 29 4 118 134 146 193 239 242 252 326 340 353 398 412 432 445 460 464 488 499 505 506 533 535 558 643 671 674 792 798 
40 33 19 21 71 77 101 110 114 120 133 149 157 166 172 184 205 254 280 315 337 407 434 439 454 498 543 557 560 592 602 677 720 744 754 
41 31 15 28 36 146 150 168 191 200 235 325 337 344 363 406 468 495 503 540 543 553 679 726 742 744 746 755 762 773 782 789 796 
42 26 16 25 78 97 109 135 189 222 228 306 308 319 367 373 414 420 473 514 523 524 653 682 739 759 773 799 
43 22 7 53 89 192 198 199 204 226 228 278 370 387 413 463 464 484 517 568 586 605 764 795 
44 29 20 31 32 169 199 226 233 310 353 373 381 393 408 420 429 440 453 479 482 487 497 577 581 596 617 628 639 735 770 
45 16 10 15 62 198 243 254 318 342 400 473 503 584 598 688 779 783 
46 36 50 67 71 98 100 145 180 194 199 215 217 287 290 297 300 326 327 417 474 481 492 505 513 518 525 550 571 584 630 681 710 714 731 760 780 790 
47 30 3 4 15 36 51 95 138 139 141 163 182 227 228 258 315 320 348 351 395 424 439 440 541 590 620 633 686 723 736 796 
48 27 56 81 92 105 137 142 145 181 223 259 265 320 403 411 438 455 498 517 528 570 617 624 656 693 698 726 768 
49 23 53 104 121 205 231 250 262 299 307 312 317 398 428 437 475 541 550 583 606 686 708 735 755 
50 31 34 46 59 152 160 171 240 241 268 308 336 377 380 424 431 443 482 508 516 525 547 553 558 582 587 590 675 724 728 732 775 
51 29 47 93 118 141 179 225 315 346 351 359 408 423 432 456 468 484 487 532 558 574 588 622 660 700 719 735 737 741 774 
52 27 77 93 110 113 121 182 195 238 266 323 337 341 343 344 433 459 477 488 531 542 609 636 672 696 741 748 791 
53 29 43 49 87 111 139 173 178 211 212 235 336 342 356 375 424 442 450 468 479 482 483 487 551 591 603 633 669 735 743 
54 39 23 37 63 73 79 82 108 128 140 183 201 258 261 271 335 356 398 402 409 413 414 430 433 465 466 473 509 537 559 571 593 610 690 691 699 754 759 778 798 
55 31 12 13 14 32 94 107 120 147 188 229 247 249 298 310 320 375 398 416 428 443 522 524 532 533 572 639 691 704 706 751 792 
56 33 7 18 23 28 33 48 83 91 97 153 179 214 229 230 266 277 288 359 391 399 440 456 463 484 507 592 607 632 671 678 714 739 755 
57 30 14 65 85 115 149 153 159 190 191 318 333 364 406 443 449 456 471 522 547 568 581 609 680 686 739 742 763 766 784 797 
58 28 1 23 26 28 82 93 95 101 145 148 167 172 281 303 316 336 340 350 436 438 449 520 590 610 663 690 762 796 
59 23 38 50 60 109 196 197 211 233 277 282 293 350 376 423 425 463 471 533 551 626 633 637 699 
60 33 20 24 32 59 61 74 100 114 126 133 156 168 253 303 352 414 443 482 528 546 550 571 578 587 627 635 639 658 700 748 754 786 798 
61 30 2 15 60 107 165 205 208 309 319 323 324 377 379 450 481 526 528 531 559 572 590 609 679 717 732 747 752 770 784 795 
62 27 45 86 108 210 219 228 233 264 267 277 278 292 304 359 401 405 469 477 494 496 519 606 613 639 708 713 777 
63 29 54 143 227 250 251 309 315 337 342 362 415 422 425 444 460 463 511 532 561 585 630 645 663 669 723 751 774 775 779 
64 24 31 97 165 200 242 245 269 283 299 309 387 409 412 462 491 504 513 574 588 631 665 666 682 790 
65 26 57 92 122 124 138 146 213 232 236 286 440 442 465 486 491 503 521 549 552 642 655 696 704 737 790 791 
66 36 15 25 27 89 98 138 173 180 193 198 206 216 244 247 260 264 266 268 274 281 324 336 344 357 424 491 527 528 543 558 564 600 648 649 753 786 
67 35 7 21 32 46 74 85 91 100 116 175 182 229 251 289 304 384 405 428 443 456 514 519 523 544 580 585 590 641 676 701 736 758 776 789 790 
68 28 81 102 138 143 205 226 278 303 330 332 357 361 369 375 448 500 501 543 546 579 637 638 680 703 704 716 753 790 
69 27 9 17 78 109 181 182 190 204 219 238 242 263 279 285 342 347 359 411 522 539 547 587 607 621 642 650 653 
70 19 18 92 139 178 287 396 409 526 542 549 595 614 637 680 701 704 762 786 795 
71 32 14 40 46 109 110 156 181 230 252 255 264 297 358 377 398 440 447 450 463 480 497 504 568 589 656 676 692 695 701 726 734 740 
72 23 36 84 141 158 224 270 292 296 317 329 365 391 452 480 516 569 585 630 682 709 776 778 795 
73 30 2 16 31 33 54 107 141 164 176 187 189 247 306 346 362 366 395 402 412 451 454 572 584 590 608 638 734 759 775 781 
74 29 7 38 60 67 84 104 105 126 127 217 220 264 297 310 311 330 374 405 479 485 602 634 653 665 713 733 747 780 793 
75 25 30 76 91 117 161 165 172 176 217 251 256 289 291 305 372 396 429 472 531 566 567 574 640 703 777 
76 27 0 20 28 75 98 149 209 251 266 273 304 360 427 432 440 453 505 556 608 609 643 667 695 737 739 744 781 
77 23 16 32 40 52 150 168 169 334 348 363 405 453 534 540 545 641 655 660 662 690 727 736 764 
78 31 6 15 42 69 135 138 163 219 281 302 304 359 360 361 371 387 431 438 461 473 486 496 535 612 614 632 634 639 648 737 785 
79 35 30 54 86 99 114 150 195 207 237 263 280 333 348 351 370 390 392 398 401 402 480 483 488 507 533 550 582 588 607 614 665 670 775 794 798 
80 25 92 111 133 172 192 258 291 321 350 360 378 381 402 427 441 457 458 505 544 545 569 582 590 644 747 
81 38 0 8 48 68 84 93 103 104 131 175 186 195 199 263 266 290 343 363 381 401 461 473 481 498 517 519 542 559 592 595 609 671 695 703 716 721 731 756 
82 28 17 27 54 58 95 97 107 170 183 230 282 286 301 339 359 383 404 453 481 505 520 563 633 740 743 761 767 795 
83 28 17 33 34 56 103 126 247 252 321 386 420 437 438 490 515 534 541 563 578 650 680 708 711 717 740 745 764 790 
84 21 72 74 81 93 192 217 272 350 374 417 430 449 501 506 586 630 668 715 720 737 791 
85 31 33 57 67 196 246 292 317 329 357 358 360 382 395 419 434 441 511 513 526 534 545 566 567 642 646 650 654 679 709 717 756 
86 23 1 62 79 149 187 197 209 220 256 268 325 359 365 366 387 518 564 582 588 605 651 668 734 
87 22 12 53 228 239 281 376 453 464 472 560 600 631 636 649 690 693 700 703 718 727 780 798 
88 30 12 27 28 91 93 126 149 174 183 230 269 270 316 328 351 403 414 420 421 439 462 469 494 546 579 642 706 713 735 760 
89 32 4 15 27 43 66 145 159 188 194 255 270 275 310 319 324 395 403 412 430 440 476 523 532 534 550 556 559 575 577 604 623 797 
90 24 108 142 157 239 375 381 400 485 486 513 572 585 593 597 601 611 632 650 659 665 700 726 732 750 
91 38 12 17 34 56 67 75 88 99 158 166 187 196 225 251 344 348 360 361 398 407 414 430 446 480 486 514 548 556 562 565 595 632 641 652 694 751 781 796 
92 24 19 48 65 70 80 175 197 201 239 241 273 301 327 328 381 384 391 393 499 529 553 572 675 797 
93 38 23 51 52 58 81 84 88 161 165 167 178 190 199 232 252 296 331 338 339 341 361 377 388 408 508 510 547 564 574 616 637 648 666 687 723 777 792 795 
94 37 19 28 32 55 102 161 184 197 249 259 272 275 277 280 299 334 342 356 378 398 418 421 424 448 484 537 543 545 556 567 580 595 632 686 687 711 752 
95 22 47 58 82 108 109 115 167 212 213 357 406 411 423 425 431 525 540 560 577 648 651 689 
96 30 11 137 165 167 179 244 261 262 275 333 373 444 458 465 490 511 515 521 524 573 580 588 600 605 610 618 630 644 743 791 
97 28 9 18 35 38 42 56 64 82 98 118 138 167 186 247 351 356 440 498 521 544 599 605 621 641 646 653 676 726 
98 29 11 19 46 66 76 97 121 135 138 172 289 312 344 356 370 378 381 382 439 489 510 527 534 575 580 601 667 705 748 
99 23 79 91 105 130 189 206 268 271 310 357 364 388 400 475 499 555 604 648 700 704 720 762 767 
100 24 46 60 67 112 141 150 216 247 262 286 378 379 393 447 472 552 574 586 600 655 762 765 766 794 
101 28 40 58 135 187 227 265 271 332 360 363 378 383 387 392 403 416 426 485 488 534 569 611 649 702 706 720 728 777 
102 29 6 12 30 68 94 108 150 154 199 212 265 297 323 357 397 409 455 474 499 563 569 572 631 707 713 721 766 771 775 
103 37 7 22 37 81 83 116 119 122 158 178 183 213 238 293 300 301 321 324 402 419 525 529 564 575 579 584 588 595 651 662 672 681 687 712 734 790 793 
104 27 49 74 81 173 209 253 260 293 303 307 335 337 338 404 430 450 453 482 530 533 644 731 732 751 782 790 799 
105 30 27 48 74 99 117 125 133 185 195 233 242 274 282 287 302 305 339 351 352 369 387 422 461 464 516 525 536 601 669 687 
106 25 186 248 314 315 317 325 326 380 416 427 436 464 494 498 521 549 552 565 579 602 634 655 698 725 740 
107 31 14 55 61 73 82 122 126 128 138 251 290 306 324 328 341 376 397 443 527 554 567 572 581 592 603 605 632 649 742 745 774 
108 37 36 37 54 62 90 95 102 139 164 166 168 215 234 236 253 262 271 281 332 358 444 465 487 507 517 528 536 589 609 634 650 699 712 744 758 779 784 
109 36 23 36 42 59 69 71 95 149 150 170 179 221 222 255 274 280 298 332 498 503 522 589 602 611 634 640 664 674 681 692 700 727 734 758 774 786 
110 38 10 18 24 28 40 52 71 140 183 189 190 194 197 215 229 230 272 341 352 406 418 451 486 507 514 517 543 578 594 604 613 693 698 703 716 722 766 773 
111 19 53 80 196 210 223 264 275 306 340 474 493 543 559 615 655 677 688 748 754 
112 34 17 26 32 100 141 181 223 232 260 263 282 302 346 348 349 398 418 420 424 426 431 435 506 514 573 613 653 668 702 710 712 763 783 785 
113 21 14 28 52 134 168 178 229 275 356 437 461 471 492 511 555 578 580 663 681 698 748 
114 21 29 38 40 60 79 122 161 167 175 324 337 436 549 556 557 574 658 675 691 789 796 
115 29 8 35 57 95 120 133 219 299 301 322 334 335 347 385 386 391 402 422 445 499 596 601 615 631 664 741 766 777 782 
116 28 31 67 103 153 162 172 216 217 248 272 311 315 378 395 428 443 452 501 536 565 589 622 662 668 677 684 739 789 
117 25 8 38 75 105 127 169 194 235 254 280 294 450 492 502 546 589 641 675 679 687 737 752 769 789 791 
118 21 23 39 51 97 122 126 164 189 201 213 221 251 253 433 473 542 544 555 660 728 798 
119 37 5 24 26 103 120 128 234 246 256 269 320 363 388 447 487 491 496 507 526 528 529 533 534 551 560 569 574 604 626 630 631 678 682 717 752 772 790 
120 19 6 40 55 115 119 139 257 305 329 383 439 489 540 574 575 660 712 784 787 
121 21 15 25 49 52 98 200 204 248 345 409 415 424 457 543 612 625 661 698 707 758 761 
122 27 22 25 29 65 103 107 114 118 131 135 146 166 190 226 233 265 408 471 483 515 609 652 653 658 674 755 786 
123 30 141 150 178 179 206 209 211 248 288 294 310 358 379 392 403 423 449 467 482 494 514 552 575 596 619 659 700 702 713 779 
124 19 27 65 168 202 241 255 270 275 320 335 337 347 355 394 415 439 453 569 723 
125 32 5 8 20 105 133 153 181 182 184 220 232 258 277 294 313 328 362 374 400 407 425 468 514 547 587 629 709 730 748 765 771 778 
126 31 28 60 74 83 88 107 118 128 221 255 258 299 340 346 353 354 362 394 400 403 418 448 511 541 578 599 708 713 743 747 766 
127 29 22 29 74 117 132 152 174 199 201 219 268 348 406 422 427 445 498 528 530 569 649 679 701 720 743 753 758 790 799 
128 36 12 54 107 119 126 153 164 174 177 200 230 233 291 300 309 314 358 380 430 454 458 461 475 484 488 500 507 528 531 634 661 664 681 691 702 785 
129 33 12 161 165 169 195 243 270 278 302 307 313 315 341 355 360 430 445 455 467 470 502 512 521 555 557 568 572 596 628 660 663 686 772 
130 29 26 99 147 156 165 167 214 228 243 319 329 334 348 371 393 440 458 468 471 494 503 550 611 622 660 666 679 700 738 
131 36 2 26 81 122 144 164 202 220 269 273 280 312 327 329 339 361 418 454 471 486 554 585 593 607 631 648 699 700 711 712 719 726 740 748 759 772 
132 24 37 38 127 135 141 257 281 323 358 388 407 414 438 479 510 511 525 557 562 617 667 684 736 771 
133 35 21 26 40 60 80 105 115 125 150 156 239 242 255 262 336 343 370 382 397 405 407 460 463 501 509 567 569 571 622 636 672 736 751 763 771 
134 24 15 39 113 157 168 191 192 228 324 396 423 439 477 496 513 528 559 565 575 595 663 664 677 780 
135 38 3 35 42 78 98 101 122 132 150 188 220 237 265 277 289 308 311 322 335 361 362 390 391 431 470 484 507 561 567 572 588 638 640 649 698 722 739 749 
136 26 14 37 195 204 217 231 247 257 267 294 295 298 302 306 324 327 346 444 448 450 551 553 577 637 709 785 
137 26 23 48 96 138 209 258 285 299 340 346 381 394 396 420 422 464 473 518 546 552 599 605 659 723 748 768 
138 35 6 30 47 65 66 68 78 97 98 107 137 148 171 244 251 265 306 318 340 349 417 447 458 470 493 590 594 596 610 625 651 656 658 690 758 
139 33 26 47 53 70 108 120 178 202 216 220 227 238 241 260 283 286 314 328 339 355 382 409 430 452 462 485 512 514 552 589 623 637 754 
140 26 6 23 54 110 189 332 367 390 408 413 423 474 487 497 538 550 581 596 616 689 695 730 739 762 784 788 
141 33 12 47 51 72 73 100 112 123 132 157 194 206 224 232 259 315 354 359 360 387 390 418 512 550 622 632 654 670 705 728 732 757 787 
142 32 48 90 164 177 183 208 237 243 245 293 297 301 346 396 397 417 422 449 460 466 467 475 479 564 568 587 698 706 725 772 784 798 
143 24 30 63 68 160 165 177 184 274 284 321 374 421 441 460 480 491 524 546 588 599 604 650 717 747 
144 26 21 23 38 131 224 275 286 300 325 348 389 428 462 471 472 494 530 586 595 621 649 652 727 749 768 793 
145 32 46 48 58 89 163 173 179 199 222 258 339 391 401 421 427 436 526 534 551 628 652 685 694 713 715 732 750 762 771 776 788 793 
146 28 39 41 65 122 149 178 192 193 241 246 267 269 272 304 340 416 477 525 551 591 594 607 622 655 656 706 772 787 
147 23 55 130 159 162 259 297 301 351 377 418 427 539 582 599 616 639 649 650 681 687 722 733 740 
148 20 58 138 149 171 238 245 271 286 304 384 414 455 472 598 647 660 667 737 775 790 
149 36 13 35 40 57 76 86 88 109 146 148 158 224 225 226 256 258 300 344 353 369 387 430 435 453 478 481 484 511 559 629 646 659 677 755 758 798 
150 26 6 41 77 79 100 102 109 123 133 135 305 362 364 376 383 390 444 468 500 549 616 674 698 709 717 791 
151 31 23 36 160 171 174 181 216 226 235 396 400 410 472 520 523 532 540 557 572 575 601 622 629 635 640 641 660 704 719 739 778 
152 35 14 50 127 158 165 180 182 238 253 261 287 336 339 351 436 472 492 496 509 514 515 549 565 567 593 606 622 733 736 756 762 772 778 784 787 
153 26 5 56 57 116 125 128 168 178 195 225 245 280 286 411 454 456 529 544 554 583 647 656 675 758 764 784 
154 20 102 178 205 216 224 239 296 324 350 352 367 398 518 555 556 626 635 657 660 668 
155 23 1 21 159 179 186 223 240 360 370 373 386 460 542 569 584 611 615 709 716 722 760 767 780 
156 29 34 60 71 130 133 163 200 204 220 248 257 274 309 363 451 520 528 599 651 680 698 706 717 729 740 746 779 788 797 
157 40 6 13 25 40 90 134 141 192 243 251 273 282 283 289 308 324 341 366 441 450 457 490 496 506 565 583 612 645 652 656 689 691 696 705 728 731 759 762 778 795 
158 27 11 72 91 103 149 152 184 255 304 323 346 395 411 412 422 542 562 572 598 610 626 629 647 703 705 739 788 
159 26 2 10 13 31 57 89 147 155 160 186 260 293 316 342 382 391 414 462 475 509 530 623 681 764 766 771 
160 33 25 50 143 151 159 181 220 239 278 314 323 325 369 389 391 414 447 500 510 536 555 598 612 640 643 656 684 711 763 767 772 781 794 
161 26 11 75 93 94 114 129 184 276 304 309 357 388 399 416 426 544 558 581 622 632 644 668 712 726 746 775 
162 36 2 3 4 5 22 116 147 170 226 234 251 253 262 265 303 310 348 374 394 396 410 453 459 514 539 589 603 620 646 651 661 678 712 721 756 777 
163 27 0 47 78 145 156 185 195 208 222 273 329 333 374 459 490 512 526 569 577 581 587 592 599 606 700 738 762 
164 21 23 73 108 118 128 131 142 218 227 298 368 377 389 417 420 444 464 523 580 706 729 
165 30 11 61 64 75 93 96 129 130 143 152 196 224 227 243 244 252 255 265 295 301 328 417 426 467 537 629 640 718 756 781 
166 28 12 40 91 108 122 205 235 293 367 389 393 419 440 452 509 526 532 568 610 623 632 653 664 694 710 742 744 766 
167 24 33 58 93 95 96 97 114 130 264 270 310 329 335 352 353 378 435 468 530 545 575 604 654 773 
168 33 41 60 77 108 113 124 134 153 170 215 216 261 297 313 322 354 387 422 540 547 548 550 614 620 626 648 693 708 722 738 753 769 799 
169 29 44 77 117 129 198 271 278 338 346 354 359 383 441 447 448 451 501 522 530 531 610 665 680 696 735 743 748 753 783 
170 27 82 109 162 168 176 177 188 189 197 244 307 311 326 341 351 456 459 461 553 645 648 669 684 688 693 704 798 
171 25 11 32 50 138 148 151 174 273 282 341 378 438 445 458 472 543 606 631 643 647 691 742 746 778 786 
172 25 16 40 58 75 80 98 116 220 225 245 246 258 277 286 343 369 407 431 445 460 477 557 601 638 736 
173 29 0 38 53 66 104 145 197 224 231 258 294 298 300 313 314 332 335 402 502 545 564 580 670 680 696 705 735 762 767 
174 29 88 127 128 151 171 180 268 296 320 332 393 409 410 449 450 475 529 546 547 608 613 647 678 716 725 737 747 760 761 
175 23 0 11 67 81 92 114 219 234 254 265 283 316 329 333 374 416 430 453 460 589 630 668 749 
176 37 3 11 24 34 73 75 170 202 237 274 287 290 307 362 375 384 427 447 454 489 508 514 525 530 598 636 653 660 683 686 695 720 724 742 757 788 798 
177 24 128 142 143 170 178 219 233 257 259 272 307 328 375 484 493 622 625 631 690 707 721 752 767 786 
178 36 14 53 70 93 103 113 123 139 146 153 154 177 223 255 266 315 335 378 383 388 397 408 424 437 443 453 466 492 493 560 575 593 600 651 664 726 
179 34 17 22 26 51 56 96 109 123 145 155 185 224 234 255 265 364 376 388 391 441 526 544 566 571 572 587 640 676 692 731 740 745 778 782 
180 28 11 24 46 66 152 174 199 265 270 279 340 360 364 430 495 509 589 602 641 660 666 694 697 716 753 781 782 784 
181 27 25 33 48 69 71 112 125 151 160 208 209 230 237 263 290 341 349 366 401 411 413 511 564 703 722 731 779 
182 31 10 18 35 47 52 67 69 125 152 192 197 216 265 299 341 353 382 408 436 442 451 455 462 529 556 601 657 672 719 763 795 
183 29 9 21 54 82 88 103 110 142 203 204 244 262 297 320 332 343 413 471 495 512 553 630 684 726 743 753 764 767 799 
184 27 22 32 40 94 125 143 158 161 214 246 263 269 292 303 305 341 386 399 435 471 498 530 571 708 717 745 748 
185 23 30 105 163 179 320 354 422 427 430 431 465 480 522 568 570 578 640 674 706 725 751 758 762 
186 30 21 29 81 97 106 155 159 253 308 318 322 387 409 465 472 478 494 536 552 557 579 584 624 656 669 675 701 728 737 785 
187 18 12 73 86 91 101 242 266 296 315 357 368 375 603 607 654 669 687 778 
188 22 55 89 135 170 190 197 225 238 244 312 419 454 485 518 557 586 631 633 700 717 751 798 
189 33 3 13 17 42 73 99 110 118 140 170 213 214 223 227 241 258 265 302 309 358 397 400 469 477 478 503 527 560 592 669 697 740 776 
190 30 12 15 29 57 69 93 110 122 188 194 208 242 340 344 364 386 392 395 420 423 444 517 518 661 689 693 715 778 787 799 
191 30 13 21 41 57 134 239 248 275 289 306 318 338 359 363 392 397 436 445 464 476 486 502 520 547 554 558 636 672 731 791 
192 27 10 28 43 80 84 134 146 157 182 246 276 343 405 432 460 464 480 553 566 597 623 677 690 768 769 775 788 
193 21 39 66 146 243 253 272 277 355 387 525 534 571 573 614 659 666 697 718 742 757 783 
194 21 46 89 110 117 141 190 204 257 366 377 399 457 520 532 560 564 650 729 780 798 799 
195 22 52 79 81 105 129 136 153 163 340 414 476 492 508 509 534 563 603 611 643 651 737 744 
196 29 59 85 91 111 165 203 243 265 288 306 312 373 390 410 469 486 509 576 593 606 633 640 679 701 704 705 767 783 789 
197 22 59 86 92 94 110 170 173 182 188 210 302 325 327 330 333 355 464 507 511 512 569 645 
198 30 16 23 27 28 33 43 45 66 169 231 270 274 306 358 366 379 430 467 495 498 519 520 568 573 610 624 678 700 748 781 
199 37 11 43 44 46 81 93 102 127 145 180 253 260 272 304 356 391 438 457 517 570 596 610 618 620 660 707 708 712 713 715 733 738 742 749 779 784 787 
200 35 37 41 64 121 128 156 219 241 267 270 271 297 300 301 331 348 365 378 420 442 445 468 486 495 523 526 529 557 560 564 594 598 679 738 779 
201 31 54 92 118 127 202 203 253 281 321 323 343 358 372 381 419 440 504 529 558 569 583 612 623 645 693 706 722 734 771 778 794 
202 22 0 8 124 131 139 176 201 203 229 272 284 376 377 394 421 433 522 551 574 611 617 777 
203 20 6 183 196 201 202 211 246 270 295 308 338 379 414 526 548 593 645 680 717 743 
204 36 10 43 69 121 136 156 183 194 210 214 219 239 258 311 321 328 378 413 417 434 505 510 516 524 551 556 569 576 583 589 594 596 643 728 735 787 
205 30 40 49 61 68 154 166 217 227 293 347 366 398 404 421 442 443 461 468 496 499 507 540 549 558 611 637 699 753 772 786 
206 27 13 66 99 123 141 216 282 303 359 360 426 430 431 442 477 530 552 598 600 625 638 642 705 718 738 764 795 
207 26 2 79 274 286 287 304 318 324 330 374 414 450 452 464 483 569 586 610 660 677 680 689 725 733 758 796 
208 30 17 61 142 163 181 190 225 284 286 288 306 321 365 372 375 378 401 415 453 468 512 562 602 605 608 634 734 763 782 793 
209 28 7 76 86 104 123 137 181 237 257 264 327 356 396 418 420 427 499 501 503 534 546 568 579 602 643 680 728 736 
210 29 28 31 62 111 197 204 246 262 429 461 465 479 513 518 541 544 576 601 609 611 617 677 721 726 737 757 763 769 781 
211 30 17 27 53 59 123 203 221 246 294 310 324 391 438 443 469 504 516 546 548 564 573 589 597 602 619 622 654 662 687 713 
212 22 38 53 95 102 276 325 364 433 445 468 511 529 557 585 622 630 678 729 762 768 778 785 
213 23 14 65 95 103 118 189 259 266 303 305 329 363 406 415 461 527 607 622 627 643 662 685 711 
214 29 11 12 35 56 130 184 189 204 217 228 235 292 344 346 383 392 421 446 466 539 541 582 638 667 707 742 748 756 769 
215 24 25 46 108 110 168 238 264 275 455 471 500 511 575 582 609 620 671 675 684 729 748 761 782 793 
216 33 66 100 116 139 151 154 168 182 206 227 230 274 307 339 353 385 462 491 515 551 584 620 662 666 672 674 686 699 718 743 760 769 782 
217 25 10 29 46 74 75 84 116 136 205 214 340 353 393 475 477 490 513 581 645 701 714 719 730 795 796 
218 25 164 249 282 289 297 303 342 349 383 420 428 444 446 509 524 549 564 565 605 637 639 650 657 751 791 
219 33 62 69 78 115 127 175 177 200 204 226 255 335 344 356 364 424 427 445 493 527 563 589 590 595 605 610 620 648 682 712 744 760 794 
220 41 3 74 86 125 131 135 139 156 160 172 222 245 263 301 306 322 328 333 335 359 431 452 461 472 477 483 500 529 534 597 611 625 633 655 658 662 672 685 722 749 795 
221 27 21 109 118 126 211 252 253 268 270 313 321 323 341 386 388 404 408 435 536 553 596 633 662 670 705 727 776 
222 22 25 28 42 109 145 163 220 242 267 288 294 300 305 349 398 424 482 534 535 697 709 755 
223 20 14 48 111 112 155 178 189 247 264 310 330 354 426 459 583 630 633 662 697 764 
224 33 22 72 141 144 149 154 165 173 179 225 227 233 243 313 322 334 440 468 490 492 506 514 561 598 624 646 675 676 701 706 744 777 778 
225 32 21 23 37 51 91 149 153 172 188 208 224 273 308 326 338 341 349 361 413 418 434 484 498 504 512 515 517 552 617 634 656 766 
226 30 1 38 43 44 68 122 149 151 162 219 241 256 268 304 325 342 343 346 358 371 375 404 436 441 474 610 648 696 710 722 
227 28 3 23 47 63 101 139 164 165 189 205 216 224 249 290 292 296 299 327 373 423 510 551 559 582 685 687 708 797 
228 26 42 43 47 62 87 130 134 214 249 298 333 386 390 395 432 452 453 517 522 537 539 561 591 639 729 797 
229 35 8 11 55 56 67 110 113 202 236 267 268 298 330 401 409 424 434 441 473 477 532 546 555 556 563 579 606 627 647 657 670 694 706 719 737 
230 24 33 56 71 82 88 110 128 181 216 240 288 317 372 398 401 413 422 482 495 569 582 655 657 771 
231 25 3 5 49 136 173 198 279 299 317 320 344 377 426 450 482 568 575 646 651 693 700 728 760 775 788 
232 20 2 3 12 65 93 112 125 141 256 258 422 465 472 509 563 588 658 719 731 757 
233 24 44 59 62 105 122 128 177 224 254 277 314 321 366 377 408 423 424 425 450 464 468 557 617 723 
234 41 19 108 119 162 175 179 290 303 311 336 344 362 374 407 416 430 469 477 490 491 497 504 538 542 557 623 629 635 639 678 679 686 688 707 708 728 739 740 766 784 797 
235 28 18 19 41 53 117 151 166 214 324 330 350 373 394 446 447 504 524 547 549 553 574 588 639 645 656 657 735 741 
236 29 65 108 229 263 269 281 310 317 321 341 397 424 436 482 487 490 509 521 601 605 660 683 685 693 705 750 787 791 796 
237 25 79 135 142 176 181 209 271 273 347 369 386 420 440 468 471 516 526 528 574 584 633 645 659 717 789 
238 26 11 52 69 103 139 148 152 188 215 257 263 312 331 381 386 404 405 424 586 682 685 711 752 753 777 794 
239 30 6 35 39 87 90 92 133 154 160 191 204 260 307 317 420 424 457 483 538 559 582 606 620 625 648 655 661 694 765 794 
240 22 15 24 50 155 230 252 327 462 480 494 510 514 519 558 565 566 567 577 598 623 626 734 
241 28 18 22 50 92 124 139 146 189 200 226 254 278 279 318 360 369 387 412 466 485 556 632 639 657 720 730 740 785 
242 29 39 64 69 105 133 187 190 222 280 384 434 479 485 490 501 523 534 577 591 621 622 643 687 690 703 730 743 751 781 
243 31 7 12 33 45 129 130 142 157 165 193 196 224 255 261 282 288 338 345 432 436 503 516 538 560 573 600 618 635 646 680 758 
244 25 66 96 138 165 170 183 188 249 288 306 318 406 451 455 463 509 519 545 563 645 685 755 763 766 793 
245 28 64 142 148 153 172 220 256 282 298 327 330 381 408 416 421 426 436 441 470 488 498 501 516 624 638 730 780 795 
246 26 85 119 146 172 184 192 203 210 211 271 324 334 367 382 471 475 554 564 593 600 608 629 634 727 769 782 
247 36 1 9 55 66 73 83 97 100 136 223 272 294 315 357 378 485 496 500 537 551 558 564 575 584 591 597 602 626 627 646 674 712 748 760 764 787 
248 29 5 12 34 106 116 121 123 156 191 291 326 349 373 416 495 534 544 548 549 571 594 644 660 679 705 722 779 780 790 
249 30 55 94 218 227 228 244 265 267 269 304 315 347 450 461 479 486 494 505 522 525 551 605 650 684 688 696 698 727 770 780 
250 17 19 49 63 287 374 378 561 581 583 603 635 676 693 706 725 726 748 
251 32 2 22 24 63 67 75 76 91 107 118 138 157 162 261 276 282 286 296 300 302 321 333 481 489 512 527 563 614 619 637 698 750 
252 30 16 28 34 39 71 83 93 165 221 240 259 307 358 365 376 404 445 462 469 476 519 523 570 576 597 670 675 716 742 746 
253 37 19 38 60 104 108 118 152 162 186 193 199 201 221 262 264 295 337 362 386 391 442 447 458 504 508 513 519 522 596 618 627 687 689 728 734 768 778 
254 33 7 30 40 45 117 175 233 241 269 270 272 420 458 459 489 503 516 527 529 551 567 572 595 598 601 615 625 662 706 715 721 726 751 
255 32 8 71 89 109 124 126 133 158 165 178 179 219 243 271 285 293 388 393 425 486 500 590 612 650 653 674 681 717 728 745 767 774 
256 26 15 34 75 86 119 149 226 232 245 278 288 336 377 436 475 496 503 507 531 533 551 656 658 714 720 789 
257 24 14 32 120 132 136 156 177 194 209 238 260 320 323 333 362 385 433 489 499 592 637 675 680 792 
258 44 4 12 19 21 47 54 80 125 126 137 145 149 172 173 189 204 232 266 298 299 327 416 422 439 467 481 482 510 518 561 577 591 611 637 669 685 692 699 702 727 771 776 779 787 
259 23 48 94 141 147 177 213 252 294 332 352 355 391 413 425 517 537 565 613 616 627 643 709 780 
260 26 30 66 104 112 139 159 199 239 257 278 294 298 337 368 449 450 506 512 551 583 588 694 723 779 787 789 
261 18 26 54 96 152 168 243 251 276 392 411 419 553 559 579 613 726 736 746 
262 33 49 96 100 108 133 162 183 210 253 267 272 301 317 341 363 382 393 418 446 468 469 478 507 578 582 618 650 651 663 685 693 760 762 
263 33 8 69 79 81 112 181 184 220 236 238 266 304 313 342 360 426 514 524 532 580 592 638 646 647 662 690 702 703 706 734 771 792 798 
264 25 26 62 66 71 74 111 167 209 215 223 253 359 397 420 440 455 463 497 607 611 632 711 731 751 789 
265 36 13 14 15 21 28 31 48 101 102 122 135 138 162 165 175 179 180 182 189 196 249 328 352 366 410 428 452 498 538 560 659 676 683 695 735 773 
266 27 52 56 66 76 81 178 187 213 258 263 326 331 349 358 395 454 472 476 505 586 604 625 635 669 696 704 789 
267 26 7 62 136 146 200 222 229 249 262 274 297 309 310 317 358 389 396 436 452 592 614 616 665 691 707 785 
268 26 50 66 86 99 127 174 221 226 229 298 331 332 340 361 387 410 412 470 512 532 559 592 635 645 705 789 
269 23 64 88 119 131 146 184 236 249 254 296 311 498 534 545 600 620 633 675 735 738 749 751 771 
270 39 21 72 88 89 124 129 167 180 198 200 203 221 254 284 296 329 382 388 405 414 429 431 441 474 479 494 504 513 539 559 619 625 653 655 699 720 755 756 799 
271 30 3 13 54 99 101 108 148 169 200 237 246 255 278 320 329 343 388 444 447 450 483 521 546 582 586 590 651 679 697 733 
272 37 9 84 94 110 116 146 177 193 199 202 247 254 262 310 311 323 337 359 398 425 436 450 455 495 516 541 561 592 624 629 631 656 660 667 717 736 751 
273 33 5 6 76 92 131 157 163 171 225 237 291 308 311 319 365 367 373 396 402 448 510 532 538 568 590 613 635 640 646 677 683 726 781 
274 23 37 66 105 109 143 156 176 198 207 216 267 294 295 365 425 474 497 514 523 560 568 589 629 
275 29 4 14 32 89 94 96 111 113 124 144 191 215 285 302 323 408 430 449 479 525 565 592 601 603 624 676 704 756 779 
276 23 161 192 212 251 261 291 301 349 368 370 456 521 582 596 603 654 666 693 707 724 757 776 798 
277 27 16 56 59 62 94 125 135 172 193 233 282 291 407 460 487 516 551 568 572 590 596 628 655 679 722 759 772 
278 34 43 62 68 129 160 169 241 256 260 271 290 299 305 317 373 377 381 391 466 515 543 553 554 557 562 625 633 634 654 701 719 731 742 791 
279 22 24 33 69 180 231 241 319 385 386 433 452 487 494 567 603 629 637 682 683 686 718 769 
280 21 40 79 94 109 117 131 153 242 284 448 473 483 485 585 594 606 632 690 753 771 791 
281 36 17 20 36 58 66 78 87 108 132 201 236 313 353 365 374 379 391 404 406 420 451 463 498 502 510 516 591 597 606 622 634 660 690 691 698 793 
282 29 59 82 105 112 157 171 206 218 243 245 251 277 330 340 348 419 421 498 503 582 605 644 648 713 760 771 778 779 787 
283 26 4 9 64 139 157 175 292 367 427 430 433 437 446 450 460 528 592 628 654 683 693 698 709 727 763 775 
284 23 143 202 208 270 280 298 309 322 355 357 387 403 427 466 485 536 548 579 581 608 648 780 781 
285 27 37 69 137 255 275 321 322 333 351 400 401 427 452 475 528 543 566 588 601 605 634 641 651 703 708 729 771 
286 34 14 65 82 100 139 144 148 153 172 207 208 251 308 309 341 405 407 430 440 443 457 536 546 555 560 578 593 619 660 679 700 725 738 791 
287 21 6 46 70 105 152 176 207 250 334 375 385 401 411 429 456 495 534 536 545 598 643 
288 28 3 56 123 196 208 222 230 243 244 256 300 307 341 487 488 503 508 522 532 583 584 661 698 699 726 743 757 781 
289 25 22 67 75 98 135 157 191 218 301 317 351 374 526 570 626 652 682 684 714 724 750 757 762 771 775 
290 32 10 29 46 81 107 176 181 227 234 278 299 307 309 330 383 401 426 438 458 486 537 557 575 617 654 664 729 733 747 753 758 792 
291 27 10 75 80 128 248 273 276 277 299 349 353 402 426 524 560 571 578 592 614 636 653 691 698 737 757 761 771 
292 38 7 38 62 72 85 184 214 227 283 336 347 351 402 419 435 463 471 475 520 537 548 564 569 598 606 622 644 667 678 699 705 709 712 716 717 764 770 792 
293 23 2 59 103 104 142 159 166 205 255 320 385 417 442 450 493 556 563 575 612 639 651 692 732 
294 30 30 117 123 125 136 173 211 222 247 259 260 274 378 407 429 431 473 530 562 614 619 699 701 721 748 758 760 769 793 795 
295 29 25 27 38 136 165 203 253 274 321 333 388 398 415 473 582 586 591 602 611 625 658 674 680 713 722 727 728 736 756 
296 30 72 93 154 174 187 227 251 269 270 379 392 393 394 397 399 401 432 459 480 546 549 573 636 650 722 723 731 758 773 788 
297 26 6 13 46 71 74 102 142 147 168 183 200 218 267 324 336 403 406 429 447 465 544 545 559 562 721 748 
298 35 33 55 109 136 164 173 228 229 245 258 260 268 284 335 371 406 436 456 458 486 489 492 493 535 582 591 652 661 665 674 684 686 736 740 763 
299 29 49 64 94 115 126 137 182 227 231 258 278 290 291 305 335 345 396 438 472 497 517 608 631 645 680 695 723 726 758 
300 26 46 103 128 144 149 173 200 222 251 288 314 366 367 426 462 504 510 532 534 545 625 630 635 651 677 718 
301 32 27 37 82 92 103 115 142 147 165 200 220 262 276 289 449 542 580 584 591 599 621 668 669 671 727 738 747 770 780 785 786 794 
302 41 7 18 29 37 38 78 105 112 129 136 189 197 251 275 304 317 320 342 344 349 404 433 451 471 474 485 553 557 570 573 578 585 589 598 633 652 668 681 750 769 771 
303 31 18 58 60 68 104 162 184 206 213 218 234 335 345 369 393 452 459 477 487 522 534 538 543 574 601 640 643 651 669 733 780 
304 41 16 62 67 76 78 146 148 158 161 199 207 226 249 263 302 315 325 342 433 440 441 450 456 495 499 535 539 543 544 547 561 582 586 653 686 694 710 733 749 763 769 
305 25 75 105 120 150 184 213 222 278 299 377 384 399 424 435 445 510 517 593 594 631 680 684 691 720 748 
306 26 42 73 107 111 136 138 191 196 198 208 220 244 311 324 344 348 372 511 616 630 645 655 681 730 734 736 
307 31 11 14 23 49 104 129 170 176 177 216 239 252 288 290 397 403 463 550 563 564 569 584 604 614 701 708 713 717 769 773 781 
308 32 38 42 50 135 157 186 203 225 273 286 323 373 378 393 430 448 455 494 513 518 543 564 598 617 696 712 766 768 779 788 796 799 
309 33 28 61 63 64 128 156 161 189 267 284 286 290 313 357 369 400 405 416 427 451 461 506 524 529 544 602 629 732 733 751 777 782 788 
310 36 1 8 13 16 44 55 74 89 99 123 162 167 211 223 236 267 272 322 357 388 393 424 500 504 510 543 576 619 649 652 665 691 738 753 760 777 
311 36 74 116 135 170 204 234 269 272 273 306 331 367 377 383 411 413 414 422 484 557 566 568 576 582 587 603 636 649 672 708 727 733 737 760 762 781 
312 15 22 49 98 131 188 196 238 359 391 469 559 580 714 723 744 
313 36 12 34 125 129 168 173 221 224 263 281 309 322 333 380 402 403 417 429 437 441 443 507 575 582 590 626 639 644 660 665 673 701 704 708 744 797 
314 21 28 106 128 139 160 173 233 300 336 355 411 474 496 498 537 680 690 713 719 756 767 
315 35 8 40 47 51 63 106 116 129 141 178 187 247 249 304 347 398 413 442 448 456 474 480 513 522 559 573 602 609 612 657 664 682 732 738 787 
316 19 58 88 159 175 376 395 444 452 520 586 590 628 631 657 688 724 741 747 764 
317 23 49 72 85 106 230 231 236 239 262 267 278 289 302 368 398 411 430 509 529 578 656 785 796 
318 21 45 57 138 186 191 207 241 244 349 403 444 470 517 552 557 666 676 679 686 753 788 
319 29 42 61 89 130 273 279 330 336 342 380 420 441 461 482 498 520 551 560 572 594 601 627 713 732 737 758 774 779 798 
320 32 4 47 48 55 119 124 174 183 185 231 257 271 293 302 339 395 410 448 477 492 527 533 554 564 575 582 584 586 588 622 705 760 
321 31 19 80 83 103 143 201 204 208 221 233 236 251 285 295 352 423 488 490 512 531 541 562 580 591 657 693 701 732 743 745 783 
322 24 16 115 135 168 186 220 224 284 285 310 313 336 337 370 374 382 413 430 551 640 656 672 703 786 
323 28 2 6 52 61 102 132 158 160 201 221 257 272 275 308 326 330 388 400 414 444 563 579 654 676 677 702 788 792 
324 33 25 61 66 89 103 107 114 134 136 154 157 207 211 235 246 297 306 363 384 463 512 518 530 541 560 566 586 613 633 681 767 793 795 
325 27 22 41 86 106 144 160 197 212 226 304 341 343 345 349 417 427 578 589 619 646 667 674 677 693 722 761 765 
326 25 19 39 46 106 170 225 248 266 323 337 461 497 498 536 582 607 615 641 674 687 715 716 725 748 782 
327 41 46 92 131 136 197 209 227 240 245 258 354 357 396 411 417 447 449 465 470 486 509 557 577 578 601 610 614 618 621 642 645 648 655 681 688 697 709 730 734 754 784 
328 32 88 92 107 125 139 165 177 204 220 265 350 399 467 473 475 512 519 550 558 643 647 662 674 697 707 713 734 744 779 789 790 794 
329 29 15 72 85 120 130 131 163 167 175 213 270 271 332 337 356 366 384 387 441 547 583 603 617 627 635 722 739 751 796 
330 29 68 74 197 207 223 229 235 245 282 290 319 323 362 366 369 413 450 480 535 553 625 652 686 718 737 738 754 794 798 
331 25 93 200 238 266 268 311 341 352 353 399 416 434 440 450 477 479 512 542 581 612 613 614 671 772 793 
332 32 10 68 101 108 109 140 173 174 183 259 268 329 345 383 393 436 449 475 489 545 559 567 579 586 588 605 610 637 663 668 720 724 
333 28 0 57 79 96 163 175 197 220 228 251 257 285 295 313 384 406 425 449 463 509 537 556 649 689 728 775 783 799 
334 31 77 94 115 130 224 246 287 337 403 413 451 487 496 511 523 536 554 575 580 592 618 619 621 633 635 643 645 660 662 674 740 
335 34 54 104 115 124 135 167 173 178 219 220 298 299 303 340 341 348 350 423 424 447 481 496 498 539 583 588 593 616 662 692 731 761 774 794 
336 31 13 25 50 53 58 66 133 152 234 256 292 297 314 319 322 350 395 456 518 527 550 571 576 587 617 656 670 704 713 739 763 
337 29 20 29 40 41 52 63 104 114 124 253 260 272 322 326 329 334 342 348 455 468 509 543 568 602 633 655 717 731 799 
338 19 31 93 104 169 191 203 225 243 361 365 408 428 523 683 708 779 786 787 791 
339 28 82 93 105 131 139 145 152 216 320 379 404 424 435 436 463 466 473 486 487 496 514 603 626 638 681 779 795 796 
340 34 22 28 39 58 111 126 137 138 146 180 190 195 217 268 282 335 343 354 357 433 437 485 529 536 558 628 632 702 720 743 753 769 770 778 
341 34 52 93 107 110 129 157 170 171 181 182 184 221 225 236 262 286 288 325 331 335 346 470 478 558 559 584 638 645 662 667 680 685 713 756 
342 25 45 53 63 69 94 159 218 226 263 302 304 319 337 372 399 430 433 436 505 546 594 655 733 740 760 
343 26 13 52 81 133 172 183 192 201 226 271 325 340 364 366 406 412 461 508 513 518 641 688 719 721 756 799 
344 29 41 52 66 91 98 149 190 214 219 231 234 302 306 376 391 407 426 457 556 587 594 649 650 700 739 747 755 759 772 
345 22 121 243 299 303 325 332 352 388 418 438 461 472 511 587 611 614 649 708 729 757 760 776 
346 29 15 51 73 112 126 136 137 142 158 169 214 226 341 350 351 442 451 454 469 481 508 556 578 646 660 675 693 720 725 
347 32 18 29 35 69 115 124 205 237 249 292 315 360 377 405 450 491 511 589 603 611 647 682 688 690 715 734 741 745 762 770 789 798 
348 20 47 77 79 91 112 127 130 144 162 200 282 306 335 337 350 454 552 556 564 596 
349 26 17 112 138 181 218 222 225 248 266 276 291 302 318 325 383 435 514 527 553 595 604 626 671 763 767 770 
350 30 24 25 58 59 80 84 154 235 328 335 336 346 348 437 447 476 513 522 538 547 550 553 555 571 623 700 715 719 770 784 
351 29 14 47 51 79 88 97 105 147 152 170 285 289 292 346 387 388 407 503 511 512 540 560 597 613 703 719 725 731 779 
352 24 60 105 110 154 167 259 265 321 331 345 354 409 430 463 478 481 597 643 651 667 694 748 777 799 
353 29 8 22 39 44 126 149 167 182 216 217 281 291 331 364 389 390 400 420 443 463 484 489 536 551 657 678 704 744 795 
354 35 9 17 32 126 141 168 169 185 223 327 340 352 355 358 360 365 372 446 452 462 465 472 535 563 574 582 610 615 622 664 679 689 739 742 751 
355 26 10 124 129 139 193 197 259 284 314 354 367 430 445 462 488 494 552 555 561 577 649 672 689 725 773 784 
356 21 53 54 94 97 98 113 199 209 219 329 368 395 424 489 517 624 649 732 749 764 782 
357 32 21 66 68 85 95 99 102 161 187 247 284 309 310 327 340 451 489 490 496 502 521 538 591 655 692 700 733 744 749 777 789 796 
358 27 6 32 71 85 108 123 128 132 189 198 201 226 252 266 267 354 381 419 427 516 541 596 631 639 682 734 745 
359 28 23 51 56 62 69 78 82 86 141 169 191 206 220 264 272 312 392 401 455 493 529 595 597 607 617 658 698 751 
360 28 20 76 78 80 85 91 101 129 141 155 180 206 241 263 347 354 368 412 479 509 544 571 572 575 588 651 707 794 
361 28 5 11 68 78 91 93 131 135 225 268 338 379 415 445 447 470 471 487 488 492 579 603 631 674 682 752 759 782 
362 30 25 63 73 125 126 135 150 176 234 253 257 330 398 400 413 419 433 454 497 523 563 595 648 654 677 700 716 779 785 792 
363 29 4 14 41 77 81 101 119 156 191 213 262 324 425 444 448 488 492 537 552 568 607 617 648 693 709 723 726 739 781 
364 29 57 99 150 179 180 190 212 219 343 353 374 413 416 434 457 483 488 493 498 506 520 537 572 579 582 704 713 717 728 
365 31 37 72 86 200 208 252 273 274 281 338 354 398 404 407 457 463 469 473 476 512 566 571 581 599 648 677 686 726 739 742 797 
366 37 73 86 157 181 194 198 205 233 265 300 329 330 343 398 445 464 466 468 478 527 542 545 572 579 615 628 634 646 647 650 678 681 716 744 758 765 774 
367 25 26 42 140 154 166 246 273 283 300 311 355 390 404 412 431 456 499 591 618 620 749 753 778 779 783 
368 25 21 164 187 260 276 317 356 360 382 415 418 422 423 444 459 475 484 507 566 582 686 697 759 782 795 
369 23 24 68 105 149 160 172 237 241 303 309 330 371 440 581 588 602 669 726 735 739 741 751 795 
370 22 43 79 98 133 155 276 322 380 422 459 490 497 592 662 663 671 693 706 712 736 747 783 
371 25 10 19 34 37 78 130 226 298 369 442 471 477 491 494 498 511 530 564 592 618 685 686 694 761 798 
372 20 75 201 208 230 306 342 354 389 390 449 467 476 566 637 673 712 733 742 777 791 
373 38 8 13 29 34 36 42 44 96 155 196 227 235 248 273 278 308 384 385 423 432 458 481 493 525 570 601 644 668 680 683 715 716 722 738 743 744 747 784 
374 31 8 16 31 74 84 125 143 162 163 175 207 234 250 281 289 322 364 442 446 465 471 488 501 527 603 632 688 698 719 725 797 
375 25 28 53 55 68 90 176 177 187 208 226 287 376 401 402 410 427 440 477 478 491 523 547 568 750 763 
376 26 7 59 87 107 150 179 202 252 316 344 375 377 397 426 437 442 484 575 591 599 611 613 614 695 704 727 
377 38 33 50 61 71 93 147 164 194 202 231 233 256 278 305 311 347 376 401 426 451 457 471 488 516 558 573 574 577 581 632 670 678 694 722 730 734 746 785 
378 32 27 30 80 94 98 100 101 116 167 171 178 200 204 208 247 250 294 308 392 400 412 447 473 480 486 500 538 555 606 615 785 792 
379 29 20 61 100 123 198 203 281 296 339 361 382 383 437 438 440 463 483 484 509 558 569 605 624 697 726 734 761 770 783 
380 22 13 25 50 106 128 313 319 370 452 456 504 533 536 585 605 635 655 767 783 786 790 794 
381 31 44 80 81 90 92 98 137 201 238 245 278 358 398 432 434 481 545 582 593 597 635 649 662 729 750 754 756 769 771 772 784 
382 26 7 15 36 85 98 133 139 159 182 246 262 270 322 368 379 405 438 563 610 611 619 620 663 727 743 756 
383 31 7 22 36 82 101 120 150 169 178 214 218 290 311 332 349 379 403 409 469 483 537 540 581 651 671 675 730 733 747 755 786 
384 30 67 92 148 176 242 305 324 329 333 373 405 423 425 444 478 486 495 514 517 537 546 591 595 616 632 646 703 719 722 752 
385 21 9 115 216 257 279 287 293 373 436 492 559 625 647 662 687 700 715 769 777 785 794 
386 33 10 83 115 155 184 190 221 228 237 238 253 279 388 401 409 430 439 447 491 530 537 538 539 542 562 624 643 670 695 778 790 795 799 
387 36 1 43 64 78 86 101 105 141 149 168 186 193 241 268 284 329 351 406 446 500 540 546 564 591 613 646 663 669 691 704 709 718 733 752 760 767 
388 41 2 93 99 119 132 161 178 179 221 255 270 271 295 310 323 345 351 386 396 414 425 440 497 507 509 542 585 592 596 608 610 615 633 655 669 671 683 732 753 780 790 
389 22 1 30 144 160 164 166 267 353 372 422 498 547 573 580 583 584 617 634 693 761 777 786 
390 28 79 135 140 141 150 196 228 353 367 372 421 456 469 486 490 497 499 528 530 572 585 591 598 634 646 658 699 798 
391 30 14 56 72 92 115 135 145 159 160 179 199 211 253 259 278 281 312 344 409 450 551 559 590 607 618 654 693 711 748 783 
392 24 79 101 123 190 191 214 261 296 359 378 477 483 488 511 568 570 640 649 651 730 744 751 756 794 
393 28 8 21 44 92 100 130 166 174 217 255 262 296 303 308 310 332 429 560 581 603 624 634 689 715 757 769 774 786 
394 21 6 12 29 124 126 137 162 202 235 296 428 440 465 480 530 544 692 695 697 722 796 
395 33 47 73 85 89 116 158 190 228 266 316 320 336 356 400 406 420 423 458 462 483 540 541 544 555 597 612 621 629 672 699 748 760 790 
396 29 0 13 70 75 134 137 142 151 162 209 267 273 299 327 388 422 455 457 482 484 549 608 642 656 659 702 750 755 782 
397 37 102 107 133 142 178 189 191 236 264 296 307 376 398 421 433 451 459 463 494 495 507 517 530 563 574 579 609 638 650 656 660 699 708 746 752 757 788 
398 36 19 22 29 39 49 54 55 71 79 91 94 112 154 205 222 230 272 295 315 317 362 365 366 381 397 424 485 489 494 499 553 646 675 682 762 770 
399 25 22 56 161 184 194 296 305 328 331 342 420 491 494 525 542 554 593 609 617 630 637 655 672 729 780 
400 28 12 45 90 99 125 126 151 189 285 309 323 353 362 378 395 404 448 451 473 505 556 557 588 595 605 681 742 797 
401 26 14 62 79 81 145 181 208 229 230 285 287 290 296 359 375 377 386 441 445 469 472 483 490 571 591 630 
402 27 3 29 54 73 79 80 103 115 173 273 291 292 313 375 473 482 525 529 542 565 573 611 649 758 771 775 795 
403 36 2 11 16 20 34 48 88 89 101 123 126 284 297 307 313 318 334 383 423 447 480 490 516 529 531 532 552 581 634 642 729 743 751 753 778 793 
404 33 3 9 11 31 82 104 205 221 226 238 252 281 302 339 365 367 400 477 487 520 530 532 543 568 578 588 645 666 679 694 697 744 774 
405 33 19 24 28 62 67 74 77 133 192 238 270 286 309 347 382 384 432 478 479 497 543 564 594 603 620 640 661 666 714 722 724 786 798 
406 36 1 41 57 95 110 127 213 244 281 297 298 333 343 387 395 417 438 445 451 452 474 522 529 547 584 592 601 611 637 676 697 701 707 725 775 799 
407 20 40 91 125 132 133 172 234 277 286 294 344 351 365 481 491 654 661 690 782 795 
408 29 10 22 44 51 93 122 140 178 182 221 233 245 275 338 420 473 511 514 576 577 586 587 621 649 652 679 702 742 777 
409 36 5 8 35 54 64 70 102 121 139 174 186 229 352 383 386 391 456 460 502 518 524 543 559 584 594 607 611 640 648 676 717 725 742 743 753 781 
410 20 151 162 174 196 265 268 320 375 465 492 513 515 522 624 674 727 728 734 768 775 
411 29 0 12 15 48 69 95 153 158 181 261 287 311 314 317 327 415 425 463 464 491 502 523 534 535 549 717 732 780 785 
412 23 32 39 64 73 89 158 241 268 343 360 367 378 419 453 471 544 551 563 574 651 690 754 762 
413 27 34 43 54 140 181 183 204 225 230 259 311 315 322 330 334 362 364 439 656 679 694 701 707 710 738 747 798 
414 30 18 32 33 42 54 60 88 91 132 148 159 160 195 203 207 270 311 323 388 426 487 494 551 637 664 669 670 707 739 783 
415 26 63 121 124 208 213 295 361 368 411 443 453 470 530 537 541 642 652 654 664 687 716 725 756 769 771 797 
416 36 13 24 30 36 55 101 106 146 161 175 234 245 248 258 309 331 364 417 440 455 466 469 494 580 586 589 603 657 662 686 688 693 699 708 749 778 
417 29 23 46 84 138 142 164 165 204 293 313 325 327 406 416 425 429 464 495 545 567 573 629 673 697 705 750 768 773 789 
418 30 94 110 112 126 131 141 147 209 225 262 345 368 427 432 443 467 498 502 534 557 615 622 645 666 687 718 739 779 784 785 
419 27 13 32 85 103 166 188 201 261 282 292 358 362 412 437 476 492 496 504 506 507 592 637 640 647 690 707 715 
420 39 16 23 42 44 83 88 112 137 164 190 200 209 218 237 239 254 264 281 319 353 395 399 408 428 434 461 499 544 579 583 585 599 620 629 688 696 700 741 755 
421 26 34 88 94 143 145 202 205 214 245 282 390 397 488 511 512 561 583 637 649 665 668 703 714 758 759 775 
422 27 63 105 115 127 137 142 158 168 185 230 232 258 311 368 370 389 396 495 510 517 588 605 609 648 652 672 735 
423 36 4 10 11 19 22 51 59 95 123 134 140 190 227 233 321 335 368 373 384 395 403 431 481 490 510 512 568 619 631 645 649 661 670 687 707 789 
424 34 4 18 24 47 50 53 66 94 112 121 178 219 222 229 233 236 238 239 305 310 335 339 356 398 428 463 468 545 562 563 572 597 600 657 
425 39 1 18 23 28 30 59 63 95 125 233 255 259 272 274 333 363 384 388 411 417 447 457 464 512 609 614 627 631 634 638 671 679 685 696 749 777 779 780 799 
426 35 34 101 112 161 165 206 223 231 245 263 290 291 300 344 376 377 414 440 448 463 493 500 512 556 565 576 585 595 606 628 638 647 684 713 795 
427 33 2 13 76 80 106 127 145 147 176 185 209 219 283 284 285 309 325 358 375 418 479 499 529 551 563 615 649 652 658 688 719 752 763 
428 26 7 11 33 49 55 67 116 144 218 265 338 394 420 424 453 520 587 604 605 616 666 671 719 746 782 798 
429 23 3 34 44 75 210 270 287 294 297 313 393 417 432 448 513 525 635 637 694 705 716 744 785 
430 40 2 54 84 89 91 104 128 129 139 149 175 180 185 198 206 234 275 283 286 308 317 322 342 352 355 386 471 529 534 550 565 610 651 656 681 685 708 761 781 791 
431 28 50 78 95 112 135 172 185 206 220 270 294 367 423 432 445 471 507 557 573 591 615 616 625 650 664 672 752 785 
432 27 3 8 39 51 76 192 228 243 296 373 381 405 418 429 431 461 477 486 508 551 569 596 658 683 729 750 772 
433 31 15 37 52 54 118 202 212 257 279 283 302 304 340 342 362 397 478 492 519 561 582 586 587 612 644 670 690 713 751 792 797 
434 24 40 85 204 225 229 242 331 364 381 420 450 463 491 499 548 549 556 560 618 646 671 707 764 771 
435 27 3 13 30 32 112 149 167 184 221 292 305 339 349 447 452 475 513 566 643 677 678 703 727 731 733 734 795 
436 36 20 58 106 114 145 152 182 191 226 236 243 245 256 267 272 298 332 339 342 385 444 447 464 549 563 601 615 622 628 648 671 679 684 694 754 771 
437 23 14 49 83 113 178 283 313 340 350 376 379 419 474 498 545 561 576 651 655 678 728 747 790 
438 29 2 48 58 78 83 132 171 199 211 290 299 345 379 382 406 477 511 530 532 574 584 595 619 632 647 650 694 702 721 
439 25 6 16 40 47 88 98 120 124 134 258 386 413 463 586 590 619 643 682 688 696 730 750 764 787 792 
440 40 1 5 19 30 36 44 47 56 65 71 76 89 97 130 166 201 224 237 264 286 304 331 369 375 379 388 394 416 426 445 495 499 501 542 558 568 616 687 719 770 
441 29 80 85 143 157 169 179 226 229 245 270 304 313 319 329 401 504 514 586 591 619 622 626 690 719 740 744 759 786 795 
442 35 53 65 182 200 205 206 253 293 315 346 371 374 376 444 466 467 469 478 488 508 511 515 525 535 550 559 583 587 619 650 662 754 755 775 787 
443 26 25 29 50 55 57 60 67 107 116 178 205 211 286 313 353 415 418 473 496 572 578 587 700 731 733 768 
444 29 25 63 96 108 136 150 164 190 218 271 316 318 323 363 368 384 436 442 462 491 535 537 627 634 657 704 713 728 784 
445 38 0 32 39 115 127 129 171 172 191 200 212 219 252 305 355 361 366 401 406 431 440 477 484 570 585 591 595 597 615 624 632 682 693 714 716 739 786 793 
446 26 15 27 29 91 214 218 235 262 283 354 374 387 504 540 563 597 598 614 630 664 669 672 678 701 716 789 
447 34 71 100 119 138 160 169 176 235 253 271 297 327 335 350 361 378 386 403 425 435 436 546 559 570 644 649 651 659 661 681 729 730 773 790 
448 30 30 33 35 37 68 94 126 136 169 273 280 308 315 320 363 400 426 429 457 514 537 547 565 594 638 665 676 714 739 771 
449 28 15 22 34 57 58 84 123 142 174 260 275 301 327 332 333 372 456 461 520 575 592 607 626 711 712 724 762 794 
450 36 33 53 61 71 104 117 136 157 174 207 231 233 249 260 271 272 283 293 304 330 331 347 391 434 497 502 592 607 624 626 688 691 700 722 745 759 
451 31 18 73 110 156 169 182 244 281 302 309 334 346 357 377 397 400 406 490 532 547 561 586 588 651 683 696 699 726 732 748 767 
452 31 32 34 72 116 139 166 207 220 228 265 267 279 285 303 316 354 380 406 435 485 502 512 514 522 525 531 553 580 596 686 698 
453 34 26 29 44 76 77 82 87 104 124 149 162 175 178 208 228 412 415 428 506 508 519 526 546 573 588 603 620 632 665 669 692 699 715 758 
454 31 7 22 40 73 128 131 153 176 188 266 346 348 362 461 500 505 561 562 567 597 607 630 646 671 704 728 750 762 763 784 798 
455 26 48 102 129 148 182 215 244 264 272 308 337 359 396 416 472 526 538 572 585 596 628 648 696 768 784 792 
456 32 7 22 51 56 57 67 153 170 276 287 298 304 315 336 367 380 390 409 449 463 469 493 535 607 638 645 660 723 732 736 777 798 
457 24 28 34 80 121 157 194 199 239 286 344 364 365 377 396 425 448 489 492 587 644 651 674 705 731 
458 26 26 80 96 128 130 138 171 253 254 290 298 373 395 466 521 522 529 535 556 577 644 650 677 717 730 795 
459 26 3 9 33 52 162 163 170 223 254 296 303 368 370 397 601 615 621 645 655 669 688 710 719 775 777 780 
460 20 34 39 63 133 142 143 155 172 175 192 277 283 409 572 593 663 671 741 759 771 
461 34 21 26 78 81 105 113 128 170 205 210 213 220 249 309 319 326 343 345 420 432 449 454 477 489 498 554 561 562 600 626 646 664 671 718 
462 28 6 64 88 139 144 159 182 216 240 252 300 354 355 395 444 475 489 506 508 533 580 585 671 689 702 751 762 779 
463 39 16 22 33 43 56 59 63 71 133 244 264 281 292 307 324 333 339 352 353 365 379 397 411 424 426 434 439 456 471 495 523 526 528 529 532 556 666 678 794 
464 25 17 22 39 43 87 105 106 137 164 191 192 197 207 233 366 411 417 425 436 499 558 617 633 655 786 
465 28 8 54 65 96 108 185 186 210 232 297 327 354 374 394 410 480 483 490 494 548 585 599 687 700 720 726 746 756 
466 35 2 3 54 142 178 214 241 278 284 339 366 416 442 458 469 528 552 584 600 602 603 609 637 641 668 673 674 703 709 716 739 750 761 792 795 
467 27 31 36 123 129 142 165 198 258 328 372 418 442 473 496 538 555 563 606 624 653 657 689 729 785 787 795 799 
468 26 13 41 51 53 125 130 150 167 200 205 208 212 224 233 237 262 337 366 424 553 625 627 633 671 759 799 
469 38 27 38 62 88 189 196 211 234 252 262 312 346 365 383 390 401 416 442 456 466 496 506 559 561 594 600 612 618 632 715 728 731 741 745 758 763 769 772 
470 26 23 32 129 135 138 245 268 318 327 341 361 415 483 525 544 560 573 601 624 660 664 682 688 700 750 787 
471 32 13 57 59 113 122 130 131 144 183 184 215 237 246 292 302 361 371 374 377 412 430 431 463 478 557 629 636 652 710 752 782 784 
472 33 75 87 100 144 148 151 152 171 186 220 232 266 299 345 354 401 455 496 504 517 554 566 595 609 642 663 668 674 708 716 717 720 785 
473 36 13 15 28 42 45 54 78 81 118 137 229 280 294 295 328 339 365 378 400 402 408 443 467 483 502 516 523 546 556 570 602 651 655 766 769 797 
474 24 46 102 111 140 226 270 274 302 314 315 406 437 509 563 566 591 623 625 651 675 728 744 766 787 
475 31 3 15 49 99 128 142 159 174 217 246 256 285 292 328 332 368 435 462 497 517 597 624 655 666 713 729 747 761 775 785 796 
476 23 26 89 191 195 252 266 350 365 372 419 514 558 559 635 644 649 665 669 691 705 731 742 790 
477 35 28 52 62 134 146 172 189 206 217 220 229 234 303 320 331 371 375 392 404 432 438 445 461 484 497 591 598 599 662 679 731 739 767 780 783 
478 25 1 149 186 189 262 341 352 366 375 384 405 433 442 471 484 514 528 531 583 585 591 631 676 758 780 
479 25 29 44 53 74 132 142 210 242 249 270 275 331 360 405 427 485 524 531 575 579 641 705 706 733 797 
480 28 71 72 79 91 143 185 192 240 296 315 330 378 394 403 465 500 515 547 588 595 621 642 648 707 720 735 780 792 
481 21 7 29 46 61 81 82 149 251 258 335 346 352 373 381 407 423 571 587 603 667 759 
482 25 44 50 53 60 104 123 222 230 231 236 258 319 396 402 536 558 560 612 615 646 658 664 682 743 782 
483 26 29 53 79 122 207 220 239 271 280 364 379 383 392 395 401 465 470 473 561 594 661 703 713 726 758 764 
484 31 5 11 43 51 56 94 128 135 149 177 225 311 353 368 376 379 396 445 477 478 499 515 550 553 585 668 677 725 736 749 781 
485 22 5 74 90 101 139 188 241 242 247 280 284 302 340 398 452 479 523 587 612 628 644 708 
486 33 17 32 65 78 90 91 110 131 191 196 200 249 255 290 298 327 339 378 384 390 432 504 539 540 548 549 553 568 577 611 698 728 789 
487 38 26 44 51 53 108 119 140 236 277 279 288 303 334 339 361 404 414 502 506 509 521 531 532 542 555 585 600 614 659 676 684 688 725 726 749 758 759 789 
488 30 34 39 52 79 101 128 245 288 321 355 361 363 364 374 377 392 421 442 508 533 554 569 625 652 668 727 728 751 772 774 
489 29 34 98 120 176 251 254 257 298 332 353 356 357 398 457 461 462 501 512 544 545 584 621 643 655 656 661 665 723 797 
490 26 19 31 83 96 157 163 217 224 234 236 242 321 357 370 390 401 403 423 451 465 526 538 613 670 718 764 
491 27 21 64 65 66 119 143 216 234 347 371 375 386 399 407 411 434 444 497 541 558 669 671 673 703 729 754 763 
492 32 20 24 36 46 113 117 152 178 195 224 298 320 361 363 385 410 419 433 457 502 515 536 629 648 652 656 668 684 687 705 757 767 
493 26 34 111 138 177 178 219 293 298 359 364 373 426 456 504 519 538 542 576 616 626 681 688 700 706 742 799 
494 33 19 32 62 88 106 123 130 144 186 240 249 270 279 308 355 371 397 398 399 414 416 465 495 526 539 575 580 589 647 677 685 698 781 
495 30 8 15 41 180 183 198 200 230 248 272 287 304 384 397 417 422 440 463 494 534 543 577 695 696 701 729 732 735 746 795 
496 31 13 21 32 38 62 78 119 134 152 157 205 247 256 314 334 335 339 357 419 443 467 469 472 523 564 597 598 624 707 763 768 
497 23 11 44 71 140 234 264 274 299 326 362 370 388 390 405 450 475 477 491 620 657 666 717 733 
498 43 18 33 40 48 81 97 106 109 127 184 198 225 245 265 269 281 282 314 319 326 335 364 371 389 418 437 461 521 546 583 608 631 652 676 734 738 741 758 766 768 769 774 790 
499 32 26 27 33 39 92 99 102 115 205 209 257 304 367 390 398 420 427 434 440 464 484 534 549 564 590 622 644 681 687 737 742 761 
500 24 0 7 23 25 30 68 128 150 160 215 220 247 255 310 378 387 426 454 480 527 547 559 633 744 
501 26 13 68 84 116 133 169 209 242 245 374 440 489 505 524 594 626 646 675 686 699 722 726 754 769 774 799 
502 27 117 129 173 191 281 357 409 411 418 450 452 473 487 492 532 537 651 658 664 722 724 735 738 748 768 775 793 
503 30 17 29 41 45 65 109 130 189 209 243 254 256 282 288 351 510 529 567 594 611 613 625 675 699 716 760 772 775 779 781 
504 28 12 13 25 34 64 71 201 211 225 234 235 253 270 300 310 380 419 441 446 472 486 493 520 592 603 608 654 743 
505 27 17 39 46 76 80 82 204 249 266 342 400 454 501 508 531 533 571 604 621 661 718 722 726 737 768 772 792 
506 28 22 39 84 112 157 224 260 309 364 419 453 462 469 487 562 572 596 597 652 667 675 679 712 747 753 762 764 792 
507 29 6 22 56 79 108 110 119 128 135 197 205 256 262 313 368 388 397 419 431 552 562 692 711 725 732 758 761 763 792 
508 25 13 16 50 93 176 195 253 288 343 346 432 442 453 462 488 505 628 666 679 694 697 707 710 737 752 
509 34 17 30 36 54 133 152 159 166 180 195 196 218 232 236 244 317 327 333 337 360 379 388 474 487 561 569 599 614 632 679 698 716 721 793 
510 28 93 98 132 160 204 227 240 258 273 281 300 305 310 422 423 503 515 527 550 573 599 602 606 654 700 757 785 788 
511 32 11 63 85 96 113 126 132 149 181 197 212 215 306 334 345 347 351 371 392 408 421 438 442 596 631 632 648 692 696 703 783 797 
512 30 29 129 139 141 163 183 197 208 225 251 260 268 321 324 328 331 351 365 421 423 425 426 452 489 631 645 679 687 735 791 
513 26 46 64 85 90 134 210 217 253 270 308 315 343 350 410 429 435 526 569 574 645 666 692 725 731 746 751 
514 40 0 22 42 67 91 110 112 123 125 139 152 162 176 224 240 263 274 339 349 384 408 441 448 452 476 478 519 529 576 591 622 623 634 649 712 734 750 761 763 792 
515 23 0 83 96 122 152 216 225 278 410 442 480 484 492 510 547 618 625 676 678 689 700 738 786 
516 31 50 72 105 204 211 237 243 245 254 272 277 281 358 377 403 473 552 602 650 657 660 675 684 686 691 720 732 746 759 778 779 
517 37 24 43 48 81 108 110 190 199 225 228 259 299 305 318 356 384 397 422 472 475 534 548 572 599 625 634 642 667 669 674 699 717 724 742 754 778 791 
518 28 12 46 86 137 154 188 190 210 258 308 324 336 343 409 534 552 554 561 577 582 590 597 605 614 628 634 708 747 
519 23 62 67 81 198 240 244 252 253 328 433 453 493 514 530 605 636 673 682 703 717 747 748 784 
520 24 6 58 82 151 156 191 194 198 292 316 319 364 404 428 449 504 523 525 529 549 581 624 683 797 
521 26 2 65 96 97 106 129 236 271 276 357 458 487 498 542 544 557 565 597 600 635 645 667 687 766 794 797 
522 22 27 55 57 69 109 169 185 202 228 249 253 288 303 315 350 406 410 452 458 728 744 752 
523 26 13 28 42 67 89 151 164 200 242 252 274 334 338 362 375 411 463 473 485 496 520 606 620 734 763 796 
524 21 42 55 96 143 204 218 235 263 291 309 409 479 501 541 553 557 580 613 644 738 752 
525 34 17 46 50 95 103 105 132 146 176 193 249 275 373 399 402 429 442 452 470 520 547 580 581 589 612 624 668 710 718 739 740 749 764 776 
526 28 29 61 70 85 119 145 163 166 179 200 203 237 289 453 455 463 490 494 513 536 539 649 672 689 691 723 745 759 
527 26 66 98 107 189 213 219 251 254 320 336 349 366 374 500 510 528 549 556 574 613 614 625 689 743 762 777 
528 25 48 60 61 66 108 119 127 128 134 156 237 283 285 390 463 466 478 527 536 570 581 643 680 771 789 
529 34 9 13 17 92 103 119 153 174 182 200 201 212 220 254 309 317 340 359 402 403 406 427 430 458 463 503 514 520 593 611 661 679 719 758 
530 29 22 29 104 127 144 159 167 169 176 184 206 294 324 371 386 390 394 397 404 415 438 519 534 675 678 724 734 739 771 
531 20 27 52 61 75 128 169 256 321 403 452 478 479 487 505 669 687 699 702 723 786 
532 30 1 21 23 51 55 63 89 151 166 194 229 263 268 273 288 300 403 404 438 451 463 487 502 542 575 602 609 634 753 799 
533 19 34 39 55 59 79 104 119 256 320 380 462 488 505 607 659 671 712 732 774 
534 31 13 77 83 85 89 98 101 119 145 193 195 209 220 222 242 248 269 287 300 303 411 418 430 495 499 517 518 530 543 733 777 
535 17 39 78 222 298 304 330 354 411 442 444 456 458 546 577 603 710 737 
536 27 10 14 105 108 116 160 186 221 284 286 287 326 334 340 353 380 482 492 526 528 565 576 590 600 643 644 766 
537 34 6 35 54 94 165 228 247 259 290 292 314 333 363 364 383 384 386 415 444 448 502 568 573 575 585 649 658 684 693 697 723 726 731 793 
538 25 140 234 239 243 265 273 303 350 357 378 386 455 467 490 493 586 663 683 688 713 725 740 744 757 775 
539 19 18 34 69 147 162 214 228 270 304 335 386 486 494 526 548 715 740 766 778 
540 25 24 41 77 95 120 151 168 205 351 383 387 395 446 486 584 645 650 660 664 677 701 727 744 784 794 
541 27 23 25 37 47 49 83 126 210 214 272 321 324 358 395 415 491 524 567 575 604 607 613 623 684 721 739 752 
542 29 52 70 81 118 155 158 234 301 331 366 386 388 399 402 440 487 493 521 532 551 572 607 622 625 637 681 714 722 775 
543 30 40 41 66 68 94 110 111 121 171 278 285 303 304 308 310 337 404 405 409 495 534 552 561 574 598 621 698 703 711 746 
544 31 7 31 34 67 80 97 118 153 161 179 210 248 297 304 309 360 394 395 412 420 470 489 521 573 579 592 657 729 735 743 784 
545 27 77 80 85 94 167 173 244 269 287 297 300 332 366 381 417 424 437 489 553 561 588 601 672 736 771 780 783 
546 26 60 68 88 117 137 143 174 209 211 229 271 286 296 342 384 387 447 453 473 498 535 597 662 709 733 765 
547 25 50 57 69 93 125 168 174 191 235 304 329 350 375 389 406 448 451 480 500 515 525 563 746 761 788 
548 20 20 91 168 203 211 248 284 292 434 465 486 517 539 551 562 597 628 655 728 774 
549 31 10 65 70 106 114 150 152 205 218 235 248 296 396 411 434 436 486 499 520 527 574 576 605 608 658 663 753 759 764 771 799 
550 29 11 46 49 60 79 89 130 140 141 168 307 328 336 350 430 442 484 510 553 563 586 610 651 656 662 717 719 743 799 
551 38 16 53 59 119 136 145 146 202 204 216 227 247 249 254 256 260 277 319 322 353 391 412 414 427 432 542 548 628 638 648 714 728 737 743 754 755 756 793 
552 28 24 29 65 100 106 123 137 139 186 206 225 318 348 355 363 403 466 507 516 518 543 554 560 567 640 711 746 762 
553 29 41 50 92 136 170 183 192 221 235 261 278 302 330 349 350 398 452 468 484 486 524 545 550 623 680 719 731 772 778 
554 26 17 107 131 153 191 246 278 320 334 399 461 472 488 518 552 563 590 592 637 645 700 705 738 746 755 782 
555 23 12 23 99 113 118 129 154 160 229 286 350 355 378 395 467 487 558 596 606 627 657 690 797 
556 28 76 89 91 94 114 154 182 204 229 241 293 333 344 346 348 400 426 434 458 463 473 527 612 623 643 677 683 703 
557 35 3 18 25 40 114 129 132 151 172 186 188 200 212 233 234 278 290 302 311 318 327 400 418 431 471 521 524 594 613 636 655 671 700 712 793 
558 29 35 39 50 51 66 161 191 201 205 240 247 328 340 341 377 379 440 464 476 482 491 555 577 582 645 655 673 719 782 
559 35 22 54 61 81 89 111 134 149 227 239 261 268 270 297 312 315 332 341 385 391 409 442 447 469 476 500 575 585 591 655 694 723 744 768 795 
560 31 9 33 38 40 87 95 119 178 189 194 200 243 265 274 286 291 319 324 351 393 434 470 482 552 681 690 729 732 736 756 763 
561 28 63 135 224 228 250 258 272 304 355 421 433 437 451 454 461 469 483 509 518 543 545 562 578 615 635 705 739 766 
562 27 91 132 158 208 278 294 297 321 386 424 454 461 506 507 548 561 584 601 620 696 703 721 745 763 778 783 797 
563 38 1 2 26 34 82 83 102 195 219 229 232 244 251 293 307 323 354 362 382 397 412 424 427 436 446 467 474 547 550 554 626 627 681 688 707 740 767 796 
564 33 14 28 66 86 93 103 142 173 181 194 200 211 218 246 247 292 307 308 320 348 371 387 405 496 499 581 590 659 665 670 716 782 785 
565 26 20 23 91 106 116 134 152 157 218 240 259 275 402 426 430 448 521 536 638 696 723 724 745 751 754 796 
566 27 8 28 35 75 85 179 192 240 285 311 324 365 368 372 435 472 474 574 608 621 629 650 692 703 734 770 781 
567 29 14 75 85 94 107 133 135 152 240 254 279 332 417 454 503 541 552 578 588 619 624 633 676 681 704 716 726 765 766 
568 37 43 57 71 129 142 166 185 198 209 231 273 274 277 311 337 363 375 392 404 423 440 486 537 586 612 639 648 655 662 664 724 739 754 767 770 788 796 
569 36 22 25 32 72 80 101 102 119 124 127 133 155 163 197 201 204 207 230 292 307 379 432 488 509 513 598 609 620 631 649 679 711 721 724 745 769 
570 21 20 26 37 48 185 199 252 289 302 373 392 445 447 473 528 651 657 666 700 730 753 
571 22 28 46 54 60 133 179 184 193 248 291 336 350 360 365 401 481 505 605 610 621 737 771 
572 43 10 25 26 55 61 73 90 92 102 107 129 135 151 158 179 254 277 319 360 364 366 390 424 443 455 460 506 517 542 573 583 589 625 663 668 677 720 729 735 755 756 768 786 
573 28 11 96 112 193 198 211 243 296 302 315 377 389 402 417 431 453 470 510 537 544 572 587 642 666 712 714 744 783 
574 27 51 64 75 93 100 114 119 120 202 235 237 303 354 377 397 412 438 513 527 543 549 566 614 624 677 746 766 
575 35 1 17 89 98 103 120 123 134 151 167 178 215 231 247 290 293 313 320 334 360 376 449 479 494 532 537 541 559 603 634 638 642 712 784 796 
576 25 33 196 204 210 252 310 311 336 408 426 437 493 514 536 549 590 616 629 658 681 702 711 714 722 777 
577 22 44 89 95 136 163 240 242 258 327 355 377 408 458 486 495 518 535 558 610 641 681 778 
578 28 21 25 35 60 83 110 113 126 185 262 286 291 302 317 325 327 346 404 443 561 567 597 607 643 679 741 776 799 
579 27 3 68 88 103 106 186 209 229 261 284 323 332 361 364 366 397 420 479 544 601 628 643 665 703 721 735 783 
580 24 67 94 96 98 113 164 173 263 301 312 321 334 389 416 452 462 494 524 525 582 591 639 664 717 
581 33 1 44 57 107 140 161 163 217 250 284 331 365 369 377 383 393 403 520 525 528 564 603 619 654 668 673 725 740 759 770 774 780 794 
582 39 29 34 50 79 80 86 147 214 215 227 230 239 262 271 276 282 295 298 304 311 313 320 326 354 364 368 381 433 518 558 580 653 708 721 730 749 757 778 789 
583 29 3 9 25 49 153 157 201 204 223 250 260 288 329 335 389 420 421 442 478 498 572 594 625 678 699 706 732 743 781 
584 34 45 46 73 103 155 186 216 237 247 288 301 307 320 341 389 406 409 438 466 489 540 562 610 619 677 705 708 716 744 748 751 761 763 765 
585 33 8 63 67 72 90 131 212 280 302 380 388 390 420 426 445 455 462 465 478 484 487 537 559 600 602 605 610 668 684 734 771 786 791 
586 39 5 7 16 20 43 84 100 144 188 207 238 266 271 295 304 316 320 324 332 408 416 433 439 441 451 538 550 568 587 613 619 681 694 701 734 739 754 760 791 
587 30 27 50 60 69 125 142 163 179 311 336 344 345 408 428 433 442 443 457 481 485 573 586 652 671 681 683 699 724 731 760 
588 44 13 27 33 51 64 79 86 96 103 135 143 232 235 260 285 320 332 335 360 369 400 404 422 451 453 480 545 567 591 605 607 616 626 639 642 652 675 679 686 713 715 721 758 784 
589 28 1 23 71 108 109 116 117 139 162 175 180 204 211 219 274 302 325 347 416 494 525 572 610 614 636 640 772 798 
590 34 7 47 50 58 61 67 73 80 138 219 255 271 273 277 313 316 391 439 499 518 536 554 564 576 611 614 621 626 650 660 686 765 777 787 
591 37 18 53 146 228 242 247 258 281 295 298 301 321 357 367 376 384 387 390 401 431 441 445 474 477 478 514 559 580 588 610 623 628 629 701 732 767 793 
592 34 18 21 40 56 81 107 163 189 257 263 267 268 272 275 283 291 334 370 371 388 406 419 449 450 504 544 554 595 596 649 697 699 701 745 
593 24 54 90 131 152 178 196 203 246 286 305 335 381 399 460 529 624 632 640 650 721 734 768 778 781 
594 27 110 138 146 200 204 248 280 305 319 342 344 405 409 448 469 483 501 503 557 583 595 634 655 664 714 728 742 
595 32 3 70 81 91 94 103 134 144 219 254 349 359 362 384 400 426 438 445 472 480 592 594 599 600 614 650 653 686 698 701 702 760 
596 30 44 115 123 129 138 140 199 204 221 253 276 277 348 358 388 432 452 455 506 511 555 592 612 618 655 677 689 719 749 776 
597 36 5 16 90 192 211 220 247 252 281 351 352 359 381 395 424 445 446 454 475 496 506 518 521 546 548 578 614 639 669 689 725 748 759 770 776 780 
598 27 2 45 148 158 160 176 200 206 224 240 254 287 292 302 308 390 446 477 496 543 569 637 641 643 676 731 740 
599 25 34 97 126 137 143 147 156 163 301 365 376 420 465 477 509 510 517 595 605 628 641 651 660 665 667 
600 30 27 38 66 87 96 100 178 206 243 246 269 424 461 466 469 487 521 536 585 595 646 663 712 714 719 726 750 775 778 786 
601 30 5 90 98 105 115 151 172 182 210 236 254 275 285 303 319 327 373 406 436 459 470 545 562 579 633 640 723 746 783 793 
602 24 40 74 106 109 180 208 209 211 247 295 309 315 337 369 466 473 510 516 532 585 625 676 684 723 
603 36 19 23 24 31 53 107 162 187 195 250 275 276 279 311 329 339 347 361 374 393 405 416 453 466 481 504 535 575 581 665 675 710 762 770 787 791 
604 16 18 89 99 110 119 143 167 266 307 349 428 505 541 708 739 776 
605 34 22 43 86 96 97 107 137 208 218 219 236 249 282 285 332 379 380 400 422 428 518 519 549 571 585 588 599 654 694 721 742 755 795 797 
606 31 0 9 10 36 49 62 152 163 171 196 229 239 280 281 292 378 426 467 510 523 555 621 626 659 662 671 700 701 709 729 735 
607 25 56 69 79 131 146 187 213 264 326 359 363 391 409 449 450 454 456 533 541 542 578 588 618 621 768 
608 23 73 76 174 208 246 284 299 388 396 498 504 549 566 633 635 668 676 727 748 761 764 772 797 
609 26 6 37 52 57 61 76 81 108 122 210 215 315 397 399 422 425 466 472 532 569 649 658 686 707 726 729 
610 34 2 9 14 19 28 54 58 96 138 158 166 169 198 199 207 219 226 327 332 354 382 388 430 550 571 577 584 585 589 591 630 678 685 783 
611 34 12 17 21 90 101 109 130 155 195 202 205 210 220 258 264 295 345 347 376 382 402 406 409 486 503 529 590 623 667 674 693 724 758 799 
612 22 78 121 157 160 201 255 293 315 331 395 433 469 482 485 525 556 568 596 656 718 749 766 
613 25 10 62 110 112 174 259 261 273 324 331 351 376 387 490 503 524 527 541 557 586 658 671 722 731 765 
614 31 70 78 79 168 193 251 267 291 294 307 327 331 345 376 425 446 487 509 518 527 574 589 590 595 597 629 638 697 752 763 779 
615 23 111 115 155 254 326 354 366 378 388 418 427 431 436 445 459 482 561 653 660 681 682 750 763 
616 25 11 26 31 93 140 147 150 259 267 306 335 384 428 431 440 493 576 588 631 639 644 677 735 762 782 
617 17 44 48 132 202 210 225 233 290 308 329 336 359 363 389 399 464 769 
618 22 8 33 96 199 243 253 262 327 334 367 371 391 434 469 515 596 607 623 636 649 763 797 
619 28 123 211 251 270 286 294 310 325 334 382 423 438 439 441 442 567 581 584 586 666 669 675 682 716 730 757 760 794 
620 32 4 22 47 162 168 199 215 216 219 239 269 367 382 405 420 453 497 523 562 569 627 648 658 668 694 710 721 737 745 750 779 785 
621 26 69 97 144 242 301 327 334 395 408 459 480 489 505 543 566 571 590 606 607 643 660 671 674 708 762 777 
622 31 9 16 29 51 116 130 133 141 146 151 152 161 177 211 212 213 242 281 292 320 354 418 436 441 499 514 542 691 708 726 737 
623 28 8 30 89 139 159 166 192 201 234 240 350 474 514 541 553 556 591 611 618 657 670 689 698 702 736 766 783 788 
624 31 48 186 198 224 245 272 275 356 379 386 393 410 445 450 467 470 475 496 520 525 567 574 593 643 653 666 668 685 696 733 741 
625 36 5 11 23 37 121 138 177 206 220 239 254 266 270 278 295 300 330 385 431 468 474 488 503 515 517 527 542 572 583 602 634 635 647 669 723 727 
626 33 4 18 27 30 59 119 154 158 168 240 247 289 313 339 349 441 449 450 461 493 501 563 588 590 606 633 656 663 711 719 747 759 782 
627 24 33 34 60 213 229 247 253 259 319 329 425 444 468 555 563 620 631 658 688 698 713 751 772 797 
628 24 21 44 129 145 277 283 316 340 366 426 436 455 485 508 518 548 551 579 591 599 766 768 770 774 
629 28 15 25 37 125 149 151 158 165 234 246 272 274 279 309 395 417 420 471 492 566 576 591 614 647 700 706 725 780 
630 29 9 34 38 46 63 72 84 96 119 175 183 212 223 300 306 399 401 446 454 610 675 705 708 753 759 768 780 784 788 
631 31 14 29 64 87 102 115 119 131 171 177 188 272 299 305 316 358 361 423 425 478 498 511 512 569 616 627 637 671 709 745 774 
632 34 11 19 56 78 90 91 94 107 141 161 166 241 264 280 340 374 377 384 438 445 453 469 509 511 593 654 664 666 672 703 726 785 791 798 
633 31 11 47 53 59 82 188 196 220 221 223 237 269 278 302 324 334 337 388 464 468 500 567 601 608 626 702 718 745 748 769 782 
634 31 1 24 74 78 106 108 109 128 208 225 246 278 281 285 366 389 390 393 403 425 444 514 517 518 532 575 594 625 696 753 792 
635 25 35 60 151 154 234 243 250 266 268 273 300 329 334 380 381 429 476 521 561 608 625 636 651 657 681 
636 19 9 52 87 133 176 191 291 296 311 471 519 557 589 618 635 684 695 754 784 
637 33 0 59 68 70 93 136 139 205 218 251 257 258 279 332 372 399 406 414 419 421 429 466 542 554 598 631 638 664 709 750 768 794 797 
638 26 15 68 73 135 172 206 214 245 263 339 341 397 425 426 448 456 551 565 575 614 637 675 676 742 749 780 
639 25 15 22 44 55 60 62 78 147 218 228 234 235 241 293 313 358 568 580 588 597 616 644 651 758 796 
640 29 75 109 135 151 160 165 179 185 196 273 303 322 392 405 409 419 552 589 593 601 695 714 737 749 750 757 778 781 791 
641 21 33 67 77 91 97 117 151 180 285 326 343 466 479 577 598 599 695 710 711 723 726 
642 23 3 33 35 65 69 85 88 206 327 396 403 415 472 480 517 573 575 588 665 680 708 743 793 
643 35 10 24 39 76 160 171 195 204 209 213 242 259 287 303 328 334 352 386 435 439 489 528 536 556 578 579 598 621 624 649 688 710 743 772 776 
644 25 80 96 104 161 248 282 292 313 373 433 447 457 458 476 485 499 524 536 616 639 657 665 688 724 730 
645 34 37 63 157 170 197 201 203 217 235 237 244 268 299 306 327 334 341 404 418 423 456 459 512 513 521 540 554 558 664 673 698 700 750 765 
646 29 7 85 97 149 162 224 231 243 247 263 273 325 346 366 384 387 390 398 434 454 461 482 501 600 656 659 669 703 779 
647 21 148 153 158 171 174 229 263 328 347 366 385 419 426 438 494 625 629 665 670 785 792 
648 32 6 11 66 78 93 95 99 131 168 170 219 226 239 282 284 327 362 363 365 409 422 436 455 480 492 511 551 568 620 668 673 799 
649 35 66 87 101 107 127 135 144 147 310 311 333 344 345 355 356 381 392 402 408 421 423 427 447 476 514 526 537 569 592 609 618 643 685 769 779 
650 31 18 32 69 83 85 90 108 143 147 194 218 249 255 262 296 344 366 397 431 438 442 458 516 540 566 590 593 595 686 710 752 
651 44 9 15 25 36 86 95 103 138 156 162 178 195 231 262 271 285 293 300 303 352 360 383 392 412 430 437 447 451 457 473 474 502 550 570 599 635 639 685 706 740 758 764 778 785 
652 24 23 91 122 144 145 157 289 298 302 310 330 408 415 422 427 471 488 492 498 506 587 588 700 790 
653 22 2 24 30 42 69 74 97 112 122 166 176 255 270 291 304 467 582 595 615 624 706 778 
654 29 25 85 141 167 187 211 276 278 283 290 323 362 391 407 415 504 510 581 605 632 667 676 684 685 691 723 736 742 799 
655 41 1 16 38 65 77 100 106 111 146 220 230 239 270 277 306 327 337 342 357 380 388 399 437 459 464 473 475 489 548 557 558 559 568 594 596 669 679 773 784 790 794 
656 34 2 24 25 26 36 48 71 138 146 153 157 160 186 225 235 256 272 317 322 336 396 397 413 430 489 492 550 612 626 646 691 728 739 785 
657 25 154 182 218 229 230 235 241 315 316 321 353 416 424 444 467 497 516 544 555 570 623 635 644 664 772 
658 25 18 60 114 122 138 220 232 256 295 359 390 427 432 482 502 537 549 576 609 613 620 627 695 733 774 
659 26 1 15 27 30 34 38 90 123 137 149 193 237 265 396 447 487 533 564 606 646 676 692 694 712 739 757 
660 40 51 77 118 120 129 130 148 151 154 176 180 199 207 236 248 272 281 286 313 334 346 397 456 470 516 540 590 599 615 621 675 690 706 709 724 751 780 781 798 799 
661 21 4 121 128 162 190 239 288 298 405 407 423 447 483 489 505 529 714 715 735 779 786 
662 34 16 36 77 103 116 211 213 216 220 221 223 254 263 328 334 335 341 370 381 385 416 442 477 546 550 568 606 693 707 729 736 759 760 786 
663 29 1 24 58 63 113 129 134 262 332 370 382 387 460 472 538 549 572 600 626 679 696 712 714 715 722 756 760 767 780 
664 29 1 24 109 115 128 134 166 178 290 315 354 414 415 431 446 461 470 482 502 540 568 580 594 632 637 645 657 757 775 
665 25 6 29 64 74 79 90 169 267 298 310 313 421 448 453 476 489 564 579 599 603 642 644 647 781 799 
666 25 64 93 130 180 193 216 276 318 404 405 418 428 463 475 497 508 513 570 573 619 624 632 677 714 740 
667 22 76 98 132 148 214 272 292 325 341 352 481 506 517 521 599 611 654 668 716 746 752 773 
668 32 29 31 32 37 84 86 112 116 154 161 175 301 302 332 373 421 466 472 484 488 492 525 572 581 585 608 620 624 648 667 704 713 
669 36 2 11 21 24 29 53 63 105 170 186 187 189 258 266 301 303 369 387 388 414 446 453 459 476 491 517 531 597 619 625 646 655 678 692 732 777 
670 18 79 141 173 221 229 252 336 377 386 414 423 433 490 564 623 647 770 790 
671 34 39 56 81 215 301 331 349 370 383 388 425 428 434 436 454 460 461 462 468 491 533 557 587 606 613 621 631 677 719 728 739 743 762 786 
672 23 52 103 133 182 191 216 220 311 322 355 395 399 422 431 446 526 545 632 689 708 715 738 774 
673 20 3 313 372 417 466 491 519 558 581 645 648 680 692 738 746 769 774 776 777 799 
674 25 10 39 109 122 150 185 216 247 255 295 298 325 326 328 334 361 410 457 466 472 517 611 621 676 709 
675 31 33 50 92 114 117 153 186 215 224 252 257 269 346 383 398 474 501 503 506 516 530 588 603 619 630 638 660 677 741 777 786 
676 29 16 67 71 97 179 224 250 265 275 318 323 406 409 448 478 487 498 515 567 598 602 608 638 654 659 674 759 791 798 
677 36 27 30 40 111 116 134 149 192 207 210 273 300 323 325 362 365 435 458 484 494 540 556 572 574 584 596 616 666 671 675 679 689 711 717 737 791 
678 25 36 56 119 162 174 198 212 234 292 353 366 377 435 437 446 463 515 530 583 610 669 763 787 795 799 
679 38 1 33 41 61 85 117 127 130 196 200 234 248 271 277 286 318 354 404 408 413 425 436 477 506 508 509 512 529 569 578 588 655 663 677 707 720 767 777 
680 26 10 57 68 70 83 156 169 173 203 207 209 243 257 295 299 305 314 341 373 528 553 642 673 725 746 752 
681 40 0 3 11 46 103 109 113 128 147 159 255 302 306 324 327 339 366 400 430 447 493 499 542 560 563 567 576 577 586 587 615 635 709 717 720 742 782 784 790 791 
682 25 8 42 64 72 119 219 238 279 289 315 347 358 361 398 439 445 470 482 519 615 619 694 737 779 787 
683 21 6 20 176 236 265 273 279 283 338 373 388 432 451 520 538 556 587 732 742 755 756 
684 28 12 14 116 132 160 170 183 215 249 289 298 305 426 436 487 492 516 537 541 585 602 636 654 687 689 718 735 762 
685 20 145 213 220 227 236 238 244 258 262 341 371 425 430 494 610 624 649 651 654 777 
686 29 3 47 49 57 94 129 176 216 234 279 298 304 318 330 365 368 371 416 452 501 516 588 590 595 609 650 693 741 765 
687 29 4 18 93 94 103 105 117 147 187 211 227 242 253 326 385 415 418 423 440 465 492 499 512 521 531 684 702 749 775 
688 33 26 37 45 111 170 234 249 316 327 343 347 374 416 420 427 439 450 459 470 487 493 538 563 627 643 644 712 737 757 775 781 787 793 
689 23 95 140 157 190 207 253 333 354 355 393 462 467 515 526 527 596 597 623 672 677 684 718 727 
690 31 14 54 58 77 87 138 177 192 242 263 280 281 314 347 407 412 419 433 441 555 560 660 698 709 722 733 741 743 773 774 791 
691 22 23 54 55 114 128 157 171 267 281 291 305 310 387 450 476 516 526 622 654 656 778 791 
692 23 6 71 109 179 258 293 335 357 394 453 507 511 513 566 659 669 673 719 728 738 761 781 790 
693 31 32 48 87 110 168 170 190 201 231 236 250 262 276 283 321 325 346 363 370 389 391 416 445 537 611 662 686 702 703 781 799 
694 31 4 91 145 166 180 229 239 260 304 352 371 377 404 413 429 436 438 508 559 586 605 620 659 682 726 744 746 757 768 770 783 
695 16 10 71 76 81 140 176 265 299 376 386 394 495 636 640 641 658 
696 29 4 7 52 65 157 169 173 226 249 266 308 420 425 439 451 455 495 511 562 565 624 634 663 702 720 739 754 790 796 
697 20 19 180 189 193 222 223 271 327 328 368 379 394 404 406 417 508 537 592 614 732 
698 30 48 106 110 113 121 135 142 150 156 249 251 281 283 288 291 359 374 452 486 494 509 543 595 623 627 645 690 707 734 756 
699 31 6 14 22 28 54 59 108 131 205 216 258 270 288 292 294 390 395 397 416 451 453 501 503 517 531 583 587 592 705 785 795 
700 41 26 51 60 87 90 99 109 123 130 131 163 188 198 231 286 344 350 357 362 385 420 443 450 465 470 493 510 515 554 557 570 606 629 645 652 715 724 728 732 748 763 
701 27 0 34 67 70 71 127 186 196 217 224 278 294 307 313 321 406 413 446 495 540 586 591 592 595 606 746 793 
702 22 101 112 123 128 258 263 323 340 396 408 438 462 531 576 595 623 633 687 693 696 743 763 
703 29 16 68 75 81 87 110 158 181 242 263 285 322 351 384 421 435 466 483 491 511 519 543 556 562 566 579 632 646 693 
704 21 10 55 65 68 70 99 151 170 196 266 275 313 336 353 364 376 387 444 454 567 668 
705 26 5 9 98 141 157 158 173 196 206 221 236 248 268 292 320 417 429 457 476 479 492 554 561 584 630 699 
706 28 24 55 88 101 142 146 156 164 185 201 224 229 250 254 263 370 479 493 583 629 651 653 660 739 756 765 778 792 
707 32 0 3 30 32 35 102 121 177 199 214 234 267 276 328 360 406 413 414 419 423 434 480 496 508 563 609 662 679 698 711 760 791 
708 32 22 37 49 62 83 126 168 184 199 227 234 285 307 311 313 338 345 397 416 430 472 485 518 582 584 604 621 622 630 642 672 786 
709 27 18 28 33 72 85 125 136 150 155 222 259 283 292 327 363 387 466 546 606 631 637 660 674 681 690 713 766 
710 22 17 46 112 166 226 304 413 459 471 508 525 535 603 620 641 643 650 733 742 747 757 795 
711 22 25 83 94 131 160 213 238 264 391 449 507 543 552 569 576 626 641 677 707 755 767 791 
712 27 10 103 108 112 120 131 161 162 199 219 247 292 308 370 372 449 506 514 533 557 573 575 600 659 663 688 715 
713 31 22 62 74 88 102 123 126 145 199 211 282 295 307 314 319 328 336 341 364 426 433 444 475 483 538 588 627 668 709 756 792 
714 25 1 27 29 46 56 217 256 289 312 405 421 445 448 542 551 573 576 594 600 640 661 663 666 734 753 
715 24 84 145 190 199 254 326 347 350 373 385 393 419 453 469 539 588 661 663 672 700 712 721 724 769 
716 33 22 68 81 110 155 174 180 252 292 326 362 366 373 415 429 445 446 466 472 503 509 564 567 584 619 667 722 733 771 772 777 788 789 
717 33 7 26 61 83 85 119 143 150 156 184 188 203 237 255 272 292 307 337 364 409 411 458 472 497 517 519 550 580 677 681 718 739 746 
718 27 6 7 33 87 165 193 206 216 279 300 330 387 418 461 490 505 525 612 633 684 689 717 719 725 733 752 781 
719 32 51 131 151 182 217 229 232 278 314 343 350 351 374 384 427 428 440 441 459 529 550 553 558 596 600 626 671 692 718 754 784 796 
720 25 18 31 35 40 84 99 101 127 176 241 256 270 305 332 340 346 465 472 480 516 572 679 681 696 796 
721 24 7 25 81 102 162 177 210 254 294 297 343 438 509 541 562 569 579 582 588 593 605 620 715 722 
722 35 0 26 110 135 147 155 168 181 201 220 226 248 277 295 296 325 329 373 377 384 394 405 450 501 502 505 542 576 613 663 690 716 721 761 773 
723 26 12 47 63 93 124 137 233 260 296 299 312 363 456 489 526 531 537 559 565 601 602 625 641 654 731 792 
724 24 33 36 50 176 276 289 316 332 405 449 502 517 530 565 568 569 587 611 644 660 700 715 755 777 
725 31 3 6 22 27 29 106 142 174 185 207 250 286 326 346 351 355 374 406 409 415 484 487 507 513 538 581 597 629 680 718 786 
726 38 22 29 41 48 71 90 97 131 161 178 183 210 250 254 261 273 288 299 363 365 369 379 451 465 483 487 501 505 537 567 600 609 622 632 641 694 784 796 
727 25 0 25 34 77 87 109 144 221 246 249 258 283 295 301 311 376 382 410 435 488 540 608 625 689 788 
728 33 23 50 101 118 141 157 186 204 209 231 234 253 255 295 333 364 410 437 444 454 469 474 486 488 522 548 551 594 656 671 692 700 763 
729 30 8 17 34 156 164 194 212 215 228 285 290 345 381 399 403 432 447 467 475 491 495 544 560 572 606 609 662 735 745 776 
730 20 10 18 125 140 217 241 242 245 306 327 377 383 392 439 447 458 570 582 619 644 
731 31 46 81 104 157 179 181 191 232 264 278 296 335 337 351 435 443 457 469 476 477 513 537 553 587 598 613 723 744 752 773 782 
732 32 7 15 50 61 90 104 141 145 293 309 315 319 321 356 388 411 451 456 495 507 516 533 560 583 591 669 683 697 700 754 778 799 
733 31 74 147 152 199 207 271 290 303 304 309 311 342 357 372 383 387 435 443 479 497 534 546 624 658 690 710 716 718 755 784 798 
734 32 71 73 86 103 109 201 208 240 253 263 306 327 328 347 358 377 379 410 435 498 514 523 530 566 585 586 593 698 714 754 770 793 
735 27 9 44 49 51 53 88 169 173 204 235 265 269 369 422 480 495 502 512 544 572 579 606 616 661 684 729 787 
736 23 8 17 47 67 77 132 133 152 172 209 261 272 295 298 306 370 456 484 545 560 623 654 662 
737 33 4 11 25 51 65 76 78 84 117 148 174 186 195 210 229 291 311 319 330 499 505 508 535 551 571 620 622 640 677 682 688 754 757 
738 25 13 21 130 163 168 199 200 206 269 286 301 310 315 330 373 413 498 502 515 524 554 672 673 692 759 
739 39 3 5 42 56 57 76 116 135 140 151 158 234 329 336 344 354 363 365 369 414 418 445 448 466 477 525 530 541 561 568 586 604 656 659 671 696 706 717 798 
740 25 1 18 71 82 83 106 131 147 156 179 189 234 241 298 334 342 441 525 538 539 563 581 598 651 666 
741 19 15 20 51 52 115 235 316 347 369 420 460 469 498 578 624 675 686 690 748 
742 30 21 41 57 107 166 171 176 193 199 214 252 278 354 365 372 400 408 409 476 493 499 517 594 605 638 654 681 683 710 763 
743 31 53 82 96 126 127 169 183 203 216 242 288 321 340 373 382 403 409 482 504 527 544 550 551 583 642 643 671 690 702 754 761 
744 32 40 41 76 108 166 195 219 224 312 313 328 353 357 366 373 392 404 429 441 474 500 522 538 540 559 573 584 694 731 750 759 761 
745 19 83 107 179 184 255 321 347 358 450 469 526 562 565 569 592 620 631 633 729 
746 26 41 156 161 171 252 261 377 397 428 465 495 513 516 543 547 552 554 574 601 667 673 680 694 701 717 765 
747 23 14 29 61 74 80 126 143 174 290 301 316 344 370 373 383 413 437 475 506 518 519 626 710 
748 33 12 52 60 98 111 113 125 131 137 169 184 198 214 215 247 250 294 297 305 326 352 391 395 451 502 519 584 597 608 633 700 741 750 
749 27 4 13 135 144 175 199 220 269 304 356 357 367 416 425 484 487 525 582 596 612 638 640 687 763 780 788 794 
750 28 8 18 33 90 145 236 251 289 302 375 381 396 417 432 439 454 466 470 514 600 615 620 637 640 645 744 748 785 
751 31 55 63 91 104 133 185 188 218 242 254 264 269 272 309 329 354 359 369 392 403 433 462 488 513 565 584 627 660 755 777 792 
752 24 11 61 94 117 119 177 238 361 384 387 397 427 431 471 508 522 524 541 614 650 667 680 718 731 
753 28 35 66 68 127 168 169 180 183 205 238 280 290 310 318 340 367 388 403 409 506 532 549 570 630 634 714 791 793 
754 28 13 25 40 54 60 111 139 327 330 381 412 436 442 491 501 517 551 565 568 586 636 696 719 732 734 737 743 799 
755 24 41 49 56 122 149 222 244 270 344 383 396 420 442 551 554 572 605 683 711 724 733 751 789 790 
756 26 81 85 152 162 165 214 270 275 295 314 341 343 381 382 392 415 465 551 560 572 663 683 698 706 713 763 
757 25 141 176 193 210 232 276 288 289 291 345 393 397 492 510 538 582 619 640 659 664 688 694 710 737 768 
758 33 21 67 108 109 121 127 138 149 153 185 207 243 290 294 296 299 319 366 402 421 453 469 478 483 487 498 507 529 588 611 639 651 766 
759 32 24 37 42 54 73 131 157 277 344 361 368 421 441 450 460 468 481 487 516 526 549 581 597 626 630 662 676 738 744 761 783 797 
760 27 46 88 155 174 216 219 231 247 262 282 294 310 311 320 342 345 387 395 503 586 587 595 619 662 663 707 766 
761 26 82 121 174 215 291 325 335 371 379 389 430 466 475 499 507 514 547 584 608 692 722 743 744 759 779 790 
762 33 2 34 41 58 70 99 100 140 145 152 157 163 173 185 212 262 289 311 347 398 412 449 454 462 506 527 552 603 616 621 671 684 793 
763 39 11 34 38 57 112 133 160 182 208 210 244 283 298 304 336 349 375 427 454 469 491 496 507 514 523 560 562 584 614 615 618 678 700 702 728 742 749 756 795 
764 23 43 77 83 153 159 183 206 223 247 292 316 356 434 439 483 490 506 525 549 608 651 775 776 
765 15 100 125 239 325 366 546 567 584 590 613 645 686 706 746 798 
766 28 57 100 102 110 115 126 159 166 225 234 244 308 473 474 498 521 536 539 561 567 574 612 623 628 709 758 760 770 
767 28 19 20 22 82 99 155 160 173 177 183 196 255 314 324 349 380 387 451 477 492 563 568 591 663 679 711 779 789 
768 26 34 48 137 144 192 212 253 308 410 417 443 455 496 498 502 505 559 572 593 607 628 630 637 694 757 781 
769 29 36 117 168 192 210 214 216 246 279 294 302 304 307 340 381 385 393 415 469 473 498 501 569 617 633 649 673 715 796 
770 26 0 21 44 61 249 292 301 340 347 349 350 379 398 440 566 568 581 597 603 628 670 694 734 766 781 782 
771 34 102 125 132 133 145 159 201 230 258 263 269 280 282 285 289 291 302 381 402 415 434 436 448 460 528 530 545 549 571 585 716 779 786 798 
772 24 119 129 131 142 146 152 160 205 277 331 344 381 432 469 488 503 505 553 589 608 627 643 657 716 
773 17 1 28 41 42 110 167 265 296 307 355 417 447 655 667 690 722 731 
774 25 35 38 51 63 107 109 255 319 335 366 393 404 488 498 501 533 548 581 628 631 658 672 673 690 793 
775 32 2 26 50 63 73 79 102 148 161 192 231 283 289 333 402 406 410 421 442 459 475 502 503 538 542 600 664 687 688 764 780 781 
776 20 6 22 67 72 145 189 221 258 276 345 525 578 596 597 604 643 673 729 764 780 
777 36 3 14 15 62 75 93 101 115 162 202 224 238 309 310 352 357 372 385 389 408 425 456 459 527 534 576 590 621 669 673 675 679 685 716 724 751 
778 35 54 72 125 151 152 157 171 179 187 190 201 212 224 253 282 340 367 386 403 416 516 517 539 553 562 577 582 593 600 640 651 653 691 706 732 
779 37 22 45 63 108 123 156 181 199 200 248 258 260 275 282 308 319 328 338 339 351 362 367 418 425 462 503 516 614 620 646 649 661 682 761 767 771 787 
780 33 46 74 87 134 155 194 245 248 249 259 284 301 303 388 399 411 425 459 477 478 480 545 581 597 629 630 638 660 663 749 775 776 793 
781 38 1 28 29 35 73 76 91 160 165 180 198 210 242 273 284 288 307 311 363 409 430 484 494 503 566 583 593 640 660 665 688 692 693 718 768 770 775 793 
782 28 41 104 115 179 180 208 215 216 246 309 326 356 361 368 396 407 428 471 482 554 558 564 616 626 633 681 731 770 
783 25 45 112 169 193 196 321 333 367 370 379 380 391 414 477 511 545 562 573 579 601 610 623 694 759 794 
784 33 57 61 108 120 140 142 152 153 180 199 234 327 350 355 373 381 418 444 454 455 471 519 540 544 575 588 630 636 655 681 719 726 733 
785 30 78 112 128 136 186 212 241 267 301 317 362 377 378 385 411 418 429 431 467 472 475 510 564 620 632 647 651 656 699 750 
786 33 19 60 66 70 109 122 171 177 205 301 322 338 380 383 389 393 405 441 445 464 515 531 572 585 600 661 662 671 675 708 725 771 798 
787 29 3 120 141 146 152 190 199 204 236 247 258 260 282 315 338 439 442 467 470 474 590 603 678 682 688 735 779 794 798 
788 22 26 140 145 156 158 176 192 231 296 308 309 318 323 397 510 547 568 623 630 716 727 749 
789 26 1 41 67 114 116 117 196 237 256 260 264 266 268 328 347 357 417 423 446 486 487 528 582 716 755 767 
790 36 7 9 22 38 46 64 65 67 68 83 103 104 119 127 148 248 328 380 386 388 395 437 447 476 498 652 655 670 681 692 696 755 761 792 795 799 
791 32 34 52 65 84 96 117 150 191 218 236 278 280 286 338 372 430 512 517 585 586 603 632 640 676 677 681 690 691 707 711 753 792 
792 28 7 39 55 93 257 263 290 292 323 362 378 433 439 455 466 480 505 506 507 514 634 647 706 713 723 751 790 791 
793 30 4 74 103 144 145 208 215 244 281 294 324 331 403 445 502 509 537 551 557 591 601 642 688 701 734 753 762 774 780 781 
794 29 7 16 34 79 100 160 201 219 238 239 301 328 330 335 360 380 385 392 449 463 521 540 581 619 637 655 749 783 787 
795 37 7 13 43 61 70 72 82 93 157 182 206 217 220 245 294 324 339 353 368 369 386 402 407 426 435 441 458 466 467 495 559 605 678 699 710 763 790 
796 26 41 47 58 91 114 207 217 236 308 317 329 339 357 394 475 523 563 565 568 575 639 696 719 720 726 769 
797 30 14 38 57 89 92 156 227 228 234 313 365 374 400 415 433 473 479 489 511 520 521 555 562 605 608 618 627 637 759 798 
798 35 39 54 60 79 87 118 142 149 170 176 188 194 263 276 319 330 347 371 390 405 413 428 454 456 589 632 660 676 733 739 765 771 786 787 797 
799 39 6 20 26 27 42 104 127 168 183 190 194 270 308 333 337 343 352 386 406 425 467 468 493 501 532 549 550 578 611 648 654 660 665 673 678 693 732 754 790 
