80 300
0 4 4 7 61 76 
1 3 3 43 62 
2 10 8 18 20 21 28 45 47 61 62 65 
3 5 1 8 36 38 54 
4 6 0 15 27 45 57 71 
5 11 14 15 16 27 28 31 37 44 65 67 78 
6 10 15 32 38 39 42 47 54 61 62 68 
7 4 0 15 26 71 
8 6 2 3 10 19 29 41 
9 15 15 17 24 26 31 35 40 41 56 58 61 63 66 74 78 
10 9 8 17 26 32 33 35 37 67 73 
11 7 17 21 31 53 62 65 79 
12 8 14 21 23 34 46 52 55 69 
13 5 17 20 65 71 75 
14 7 5 12 23 24 28 29 44 
15 8 4 5 6 7 9 21 32 43 
16 8 5 19 26 57 59 70 73 76 
17 9 9 10 11 13 33 48 49 50 60 
18 5 2 25 33 68 79 
19 7 8 16 50 62 68 76 78 
20 10 2 13 22 27 47 54 56 62 77 79 
21 11 2 11 12 15 25 29 33 34 43 49 52 
22 7 20 24 27 38 53 60 63 
23 11 12 14 25 30 38 42 46 56 71 73 79 
24 11 9 14 22 25 26 31 35 37 60 71 72 
25 7 18 21 23 24 47 51 76 
26 8 7 9 10 16 24 51 54 60 
27 9 4 5 20 22 47 55 61 70 72 
28 5 2 5 14 40 42 
29 9 8 14 21 32 57 62 66 75 76 
30 5 23 41 50 52 78 
31 9 5 9 11 24 33 45 69 72 79 
32 8 6 10 15 29 33 34 61 70 
33 9 10 17 18 21 31 32 57 61 70 
34 8 12 21 32 38 53 58 67 79 
35 10 9 10 24 37 39 58 62 70 73 74 
36 5 3 64 65 70 73 
37 8 5 10 24 35 44 46 55 72 
38 6 3 6 22 23 34 44 
39 4 6 35 56 69 
40 6 9 28 51 54 68 71 
41 10 8 9 30 51 57 58 60 61 65 71 
42 4 6 23 28 54 
43 4 1 15 21 75 
44 5 5 14 37 38 67 
45 7 2 4 31 47 60 66 69 
46 8 12 23 37 58 65 69 70 76 
47 10 2 6 20 25 27 45 48 70 71 77 
48 3 17 47 63 
49 5 17 21 51 62 75 
50 4 17 19 30 63 
51 10 25 26 40 41 49 56 63 67 69 71 
52 6 12 21 30 63 65 75 
53 7 11 22 34 57 64 67 70 
54 9 3 6 20 26 40 42 58 69 76 
55 9 12 27 37 59 61 65 69 70 79 
56 6 9 20 23 39 51 74 
57 8 4 16 29 33 41 53 75 78 
58 8 9 34 35 41 46 54 71 77 
59 6 16 55 67 69 77 79 
60 10 17 22 24 26 41 45 64 74 76 79 
61 9 0 2 6 9 27 32 33 41 55 
62 9 1 2 6 11 19 20 29 35 49 
63 7 9 22 48 50 51 52 72 
64 4 36 53 60 79 
65 10 2 5 11 13 36 41 46 52 55 74 
66 5 9 29 45 69 74 
67 8 5 10 34 44 51 53 59 68 
68 6 6 18 19 40 67 72 
69 11 12 31 39 45 46 51 54 55 59 66 78 
70 11 16 27 32 33 35 36 46 47 53 55 71 
71 13 4 7 13 23 24 40 41 47 51 58 70 74 77 
72 6 24 27 31 37 63 68 
73 5 10 16 23 35 36 
74 7 9 35 56 60 65 66 71 
75 6 13 29 43 49 52 57 
76 9 0 16 19 25 29 46 54 60 78 
77 5 20 47 58 59 71 
78 7 5 9 19 30 57 69 76 
79 10 11 18 20 23 31 34 55 59 60 64 
