80 595
0 13 4 7 10 26 27 38 46 48 53 55 61 65 76 
1 10 3 6 24 38 43 48 55 58 62 71 
2 22 7 8 9 11 18 19 20 21 26 28 30 42 45 47 50 59 61 62 65 73 76 77 
3 12 1 7 8 36 38 39 45 50 54 62 74 79 
4 14 0 15 24 26 27 36 40 45 50 57 62 64 71 73 
5 12 14 15 16 27 28 31 36 37 44 65 67 78 
6 15 1 15 17 18 24 32 38 39 40 42 47 54 61 62 68 
7 9 0 2 3 15 26 30 60 67 71 
8 11 2 3 10 12 19 21 29 41 42 51 68 
9 21 2 13 15 17 24 26 31 35 36 40 41 49 51 56 58 61 63 66 69 74 78 
10 16 0 8 17 26 32 33 35 36 37 40 46 50 58 67 70 73 
11 14 2 15 17 21 26 31 36 37 38 53 62 65 72 79 
12 19 8 13 14 21 23 26 32 34 36 41 42 45 46 52 55 56 69 71 78 
13 10 9 12 17 20 22 60 65 71 75 79 
14 18 5 12 21 23 24 28 29 31 38 41 43 44 45 49 50 70 71 73 
15 16 4 5 6 7 9 11 18 21 26 32 38 41 43 50 63 66 
16 16 5 19 23 26 30 38 48 56 57 59 62 70 71 73 75 76 
17 18 6 9 10 11 13 21 33 42 48 49 50 55 56 57 60 64 66 78 
18 16 2 6 15 20 25 26 33 37 49 58 62 67 68 70 73 79 
19 16 2 8 16 27 37 48 50 54 55 62 66 68 70 76 78 79 
20 18 2 13 18 21 22 27 35 37 46 47 54 55 56 59 62 69 77 79 
21 23 2 8 11 12 14 15 17 20 25 29 33 34 42 43 44 46 49 52 62 65 67 70 74 
22 16 13 20 24 27 28 29 34 37 38 39 40 47 49 53 60 63 
23 17 12 14 16 25 28 30 38 42 46 50 56 59 65 71 73 74 79 
24 19 1 4 6 9 14 22 25 26 31 35 37 47 53 54 59 60 69 71 72 
25 11 18 21 23 24 33 47 51 57 58 61 76 
26 15 0 2 4 7 9 10 11 12 15 16 18 24 51 54 60 
27 13 0 4 5 19 20 22 47 55 56 61 70 72 77 
28 10 2 5 14 22 23 40 42 44 55 65 
29 14 8 14 21 22 32 33 37 51 57 62 66 75 76 78 
30 13 2 7 16 23 36 41 43 45 50 52 63 67 78 
31 15 5 9 11 14 24 32 33 34 45 53 55 69 72 76 79 
32 15 6 10 12 15 29 31 33 34 37 40 48 61 68 70 75 
33 15 10 17 18 21 25 29 31 32 38 56 57 61 70 73 75 
34 13 12 21 22 31 32 38 44 45 53 58 67 72 79 
35 14 9 10 20 24 37 39 58 61 62 70 73 74 75 79 
36 12 3 4 5 9 10 11 12 30 64 65 70 73 
37 19 5 10 11 18 19 20 22 24 29 32 35 44 45 46 47 55 57 65 72 
38 16 0 1 3 6 11 14 15 16 22 23 33 34 44 47 49 60 
39 11 3 6 22 35 44 46 48 56 66 69 78 
40 13 4 6 9 10 22 28 32 51 54 68 69 71 72 
41 17 8 9 12 14 15 30 51 54 57 58 60 61 64 65 69 71 79 
42 12 2 6 8 12 17 21 23 28 45 54 63 67 
43 9 1 14 15 21 30 54 66 75 76 
44 11 5 14 21 28 34 37 38 39 47 67 76 
45 16 2 3 4 12 14 30 31 34 37 42 47 60 61 66 69 74 
46 16 0 10 12 20 21 23 37 39 47 58 65 69 70 72 76 79 
47 17 2 6 20 22 24 25 27 37 38 44 45 46 48 59 70 71 77 
48 14 0 1 16 17 19 32 39 47 52 60 61 63 68 73 
49 12 9 14 17 18 21 22 38 51 52 62 67 75 
50 13 2 3 4 10 14 15 17 19 23 30 51 63 65 
51 22 8 9 25 26 29 40 41 49 50 53 54 56 58 62 63 64 66 67 68 69 71 78 
52 15 12 21 30 48 49 54 59 63 65 66 68 75 76 78 79 
53 12 0 11 22 24 31 34 51 57 64 67 70 76 
54 17 3 6 19 20 24 26 40 41 42 43 51 52 56 58 62 69 76 
55 17 0 1 12 17 19 20 27 28 31 37 59 61 65 67 69 70 79 
56 14 9 12 16 17 20 23 27 33 39 51 54 71 74 75 
57 14 4 16 17 25 29 33 37 41 53 67 73 75 78 79 
58 15 1 9 10 18 25 34 35 41 46 51 54 71 76 77 78 
59 13 2 16 20 23 24 47 52 55 65 67 69 77 79 
60 14 7 13 17 22 24 26 38 41 45 48 64 74 76 79 
61 14 0 2 6 9 25 27 32 33 35 41 45 48 55 62 
62 18 1 2 3 4 6 11 16 18 19 20 21 29 35 49 51 54 61 75 
63 13 9 15 22 30 42 48 50 51 52 66 71 72 76 
64 10 4 17 36 41 51 53 60 67 70 79 
65 19 0 2 5 11 13 21 23 28 36 37 41 46 50 52 55 59 68 74 79 
66 16 9 15 17 19 29 39 43 45 51 52 63 69 70 73 74 78 
67 18 5 7 10 18 21 30 34 42 44 49 51 53 55 57 59 64 68 71 
68 13 6 8 18 19 32 40 48 51 52 65 67 71 72 
69 18 9 12 20 24 31 39 40 41 45 46 51 54 55 59 66 74 78 79 
70 18 10 14 16 18 19 21 27 32 33 35 36 46 47 53 55 64 66 71 
71 21 1 4 7 12 13 14 16 23 24 40 41 47 51 56 58 63 67 68 70 74 77 
72 11 11 24 27 31 34 37 40 46 63 68 78 
73 13 2 4 10 14 16 18 23 33 35 36 48 57 66 
74 13 3 9 21 23 35 45 56 60 65 66 69 71 77 
75 13 13 16 29 32 33 35 43 49 52 56 57 62 77 
76 17 0 2 16 19 25 29 31 43 44 46 52 53 54 58 60 63 78 
77 9 2 20 27 47 58 59 71 74 75 
78 16 5 9 12 17 19 29 30 39 51 52 57 58 66 69 72 76 
79 20 3 11 13 18 19 20 23 31 34 35 41 46 52 55 57 59 60 64 65 69 
