80 152
0 3 7 61 76 
1 1 3 
2 5 8 18 20 28 47 
3 1 1 
4 1 27 
5 4 15 16 31 65 
6 5 15 39 47 61 62 
7 1 0 
8 4 2 10 29 41 
9 6 15 17 35 41 56 61 
10 5 8 35 37 67 73 
11 4 21 53 65 79 
12 4 14 21 46 52 
13 2 17 75 
14 3 12 23 44 
15 4 5 6 9 43 
16 4 5 57 59 76 
17 4 9 13 33 48 
18 3 2 25 79 
19 4 50 62 68 76 
20 5 2 47 54 62 79 
21 8 11 12 25 29 33 34 43 49 
22 2 27 53 
23 5 14 30 38 46 73 
24 4 31 35 60 72 
25 3 18 21 76 
26 2 51 54 
27 5 4 22 47 61 72 
28 3 2 40 42 
29 4 8 21 32 62 
30 3 23 50 78 
31 5 5 24 45 69 72 
32 4 29 33 34 61 
33 5 17 21 32 57 70 
34 4 21 32 53 67 
35 7 9 10 24 37 58 62 70 
36 4 64 65 70 73 
37 3 10 35 44 
38 2 23 44 
39 3 6 56 69 
40 2 28 68 
41 5 8 9 51 58 60 
42 2 28 54 
43 3 15 21 75 
44 4 14 37 38 67 
45 3 31 47 60 
46 6 12 23 58 65 69 70 
47 6 2 6 20 27 45 77 
48 2 17 63 
49 2 21 51 
50 2 19 30 
51 5 26 41 49 56 67 
52 4 12 63 65 75 
53 6 11 22 34 64 67 70 
54 5 20 26 42 69 76 
55 1 61 
56 4 9 39 51 74 
57 2 16 33 
58 5 35 41 46 71 77 
59 3 16 69 79 
60 5 24 41 45 64 76 
61 6 0 6 9 27 32 55 
62 5 6 19 20 29 35 
63 3 48 52 72 
64 3 36 53 60 
65 6 5 11 36 46 52 74 
66 2 69 74 
67 5 10 34 44 51 53 
68 3 19 40 72 
69 7 31 39 46 54 59 66 78 
70 6 33 35 36 46 53 71 
71 3 58 70 77 
72 5 24 27 31 63 68 
73 3 10 23 36 
74 3 56 65 66 
75 3 13 43 52 
76 6 0 16 19 25 54 60 
77 3 47 58 71 
78 2 30 69 
79 4 11 18 20 59 
