80 184
0 4 4 7 61 76 
1 1 3 
2 6 8 18 20 28 47 61 
3 2 1 54 
4 3 0 27 71 
5 6 15 16 27 31 44 65 
6 6 15 39 42 47 61 62 
7 2 0 26 
8 5 2 10 19 29 41 
9 9 15 17 31 35 40 41 56 61 74 
10 5 8 35 37 67 73 
11 4 21 53 65 79 
12 5 14 21 46 52 69 
13 2 17 75 
14 5 12 23 24 29 44 
15 4 5 6 9 43 
16 4 5 57 59 76 
17 4 9 13 33 48 
18 3 2 25 79 
19 6 8 50 62 68 76 78 
20 6 2 47 54 62 77 79 
21 8 11 12 25 29 33 34 43 49 
22 2 27 53 
23 6 14 30 38 46 73 79 
24 5 14 31 35 60 72 
25 3 18 21 76 
26 3 7 51 54 
27 8 4 5 22 47 55 61 70 72 
28 3 2 40 42 
29 6 8 14 21 32 62 75 
30 4 23 41 50 78 
31 6 5 9 24 45 69 72 
32 4 29 33 34 61 
33 5 17 21 32 57 70 
34 5 21 32 38 53 67 
35 8 9 10 24 37 58 62 70 73 
36 4 64 65 70 73 
37 6 10 35 44 46 55 72 
38 3 23 34 44 
39 3 6 56 69 
40 4 9 28 54 68 
41 6 8 9 30 51 58 60 
42 3 6 28 54 
43 3 15 21 75 
44 5 5 14 37 38 67 
45 3 31 47 60 
46 7 12 23 37 58 65 69 70 
47 6 2 6 20 27 45 77 
48 2 17 63 
49 2 21 51 
50 2 19 30 
51 6 26 41 49 56 63 67 
52 4 12 63 65 75 
53 6 11 22 34 64 67 70 
54 7 3 20 26 40 42 69 76 
55 3 27 37 61 
56 4 9 39 51 74 
57 3 16 33 75 
58 5 35 41 46 71 77 
59 4 16 67 69 79 
60 5 24 41 45 64 76 
61 7 0 2 6 9 27 32 55 
62 5 6 19 20 29 35 
63 4 48 51 52 72 
64 4 36 53 60 79 
65 6 5 11 36 46 52 74 
66 2 69 74 
67 6 10 34 44 51 53 59 
68 3 19 40 72 
69 8 12 31 39 46 54 59 66 78 
70 7 27 33 35 36 46 53 71 
71 4 4 58 70 77 
72 6 24 27 31 37 63 68 
73 4 10 23 35 36 
74 4 9 56 65 66 
75 5 13 29 43 52 57 
76 6 0 16 19 25 54 60 
77 4 20 47 58 71 
78 3 19 30 69 
79 6 11 18 20 23 59 64 
