80 179
0 5 5 8 47 57 63 
1 1 46 
2 2 35 76 
3 7 5 25 29 51 57 60 62 
4 4 32 47 58 66 
5 9 0 3 10 16 49 57 63 68 76 
6 0 
7 2 42 53 
8 6 0 21 23 24 35 73 
9 2 69 73 
10 8 5 46 48 55 59 62 72 77 
11 3 42 54 64 
12 5 19 31 41 58 72 
13 5 24 26 74 76 78 
14 2 50 73 
15 6 22 24 32 47 50 57 
16 8 5 37 43 47 59 68 69 70 
17 7 35 44 45 60 66 67 75 
18 2 24 25 
19 2 12 49 
20 3 38 40 76 
21 6 8 29 43 54 69 77 
22 5 15 49 56 63 68 
23 3 8 59 69 
24 8 8 13 15 18 49 60 66 68 
25 5 3 18 34 56 61 
26 6 13 33 49 62 73 74 
27 4 31 32 40 56 
28 3 33 41 63 
29 3 3 21 39 
30 2 47 60 
31 4 12 27 55 67 
32 6 4 15 27 52 55 74 
33 5 26 28 45 51 59 
34 1 25 
35 4 2 8 17 57 
36 2 42 58 
37 4 16 52 64 74 
38 3 20 60 69 
39 2 29 47 
40 5 20 27 54 59 76 
41 3 12 28 59 
42 6 7 11 36 52 68 71 
43 5 16 21 50 55 75 
44 4 17 55 73 75 
45 3 17 33 58 
46 5 1 10 63 65 68 
47 6 0 4 15 16 30 39 
48 1 10 
49 5 5 19 22 24 26 
50 4 14 15 43 59 
51 3 3 33 53 
52 7 32 37 42 56 57 64 70 
53 2 7 51 
54 7 11 21 40 56 59 63 78 
55 6 10 31 32 43 44 68 
56 6 22 25 27 52 54 68 
57 6 0 3 5 15 35 52 
58 5 4 12 36 45 72 
59 10 10 16 23 33 40 41 50 54 67 71 
60 9 3 17 24 30 38 68 72 76 79 
61 2 25 76 
62 3 3 10 26 
63 7 0 5 22 28 46 54 78 
64 3 11 37 52 
65 3 46 72 73 
66 4 4 17 24 67 
67 5 17 31 59 66 69 
68 10 5 16 22 24 42 46 55 56 60 74 
69 6 9 16 21 23 38 67 
70 2 16 52 
71 2 42 59 
72 5 10 12 58 60 65 
73 7 8 9 14 26 44 65 78 
74 5 13 26 32 37 68 
75 4 17 43 44 77 
76 8 2 5 13 20 40 60 61 77 
77 4 10 21 75 76 
78 4 13 54 63 73 
79 1 60 
