850 2854
0 8 291 474 502 641 743 774 820 843 
1 11 108 111 311 394 483 531 590 595 609 631 753 
2 9 160 309 325 362 389 506 557 663 713 
3 4 99 267 754 825 
4 8 29 127 345 423 522 557 610 622 
5 13 10 86 96 289 348 382 424 442 536 589 626 793 848 
6 4 48 197 305 724 
7 8 47 130 160 204 223 347 364 666 
8 5 235 497 537 635 715 
9 7 18 102 328 449 600 623 686 
10 14 5 56 92 293 298 338 508 514 525 573 734 758 810 845 
11 8 128 516 540 569 615 648 676 751 
12 14 39 76 181 207 226 283 427 448 494 578 596 608 622 840 
13 6 65 153 244 407 628 774 
14 8 65 276 336 418 652 684 775 823 
15 5 33 133 215 713 797 
16 9 102 110 212 262 302 318 569 672 680 
17 5 390 403 519 561 780 
18 8 9 30 293 307 524 542 748 794 
19 4 68 182 401 686 
20 7 187 244 265 446 604 720 784 
21 11 38 140 221 233 434 480 606 706 729 765 805 
22 7 171 477 567 673 738 779 788 
23 9 59 348 464 472 604 671 769 813 839 
24 8 199 256 447 491 499 535 551 833 
25 9 93 178 525 526 539 556 616 675 798 
26 5 84 138 664 710 756 
27 2 291 611 
28 3 689 826 829 
29 8 4 49 76 199 473 527 736 742 
30 10 18 51 91 155 246 273 323 359 558 790 
31 5 61 85 620 641 806 
32 12 93 191 222 235 293 339 341 362 421 615 766 829 
33 11 15 98 154 167 286 598 599 611 640 759 782 
34 7 116 365 458 569 649 723 770 
35 3 383 594 834 
36 4 331 432 435 555 
37 3 51 301 590 
38 4 21 138 572 747 
39 5 12 299 482 509 736 
40 11 169 255 268 322 362 499 537 547 673 722 793 
41 7 43 59 89 556 750 780 832 
42 9 113 123 196 210 282 284 510 519 536 
43 8 41 62 248 314 449 587 690 833 
44 9 158 310 395 462 552 637 669 744 814 
45 4 63 155 213 645 
46 3 75 151 779 
47 3 7 326 344 
48 9 6 268 326 440 510 645 671 745 746 
49 10 29 53 215 260 273 372 379 391 440 669 
50 2 262 551 
51 6 30 37 273 504 525 770 
52 0 
53 6 49 124 295 301 460 695 
54 6 102 108 353 527 597 740 
55 10 177 203 213 267 300 324 366 606 638 698 
56 6 10 57 295 530 611 722 
57 4 56 440 521 669 
58 5 269 334 440 733 796 
59 8 23 41 106 158 399 443 471 653 
60 5 190 223 359 506 847 
61 7 31 408 431 540 721 793 811 
62 10 43 75 166 303 308 310 585 592 595 601 
63 7 45 195 383 439 593 685 799 
64 5 306 519 520 623 848 
65 14 13 14 95 101 227 244 590 618 628 655 711 748 758 784 
66 8 135 206 281 327 366 444 766 795 
67 4 131 387 794 845 
68 7 19 109 209 260 656 763 832 
69 2 569 636 
70 4 238 499 777 833 
71 2 293 449 
72 9 125 291 297 303 692 704 731 831 837 
73 5 195 374 559 664 842 
74 10 138 192 288 475 499 501 631 793 801 827 
75 6 46 62 136 540 619 656 
76 7 12 29 94 394 420 508 586 
77 7 92 364 431 518 676 752 834 
78 7 273 300 446 462 610 646 664 
79 4 179 215 689 790 
80 8 298 323 365 371 603 652 752 819 
81 7 137 219 305 377 607 764 817 
82 4 504 511 572 698 
83 8 94 111 116 223 264 268 435 836 
84 4 26 117 601 743 
85 5 31 112 192 399 536 
86 4 5 274 337 479 
87 6 369 374 430 461 517 832 
88 7 123 224 395 528 680 766 834 
89 4 41 94 276 487 
90 8 127 180 320 398 495 557 617 823 
91 5 30 552 629 746 848 
92 11 10 77 294 456 535 612 621 661 670 821 842 
93 11 25 32 121 180 262 397 620 645 670 835 844 
94 7 76 83 89 104 307 415 699 
95 7 65 128 168 227 345 539 832 
96 4 5 294 409 610 
97 6 234 399 577 581 691 726 
98 10 33 129 165 193 196 388 465 523 563 768 
99 2 3 428 
100 6 113 180 181 259 323 838 
101 7 65 306 405 428 602 649 658 
102 8 9 16 54 166 404 465 472 654 
103 7 357 459 494 512 560 668 823 
104 10 94 113 322 415 445 529 561 618 655 728 
105 4 315 386 413 608 
106 8 59 169 197 365 390 721 727 803 
107 7 286 310 338 586 664 687 807 
108 3 1 54 587 
109 5 68 212 242 491 700 
110 3 16 450 526 
111 9 1 83 119 137 210 337 365 376 610 
112 8 85 147 153 285 426 735 817 836 
113 13 42 100 104 144 161 179 253 269 279 508 548 589 805 
114 5 276 444 585 776 810 
115 11 241 259 396 408 532 574 646 653 733 787 790 
116 9 34 83 194 224 245 345 502 774 827 
117 9 84 228 236 441 606 642 810 826 847 
118 8 345 593 606 632 659 662 776 778 
119 7 111 132 380 398 401 438 529 
120 4 135 235 306 505 
121 7 93 123 148 152 168 384 643 
122 2 210 805 
123 13 42 88 121 141 149 419 452 497 625 635 752 817 822 
124 3 53 325 676 
125 4 72 444 587 833 
126 7 268 286 535 546 597 674 779 
127 7 4 90 308 346 395 398 447 
128 4 11 95 589 637 
129 8 98 236 240 388 456 469 663 706 
130 9 7 287 321 375 400 432 554 741 760 
131 4 67 144 543 699 
132 8 119 170 182 281 324 457 713 772 
133 6 15 563 628 639 681 842 
134 4 162 563 600 828 
135 13 66 120 184 203 204 291 318 409 516 566 589 598 673 
136 8 75 188 470 523 713 759 768 827 
137 6 81 111 225 341 482 674 
138 6 26 38 74 367 596 614 
139 1 251 
140 9 21 271 370 383 430 587 653 740 827 
141 12 123 216 221 336 385 549 559 681 701 734 772 810 
142 6 314 351 416 473 736 743 
143 3 562 695 813 
144 6 113 131 542 560 680 837 
145 8 398 581 610 643 669 751 799 825 
146 8 293 296 429 606 631 661 761 838 
147 5 112 198 387 605 621 
148 5 121 658 676 685 748 
149 3 123 157 758 
150 7 177 228 357 360 532 729 844 
151 10 46 172 207 261 475 477 542 728 764 832 
152 7 121 476 483 551 624 630 827 
153 7 13 112 425 477 512 557 728 
154 4 33 237 272 636 
155 5 30 45 679 728 841 
156 5 160 259 422 431 480 
157 7 149 174 418 471 512 580 761 
158 6 44 59 498 534 543 837 
159 8 263 277 316 439 524 590 682 733 
160 11 2 7 156 289 523 548 638 642 703 727 780 
161 7 113 368 412 429 467 591 743 
162 5 134 237 695 811 819 
163 5 187 363 556 580 671 
164 8 259 371 400 447 581 709 712 741 
165 7 98 336 378 520 524 776 784 
166 6 62 102 288 395 565 609 
167 6 33 272 325 515 787 788 
168 7 95 121 178 208 282 462 537 
169 9 40 106 361 418 468 487 496 667 779 
170 4 132 253 358 693 
171 5 22 247 322 391 492 
172 4 151 211 570 695 
173 9 276 298 332 542 543 561 621 680 781 
174 8 157 224 245 481 524 532 693 760 
175 1 529 
176 2 192 709 
177 5 55 150 367 609 732 
178 7 25 168 572 722 731 804 808 
179 8 79 113 288 289 479 556 793 827 
180 9 90 93 100 240 442 463 550 642 772 
181 9 12 100 216 225 353 441 636 663 765 
182 7 19 132 261 343 437 502 795 
183 7 229 230 506 550 674 754 795 
184 6 135 413 553 659 695 753 
185 9 197 271 273 439 446 653 735 751 757 
186 7 216 417 435 717 732 808 813 
187 6 20 163 262 375 410 785 
188 6 136 225 362 429 650 679 
189 10 327 341 381 420 502 543 605 653 687 760 
190 8 60 195 362 504 553 727 813 828 
191 3 32 586 732 
192 7 74 85 176 203 671 721 817 
193 4 98 203 661 744 
194 5 116 385 410 576 660 
195 7 63 73 190 220 640 744 832 
196 12 42 98 228 236 315 353 507 581 670 733 786 841 
197 6 6 106 185 202 676 740 
198 5 147 202 431 454 687 
199 5 24 29 582 624 827 
200 5 235 310 421 589 749 
201 4 274 768 822 836 
202 14 197 198 235 250 477 624 682 684 706 735 757 782 786 825 
203 12 55 135 192 193 249 445 572 604 708 719 721 828 
204 6 7 135 272 310 731 775 
205 7 338 410 456 593 631 790 812 
206 9 66 361 413 475 481 549 674 705 710 
207 9 12 151 398 550 611 645 664 735 805 
208 6 168 288 448 616 667 820 
209 6 68 222 595 624 672 720 
210 10 42 111 122 229 439 481 635 640 747 778 
211 6 172 273 328 342 437 586 
212 10 16 109 337 387 441 482 637 655 742 841 
213 5 45 55 319 418 644 
214 5 487 557 579 713 844 
215 7 15 49 79 336 714 829 837 
216 4 141 181 186 244 
217 2 322 327 
218 7 317 459 593 648 674 700 734 
219 3 81 268 828 
220 8 195 233 303 498 513 679 728 775 
221 8 21 141 243 309 383 391 584 817 
222 4 32 209 242 617 
223 6 7 60 83 319 485 796 
224 6 88 116 174 507 570 730 
225 8 137 181 188 258 260 331 642 849 
226 7 12 304 378 482 546 588 645 
227 6 65 95 376 565 584 616 
228 9 117 150 196 376 390 526 587 693 804 
229 3 183 210 539 
230 8 183 252 372 404 484 570 681 695 
231 6 242 423 557 685 747 833 
232 2 513 766 
233 11 21 220 332 412 500 572 573 607 621 686 810 
234 5 97 316 639 693 833 
235 7 8 32 120 200 202 590 699 
236 5 117 129 196 588 739 
237 6 154 162 321 491 521 544 
238 4 70 321 632 739 
239 5 288 331 518 531 578 
240 6 129 180 285 306 595 742 
241 7 115 320 321 398 479 533 652 
242 8 109 222 231 369 437 546 563 616 
243 3 221 519 798 
244 11 13 20 65 216 251 406 453 600 740 760 842 
245 8 116 174 315 414 585 593 777 804 
246 6 30 392 606 608 696 842 
247 7 171 250 447 677 692 720 811 
248 4 43 508 585 682 
249 6 203 372 382 427 714 730 
250 7 202 247 272 348 397 617 819 
251 7 139 244 255 483 633 657 842 
252 5 230 331 345 457 629 
253 8 113 170 440 529 717 724 796 837 
254 6 259 370 648 669 767 822 
255 9 40 251 296 297 330 340 679 717 735 
256 5 24 298 692 828 843 
257 3 381 561 813 
258 3 225 313 683 
259 11 100 115 156 164 254 342 602 656 674 684 817 
260 5 49 68 225 546 672 
261 7 151 182 512 538 594 598 847 
262 8 16 50 93 187 310 449 504 535 
263 7 159 389 451 583 642 711 732 
264 7 83 287 519 645 690 774 807 
265 3 20 650 664 
266 3 393 466 585 
267 7 3 55 315 565 601 719 761 
268 10 40 48 83 126 219 481 501 576 607 763 
269 6 58 113 277 436 718 820 
270 11 301 305 387 427 447 606 608 636 733 753 802 
271 8 140 185 396 439 608 650 800 848 
272 11 154 167 204 250 408 415 491 568 630 699 831 
273 6 30 49 51 78 185 211 
274 6 86 201 384 416 751 812 
275 4 401 448 802 840 
276 7 14 89 114 173 436 739 783 
277 8 159 269 339 361 503 530 597 637 
278 4 454 601 746 758 
279 2 113 711 
280 4 318 323 439 605 
281 5 66 132 431 787 810 
282 4 42 168 299 338 
283 2 12 439 
284 6 42 348 633 669 842 844 
285 5 112 240 403 483 525 
286 7 33 107 126 423 430 661 713 
287 8 130 264 451 574 591 597 613 754 
288 8 74 166 179 208 239 466 750 824 
289 4 5 160 179 589 
290 6 295 567 622 679 697 736 
291 8 0 27 72 135 296 307 368 833 
292 7 357 423 440 473 625 675 776 
293 9 10 18 32 71 146 490 688 724 849 
294 7 92 96 355 401 465 540 640 
295 5 53 56 290 427 721 
296 8 146 255 291 523 577 615 798 811 
297 9 72 255 312 447 493 530 539 710 823 
298 8 10 80 173 256 355 541 558 723 
299 6 39 282 381 420 609 818 
300 4 55 78 356 694 
301 6 37 53 270 515 717 769 
302 6 16 325 532 589 600 721 
303 10 62 72 220 518 528 585 691 780 823 847 
304 5 226 351 615 618 628 
305 5 6 81 270 501 793 
306 11 64 101 120 240 351 385 475 484 685 723 746 
307 6 18 94 291 353 378 389 
308 7 62 127 748 751 804 832 835 
309 6 2 221 439 522 694 846 
310 12 44 62 107 200 204 262 392 420 427 567 576 836 
311 5 1 492 717 760 839 
312 5 297 468 513 675 720 
313 6 258 389 682 708 741 763 
314 6 43 142 326 494 833 849 
315 9 105 196 245 267 488 514 543 619 741 
316 5 159 234 368 501 714 
317 2 218 814 
318 7 16 135 280 430 435 481 744 
319 6 213 223 360 464 662 739 
320 6 90 241 501 630 678 773 
321 8 130 237 238 241 364 367 384 545 
322 9 40 104 171 217 326 395 515 540 580 
323 5 30 80 100 280 529 
324 5 55 132 408 469 823 
325 6 2 124 167 302 376 820 
326 7 47 48 314 322 431 551 764 
327 6 66 189 217 498 559 824 
328 7 9 211 405 590 591 729 828 
329 10 353 481 511 528 549 619 636 669 765 770 
330 4 255 437 716 810 
331 6 36 225 239 252 540 593 
332 7 173 233 397 612 643 735 758 
333 6 355 476 507 630 714 751 
334 7 58 439 481 693 713 716 828 
335 5 399 537 643 783 847 
336 6 14 141 165 215 504 683 
337 7 86 111 212 578 640 820 830 
338 9 10 107 205 282 414 551 614 804 820 
339 6 32 277 368 631 713 788 
340 7 255 366 384 412 515 594 830 
341 8 32 137 189 419 439 674 773 837 
342 8 211 259 354 434 446 691 833 842 
343 6 182 499 540 593 600 686 
344 4 47 349 527 841 
345 11 4 95 116 118 252 477 521 555 584 607 725 
346 3 127 687 695 
347 3 7 363 708 
348 8 5 23 250 284 538 577 722 789 
349 5 344 560 609 644 703 
350 2 379 660 
351 7 142 304 306 432 442 573 842 
352 2 666 671 
353 11 54 181 196 307 329 383 403 508 644 689 784 
354 10 342 369 400 492 545 556 560 664 665 782 
355 8 294 298 333 674 684 692 762 845 
356 6 300 387 575 647 798 802 
357 5 103 150 292 614 697 
358 11 170 408 430 445 453 483 489 650 698 735 825 
359 9 30 60 420 536 585 764 767 778 793 
360 3 150 319 400 
361 5 169 206 277 495 583 
362 10 2 32 40 188 190 438 623 638 656 733 
363 8 163 347 380 605 628 683 794 798 
364 6 7 77 321 681 696 785 
365 7 34 80 106 111 779 781 846 
366 8 55 66 340 435 634 691 725 818 
367 8 138 177 321 510 627 651 662 691 
368 6 161 291 316 339 659 778 
369 9 87 242 354 425 567 568 643 670 833 
370 6 140 254 399 589 665 666 
371 10 80 164 423 468 477 489 537 584 746 816 
372 11 49 230 249 373 380 457 496 608 653 772 790 
373 3 372 481 637 
374 4 73 87 594 617 
375 5 130 187 503 602 808 
376 6 111 227 228 325 464 832 
377 7 81 404 457 608 691 775 836 
378 5 165 226 307 412 662 
379 7 49 350 438 518 525 596 845 
380 8 119 363 372 491 547 640 736 745 
381 7 189 257 299 644 650 736 844 
382 3 5 249 534 
383 11 35 63 140 221 353 432 575 734 741 804 840 
384 10 121 274 321 340 493 556 615 704 791 806 
385 7 141 194 306 444 537 581 765 
386 1 105 
387 9 67 147 212 270 356 407 429 499 617 
388 9 98 129 447 508 522 565 593 668 684 
389 9 2 263 307 313 400 521 543 780 817 
390 9 17 106 228 439 462 469 573 710 730 
391 7 49 171 221 393 557 721 772 
392 6 246 310 444 601 654 839 
393 5 266 391 422 593 642 
394 3 1 76 845 
395 9 44 88 127 166 322 556 676 721 804 
396 10 115 271 411 556 630 703 737 754 787 831 
397 8 93 250 332 513 591 612 765 849 
398 8 90 119 127 145 207 241 500 756 
399 8 59 85 97 335 370 497 776 836 
400 10 130 164 354 360 389 438 447 581 685 787 
401 9 19 119 275 294 612 749 788 818 835 
402 2 404 527 
403 7 17 285 353 518 675 698 822 
404 9 102 230 377 402 474 577 687 812 816 
405 3 101 328 761 
406 4 244 531 572 848 
407 4 13 387 474 777 
408 5 61 115 272 324 358 
409 7 96 135 544 598 743 795 811 
410 6 187 194 205 497 558 667 
411 3 396 684 725 
412 9 161 233 340 378 430 545 631 653 726 
413 4 105 184 206 766 
414 5 245 338 602 660 844 
415 5 94 104 272 417 607 
416 5 142 274 621 704 834 
417 5 186 415 445 588 673 
418 9 14 157 169 213 614 662 735 770 782 
419 5 123 341 473 594 825 
420 6 76 189 299 310 359 788 
421 5 32 200 539 675 682 
422 7 156 393 508 584 585 609 610 
423 10 4 231 286 292 371 442 480 555 581 653 
424 4 5 459 494 730 
425 7 153 369 532 574 729 763 768 
426 8 112 427 637 705 778 779 793 813 
427 9 12 249 270 295 310 426 496 529 606 
428 2 99 101 
429 7 146 161 188 387 448 524 620 
430 12 87 140 286 318 358 412 434 555 566 645 754 789 
431 12 61 77 156 198 281 326 448 503 530 711 771 772 
432 10 36 130 351 383 543 560 645 683 731 798 
433 5 496 572 676 732 765 
434 9 21 342 430 445 483 542 545 630 696 
435 9 36 83 186 318 366 505 576 587 735 
436 7 269 276 454 460 599 696 697 
437 6 182 211 242 330 654 833 
438 6 119 362 379 400 578 589 
439 15 63 159 185 210 271 280 283 309 334 341 390 590 618 688 779 
440 8 48 49 57 58 253 292 586 718 
441 5 117 181 212 575 603 
442 6 5 180 351 423 684 722 
443 3 59 513 633 
444 6 66 114 125 385 392 699 
445 7 104 203 358 417 434 552 701 
446 6 20 78 185 342 484 827 
447 12 24 127 164 247 270 297 388 400 471 678 708 729 
448 11 12 208 275 429 431 476 505 636 686 693 715 
449 9 9 43 71 262 590 676 678 746 755 
450 1 110 
451 4 263 287 555 799 
452 4 123 490 655 699 
453 7 244 358 513 527 748 808 819 
454 7 198 278 436 531 642 758 826 
455 5 483 497 702 706 754 
456 7 92 129 205 523 626 658 684 
457 6 132 252 372 377 539 543 
458 3 34 466 613 
459 7 103 218 424 660 783 792 831 
460 6 53 436 571 734 778 800 
461 4 87 577 682 774 
462 7 44 78 168 390 481 752 759 
463 2 180 832 
464 3 23 319 376 
465 5 98 102 294 509 639 
466 8 266 288 458 481 546 619 671 729 
467 2 161 823 
468 9 169 312 371 526 593 620 682 737 822 
469 6 129 324 390 576 632 637 
470 5 136 472 537 670 833 
471 3 59 157 447 
472 4 23 102 470 646 
473 8 29 142 292 419 516 624 645 650 
474 6 0 404 407 582 683 802 
475 4 74 151 206 306 
476 7 152 333 448 694 704 827 838 
477 10 22 151 153 202 345 371 657 662 759 783 
478 4 624 772 801 836 
479 3 86 179 241 
480 5 21 156 423 538 541 
481 14 174 206 210 268 318 329 334 373 462 466 550 605 609 634 
482 6 39 137 212 226 641 680 
483 11 1 152 251 285 358 434 455 680 691 733 748 
484 6 230 306 446 762 788 809 
485 8 223 533 559 571 627 631 651 788 
486 3 511 570 774 
487 4 89 169 214 819 
488 5 315 567 614 753 812 
489 6 358 371 546 646 721 838 
490 8 293 452 524 573 584 820 824 842 
491 7 24 109 237 272 380 761 772 
492 4 171 311 354 815 
493 6 297 384 516 523 701 820 
494 4 12 103 314 424 
495 3 90 361 568 
496 4 169 372 427 433 
497 8 8 123 399 410 455 605 702 756 
498 6 158 220 327 743 820 840 
499 11 24 40 70 74 343 387 605 747 751 759 804 
500 5 233 398 535 771 789 
501 8 74 268 305 316 320 611 650 753 
502 7 0 116 182 189 629 720 786 
503 7 277 375 431 525 646 648 804 
504 9 51 82 190 262 336 538 610 628 767 
505 5 120 435 448 551 583 
506 3 2 60 183 
507 11 196 224 333 552 561 573 604 621 667 744 803 
508 9 10 76 113 248 353 388 422 553 689 
509 6 39 465 592 603 606 610 
510 5 42 48 367 836 838 
511 7 82 329 486 531 711 713 741 
512 8 103 153 157 261 525 552 622 651 
513 6 220 232 312 397 443 453 
514 5 10 315 711 776 832 
515 6 167 301 322 340 697 800 
516 6 11 135 473 493 624 714 
517 4 87 559 592 716 
518 7 77 239 303 379 403 585 707 
519 6 17 42 64 243 264 533 
520 5 64 165 567 723 758 
521 10 57 237 345 389 616 623 701 722 782 840 
522 6 4 309 388 547 720 813 
523 10 98 136 160 296 456 493 563 580 596 778 
524 6 18 159 165 174 429 490 
525 9 10 25 51 285 379 503 512 724 772 
526 7 25 110 228 468 564 674 722 
527 10 29 54 344 402 453 542 549 604 743 846 
528 6 88 303 329 657 725 775 
529 7 104 119 175 253 323 427 619 
530 6 56 277 297 431 627 769 
531 13 1 239 406 454 511 573 623 653 697 698 763 797 815 
532 5 115 150 174 302 425 
533 6 241 485 519 682 721 776 
534 3 158 382 821 
535 7 24 92 126 262 500 638 707 
536 9 5 42 85 359 572 586 743 744 764 
537 7 8 40 168 335 371 385 470 
538 8 261 348 480 504 559 662 822 824 
539 10 25 95 229 297 421 457 544 629 674 752 
540 9 11 61 75 294 322 331 343 586 803 
541 4 298 480 564 610 
542 13 18 144 151 173 434 527 624 636 651 745 749 765 804 
543 8 131 158 173 189 315 389 432 457 
544 5 237 409 539 549 806 
545 8 321 354 412 434 578 579 688 810 
546 7 126 226 242 260 466 489 700 
547 7 40 380 522 609 701 719 818 
548 8 113 160 580 644 662 698 755 788 
549 8 141 206 329 527 544 618 661 799 
550 7 180 183 207 481 666 689 807 
551 8 24 50 152 326 338 505 738 829 
552 5 44 91 445 507 512 
553 4 184 190 508 631 
554 1 130 
555 6 36 345 423 430 451 831 
556 10 25 41 163 179 354 384 395 396 624 698 
557 7 2 4 90 153 214 231 391 
558 5 30 298 410 562 690 
559 10 73 141 327 485 517 538 672 757 775 841 
560 7 103 144 349 354 432 568 639 
561 8 17 104 173 257 507 610 642 671 
562 6 143 558 656 667 671 782 
563 6 98 133 134 242 523 756 
564 5 526 541 585 662 700 
565 6 166 227 267 388 787 792 
566 5 135 430 654 704 741 
567 7 22 290 310 369 488 520 598 
568 4 272 369 495 560 
569 6 11 16 34 69 630 699 
570 4 172 224 230 486 
571 3 460 485 732 
572 9 38 82 178 203 233 406 433 536 765 
573 8 10 233 351 390 490 507 531 733 
574 5 115 287 425 745 795 
575 4 356 383 441 720 
576 6 194 268 310 435 469 773 
577 8 97 296 348 404 461 600 741 772 
578 8 12 239 337 438 545 630 650 766 
579 4 214 545 746 747 
580 13 157 163 322 523 548 625 647 691 708 737 764 786 794 
581 9 97 145 164 196 385 400 423 625 704 
582 6 199 474 680 716 736 840 
583 6 263 361 505 606 709 768 
584 6 221 227 345 371 422 490 
585 13 62 114 245 248 266 303 359 422 518 564 599 653 821 
586 9 76 107 191 211 440 536 540 721 783 
587 6 43 108 125 140 228 435 
588 4 226 236 417 779 
589 13 5 113 128 135 200 289 302 370 438 590 743 782 818 
590 11 1 37 65 159 235 328 439 449 589 741 778 
591 5 161 287 328 397 648 
592 8 62 509 517 691 695 774 789 790 
593 13 63 118 205 218 245 331 343 388 393 468 727 808 809 
594 6 35 261 340 374 419 617 
595 5 1 62 209 240 722 
596 5 12 138 379 523 756 
597 6 54 126 277 287 750 781 
598 5 33 135 261 409 567 
599 9 33 436 585 639 731 761 778 807 825 
600 9 9 134 244 302 343 577 651 671 673 
601 5 62 84 267 278 392 
602 5 101 259 375 414 849 
603 6 80 441 509 742 775 795 
604 6 20 23 203 507 527 686 
605 11 147 189 280 363 481 497 499 619 694 700 843 
606 13 21 55 117 118 146 246 270 427 509 583 619 629 748 
607 8 81 233 268 345 415 658 675 724 
608 11 12 105 246 270 271 372 377 656 694 721 756 
609 10 1 166 177 299 349 422 481 547 779 814 
610 13 4 78 96 111 145 422 504 509 541 561 620 806 812 
611 6 27 33 56 207 501 788 
612 5 92 332 397 401 648 
613 2 287 458 
614 7 138 338 357 418 488 687 745 
615 8 11 32 296 304 384 689 764 834 
616 5 25 208 227 242 521 
617 7 90 222 250 374 387 594 739 
618 7 65 104 304 439 549 621 674 
619 8 75 315 329 466 529 605 606 672 
620 5 31 93 429 468 610 
621 7 92 147 173 233 416 507 618 
622 6 4 12 290 512 716 785 
623 6 9 64 362 521 531 724 
624 12 152 199 202 209 473 478 516 542 556 675 709 843 
625 6 123 292 580 581 695 722 
626 2 5 456 
627 3 367 485 530 
628 6 13 65 133 304 363 504 
629 7 91 252 502 539 606 661 827 
630 9 152 272 320 333 396 434 569 578 769 
631 9 1 74 146 205 339 412 485 553 849 
632 5 118 238 469 650 698 
633 4 251 284 443 832 
634 2 366 481 
635 5 8 123 210 677 741 
636 10 69 154 181 270 329 448 542 655 742 791 
637 7 44 128 212 277 373 426 469 
638 7 55 160 362 535 650 675 718 
639 6 133 234 465 560 599 759 
640 6 33 195 210 294 337 380 
641 3 0 31 482 
642 8 117 160 180 225 263 393 454 561 
643 8 121 145 332 335 369 683 700 821 
644 7 213 349 353 381 548 818 849 
645 10 45 48 93 207 226 264 430 432 473 792 
646 6 78 115 472 489 503 721 
647 3 356 580 845 
648 8 11 218 254 503 591 612 716 794 
649 5 34 101 728 825 839 
650 12 188 265 271 358 381 473 501 578 632 638 680 793 
651 6 367 485 512 542 600 671 
652 5 14 80 241 760 818 
653 13 59 115 140 185 189 372 412 423 531 585 748 773 789 
654 5 102 392 437 566 840 
655 7 65 104 212 452 636 745 825 
656 7 68 75 259 362 562 608 672 
657 6 251 477 528 693 708 751 
658 7 101 148 456 607 717 746 759 
659 5 118 184 368 664 848 
660 4 194 350 414 459 
661 7 92 146 193 286 549 629 672 
662 13 118 319 367 378 418 477 538 548 564 670 695 706 724 
663 6 2 129 181 672 704 836 
664 9 26 73 78 107 207 265 354 659 697 
665 3 354 370 691 
666 7 7 352 370 550 717 833 845 
667 6 169 208 410 507 562 739 
668 2 103 388 
669 7 44 49 57 145 254 284 329 
670 7 92 93 196 369 470 662 742 
671 11 23 48 163 192 352 466 561 562 600 651 831 
672 10 16 209 260 559 619 656 661 663 769 794 
673 7 22 40 135 417 600 772 815 
674 13 126 137 183 206 218 259 341 355 526 539 618 696 706 
675 11 25 292 312 403 421 607 624 638 703 808 839 
676 10 11 77 124 148 197 395 433 449 790 831 
677 3 247 635 723 
678 6 320 447 449 682 683 846 
679 6 155 188 220 255 290 756 
680 10 16 88 144 173 482 483 582 650 735 788 
681 6 133 141 230 364 742 812 
682 9 159 202 248 313 421 461 468 533 678 
683 8 258 336 363 432 474 643 678 763 
684 12 14 202 259 355 388 411 442 456 770 796 824 837 
685 5 63 148 231 306 400 
686 7 9 19 233 343 448 604 703 
687 6 107 189 198 346 404 614 
688 3 293 439 545 
689 7 28 79 353 508 550 615 779 
690 4 43 264 558 837 
691 12 97 303 342 366 367 377 483 580 592 665 697 823 
692 6 72 247 256 355 724 733 
693 9 170 174 228 234 334 448 657 725 743 
694 6 300 309 476 605 608 713 
695 11 53 143 162 172 184 230 346 592 625 662 755 
696 5 246 364 434 436 674 
697 8 290 357 436 515 531 664 691 725 
698 9 55 82 358 403 531 548 556 632 846 
699 8 94 131 235 272 444 452 569 754 
700 7 109 218 546 564 605 643 706 
701 8 141 445 493 521 547 706 760 777 
702 2 455 497 
703 7 160 349 396 675 686 729 785 
704 7 72 384 416 476 566 581 663 
705 3 206 426 847 
706 10 21 129 202 455 662 674 700 701 721 810 
707 4 518 535 730 732 
708 6 203 313 347 447 580 657 
709 4 164 176 583 624 
710 5 26 206 297 390 793 
711 7 65 263 279 431 511 514 808 
712 1 164 
713 11 2 15 132 136 214 286 334 339 511 694 828 
714 5 215 249 316 333 516 
715 3 8 448 800 
716 6 330 334 517 582 622 648 
717 7 186 253 255 301 311 658 666 
718 3 269 440 638 
719 4 203 267 547 821 
720 8 20 209 247 312 502 522 575 768 
721 15 61 106 192 203 295 302 391 395 489 533 586 608 646 706 724 
722 10 40 56 178 348 442 521 526 595 625 730 
723 6 34 298 306 520 677 768 
724 10 6 253 293 525 607 623 662 692 721 784 
725 6 345 366 411 528 693 697 
726 2 97 412 
727 7 106 160 190 593 768 781 795 
728 7 104 151 153 155 220 649 773 
729 7 21 150 328 425 447 466 703 
730 8 224 249 390 424 707 722 786 805 
731 8 72 178 204 432 599 810 829 835 
732 10 177 186 191 263 433 571 707 744 777 799 
733 9 58 115 159 196 270 362 483 573 692 
734 6 10 141 218 383 460 825 
735 11 112 185 202 207 255 332 358 418 435 680 820 
736 8 29 39 142 290 380 381 582 811 
737 4 396 468 580 752 
738 3 22 551 838 
739 7 236 238 276 319 617 667 753 
740 4 54 140 197 244 
741 11 130 164 313 315 383 511 566 577 590 635 765 
742 8 29 212 240 603 636 670 681 779 
743 11 0 84 142 161 409 498 527 536 589 693 770 
744 7 44 193 195 318 507 536 732 
745 7 48 380 542 574 614 655 775 
746 10 48 91 278 306 371 449 579 658 792 845 
747 5 38 210 231 499 579 
748 9 18 65 148 308 453 483 606 653 786 
749 4 200 401 542 779 
750 3 41 288 597 
751 9 11 145 185 274 308 333 499 657 835 
752 6 77 80 123 462 539 737 
753 8 1 184 270 488 501 739 766 792 
754 7 3 183 287 396 430 455 699 
755 3 449 548 695 
756 8 26 398 497 563 596 608 679 809 
757 4 185 202 559 837 
758 8 10 65 149 278 332 454 520 837 
759 7 33 136 462 477 499 639 658 
760 8 130 174 189 244 311 652 701 789 
761 6 146 157 267 405 491 599 
762 2 355 484 
763 6 68 268 313 425 531 683 
764 9 81 151 326 359 536 580 615 772 798 
765 10 21 181 329 385 397 433 542 572 741 815 
766 8 32 66 88 232 413 578 753 795 
767 4 254 359 504 821 
768 8 98 136 201 425 583 720 723 727 
769 5 23 301 530 630 672 
770 6 34 51 329 418 684 743 
771 2 431 500 
772 13 132 141 180 372 391 431 478 491 525 577 673 764 820 
773 5 320 341 576 653 728 
774 7 0 13 116 264 461 486 592 
775 8 14 204 220 377 528 559 603 745 
776 7 114 118 165 292 399 514 533 
777 6 70 245 407 701 732 830 
778 11 118 210 359 368 426 460 523 590 599 811 841 
779 12 22 46 126 169 365 426 439 588 609 689 742 749 
780 6 17 41 160 303 389 809 
781 5 173 365 597 727 794 
782 7 33 202 354 418 521 562 589 
783 5 276 335 459 477 586 
784 6 20 65 165 353 724 846 
785 5 187 364 622 703 797 
786 6 196 202 502 580 730 748 
787 7 115 167 281 396 400 565 820 
788 10 22 167 339 401 420 484 485 548 611 680 
789 7 348 430 500 592 653 760 803 
790 7 30 79 115 205 372 592 676 
791 2 384 636 
792 5 459 565 645 746 753 
793 10 5 40 61 74 179 305 359 426 650 710 
794 7 18 67 363 580 648 672 781 
795 8 66 182 183 409 574 603 727 766 
796 4 58 223 253 684 
797 3 15 531 785 
798 7 25 243 296 356 363 432 764 
799 6 63 145 451 549 732 823 
800 5 271 460 515 715 805 
801 2 74 478 
802 4 270 275 356 474 
803 4 106 507 540 789 
804 10 178 228 245 308 338 383 395 499 503 542 
805 6 21 113 122 207 730 800 
806 4 31 384 544 610 
807 5 107 264 550 599 818 
808 8 178 186 375 453 593 675 711 834 
809 4 484 593 756 780 
810 11 10 114 117 141 233 281 330 545 706 731 843 
811 7 61 162 247 296 409 736 778 
812 6 205 274 404 488 610 681 
813 7 23 143 186 190 257 426 522 
814 3 44 317 609 
815 6 492 531 673 765 826 830 
816 2 371 404 
817 7 81 112 123 192 221 259 389 
818 8 299 366 401 547 589 644 652 807 
819 5 80 162 250 453 487 
820 13 0 208 269 325 337 338 490 493 498 735 772 787 824 
821 8 92 534 585 643 719 767 822 830 
822 7 123 201 254 403 468 538 821 
823 9 14 90 103 297 303 324 467 691 799 
824 6 288 327 490 538 684 820 
825 9 3 145 202 358 419 599 649 655 734 
826 4 28 117 454 815 
827 10 74 116 136 140 152 179 199 446 476 629 
828 8 134 190 203 219 256 328 334 713 
829 6 28 32 215 551 731 831 
830 5 337 340 777 815 821 
831 8 72 272 396 459 555 671 676 829 
832 11 41 68 87 95 151 195 308 376 463 514 633 
833 13 24 43 70 125 231 234 291 314 342 369 437 470 666 
834 6 35 77 88 416 615 808 
835 5 93 308 401 731 751 
836 9 83 112 201 310 377 399 478 510 663 
837 10 72 144 158 215 253 341 684 690 757 758 
838 6 100 146 476 489 510 738 
839 5 23 311 392 649 675 
840 7 12 275 383 498 521 582 654 
841 6 155 196 212 344 559 778 
842 10 73 92 133 244 246 251 284 342 351 490 
843 5 0 256 605 624 810 
844 6 93 150 214 284 381 414 
845 8 10 67 355 379 394 647 666 746 
846 6 309 365 527 678 698 784 
847 6 60 117 261 303 335 705 
848 6 5 64 91 271 406 659 
849 7 225 293 314 397 602 631 644 
