850 1772
0 3 173 175 802 
1 2 605 820 
2 2 31 366 
3 6 70 282 309 523 557 734 
4 2 420 632 
5 4 190 351 489 693 
6 5 23 139 425 548 794 
7 4 368 371 442 643 
8 0 
9 3 172 449 725 
10 5 143 204 459 711 772 
11 7 23 82 250 378 480 741 755 
12 5 377 483 529 605 659 
13 7 145 271 358 536 572 699 819 
14 3 150 274 495 
15 2 407 453 
16 4 65 263 487 536 
17 4 233 535 671 809 
18 5 251 285 490 681 703 
19 5 189 377 641 762 832 
20 3 171 536 677 
21 4 126 561 640 654 
22 3 146 367 561 
23 10 6 11 30 41 165 288 294 556 621 779 
24 8 115 157 228 301 480 486 526 808 
25 3 179 223 245 
26 2 369 435 
27 6 528 585 589 593 670 694 
28 7 84 117 214 639 762 816 846 
29 3 131 151 160 
30 6 23 79 219 449 487 531 
31 7 2 56 164 601 701 831 839 
32 7 183 357 380 435 558 694 722 
33 1 793 
34 8 210 243 267 319 489 627 697 789 
35 2 680 709 
36 3 382 497 513 
37 3 469 587 710 
38 5 176 296 373 721 740 
39 5 70 433 459 744 848 
40 3 499 684 735 
41 7 23 68 258 591 626 671 700 
42 3 227 363 419 
43 5 138 210 402 586 793 
44 4 287 374 407 679 
45 3 187 417 630 
46 9 74 184 203 252 265 270 428 661 708 
47 4 52 280 425 827 
48 6 421 507 584 704 707 715 
49 2 135 336 
50 5 223 332 344 747 757 
51 7 102 118 153 154 281 681 830 
52 6 47 274 427 469 644 841 
53 7 66 174 189 439 473 642 773 
54 2 437 606 
55 5 86 493 592 679 842 
56 4 31 276 605 749 
57 4 215 273 431 680 
58 5 64 112 550 693 767 
59 1 251 
60 4 188 191 245 802 
61 5 124 334 682 805 831 
62 4 112 624 686 821 
63 10 73 189 227 240 298 460 560 658 741 845 
64 5 58 99 641 642 819 
65 2 16 692 
66 3 53 236 847 
67 4 157 263 612 660 
68 4 41 144 546 602 
69 3 290 311 664 
70 5 3 39 306 435 704 
71 3 435 631 683 
72 1 188 
73 6 63 324 325 336 396 579 
74 9 46 280 308 311 312 390 460 498 708 
75 4 113 146 677 704 
76 1 392 
77 3 506 564 782 
78 3 370 430 822 
79 5 30 84 426 641 706 
80 2 125 652 
81 2 113 709 
82 5 11 250 450 595 823 
83 7 270 565 601 648 657 729 748 
84 5 28 79 654 734 769 
85 3 200 238 665 
86 3 55 230 348 
87 4 153 197 239 549 
88 4 187 201 293 401 
89 3 212 214 659 
90 5 191 198 223 257 682 
91 3 175 282 759 
92 5 131 201 326 721 820 
93 2 169 657 
94 4 95 164 585 610 
95 3 94 155 624 
96 5 331 386 414 417 765 
97 5 134 296 339 343 518 
98 1 443 
99 9 64 237 302 443 471 474 620 740 752 
100 1 639 
101 5 273 344 417 587 668 
102 8 51 415 485 509 630 634 781 846 
103 2 410 646 
104 4 547 556 606 744 
105 7 153 193 248 363 400 622 844 
106 2 532 757 
107 4 124 262 751 814 
108 6 150 308 340 535 776 831 
109 4 536 721 771 825 
110 2 409 774 
111 5 425 447 478 522 596 
112 4 58 62 189 243 
113 6 75 81 147 500 509 645 
114 2 626 778 
115 3 24 153 200 
116 4 351 483 522 560 
117 4 28 318 583 597 
118 6 51 220 316 452 590 611 
119 7 253 302 355 416 653 759 827 
120 3 235 261 521 
121 8 154 172 336 341 447 618 745 839 
122 5 275 402 596 659 707 
123 3 146 660 711 
124 8 61 107 212 331 399 502 593 686 
125 6 80 267 551 700 712 746 
126 7 21 143 219 352 579 622 670 
127 1 524 
128 3 146 199 520 
129 5 411 478 577 784 818 
130 2 673 731 
131 7 29 92 299 334 745 780 832 
132 8 361 412 475 602 799 831 836 848 
133 3 239 329 834 
134 2 97 728 
135 5 49 463 585 666 755 
136 1 397 
137 4 515 537 652 821 
138 2 43 786 
139 1 6 
140 5 209 343 409 583 758 
141 4 375 409 618 689 
142 5 151 199 286 517 717 
143 7 10 126 224 239 518 555 626 
144 5 68 162 554 648 719 
145 4 13 187 558 584 
146 11 22 75 123 128 400 473 513 522 576 612 642 
147 2 113 656 
148 0 
149 5 189 397 401 698 830 
150 3 14 108 472 
151 6 29 142 224 481 729 754 
152 1 475 
153 7 51 87 105 115 248 267 441 
154 3 51 121 381 
155 2 95 792 
156 3 160 192 452 
157 9 24 67 224 386 456 519 712 716 756 
158 1 683 
159 4 556 565 710 836 
160 5 29 156 191 761 780 
161 4 333 485 546 562 
162 5 144 182 226 344 355 
163 6 402 474 535 552 784 825 
164 4 31 94 448 586 
165 3 23 309 394 
166 3 279 409 530 
167 1 734 
168 2 223 594 
169 2 93 678 
170 2 329 587 
171 6 20 240 564 567 568 777 
172 5 9 121 381 538 697 
173 2 0 817 
174 3 53 189 576 
175 3 0 91 578 
176 3 38 261 335 
177 2 425 820 
178 4 255 458 572 682 
179 1 25 
180 1 699 
181 2 365 473 
182 3 162 365 547 
183 4 32 201 465 490 
184 2 46 775 
185 3 335 761 781 
186 7 215 358 546 569 644 749 766 
187 6 45 88 145 487 517 576 
188 5 60 72 290 454 809 
189 12 19 53 63 112 149 174 223 401 670 723 785 811 
190 3 5 550 846 
191 5 60 90 160 611 800 
192 4 156 264 391 584 
193 4 105 409 553 646 
194 4 385 581 653 756 
195 4 342 375 440 833 
196 2 223 661 
197 7 87 273 289 308 459 466 677 
198 5 90 247 328 635 773 
199 4 128 142 324 450 
200 5 85 115 505 675 826 
201 5 88 92 183 383 527 
202 6 231 501 506 516 776 808 
203 5 46 329 363 462 793 
204 3 10 688 763 
205 1 404 
206 0 
207 4 339 408 484 548 
208 4 335 409 508 541 
209 4 140 291 326 707 
210 5 34 43 326 383 728 
211 7 297 336 340 490 533 720 833 
212 4 89 124 566 707 
213 1 373 
214 4 28 89 479 502 
215 6 57 186 518 572 625 779 
216 4 417 591 726 732 
217 5 339 500 701 711 723 
218 2 222 335 
219 3 30 126 285 
220 3 118 436 576 
221 2 340 669 
222 5 218 393 510 720 821 
223 10 25 50 90 168 189 196 225 226 247 448 
224 4 143 151 157 553 
225 7 223 259 347 350 401 428 518 
226 3 162 223 317 
227 6 42 63 471 482 644 847 
228 4 24 305 470 839 
229 2 345 510 
230 6 86 518 539 551 730 745 
231 5 202 237 350 505 616 
232 2 338 763 
233 5 17 275 577 600 820 
234 5 322 524 679 701 708 
235 4 120 359 370 583 
236 3 66 631 632 
237 4 99 231 390 652 
238 4 85 293 639 695 
239 4 87 133 143 358 
240 6 63 171 438 514 623 738 
241 0 
242 3 260 298 512 
243 3 34 112 816 
244 1 598 
245 3 25 60 808 
246 0 
247 4 198 223 276 452 
248 4 105 153 444 447 
249 7 349 379 419 465 485 580 815 
250 5 11 82 419 486 671 
251 4 18 59 292 827 
252 3 46 519 831 
253 6 119 339 389 445 561 833 
254 1 633 
255 2 178 635 
256 2 564 824 
257 8 90 262 321 356 374 548 556 651 
258 2 41 733 
259 3 225 419 582 
260 3 242 472 501 
261 6 120 176 270 480 630 775 
262 4 107 257 375 545 
263 4 16 67 428 457 
264 5 192 534 564 760 785 
265 6 46 332 439 528 533 685 
266 1 829 
267 8 34 125 153 269 337 417 516 706 
268 3 528 669 803 
269 3 267 452 706 
270 4 46 83 261 335 
271 3 13 372 699 
272 6 333 342 403 416 514 556 
273 3 57 101 197 
274 4 14 52 696 835 
275 9 122 233 309 337 340 424 494 505 688 
276 4 56 247 402 486 
277 4 365 410 427 448 
278 3 306 382 383 
279 5 166 393 442 768 808 
280 6 47 74 352 499 581 620 
281 6 51 354 417 464 554 780 
282 7 3 91 358 546 635 789 835 
283 1 303 
284 3 528 537 807 
285 7 18 219 380 409 437 440 480 
286 5 142 371 540 584 824 
287 5 44 367 649 653 694 
288 3 23 640 814 
289 2 197 846 
290 3 69 188 838 
291 4 209 335 713 805 
292 4 251 325 801 848 
293 2 88 238 
294 4 23 571 778 780 
295 2 551 598 
296 8 38 97 407 432 541 693 708 806 
297 5 211 363 387 691 766 
298 3 63 242 312 
299 4 131 336 706 848 
300 4 413 452 766 785 
301 6 24 451 478 502 612 742 
302 4 99 119 613 727 
303 3 283 544 777 
304 2 630 825 
305 3 228 663 685 
306 5 70 278 727 787 843 
307 4 492 547 762 810 
308 5 74 108 197 553 801 
309 6 3 165 275 387 531 595 
310 1 360 
311 3 69 74 337 
312 5 74 298 524 714 817 
313 3 502 552 656 
314 2 478 747 
315 1 546 
316 4 118 503 565 577 
317 4 226 455 668 820 
318 4 117 322 340 553 
319 4 34 479 592 672 
320 3 370 430 597 
321 6 257 418 674 799 814 832 
322 3 234 318 761 
323 1 511 
324 5 73 199 453 778 822 
325 6 73 292 593 619 635 779 
326 6 92 209 210 495 657 716 
327 0 
328 3 198 347 427 
329 6 133 170 203 764 779 816 
330 6 333 365 540 606 741 770 
331 6 96 124 410 411 547 749 
332 3 50 265 564 
333 4 161 272 330 560 
334 5 61 131 394 487 696 
335 7 176 185 208 218 270 291 599 
336 8 49 73 121 211 299 350 518 772 
337 5 267 275 311 488 785 
338 3 232 468 476 
339 6 97 207 217 253 467 610 
340 8 108 211 221 275 318 504 605 745 
341 2 121 568 
342 4 195 272 693 697 
343 4 97 140 753 807 
344 7 50 101 162 498 666 726 775 
345 1 229 
346 3 439 562 799 
347 4 225 328 356 450 
348 6 86 405 435 573 777 847 
349 7 249 491 507 560 629 638 737 
350 5 225 231 336 438 759 
351 9 5 116 445 468 525 527 708 713 792 
352 3 126 280 640 
353 1 585 
354 4 281 444 636 746 
355 6 119 162 558 604 633 747 
356 2 257 347 
357 5 32 404 483 683 815 
358 6 13 186 239 282 586 688 
359 2 235 795 
360 3 310 684 813 
361 3 132 368 796 
362 0 
363 7 42 105 203 297 377 427 839 
364 6 370 423 537 571 599 692 
365 6 181 182 277 330 415 737 
366 1 2 
367 3 22 287 474 
368 6 7 361 654 707 771 832 
369 1 26 
370 10 78 235 320 364 412 422 495 539 541 593 
371 4 7 286 424 807 
372 4 271 404 606 648 
373 7 38 213 457 512 827 829 843 
374 2 44 257 
375 4 141 195 262 448 
376 1 521 
377 9 12 19 363 419 453 456 687 742 839 
378 9 11 390 430 538 558 572 625 708 738 
379 4 249 457 513 683 
380 5 32 285 552 682 734 
381 3 154 172 678 
382 4 36 278 391 699 
383 5 201 210 278 486 560 
384 1 707 
385 3 194 622 650 
386 6 96 157 624 723 746 829 
387 3 297 309 551 
388 0 
389 4 253 418 471 692 
390 4 74 237 378 659 
391 5 192 382 457 582 686 
392 4 76 403 418 648 
393 6 222 279 514 561 675 716 
394 3 165 334 422 
395 5 439 524 531 610 825 
396 2 73 549 
397 5 136 149 617 725 747 
398 2 483 508 
399 3 124 671 797 
400 4 105 146 415 561 
401 9 88 149 189 225 429 653 749 769 793 
402 4 43 122 163 276 
403 5 272 392 423 480 807 
404 5 205 357 372 606 760 
405 2 348 716 
406 3 439 620 692 
407 6 15 44 296 529 684 800 
408 2 207 728 
409 10 110 140 141 166 193 208 285 481 514 836 
410 8 103 277 331 438 516 583 673 709 
411 4 129 331 540 546 
412 6 132 370 547 551 569 679 
413 2 300 663 
414 5 96 485 528 587 627 
415 3 102 365 400 
416 4 119 272 431 756 
417 9 45 96 101 216 267 281 553 562 839 
418 4 321 389 392 721 
419 7 42 249 250 259 377 544 661 
420 4 4 558 799 815 
421 3 48 467 775 
422 3 370 394 472 
423 5 364 403 480 676 796 
424 4 275 371 492 650 
425 6 6 47 111 177 494 673 
426 6 79 498 647 728 838 848 
427 4 52 277 328 363 
428 3 46 225 263 
429 2 401 512 
430 8 78 320 378 431 437 530 616 683 
431 4 57 416 430 499 
432 3 296 515 571 
433 3 39 736 761 
434 1 561 
435 6 26 32 70 71 348 689 
436 3 220 449 484 
437 6 54 285 430 506 547 612 
438 5 240 350 410 630 670 
439 8 53 265 346 395 406 489 559 571 
440 4 195 285 533 538 
441 2 153 787 
442 4 7 279 587 810 
443 3 98 99 509 
444 3 248 354 454 
445 3 253 351 473 
446 2 575 806 
447 7 111 121 248 474 583 596 620 
448 5 164 223 277 375 769 
449 7 9 30 436 468 641 664 789 
450 3 82 199 347 
451 4 301 484 498 641 
452 7 118 156 247 269 300 794 842 
453 6 15 324 377 556 753 792 
454 3 188 444 844 
455 3 317 592 689 
456 5 157 377 485 531 578 
457 4 263 373 379 391 
458 2 178 484 
459 4 10 39 197 541 
460 3 63 74 831 
461 1 505 
462 3 203 624 806 
463 2 135 513 
464 2 281 486 
465 6 183 249 549 555 719 831 
466 1 197 
467 4 339 421 731 818 
468 5 338 351 449 495 849 
469 5 37 52 481 702 845 
470 4 228 571 642 837 
471 4 99 227 389 623 
472 3 150 260 422 
473 7 53 146 181 445 758 777 835 
474 5 99 163 367 447 812 
475 3 132 152 640 
476 3 338 518 578 
477 3 561 728 841 
478 6 111 129 301 314 526 837 
479 6 214 319 525 636 691 796 
480 8 11 24 261 285 403 423 544 768 
481 4 151 409 469 527 
482 3 227 633 718 
483 7 12 116 357 398 637 724 782 
484 4 207 436 451 458 
485 8 102 161 249 414 456 549 557 840 
486 6 24 250 276 383 464 825 
487 5 16 30 187 334 655 
488 2 337 771 
489 5 5 34 439 551 758 
490 6 18 183 211 572 598 758 
491 2 349 542 
492 5 307 424 527 704 823 
493 4 55 502 644 706 
494 2 275 425 
495 5 14 326 370 468 684 
496 2 559 606 
497 1 36 
498 5 74 344 426 451 708 
499 6 40 280 431 628 641 845 
500 2 113 217 
501 4 202 260 581 620 
502 8 124 214 301 313 493 649 680 789 
503 4 316 510 691 795 
504 3 340 784 817 
505 6 200 231 275 461 515 740 
506 5 77 202 437 567 699 
507 4 48 349 696 745 
508 4 208 398 640 722 
509 4 102 113 443 814 
510 5 222 229 503 688 800 
511 4 323 515 584 802 
512 6 242 373 429 556 602 824 
513 9 36 146 379 463 523 533 548 565 723 
514 5 240 272 393 409 722 
515 4 137 432 505 511 
516 7 202 267 410 582 675 687 691 
517 2 142 187 
518 7 97 143 215 225 230 336 476 
519 3 157 252 602 
520 2 128 534 
521 6 120 376 606 683 760 773 
522 4 111 116 146 779 
523 3 3 513 784 
524 5 127 234 312 395 664 
525 2 351 479 
526 4 24 478 656 690 
527 4 201 351 481 492 
528 6 27 265 268 284 414 568 
529 3 12 407 827 
530 3 166 430 807 
531 5 30 309 395 456 561 
532 1 106 
533 6 211 265 440 513 701 784 
534 2 264 520 
535 4 17 108 163 703 
536 5 13 16 20 109 813 
537 5 137 284 364 677 751 
538 5 172 378 440 657 734 
539 3 230 370 713 
540 6 286 330 411 545 618 824 
541 7 208 296 370 459 773 785 826 
542 1 491 
543 2 557 706 
544 6 303 419 480 652 686 766 
545 2 262 540 
546 6 68 161 186 282 315 411 
547 7 104 182 307 331 412 437 776 
548 5 6 207 257 513 816 
549 6 87 396 465 485 776 839 
550 6 58 190 659 744 773 801 
551 7 125 230 295 387 412 489 619 
552 4 163 313 380 783 
553 7 193 224 308 318 417 717 763 
554 3 144 281 778 
555 2 143 465 
556 9 23 104 159 257 272 453 512 698 817 
557 3 3 485 543 
558 8 32 145 355 378 420 589 647 778 
559 4 439 496 573 711 
560 6 63 116 333 349 383 734 
561 9 21 22 253 393 400 434 477 531 646 
562 5 161 346 417 622 663 
563 0 
564 6 77 171 256 264 332 603 
565 6 83 159 316 513 586 672 
566 3 212 567 800 
567 6 171 506 566 615 648 674 
568 6 171 341 528 724 789 814 
569 5 186 412 648 689 815 
570 3 632 725 791 
571 7 294 364 432 439 470 661 708 
572 6 13 178 215 378 490 602 
573 2 348 559 
574 2 591 688 
575 5 446 628 629 743 846 
576 4 146 174 187 220 
577 5 129 233 316 618 669 
578 6 175 456 476 595 793 832 
579 2 73 126 
580 2 249 817 
581 3 194 280 501 
582 3 259 391 516 
583 6 117 140 235 410 447 596 
584 7 48 145 192 286 511 726 761 
585 4 27 94 135 353 
586 7 43 164 358 565 683 715 718 
587 5 37 101 170 414 442 
588 1 729 
589 2 27 558 
590 2 118 642 
591 6 41 216 574 626 659 805 
592 5 55 319 455 660 764 
593 7 27 124 325 370 621 675 760 
594 2 168 619 
595 3 82 309 578 
596 4 111 122 447 583 
597 2 117 320 
598 4 244 295 490 831 
599 3 335 364 786 
600 1 233 
601 3 31 83 706 
602 7 68 132 512 519 572 623 740 
603 2 564 635 
604 3 355 700 772 
605 6 1 12 56 340 705 768 
606 8 54 104 330 372 404 496 521 688 
607 0 
608 0 
609 0 
610 4 94 339 395 686 
611 3 118 191 676 
612 4 67 146 301 437 
613 1 302 
614 0 
615 3 567 645 770 
616 4 231 430 647 794 
617 3 397 750 831 
618 6 121 141 540 577 801 807 
619 3 325 551 594 
620 5 99 280 406 447 501 
621 2 23 593 
622 4 105 126 385 562 
623 3 240 471 602 
624 5 62 95 386 462 784 
625 3 215 378 829 
626 5 41 114 143 591 717 
627 3 34 414 652 
628 3 499 575 728 
629 3 349 575 806 
630 7 45 102 261 304 438 677 796 
631 3 71 236 767 
632 4 4 236 570 822 
633 3 254 355 482 
634 3 102 685 779 
635 5 198 255 282 325 603 
636 6 354 479 651 724 785 834 
637 1 483 
638 2 349 775 
639 3 28 100 238 
640 5 21 288 352 475 508 
641 7 19 64 79 449 451 499 690 
642 6 53 64 146 470 590 838 
643 5 7 654 660 731 800 
644 5 52 186 227 493 790 
645 5 113 615 769 772 795 
646 3 103 193 561 
647 3 426 558 616 
648 8 83 144 372 392 567 569 770 797 
649 4 287 502 690 769 
650 2 385 424 
651 4 257 636 727 791 
652 6 80 137 237 544 627 682 
653 6 119 194 287 401 705 760 
654 5 21 84 368 643 717 
655 4 487 666 708 735 
656 3 147 313 526 
657 4 83 93 326 538 
658 2 63 778 
659 8 12 89 122 390 550 591 668 730 
660 5 67 123 592 643 674 
661 4 46 196 419 571 
662 0 
663 4 305 413 562 684 
664 3 69 449 524 
665 1 85 
666 3 135 344 655 
667 1 742 
668 4 101 317 659 739 
669 3 221 268 577 
670 4 27 126 189 438 
671 4 17 41 250 399 
672 3 319 565 711 
673 7 130 410 425 712 755 814 820 
674 3 321 567 660 
675 5 200 393 516 593 800 
676 4 423 611 700 767 
677 6 20 75 197 537 630 808 
678 2 169 381 
679 5 44 55 234 412 744 
680 5 35 57 502 755 834 
681 3 18 51 729 
682 6 61 90 178 380 652 810 
683 7 71 158 357 379 430 521 586 
684 6 40 360 407 495 663 695 
685 4 265 305 634 757 
686 5 62 124 391 544 610 
687 4 377 516 744 810 
688 7 204 275 358 510 574 606 703 
689 4 141 435 455 569 
690 4 526 641 649 754 
691 4 297 479 503 516 
692 5 65 364 389 406 794 
693 6 5 58 296 342 810 814 
694 3 27 32 287 
695 2 238 684 
696 5 274 334 507 705 761 
697 3 34 172 342 
698 2 149 556 
699 7 13 180 271 382 506 766 779 
700 5 41 125 604 676 736 
701 4 31 217 234 533 
702 2 469 721 
703 3 18 535 688 
704 4 48 70 75 492 
705 4 605 653 696 719 
706 8 79 267 269 299 493 543 601 807 
707 6 48 122 209 212 368 384 
708 11 46 74 234 296 351 378 498 571 655 715 721 
709 3 35 81 410 
710 4 37 159 741 844 
711 7 10 123 217 559 672 756 819 
712 3 125 157 673 
713 3 291 351 539 
714 2 312 847 
715 3 48 586 708 
716 5 157 326 393 405 836 
717 5 142 553 626 654 756 
718 3 482 586 847 
719 3 144 465 705 
720 3 211 222 830 
721 6 38 92 109 418 702 708 
722 3 32 508 514 
723 5 189 217 386 513 809 
724 3 483 568 636 
725 5 9 397 570 752 789 
726 4 216 344 584 735 
727 3 302 306 651 
728 6 134 210 408 426 477 628 
729 4 83 151 588 681 
730 4 230 659 763 823 
731 3 130 467 643 
732 1 216 
733 1 258 
734 9 3 84 167 380 538 560 777 798 818 
735 3 40 655 726 
736 4 433 700 774 776 
737 2 349 365 
738 2 240 378 
739 1 668 
740 4 38 99 505 602 
741 4 11 63 330 710 
742 3 301 377 667 
743 1 575 
744 5 39 104 550 679 687 
745 6 121 131 230 340 507 761 
746 3 125 354 386 
747 5 50 314 355 397 792 
748 1 83 
749 4 56 186 331 401 
750 1 617 
751 2 107 537 
752 2 99 725 
753 2 343 453 
754 2 151 690 
755 7 11 135 673 680 785 830 833 
756 6 157 194 416 711 717 830 
757 5 50 106 685 777 799 
758 4 140 473 489 490 
759 4 91 119 350 833 
760 5 264 404 521 593 653 
761 7 160 185 322 433 584 696 745 
762 4 19 28 307 846 
763 4 204 232 553 730 
764 3 329 592 846 
765 1 96 
766 6 186 297 300 544 699 817 
767 3 58 631 676 
768 4 279 480 605 807 
769 5 84 401 448 645 649 
770 3 330 615 648 
771 3 109 368 488 
772 5 10 336 604 645 784 
773 6 53 198 521 541 550 832 
774 2 110 736 
775 6 184 261 344 421 638 797 
776 5 108 202 547 549 736 
777 7 171 303 348 473 734 757 785 
778 6 114 294 324 554 558 658 
779 7 23 215 325 329 522 634 699 
780 5 131 160 281 294 814 
781 2 102 185 
782 2 77 483 
783 2 552 804 
784 7 129 163 504 523 533 624 772 
785 8 189 264 300 337 541 636 755 777 
786 2 138 599 
787 2 306 441 
788 0 
789 6 34 282 449 502 568 725 
790 1 644 
791 2 570 651 
792 6 155 351 453 747 832 842 
793 5 33 43 203 401 578 
794 5 6 452 616 692 796 
795 3 359 503 645 
796 6 361 423 479 630 794 807 
797 3 399 648 775 
798 1 734 
799 5 132 321 346 420 757 
800 6 191 407 510 566 643 675 
801 4 292 308 550 618 
802 5 0 60 511 839 846 
803 1 268 
804 1 783 
805 4 61 291 591 828 
806 4 296 446 462 629 
807 10 284 343 371 403 530 618 706 768 796 820 
808 5 24 202 245 279 677 
809 3 17 188 723 
810 5 307 442 682 687 693 
811 1 189 
812 1 474 
813 2 360 536 
814 9 107 288 321 509 568 673 693 780 822 
815 4 249 357 420 569 
816 4 28 243 329 548 
817 6 173 312 504 556 580 766 
818 3 129 467 734 
819 4 13 64 711 829 
820 7 1 92 177 233 317 673 807 
821 3 62 137 222 
822 5 78 324 632 814 824 
823 3 82 492 730 
824 5 256 286 512 540 822 
825 5 109 163 304 395 486 
826 2 200 541 
827 6 47 119 251 373 529 835 
828 1 805 
829 5 266 373 386 625 819 
830 6 51 149 720 755 756 835 
831 9 31 61 108 132 252 460 465 598 617 
832 7 19 131 321 368 578 773 792 
833 5 195 211 253 755 759 
834 3 133 636 680 
835 5 274 282 473 827 830 
836 4 132 159 409 716 
837 2 470 478 
838 3 290 426 642 
839 8 31 121 228 363 377 417 549 802 
840 1 485 
841 3 52 477 847 
842 3 55 452 792 
843 2 306 373 
844 3 105 454 710 
845 3 63 469 499 
846 8 28 102 190 289 575 762 764 802 
847 6 66 227 348 714 718 841 
848 5 39 132 292 299 426 
849 1 468 
