850 2153
0 5 81 173 175 707 802 
1 2 605 820 
2 3 31 132 366 
3 6 70 282 309 523 557 734 
4 2 420 632 
5 4 190 351 489 693 
6 5 23 139 425 548 794 
7 6 236 368 371 442 566 643 
8 1 775 
9 4 133 172 449 725 
10 5 143 204 459 711 772 
11 8 23 82 187 250 378 480 741 755 
12 6 123 377 483 529 605 659 
13 9 145 271 348 358 536 572 699 766 819 
14 5 97 150 274 324 495 
15 3 205 407 453 
16 6 65 263 468 487 536 794 
17 4 233 535 671 809 
18 5 251 285 490 681 703 
19 5 189 377 641 762 832 
20 3 171 536 677 
21 8 126 332 426 561 621 640 654 667 
22 3 146 367 561 
23 12 6 11 30 41 165 177 288 294 520 556 621 779 
24 8 115 157 228 301 480 486 526 808 
25 4 179 223 245 361 
26 3 369 435 508 
27 7 194 528 585 589 593 670 694 
28 8 84 96 117 214 639 762 816 846 
29 3 131 151 160 
30 7 23 79 219 449 487 531 685 
31 7 2 56 164 601 701 831 839 
32 9 183 357 360 380 435 558 658 694 722 
33 4 288 586 599 793 
34 9 210 243 267 319 489 627 697 721 789 
35 2 680 709 
36 3 382 497 513 
37 3 469 587 710 
38 5 176 296 373 721 740 
39 6 70 356 433 459 744 848 
40 3 499 684 735 
41 9 23 68 258 591 599 626 671 700 705 
42 4 227 363 419 638 
43 6 138 210 402 586 696 793 
44 4 287 374 407 679 
45 5 187 417 630 704 774 
46 9 74 184 203 252 265 270 428 661 708 
47 5 52 280 425 628 827 
48 7 421 507 584 704 707 715 776 
49 4 135 325 336 775 
50 5 223 332 344 747 757 
51 10 97 101 102 118 153 154 247 281 681 830 
52 8 47 159 274 386 427 469 644 841 
53 7 66 174 189 439 473 642 773 
54 3 418 437 606 
55 6 86 493 592 679 749 842 
56 5 31 276 605 733 749 
57 5 215 273 431 487 680 
58 8 64 112 282 455 459 550 693 767 
59 1 251 
60 6 188 191 229 245 450 802 
61 7 105 124 334 413 682 805 831 
62 7 112 119 365 624 686 799 821 
63 12 73 189 227 240 298 460 560 658 741 793 845 847 
64 5 58 99 641 642 819 
65 2 16 692 
66 3 53 236 847 
67 5 157 263 308 612 660 
68 5 41 144 404 546 602 
69 3 290 311 664 
70 5 3 39 306 435 704 
71 4 435 631 683 684 
72 1 188 
73 6 63 324 325 336 396 579 
74 9 46 280 308 311 312 390 460 498 708 
75 4 113 146 677 704 
76 3 392 700 799 
77 3 506 564 782 
78 4 128 370 430 822 
79 5 30 84 426 641 706 
80 2 125 652 
81 3 0 113 709 
82 5 11 250 450 595 823 
83 7 270 565 601 648 657 729 748 
84 5 28 79 654 734 769 
85 3 200 238 665 
86 6 55 196 230 258 348 350 
87 4 153 197 239 549 
88 6 94 104 187 201 293 401 
89 3 212 214 659 
90 5 191 198 223 257 682 
91 4 175 198 282 759 
92 7 131 201 326 527 709 721 820 
93 4 169 332 550 657 
94 6 88 95 164 478 585 610 
95 5 94 155 349 507 624 
96 8 28 209 306 331 386 414 417 765 
97 7 14 51 134 296 339 343 518 
98 2 221 443 
99 10 64 237 302 443 471 474 620 662 740 752 
100 3 470 607 639 
101 7 51 273 344 417 458 587 668 
102 8 51 415 485 509 630 634 781 846 
103 3 410 460 646 
104 5 88 547 556 606 744 
105 8 61 153 193 248 363 400 622 844 
106 2 532 757 
107 6 124 262 451 485 751 814 
108 6 150 308 340 535 776 831 
109 5 536 580 721 771 825 
110 2 409 774 
111 6 425 447 478 522 596 708 
112 4 58 62 189 243 
113 8 75 81 147 226 500 509 645 712 
114 3 570 626 778 
115 5 24 153 200 345 563 
116 5 351 483 522 560 630 
117 4 28 318 583 597 
118 6 51 220 316 452 590 611 
119 10 62 253 278 289 302 355 416 653 759 827 
120 3 235 261 521 
121 8 154 172 336 341 447 618 745 839 
122 7 275 402 502 596 659 707 756 
123 5 12 146 556 660 711 
124 9 61 107 212 227 331 399 502 593 686 
125 7 80 167 267 551 700 712 746 
126 7 21 143 219 352 579 622 670 
127 2 204 524 
128 4 78 146 199 520 
129 7 225 411 436 478 577 784 818 
130 3 673 731 824 
131 7 29 92 299 334 745 780 832 
132 9 2 361 412 475 602 799 831 836 848 
133 4 9 239 329 834 
134 4 97 195 284 728 
135 6 49 463 585 628 666 755 
136 3 369 382 397 
137 4 515 537 652 821 
138 3 43 529 786 
139 2 6 627 
140 8 209 326 343 409 583 593 703 758 
141 4 375 409 618 689 
142 5 151 199 286 517 717 
143 8 10 126 224 239 352 518 555 626 
144 5 68 162 554 648 719 
145 4 13 187 558 584 
146 11 22 75 123 128 400 473 513 522 576 612 642 
147 2 113 656 
148 0 
149 5 189 397 401 698 830 
150 4 14 108 472 513 
151 7 29 142 173 224 481 729 754 
152 3 313 475 815 
153 8 51 87 105 115 248 267 441 742 
154 4 51 121 381 402 
155 2 95 792 
156 4 160 192 452 560 
157 10 24 67 223 224 386 456 519 712 716 756 
158 2 418 683 
159 5 52 556 565 710 836 
160 6 29 156 191 326 761 780 
161 6 198 263 333 485 546 562 
162 5 144 182 226 344 355 
163 6 402 474 535 552 784 825 
164 4 31 94 448 586 
165 5 23 309 393 394 755 
166 3 279 409 530 
167 3 125 734 794 
168 2 223 594 
169 2 93 678 
170 4 329 385 504 587 
171 6 20 240 564 567 568 777 
172 6 9 121 381 482 538 697 
173 4 0 151 384 817 
174 3 53 189 576 
175 3 0 91 578 
176 3 38 261 335 
177 4 23 425 544 820 
178 6 255 286 458 572 682 820 
179 3 25 607 750 
180 1 699 
181 3 365 473 586 
182 3 162 365 547 
183 5 32 201 465 490 580 
184 2 46 775 
185 4 326 335 761 781 
186 8 215 358 546 569 644 749 766 793 
187 8 11 45 88 145 487 517 576 832 
188 5 60 72 290 454 809 
189 13 19 53 63 112 149 174 223 401 467 670 723 785 811 
190 3 5 550 846 
191 6 60 90 160 611 628 800 
192 4 156 264 391 584 
193 4 105 409 553 646 
194 5 27 385 581 653 756 
195 7 134 216 282 342 375 440 833 
196 3 86 223 661 
197 7 87 273 289 308 459 466 677 
198 9 90 91 161 247 328 402 635 739 773 
199 5 128 142 324 450 783 
200 6 85 115 505 675 744 826 
201 7 88 92 183 252 383 527 613 
202 7 231 260 501 506 516 776 808 
203 5 46 329 363 462 793 
204 4 10 127 688 763 
205 2 15 404 
206 0 
207 5 339 408 461 484 548 
208 4 335 409 508 541 
209 5 96 140 291 326 707 
210 5 34 43 326 383 728 
211 8 272 297 336 340 490 533 720 833 
212 5 89 124 566 662 707 
213 1 373 
214 4 28 89 479 502 
215 7 57 186 518 572 625 694 779 
216 6 195 417 533 591 726 732 
217 5 339 500 701 711 723 
218 3 222 335 666 
219 3 30 126 285 
220 3 118 436 576 
221 3 98 340 669 
222 7 218 393 458 510 664 720 821 
223 11 25 50 90 157 168 189 196 225 226 247 448 
224 6 143 151 157 293 339 553 
225 9 129 223 232 259 347 350 401 428 518 
226 4 113 162 223 317 
227 7 42 63 124 471 482 644 847 
228 5 24 305 470 664 839 
229 4 60 345 510 667 
230 7 86 500 518 539 551 730 745 
231 6 202 237 350 505 609 616 
232 4 225 338 340 763 
233 6 17 275 277 577 600 820 
234 5 322 524 679 701 708 
235 5 120 359 370 583 767 
236 5 7 66 631 632 814 
237 5 99 231 312 390 652 
238 4 85 293 639 695 
239 4 87 133 143 358 
240 6 63 171 438 514 623 738 
241 0 
242 3 260 298 512 
243 3 34 112 816 
244 1 598 
245 3 25 60 808 
246 0 
247 6 51 198 223 276 290 452 
248 5 105 153 444 447 583 
249 8 349 379 419 465 485 580 584 815 
250 7 11 82 419 441 486 670 671 
251 4 18 59 292 827 
252 4 46 201 519 831 
253 8 119 339 356 389 408 445 561 833 
254 2 633 811 
255 3 178 635 724 
256 4 380 538 564 824 
257 9 90 262 321 356 374 548 549 556 651 
258 3 41 86 733 
259 3 225 419 582 
260 4 202 242 472 501 
261 7 120 176 270 480 505 630 775 
262 5 107 257 375 545 598 
263 6 16 67 161 266 428 457 
264 6 192 534 564 742 760 785 
265 6 46 332 439 528 533 685 
266 4 263 457 678 829 
267 8 34 125 153 269 337 417 516 706 
268 3 528 669 803 
269 3 267 452 706 
270 6 46 83 261 297 302 335 
271 3 13 372 699 
272 7 211 333 342 403 416 514 556 
273 4 57 101 197 684 
274 4 14 52 696 835 
275 9 122 233 309 337 340 424 494 505 688 
276 4 56 247 402 486 
277 6 233 365 405 410 427 448 
278 4 119 306 382 383 
279 5 166 393 442 768 808 
280 7 47 74 348 352 499 581 620 
281 8 51 354 405 417 453 464 554 780 
282 9 3 58 91 195 358 546 635 789 835 
283 2 303 541 
284 4 134 528 537 807 
285 7 18 219 380 409 437 440 480 
286 6 142 178 371 540 584 824 
287 7 44 312 367 649 653 694 787 
288 5 23 33 493 640 814 
289 3 119 197 846 
290 6 69 188 247 377 624 838 
291 5 209 335 369 713 805 
292 4 251 325 801 848 
293 6 88 224 238 465 509 644 
294 5 23 526 571 778 780 
295 3 494 551 598 
296 9 38 97 407 432 541 693 708 783 806 
297 7 211 270 363 387 393 691 766 
298 5 63 242 312 491 576 
299 5 131 336 706 772 848 
300 5 413 452 644 766 785 
301 7 24 451 478 497 502 612 742 
302 5 99 119 270 613 727 
303 4 283 544 777 782 
304 2 630 825 
305 4 228 632 663 685 
306 6 70 96 278 727 787 843 
307 5 339 492 547 762 810 
308 6 67 74 108 197 553 801 
309 6 3 165 275 387 531 595 
310 1 360 
311 3 69 74 337 
312 9 74 237 287 298 521 524 618 714 817 
313 4 152 502 552 656 
314 2 478 747 
315 1 546 
316 5 118 341 503 565 577 
317 4 226 455 668 820 
318 4 117 322 340 553 
319 5 34 479 580 592 672 
320 4 370 430 597 807 
321 7 257 418 445 674 799 814 832 
322 3 234 318 761 
323 1 511 
324 7 14 73 199 453 743 778 822 
325 7 49 73 292 593 619 635 779 
326 12 92 140 160 185 209 210 377 495 516 657 716 739 
327 0 
328 5 198 347 410 427 800 
329 6 133 170 203 764 779 816 
330 8 333 365 396 540 562 606 741 770 
331 6 96 124 410 411 547 749 
332 5 21 50 93 265 564 
333 4 161 272 330 560 
334 5 61 131 394 487 696 
335 7 176 185 208 218 270 291 599 
336 9 49 73 121 211 299 350 518 751 772 
337 5 267 275 311 488 785 
338 4 232 452 468 476 
339 9 97 207 217 224 253 307 370 467 610 
340 9 108 211 221 232 275 318 504 605 745 
341 4 121 316 347 568 
342 5 195 272 578 693 697 
343 4 97 140 753 807 
344 7 50 101 162 498 666 726 775 
345 2 115 229 
346 3 439 562 799 
347 6 225 328 341 356 450 501 
348 8 13 86 280 405 435 573 777 847 
349 9 95 249 491 507 560 625 629 638 737 
350 7 86 225 231 336 438 498 759 
351 9 5 116 445 468 525 527 708 713 792 
352 4 126 143 280 640 
353 1 585 
354 5 281 444 636 746 842 
355 8 119 162 428 454 558 604 633 747 
356 5 39 253 257 347 828 
357 5 32 404 483 683 815 
358 6 13 186 239 282 586 688 
359 3 235 549 795 
360 4 32 310 684 813 
361 5 25 132 368 406 796 
362 3 406 459 576 
363 7 42 105 203 297 377 427 839 
364 7 370 423 536 537 571 599 692 
365 8 62 181 182 277 330 415 450 737 
366 1 2 
367 3 22 287 474 
368 6 7 361 654 707 771 832 
369 3 26 136 291 
370 12 78 235 320 339 364 412 422 495 539 541 593 810 
371 5 7 286 424 486 807 
372 5 271 404 606 648 837 
373 7 38 213 457 512 827 829 843 
374 3 44 257 784 
375 5 141 195 262 448 702 
376 2 521 660 
377 11 12 19 290 326 363 419 453 456 687 742 839 
378 9 11 390 430 538 558 572 625 708 738 
379 5 249 457 513 683 686 
380 7 32 256 285 540 552 682 734 
381 3 154 172 678 
382 8 36 136 278 391 421 531 699 724 
383 7 201 210 278 486 517 560 667 
384 3 173 580 707 
385 4 170 194 622 650 
386 7 52 96 157 624 723 746 829 
387 4 297 309 551 630 
388 0 
389 4 253 418 471 692 
390 4 74 237 378 659 
391 5 192 382 457 582 686 
392 5 76 403 418 648 723 
393 8 165 222 279 297 514 561 675 716 
394 3 165 334 422 
395 6 439 524 531 561 610 825 
396 3 73 330 549 
397 5 136 149 617 725 747 
398 4 454 483 508 754 
399 3 124 671 797 
400 4 105 146 415 561 
401 9 88 149 189 225 429 653 749 769 793 
402 6 43 122 154 163 198 276 
403 5 272 392 423 480 807 
404 6 68 205 357 372 606 760 
405 4 277 281 348 716 
406 5 361 362 439 620 692 
407 6 15 44 296 529 684 800 
408 3 207 253 728 
409 10 110 140 141 166 193 208 285 481 514 836 
410 9 103 277 328 331 438 516 583 673 709 
411 4 129 331 540 546 
412 7 132 370 547 551 564 569 679 
413 4 61 300 584 663 
414 6 96 415 485 528 587 627 
415 4 102 365 400 414 
416 4 119 272 431 756 
417 9 45 96 101 216 267 281 553 562 839 
418 6 54 158 321 389 392 721 
419 7 42 249 250 259 377 544 661 
420 4 4 558 799 815 
421 4 48 382 467 775 
422 3 370 394 472 
423 5 364 403 480 676 796 
424 4 275 371 492 650 
425 6 6 47 111 177 494 673 
426 7 21 79 498 647 728 838 848 
427 4 52 277 328 363 
428 5 46 225 263 355 454 
429 2 401 512 
430 8 78 320 378 431 437 530 616 683 
431 5 57 416 430 499 623 
432 3 296 515 571 
433 4 39 578 736 761 
434 1 561 
435 7 26 32 70 71 348 689 749 
436 4 129 220 449 484 
437 6 54 285 430 506 547 612 
438 6 240 350 410 517 630 670 
439 9 53 265 346 395 406 489 559 571 654 
440 4 195 285 533 538 
441 3 153 250 787 
442 4 7 279 587 810 
443 3 98 99 509 
444 5 248 354 454 756 814 
445 4 253 321 351 473 
446 3 575 704 806 
447 7 111 121 248 474 583 596 620 
448 5 164 223 277 375 769 
449 7 9 30 436 468 641 664 789 
450 5 60 82 199 347 365 
451 6 107 301 484 498 641 733 
452 10 118 156 247 269 300 338 508 577 794 842 
453 8 15 281 324 377 556 666 753 792 
454 6 188 355 398 428 444 844 
455 4 58 317 592 689 
456 5 157 377 485 531 578 
457 6 263 266 373 379 391 584 
458 4 101 178 222 484 
459 6 10 39 58 197 362 541 
460 5 63 74 103 675 831 
461 3 207 505 713 
462 3 203 624 806 
463 4 135 513 552 698 
464 3 281 474 486 
465 7 183 249 293 549 555 719 831 
466 2 197 809 
467 5 189 339 421 731 818 
468 6 16 338 351 449 495 849 
469 5 37 52 481 702 845 
470 5 100 228 571 642 837 
471 5 99 227 389 623 715 
472 3 150 260 422 
473 7 53 146 181 445 758 777 835 
474 6 99 163 367 447 464 812 
475 3 132 152 640 
476 3 338 518 578 
477 3 561 728 841 
478 7 94 111 129 301 314 526 837 
479 7 214 319 525 636 691 754 796 
480 9 11 24 261 285 403 423 503 544 768 
481 5 151 409 469 527 667 
482 5 172 227 537 633 718 
483 7 12 116 357 398 637 724 782 
484 5 207 436 451 458 544 
485 9 102 107 161 249 414 456 549 557 840 
486 7 24 250 276 371 383 464 825 
487 7 16 30 57 187 334 655 811 
488 2 337 771 
489 5 5 34 439 551 758 
490 7 18 183 211 572 598 609 758 
491 3 298 349 542 
492 5 307 424 527 704 823 
493 5 55 288 502 644 706 
494 4 275 295 425 584 
495 5 14 326 370 468 684 
496 2 559 606 
497 2 36 301 
498 7 74 344 350 426 451 523 708 
499 6 40 280 431 628 641 845 
500 3 113 217 230 
501 5 202 260 347 581 620 
502 10 122 124 214 301 313 493 537 649 680 789 
503 5 316 480 510 691 795 
504 4 170 340 784 817 
505 7 200 231 261 275 461 515 740 
506 5 77 202 437 567 699 
507 5 48 95 349 696 745 
508 6 26 208 398 452 640 722 
509 5 102 113 293 443 814 
510 5 222 229 503 688 800 
511 5 323 515 584 685 802 
512 6 242 373 429 556 602 824 
513 10 36 146 150 379 463 523 533 548 565 723 
514 6 240 272 393 409 525 722 
515 5 137 432 505 511 796 
516 8 202 267 326 410 582 675 687 691 
517 4 142 187 383 438 
518 7 97 143 215 225 230 336 476 
519 3 157 252 602 
520 3 23 128 534 
521 7 120 312 376 606 683 760 773 
522 5 111 116 146 724 779 
523 4 3 498 513 784 
524 5 127 234 312 395 664 
525 3 351 479 514 
526 5 24 294 478 656 690 
527 6 92 201 351 481 492 565 
528 6 27 265 268 284 414 568 
529 4 12 138 407 827 
530 4 166 430 706 807 
531 6 30 309 382 395 456 561 
532 2 106 623 
533 8 211 216 265 440 513 557 701 784 
534 3 264 520 814 
535 5 17 108 163 581 703 
536 6 13 16 20 109 364 813 
537 7 137 284 364 482 502 677 751 
538 6 172 256 378 440 657 734 
539 4 230 370 599 713 
540 7 286 330 380 411 545 618 824 
541 9 208 283 296 370 459 662 773 785 826 
542 1 491 
543 3 557 706 774 
544 8 177 303 419 480 484 652 686 766 
545 4 262 540 636 726 
546 7 68 161 186 282 315 411 618 
547 7 104 182 307 331 412 437 776 
548 5 6 207 257 513 816 
549 8 87 257 359 396 465 485 776 839 
550 7 58 93 190 659 744 773 801 
551 7 125 230 295 387 412 489 619 
552 5 163 313 380 463 783 
553 7 193 224 308 318 417 717 763 
554 3 144 281 778 
555 2 143 465 
556 10 23 104 123 159 257 272 453 512 698 817 
557 4 3 485 533 543 
558 8 32 145 355 378 420 589 647 778 
559 4 439 496 573 711 
560 7 63 116 156 333 349 383 734 
561 10 21 22 253 393 395 400 434 477 531 646 
562 8 161 330 346 417 622 629 630 663 
563 1 115 
564 7 77 171 256 264 332 412 603 
565 7 83 159 316 513 527 586 672 
566 5 7 212 567 800 848 
567 7 171 506 566 615 648 674 688 
568 7 171 341 528 683 724 789 814 
569 6 186 412 570 648 689 815 
570 5 114 569 632 725 791 
571 7 294 364 432 439 470 661 708 
572 6 13 178 215 378 490 602 
573 3 348 559 751 
574 2 591 688 
575 6 446 613 628 629 743 846 
576 6 146 174 187 220 298 362 
577 6 129 233 316 452 618 669 
578 8 175 342 433 456 476 595 793 832 
579 3 73 126 806 
580 6 109 183 249 319 384 817 
581 4 194 280 501 535 
582 3 259 391 516 
583 7 117 140 235 248 410 447 596 
584 11 48 145 192 249 286 413 457 494 511 726 761 
585 4 27 94 135 353 
586 9 33 43 164 181 358 565 683 715 718 
587 5 37 101 170 414 442 
588 2 729 813 
589 2 27 558 
590 2 118 642 
591 6 41 216 574 626 659 805 
592 5 55 319 455 660 764 
593 8 27 124 140 325 370 621 675 760 
594 2 168 619 
595 3 82 309 578 
596 4 111 122 447 583 
597 2 117 320 
598 5 244 262 295 490 831 
599 6 33 41 335 364 539 786 
600 2 233 814 
601 3 31 83 706 
602 8 68 132 512 519 572 623 658 740 
603 2 564 635 
604 4 355 700 736 772 
605 6 1 12 56 340 705 768 
606 8 54 104 330 372 404 496 521 688 
607 3 100 179 685 
608 1 640 
609 3 231 490 811 
610 4 94 339 395 686 
611 3 118 191 676 
612 4 67 146 301 437 
613 3 201 302 575 
614 0 
615 3 567 645 770 
616 4 231 430 647 794 
617 3 397 750 831 
618 8 121 141 312 540 546 577 801 807 
619 3 325 551 594 
620 5 99 280 406 447 501 
621 3 21 23 593 
622 4 105 126 385 562 
623 5 240 431 471 532 602 
624 7 62 95 290 386 462 731 784 
625 5 215 349 378 739 829 
626 5 41 114 143 591 717 
627 4 34 139 414 652 
628 6 47 135 191 499 575 728 
629 4 349 562 575 806 
630 10 45 102 116 261 304 387 438 562 677 796 
631 3 71 236 767 
632 5 4 236 305 570 822 
633 4 254 355 482 762 
634 3 102 685 779 
635 5 198 255 282 325 603 
636 7 354 479 545 651 724 785 834 
637 2 483 784 
638 3 42 349 775 
639 4 28 100 238 787 
640 6 21 288 352 475 508 608 
641 7 19 64 79 449 451 499 690 
642 6 53 64 146 470 590 838 
643 5 7 654 660 731 800 
644 7 52 186 227 293 300 493 790 
645 5 113 615 769 772 795 
646 3 103 193 561 
647 3 426 558 616 
648 8 83 144 372 392 567 569 770 797 
649 4 287 502 690 769 
650 2 385 424 
651 4 257 636 727 791 
652 6 80 137 237 544 627 682 
653 6 119 194 287 401 705 760 
654 7 21 84 368 439 643 717 722 
655 4 487 666 708 735 
656 3 147 313 526 
657 4 83 93 326 538 
658 4 32 63 602 778 
659 8 12 89 122 390 550 591 668 730 
660 6 67 123 376 592 643 674 
661 4 46 196 419 571 
662 3 99 212 541 
663 4 305 413 562 684 
664 5 69 222 228 449 524 
665 1 85 
666 5 135 218 344 453 655 
667 5 21 229 383 481 742 
668 5 101 317 659 739 759 
669 5 221 268 577 701 781 
670 5 27 126 189 250 438 
671 4 17 41 250 399 
672 3 319 565 711 
673 8 130 410 425 712 749 755 814 820 
674 3 321 567 660 
675 6 200 393 460 516 593 800 
676 4 423 611 700 767 
677 6 20 75 197 537 630 808 
678 3 169 266 381 
679 5 44 55 234 412 744 
680 6 35 57 502 755 771 834 
681 3 18 51 729 
682 6 61 90 178 380 652 810 
683 8 71 158 357 379 430 521 568 586 
684 8 40 71 273 360 407 495 663 695 
685 7 30 265 305 511 607 634 757 
686 6 62 124 379 391 544 610 
687 4 377 516 744 810 
688 8 204 275 358 510 567 574 606 703 
689 4 141 435 455 569 
690 4 526 641 649 754 
691 4 297 479 503 516 
692 5 65 364 389 406 794 
693 6 5 58 296 342 810 814 
694 4 27 32 215 287 
695 2 238 684 
696 6 43 274 334 507 705 761 
697 3 34 172 342 
698 3 149 463 556 
699 7 13 180 271 382 506 766 779 
700 7 41 76 125 604 676 736 782 
701 5 31 217 234 533 669 
702 3 375 469 721 
703 4 18 140 535 688 
704 7 45 48 70 75 446 492 732 
705 6 41 605 653 696 719 729 
706 9 79 267 269 299 493 530 543 601 807 
707 8 0 48 122 209 212 368 384 794 
708 12 46 74 111 234 296 351 378 498 571 655 715 721 
709 4 35 81 92 410 
710 5 37 159 741 784 844 
711 7 10 123 217 559 672 756 819 
712 5 113 125 157 673 744 
713 4 291 351 461 539 
714 2 312 847 
715 5 48 471 586 708 732 
716 6 157 326 393 405 799 836 
717 5 142 553 626 654 756 
718 3 482 586 847 
719 3 144 465 705 
720 5 211 222 767 796 830 
721 7 34 38 92 109 418 702 708 
722 4 32 508 514 654 
723 6 189 217 386 392 513 809 
724 6 255 382 483 522 568 636 
725 5 9 397 570 752 789 
726 5 216 344 545 584 735 
727 3 302 306 651 
728 6 134 210 408 426 477 628 
729 5 83 151 588 681 705 
730 4 230 659 763 823 
731 4 130 467 624 643 
732 4 216 704 715 846 
733 3 56 258 451 
734 9 3 84 167 380 538 560 777 798 818 
735 3 40 655 726 
736 5 433 604 700 774 776 
737 3 349 365 777 
738 2 240 378 
739 4 198 326 625 668 
740 4 38 99 505 602 
741 6 11 63 330 710 834 847 
742 5 153 264 301 377 667 
743 2 324 575 
744 7 39 104 200 550 679 687 712 
745 6 121 131 230 340 507 761 
746 3 125 354 386 
747 6 50 314 355 397 783 792 
748 1 83 
749 7 55 56 186 331 401 435 673 
750 2 179 617 
751 4 107 336 537 573 
752 2 99 725 
753 2 343 453 
754 4 151 398 479 690 
755 9 11 135 165 673 680 785 830 831 833 
756 8 122 157 194 416 444 711 717 830 
757 5 50 106 685 777 799 
758 4 140 473 489 490 
759 5 91 119 350 668 833 
760 5 264 404 521 593 653 
761 7 160 185 322 433 584 696 745 
762 6 19 28 307 633 768 846 
763 4 204 232 553 730 
764 3 329 592 846 
765 3 96 767 801 
766 7 13 186 297 300 544 699 817 
767 7 58 235 631 676 720 765 795 
768 5 279 480 605 762 807 
769 5 84 401 448 645 649 
770 3 330 615 648 
771 4 109 368 488 680 
772 6 10 299 336 604 645 784 
773 6 53 198 521 541 550 832 
774 4 45 110 543 736 
775 8 8 49 184 261 344 421 638 797 
776 7 48 108 202 547 549 736 780 
777 8 171 303 348 473 734 737 757 785 
778 6 114 294 324 554 558 658 
779 7 23 215 325 329 522 634 699 
780 6 131 160 281 294 776 814 
781 3 102 185 669 
782 4 77 303 483 700 
783 5 199 296 552 747 804 
784 10 129 163 374 504 523 533 624 637 710 772 
785 8 189 264 300 337 541 636 755 777 
786 2 138 599 
787 4 287 306 441 639 
788 0 
789 6 34 282 449 502 568 725 
790 1 644 
791 2 570 651 
792 6 155 351 453 747 832 842 
793 7 33 43 63 186 203 401 578 
794 8 6 16 167 452 616 692 707 796 
795 4 359 503 645 767 
796 8 361 423 479 515 630 720 794 807 
797 3 399 648 775 
798 1 734 
799 8 62 76 132 321 346 420 716 757 
800 7 191 328 407 510 566 643 675 
801 5 292 308 550 618 765 
802 5 0 60 511 839 846 
803 1 268 
804 1 783 
805 4 61 291 591 828 
806 5 296 446 462 579 629 
807 11 284 320 343 371 403 530 618 706 768 796 820 
808 5 24 202 245 279 677 
809 4 17 188 466 723 
810 6 307 370 442 682 687 693 
811 4 189 254 487 609 
812 1 474 
813 3 360 536 588 
814 13 107 236 288 321 444 509 534 568 600 673 693 780 822 
815 5 152 249 357 420 569 
816 4 28 243 329 548 
817 6 173 312 504 556 580 766 
818 3 129 467 734 
819 4 13 64 711 829 
820 8 1 92 177 178 233 317 673 807 
821 3 62 137 222 
822 5 78 324 632 814 824 
823 3 82 492 730 
824 6 130 256 286 512 540 822 
825 5 109 163 304 395 486 
826 2 200 541 
827 6 47 119 251 373 529 835 
828 2 356 805 
829 5 266 373 386 625 819 
830 6 51 149 720 755 756 835 
831 10 31 61 108 132 252 460 465 598 617 755 
832 8 19 131 187 321 368 578 773 792 
833 5 195 211 253 755 759 
834 4 133 636 680 741 
835 5 274 282 473 827 830 
836 4 132 159 409 716 
837 3 372 470 478 
838 3 290 426 642 
839 8 31 121 228 363 377 417 549 802 
840 1 485 
841 3 52 477 847 
842 4 55 354 452 792 
843 2 306 373 
844 3 105 454 710 
845 3 63 469 499 
846 9 28 102 190 289 575 732 762 764 802 
847 8 63 66 227 348 714 718 741 841 
848 6 39 132 292 299 426 566 
849 1 468 
