900 3198
0 8 291 474 502 641 743 774 820 843 
1 11 58 61 261 344 433 481 540 545 559 581 703 
2 10 60 209 225 262 289 406 457 563 613 845 
3 5 117 604 675 724 822 
4 9 145 223 322 357 410 422 654 730 740 
5 13 39 98 132 174 192 286 339 376 543 598 641 790 898 
6 7 424 589 672 702 746 765 889 
7 3 14 316 726 
8 8 97 137 235 315 458 542 768 889 
9 9 150 173 236 445 481 682 687 727 897 
10 10 14 25 73 234 258 310 345 466 854 878 
11 17 19 65 98 126 201 326 363 468 494 513 570 714 735 781 865 883 895 
12 7 22 240 301 389 480 643 864 
13 7 124 250 461 521 603 837 869 
14 8 7 10 75 123 167 267 349 847 
15 10 47 185 193 295 345 385 401 652 755 763 
16 6 422 435 551 593 812 893 
17 7 274 288 505 523 729 775 879 
18 3 112 331 616 
19 10 11 66 123 144 325 483 599 663 745 847 
20 10 49 61 262 308 434 534 557 593 633 826 
21 7 254 344 450 515 556 565 662 
22 11 12 74 190 198 330 397 495 539 565 750 807 
23 8 122 166 174 210 226 508 592 677 
24 9 149 150 163 180 240 299 422 531 585 
25 5 10 237 283 329 686 
26 1 133 
27 8 160 297 300 340 367 490 764 818 
28 10 156 162 290 330 394 485 512 562 598 797 
29 5 159 248 272 807 828 
30 11 124 228 326 357 370 428 474 476 497 556 750 
31 12 33 96 181 237 250 369 681 682 694 723 842 865 
32 7 147 396 489 600 680 754 801 
33 4 31 362 573 813 
34 5 258 359 362 482 790 
35 3 176 465 824 
36 2 395 570 
37 7 70 253 280 507 749 835 848 
38 11 41 81 218 256 266 392 441 512 570 586 616 
39 11 5 223 417 447 499 587 597 670 684 756 758 
40 7 125 134 151 483 669 735 870 
41 8 38 150 253 396 526 678 763 830 
42 8 63 148 180 255 325 378 470 528 
43 3 104 337 413 
44 3 186 535 553 
45 6 424 482 596 666 801 827 
46 11 48 49 156 318 363 376 475 482 494 543 772 
47 3 15 312 601 
48 5 46 270 501 522 767 
49 3 20 46 864 
50 6 186 192 351 586 788 794 
51 8 191 365 435 578 809 835 845 899 
52 8 85 109 151 391 423 483 635 873 
53 3 262 343 454 
54 5 119 200 348 739 804 
55 8 66 359 422 522 574 815 859 887 
56 5 226 552 585 721 868 
57 4 367 716 739 848 
58 13 1 188 260 278 329 420 557 562 564 839 846 849 855 
59 5 395 583 639 793 885 
60 6 2 160 452 665 666 769 
61 15 1 20 156 187 193 319 336 682 710 720 747 803 840 850 876 
62 8 173 244 319 365 404 482 804 833 
63 6 42 115 371 778 829 874 
64 5 139 190 586 693 762 
65 4 11 445 512 893 
66 6 19 55 321 599 655 893 
67 5 217 670 836 842 848 
68 7 406 418 445 545 551 685 864 
69 6 219 324 502 573 627 723 
70 9 37 81 105 107 237 399 407 433 516 
71 7 92 171 208 419 719 745 833 
72 5 84 362 634 701 788 
73 11 10 120 196 278 488 515 661 677 825 861 879 
74 4 22 339 375 849 
75 9 14 126 403 428 470 476 708 757 857 
76 8 101 187 269 355 427 657 814 867 
77 7 499 506 567 693 855 872 877 
78 6 163 204 208 375 776 822 
79 4 486 628 761 841 
80 3 229 366 867 
81 4 38 70 112 254 
82 9 89 94 150 181 237 552 604 705 876 
83 6 193 345 431 499 519 701 
84 7 72 97 496 549 689 767 864 
85 5 52 112 172 378 865 
86 8 129 246 348 551 713 792 869 878 
87 11 106 115 266 287 322 381 463 598 821 846 871 
88 6 225 234 249 452 560 844 
89 6 82 217 257 316 434 628 
90 4 112 327 442 643 
91 8 211 376 554 558 668 703 857 893 
92 8 71 114 117 309 386 444 484 689 
93 5 293 727 794 795 873 
94 4 82 132 647 863 
95 6 158 181 355 402 411 666 
96 6 31 101 162 169 351 800 
97 12 8 84 100 135 153 201 309 464 499 708 801 831 
98 10 5 11 114 146 203 240 313 644 715 742 
99 5 137 441 469 637 662 
100 9 97 194 200 276 501 525 553 801 879 
101 5 76 96 104 224 745 
102 4 313 343 592 801 
103 2 494 570 
104 11 43 101 106 124 197 324 352 363 597 871 877 
105 9 70 215 356 665 747 766 810 827 845 
106 10 87 104 126 142 152 381 421 462 678 884 
107 7 70 260 401 592 626 791 809 
108 13 155 167 291 333 405 412 492 546 549 686 716 737 837 
109 7 52 204 476 529 662 670 875 
110 6 251 287 455 471 492 721 
111 13 181 194 220 247 250 364 366 450 698 716 719 756 847 
112 8 18 81 85 90 395 495 566 765 
113 6 325 350 354 370 586 845 
114 3 92 98 354 
115 11 63 87 165 227 235 505 538 583 711 721 838 
116 4 120 125 353 704 
117 5 3 92 414 557 803 
118 7 180 198 447 458 509 586 691 
119 6 54 162 200 249 252 301 
120 6 73 116 385 433 752 756 
121 10 126 194 207 401 444 744 778 832 857 889 
122 5 23 234 421 440 542 
123 9 14 19 165 321 509 521 620 663 796 
124 6 13 30 104 277 336 843 
125 9 40 116 134 145 187 348 383 784 821 
126 16 11 75 106 121 276 346 365 366 453 480 571 678 728 751 760 835 
127 6 291 573 626 816 862 871 
128 5 159 269 385 526 718 
129 4 86 352 581 599 
130 1 177 
131 10 138 237 250 297 454 520 607 694 791 796 
132 13 5 94 144 193 357 367 489 509 542 580 618 829 866 
133 5 26 165 222 485 492 
134 5 40 125 252 385 503 
135 6 97 173 191 311 468 733 
136 11 153 182 215 241 323 371 397 568 571 704 881 
137 10 8 99 144 174 274 351 413 602 820 836 
138 4 131 813 831 840 
139 4 64 143 252 853 
140 7 212 263 392 395 567 764 879 
141 9 147 182 236 450 452 517 703 739 807 
142 7 106 391 398 466 539 545 742 
143 8 139 280 332 367 412 583 787 822 
144 4 19 132 137 431 
145 9 4 125 414 463 576 588 687 850 859 
146 6 98 155 541 785 838 879 
147 7 32 141 195 376 804 840 849 
148 8 42 392 508 522 561 684 769 835 
149 9 24 177 228 473 707 732 822 826 887 
150 12 9 24 41 82 162 215 491 535 552 590 714 866 
151 6 40 52 299 757 873 881 
152 6 106 188 364 557 581 672 
153 10 97 136 199 311 340 387 521 649 652 681 
154 7 215 257 399 403 655 663 850 
155 7 108 146 213 383 427 772 825 
156 9 28 46 61 272 544 545 616 646 720 
157 7 158 233 737 794 844 863 872 
158 6 95 157 302 414 567 672 
159 7 29 128 267 499 574 643 744 
160 5 27 60 401 760 885 
161 8 404 426 460 670 671 689 749 808 
162 12 28 96 119 150 172 290 311 547 590 598 759 826 
163 4 24 78 533 869 
164 1 651 
165 6 115 123 133 247 489 612 
166 8 23 390 540 549 622 626 776 777 
167 9 14 108 235 312 549 583 665 867 888 
168 7 244 336 466 578 587 715 803 
169 8 96 268 295 397 560 642 736 801 
170 5 365 465 466 742 786 
171 8 71 182 262 303 586 726 832 868 
172 12 85 162 199 307 381 383 549 556 763 845 861 867 
173 10 9 62 135 263 464 482 764 779 855 860 
174 8 5 23 137 246 359 394 769 870 
175 4 283 350 571 600 
176 13 35 185 199 239 278 360 401 463 511 545 618 712 879 
177 7 130 149 299 348 522 608 623 
178 3 318 464 592 
179 4 340 390 486 528 
180 8 24 42 118 267 350 646 671 837 
181 7 31 82 95 111 203 417 837 
182 13 136 141 171 224 312 361 369 448 486 640 714 803 866 
183 5 203 258 271 745 809 
184 4 207 436 459 692 
185 6 15 176 523 565 768 825 
186 7 44 50 187 298 466 626 799 
187 9 61 76 125 186 581 635 649 695 710 
188 14 58 152 226 373 431 433 455 484 506 531 535 574 644 840 
189 8 257 289 393 404 406 513 602 640 
190 9 22 64 352 396 603 675 721 858 896 
191 10 51 135 347 369 561 613 675 681 749 874 
192 10 5 50 198 203 533 685 746 780 799 870 
193 10 15 61 83 132 234 358 518 686 737 890 
194 9 100 111 121 227 600 629 677 725 873 
195 8 147 379 421 575 580 687 718 851 
196 7 73 203 217 312 461 849 899 
197 9 104 251 292 447 465 552 651 765 864 
198 5 22 118 192 389 867 
199 8 153 172 176 237 259 393 524 650 
200 7 54 100 119 329 444 452 492 
201 4 11 97 504 509 
202 7 433 575 709 764 790 816 850 
203 7 98 181 183 192 196 318 878 
204 10 78 109 217 287 482 497 663 712 759 855 
205 6 227 301 309 502 735 787 
206 2 469 797 
207 4 121 184 271 582 
208 8 71 78 227 290 450 602 604 675 
209 8 2 296 503 581 655 759 823 865 
210 6 23 233 586 775 794 826 
211 6 91 519 533 669 730 836 
212 3 140 260 615 
213 9 155 261 381 413 493 579 690 704 869 
214 5 365 499 627 689 775 
215 7 105 136 150 154 388 641 823 
216 9 220 308 380 381 415 429 494 618 739 
217 7 67 89 196 204 380 434 574 
218 4 38 264 373 875 
219 6 69 346 540 710 740 763 
220 5 111 216 472 783 890 
221 5 371 414 601 614 661 
222 5 133 300 321 610 757 
223 8 4 39 267 268 345 426 480 599 
224 7 101 182 248 316 425 442 495 
225 7 2 88 330 609 667 822 869 
226 9 23 56 188 343 483 503 585 662 761 
227 11 115 194 205 208 260 268 452 479 670 884 886 
228 7 30 149 303 449 459 656 886 
229 7 80 231 259 350 648 725 822 
230 5 443 453 498 785 801 
231 7 229 274 350 399 619 821 855 
232 6 416 566 590 775 861 875 
233 4 157 210 321 493 
234 12 10 88 122 193 235 324 512 519 591 632 649 760 
235 12 8 115 167 234 374 395 493 548 616 617 650 660 
236 6 9 141 336 374 392 548 
237 11 25 31 70 82 131 199 280 416 431 561 741 
238 3 332 423 793 
239 7 176 382 642 696 714 724 857 
240 5 12 24 98 516 642 
241 7 136 412 438 494 498 747 797 
242 5 279 334 365 805 867 
243 6 343 402 471 492 632 864 
244 6 62 168 335 380 464 497 
245 5 270 284 596 669 788 
246 7 86 174 447 697 733 851 893 
247 7 111 165 542 562 637 668 824 
248 8 29 224 267 426 708 810 870 874 
249 12 88 119 306 346 366 525 527 555 652 672 721 893 
250 11 13 31 111 131 287 456 498 648 696 833 840 
251 7 110 197 268 345 407 476 608 
252 5 119 134 139 665 697 
253 6 37 41 386 447 610 657 
254 6 21 81 366 404 573 876 
255 8 42 276 404 426 568 595 662 702 
256 5 38 447 594 739 751 
257 6 89 154 189 632 808 813 
258 6 10 34 183 288 454 848 
259 6 199 229 564 587 643 682 
260 5 58 107 212 227 710 
261 5 1 213 546 831 867 
262 9 2 20 53 171 403 405 528 608 650 
263 6 140 173 475 482 713 765 
264 7 218 430 553 570 576 592 733 
265 3 372 656 730 
266 4 38 87 422 687 
267 13 14 159 180 223 248 327 382 439 457 496 614 625 686 
268 10 169 223 227 251 520 601 667 684 717 869 
269 7 76 128 289 390 660 858 894 
270 8 48 245 390 451 497 561 636 736 
271 4 183 207 449 743 
272 8 29 156 471 525 563 746 759 812 
273 7 321 367 404 413 584 697 780 
274 8 17 137 231 341 358 523 731 770 
275 3 335 544 631 
276 5 100 126 255 346 715 
277 8 124 295 347 450 657 714 725 846 
278 10 58 73 176 568 578 635 741 830 873 897 
279 5 242 326 590 593 603 
280 7 37 143 237 401 693 794 828 
281 8 300 309 510 548 571 720 745 756 
282 0 
283 9 25 175 423 426 479 507 510 654 737 
284 8 245 294 446 531 559 566 706 715 
285 4 361 555 780 823 
286 6 5 289 455 500 662 707 
287 10 87 110 204 250 300 593 619 652 674 772 
288 7 17 258 329 668 684 857 883 
289 9 2 189 269 286 302 378 500 660 793 
290 4 28 162 208 397 
291 8 0 108 127 421 568 573 619 882 
292 5 197 421 525 723 800 
293 8 93 485 614 662 757 876 879 896 
294 4 284 452 760 829 
295 7 15 169 277 345 370 410 885 
296 3 209 686 747 
297 4 27 131 499 576 
298 5 186 419 553 673 886 
299 6 24 151 177 542 603 868 
300 10 27 222 281 287 371 556 557 695 794 839 
301 13 12 119 205 369 399 416 437 507 524 557 653 658 844 
302 5 158 289 526 620 868 
303 6 171 228 325 646 861 892 
304 7 389 412 525 646 677 800 884 
305 6 327 530 572 784 804 807 
306 7 249 326 411 549 655 795 859 
307 3 172 437 616 
308 7 20 216 432 494 674 684 779 
309 9 92 97 205 281 326 389 579 595 653 
310 9 10 327 409 484 571 589 617 720 799 
311 8 135 153 162 447 544 564 799 898 
312 11 47 167 182 196 375 399 479 491 736 878 887 
313 8 98 102 464 505 558 565 651 819 
314 3 412 726 866 
315 6 8 326 360 389 412 530 
316 6 7 89 224 412 420 590 
317 4 353 684 723 868 
318 8 46 178 203 354 625 674 709 768 
319 4 61 62 363 644 
320 4 335 345 476 745 
321 10 66 123 222 233 273 488 493 701 721 826 
322 11 4 87 385 430 525 605 636 728 781 792 796 
323 7 136 324 325 442 828 838 846 
324 11 69 104 234 323 341 424 459 647 719 870 874 
325 8 19 42 113 303 323 604 687 889 
326 16 11 30 279 306 309 315 338 353 361 391 397 558 606 643 733 818 
327 11 90 267 305 310 362 411 590 593 604 619 715 
328 2 727 815 
329 9 25 58 200 288 587 772 787 805 882 
330 9 22 28 225 446 671 694 749 860 864 
331 4 18 664 679 768 
332 6 143 238 679 681 746 818 
333 6 108 451 508 542 635 809 
334 6 242 361 385 396 425 874 
335 9 244 275 320 429 556 698 699 774 801 
336 9 61 124 168 236 401 446 636 712 713 
337 12 43 386 431 440 452 500 547 709 779 813 820 897 
338 7 326 375 487 532 651 669 836 
339 5 5 74 432 864 887 
340 5 27 153 179 688 787 
341 4 274 324 435 564 
342 8 375 419 472 623 706 790 851 898 
343 6 53 102 226 243 592 838 
344 8 1 21 363 370 441 690 805 861 
345 12 10 15 83 223 251 295 320 400 496 505 872 878 
346 7 126 219 249 276 411 519 676 
347 8 191 277 488 631 790 797 860 896 
348 11 54 86 125 177 463 526 585 674 761 776 878 
349 4 14 421 465 649 
350 9 113 175 180 229 231 667 689 759 877 
351 10 50 96 137 620 681 695 738 766 841 857 
352 7 104 129 190 486 607 629 866 
353 11 116 317 326 357 438 461 468 572 709 729 850 
354 7 113 114 318 469 633 684 813 
355 7 76 95 426 479 664 703 874 
356 2 105 380 
357 8 4 30 132 353 496 661 781 826 
358 11 193 274 368 428 573 647 720 754 771 804 848 
359 9 34 55 174 442 520 541 694 778 880 
360 4 176 315 597 788 
361 10 182 285 326 334 529 589 640 649 783 887 
362 7 33 34 72 327 452 725 862 
363 10 11 46 104 319 344 365 395 412 428 551 
364 7 111 152 453 610 633 757 854 
365 11 51 62 126 170 214 242 363 423 533 658 662 
366 8 80 111 126 249 254 518 731 772 
367 8 27 57 132 143 273 516 584 887 
368 1 358 
369 10 31 182 191 301 474 528 673 725 741 866 
370 6 30 113 295 344 398 507 
371 10 63 136 221 300 434 475 617 732 818 840 
372 3 265 386 862 
373 6 188 218 607 665 849 856 
374 3 235 236 521 
375 10 74 78 312 338 342 444 527 657 700 843 
376 8 5 46 91 147 405 777 825 898 
377 5 411 423 544 665 896 
378 4 42 85 289 767 
379 7 195 426 562 569 822 898 899 
380 11 216 217 244 356 404 405 663 701 776 802 874 
381 8 87 106 172 213 216 587 622 858 
382 8 239 267 567 609 764 798 803 885 
383 11 125 155 172 579 647 720 721 735 755 860 893 
384 1 455 
385 9 15 120 128 134 322 334 624 700 796 
386 10 92 253 337 372 516 637 648 727 836 871 
387 7 153 436 491 518 699 759 760 
388 9 215 437 454 539 577 625 692 806 882 
389 13 12 198 304 309 315 476 532 565 660 698 757 760 845 
390 9 166 179 269 270 402 625 696 707 855 
391 8 52 142 326 479 485 624 721 722 
392 6 38 140 148 236 584 763 
393 6 189 199 413 424 835 863 
394 6 28 174 428 519 735 867 
395 8 36 59 112 140 235 363 628 656 
396 7 32 41 190 334 641 679 876 
397 6 22 136 169 290 326 494 
398 5 142 370 464 721 870 
399 7 70 154 231 301 312 556 899 
400 7 345 446 653 683 704 852 881 
401 12 15 107 121 160 176 280 336 514 564 571 593 868 
402 7 95 243 390 457 459 527 536 
403 5 75 154 262 637 881 
404 11 62 161 189 254 255 273 380 474 639 683 893 
405 9 108 262 376 380 413 634 694 705 812 
406 10 2 68 189 430 546 614 665 679 884 888 
407 7 70 251 444 606 709 741 767 
408 3 523 527 841 
409 2 310 498 
410 7 4 295 446 569 578 617 746 
411 11 95 306 327 346 377 421 465 487 652 757 849 
412 11 108 143 241 304 314 315 316 363 456 727 734 
413 7 43 137 213 273 393 405 707 
414 6 117 145 158 221 668 798 
415 6 216 539 604 677 729 787 
416 5 232 237 301 780 864 
417 10 39 181 449 476 538 593 678 812 868 873 
418 4 68 606 671 804 
419 4 71 298 342 487 
420 4 58 316 576 822 
421 12 106 122 195 291 292 349 411 452 473 478 785 886 
422 6 4 16 24 55 266 528 
423 9 52 238 283 365 377 691 701 824 835 
424 9 6 45 324 393 551 556 653 677 889 
425 5 224 334 563 592 627 
426 9 161 223 248 255 283 355 379 595 598 
427 6 76 155 503 558 562 587 
428 8 30 75 358 363 394 490 529 895 
429 7 216 335 436 478 493 872 898 
430 12 264 322 406 450 538 564 576 632 636 656 793 879 
431 7 83 144 188 237 337 470 674 
432 5 308 339 614 723 770 
433 11 1 70 120 188 202 443 502 596 696 771 888 
434 10 20 89 217 371 468 517 528 764 768 786 
435 5 16 51 341 599 610 
436 7 184 387 429 547 604 611 789 
437 4 301 307 388 446 
438 3 241 353 442 
439 4 267 724 821 875 
440 5 122 337 754 831 851 
441 9 38 99 344 508 650 654 662 707 787 
442 10 90 224 323 359 438 566 584 754 793 896 
443 5 230 433 663 754 820 
444 12 92 121 200 375 407 450 571 573 729 808 880 898 
445 6 9 65 68 583 711 743 
446 6 284 330 336 400 410 437 
447 16 39 118 197 246 253 256 311 492 501 513 544 561 607 684 743 834 
448 6 182 519 762 773 776 780 
449 5 228 271 417 895 897 
450 13 21 111 141 208 277 430 444 479 659 661 689 810 837 
451 4 270 333 459 488 
452 12 60 88 141 200 227 294 337 362 421 772 837 893 
453 5 126 230 364 646 749 
454 9 53 131 258 388 461 551 728 761 885 
455 6 110 188 286 384 641 763 
456 4 250 412 476 839 
457 9 2 267 402 553 588 774 781 859 880 
458 7 8 118 499 557 591 764 857 
459 9 184 228 324 402 451 493 510 526 708 
460 2 161 864 
461 10 13 196 353 454 474 589 699 747 889 896 
462 5 106 514 653 756 888 
463 7 87 145 176 348 520 570 734 
464 9 97 173 178 244 313 398 626 768 890 
465 12 35 170 197 349 411 506 536 580 581 646 680 698 
466 8 10 142 168 170 186 765 804 859 
467 1 787 
468 8 11 135 353 434 487 556 734 748 
469 6 99 206 354 475 476 496 
470 9 42 75 431 485 588 748 750 780 865 
471 6 110 243 272 482 560 703 
472 5 220 342 493 562 608 
473 9 149 421 503 515 530 624 628 644 683 
474 7 0 30 369 404 461 614 871 
475 8 46 263 371 469 523 524 633 755 
476 13 30 75 109 251 320 389 417 456 469 525 736 828 846 
477 7 523 586 650 668 704 761 794 
478 7 421 429 503 546 684 850 873 
479 9 227 283 312 355 391 450 571 800 891 
480 4 12 126 223 867 
481 2 1 9 
482 9 34 45 46 62 173 204 263 471 821 
483 6 19 40 52 226 491 565 
484 5 92 188 310 597 725 
485 11 28 133 293 391 470 583 668 686 752 768 839 
486 7 79 179 182 352 685 717 746 
487 8 338 411 419 468 606 617 621 732 
488 8 73 321 347 451 581 695 772 810 
489 5 32 132 165 771 776 
490 6 27 428 512 562 599 738 
491 4 150 312 387 483 
492 8 108 110 133 200 243 447 516 585 
493 8 213 233 235 321 429 459 472 769 
494 8 11 46 103 216 241 308 397 674 
495 6 22 112 224 514 801 851 
496 6 84 267 345 357 469 647 
497 8 30 204 244 270 571 670 811 842 
498 7 230 241 250 409 570 590 706 
499 18 39 77 83 97 159 214 297 458 556 557 704 726 770 787 816 843 865 873 
500 6 286 289 337 573 652 895 
501 9 48 100 447 533 553 657 689 792 851 
502 6 0 69 205 433 814 868 
503 9 134 209 226 427 473 478 640 803 865 
504 1 201 
505 9 17 115 313 345 595 666 819 858 894 
506 6 77 188 465 683 720 848 
507 9 37 283 301 370 756 760 839 854 855 
508 8 23 148 333 441 657 738 739 802 
509 5 118 123 132 201 771 
510 4 281 283 459 669 
511 3 176 527 558 
512 14 28 38 65 234 490 530 622 652 669 698 716 791 811 813 
513 3 11 189 447 
514 6 401 462 495 713 852 885 
515 6 21 73 473 521 657 834 
516 11 70 240 367 386 492 526 532 675 694 704 823 
517 8 141 434 593 610 659 832 870 897 
518 7 193 366 387 551 814 849 894 
519 8 83 211 234 346 394 448 700 706 
520 6 131 268 359 463 541 638 
521 7 13 123 153 374 515 770 828 
522 7 48 55 148 177 629 704 774 
523 8 17 185 274 408 475 477 768 881 
524 5 199 301 475 559 787 
525 7 100 249 272 292 304 322 476 
526 8 41 128 302 348 459 516 768 837 
527 8 249 375 402 408 511 630 806 840 
528 9 42 179 262 369 422 434 603 679 706 
529 3 109 361 428 
530 5 305 315 473 512 792 
531 5 24 188 284 590 751 
532 6 338 389 516 682 700 748 
533 6 163 192 211 365 501 732 
534 4 20 641 705 832 
535 6 44 150 188 555 604 886 
536 5 402 465 548 591 842 
537 0 
538 5 115 417 430 873 890 
539 7 22 142 388 415 651 853 884 
540 5 1 166 219 672 804 
541 5 146 359 520 772 844 
542 11 8 122 132 247 299 333 565 699 796 810 850 
543 4 5 46 607 683 
544 10 156 275 311 377 447 614 672 798 823 839 
545 7 1 68 142 156 176 731 830 
546 9 108 261 406 478 557 597 810 825 868 
547 7 162 337 436 673 702 715 810 
548 6 235 236 281 536 643 844 
549 12 84 108 166 167 172 306 679 704 715 733 867 899 
550 2 682 728 
551 11 16 68 86 363 424 454 518 558 767 883 895 
552 5 56 82 150 197 624 
553 7 44 100 264 298 457 501 821 
554 4 91 743 858 883 
555 7 249 285 535 693 736 792 802 
556 13 21 30 172 300 335 399 424 468 499 630 735 766 890 
557 13 20 58 117 152 300 301 458 499 546 589 653 783 784 
558 10 91 313 326 427 511 551 606 686 834 887 
559 5 1 284 524 669 739 
560 6 88 169 471 684 856 882 
561 8 148 191 237 270 447 572 585 778 
562 7 28 58 247 379 427 472 490 
563 6 2 272 425 664 881 899 
564 9 58 259 311 341 401 430 690 748 757 
565 10 21 22 185 313 389 483 542 571 589 714 
566 6 112 232 284 442 577 852 
567 6 77 140 158 382 792 850 
568 8 136 255 278 291 620 768 822 839 
569 4 379 410 754 810 
570 9 11 36 38 103 264 463 498 832 849 
571 13 126 136 175 281 310 401 444 479 497 565 610 672 674 
572 4 305 353 561 828 
573 9 33 69 127 254 291 358 444 500 655 
574 6 55 159 188 217 623 864 
575 2 195 202 
576 7 145 264 297 420 430 764 840 
577 5 388 566 602 735 899 
578 5 51 168 278 410 719 
579 7 213 309 383 752 765 779 878 
580 5 132 195 465 811 830 
581 13 1 129 152 187 209 465 488 635 654 660 686 719 741 
582 4 207 681 790 894 
583 9 59 115 143 167 445 485 631 828 853 
584 6 273 367 392 442 767 888 
585 8 24 56 226 348 492 561 671 885 
586 11 38 50 64 113 118 171 210 477 692 745 889 
587 7 39 168 259 329 381 427 670 
588 6 145 457 470 612 736 762 
589 8 6 310 361 461 557 565 751 871 
590 10 150 162 232 279 316 327 498 531 653 784 
591 5 234 458 536 805 831 
592 10 23 102 107 178 264 343 425 625 688 796 
593 9 16 20 279 287 327 401 417 517 884 
594 1 256 
595 9 255 309 426 505 655 707 737 844 897 
596 5 45 245 433 844 859 
597 7 39 104 360 484 546 705 809 
598 5 5 28 87 162 426 
599 8 19 66 129 223 435 490 773 804 
600 5 32 175 194 833 890 
601 6 47 221 268 680 843 847 
602 7 137 189 208 577 699 725 733 
603 6 13 190 279 299 528 626 
604 9 3 82 208 325 327 415 436 535 783 
605 4 322 818 826 890 
606 7 326 407 418 487 558 731 819 
607 5 131 352 373 447 543 
608 6 177 251 262 472 637 657 
609 2 225 382 
610 11 222 253 364 435 517 571 655 672 727 751 798 
611 3 436 663 793 
612 3 165 588 774 
613 5 2 191 726 756 891 
614 9 221 267 293 406 432 474 544 749 843 
615 4 212 718 780 796 
616 7 18 38 156 235 307 740 798 
617 8 235 310 371 410 487 649 682 883 
618 5 132 176 216 715 864 
619 5 231 287 291 327 895 
620 6 123 302 351 568 708 888 
621 3 487 767 897 
622 6 166 381 512 731 751 812 
623 7 177 342 574 668 831 864 875 
624 5 385 391 473 552 789 
625 7 267 318 388 390 592 639 774 
626 7 107 127 166 186 464 603 760 
627 4 69 214 425 831 
628 5 79 89 395 473 644 
629 4 194 352 522 704 
630 3 527 556 784 
631 6 275 347 583 804 868 876 
632 8 234 243 257 430 678 780 860 863 
633 5 20 354 364 475 766 
634 3 72 405 715 
635 7 52 187 278 333 581 673 878 
636 5 270 322 336 430 780 
637 5 99 247 386 403 608 
638 2 520 639 
639 6 59 404 625 638 772 846 
640 8 182 189 361 503 684 694 760 828 
641 6 0 5 215 396 455 534 
642 5 169 239 240 663 742 
643 6 12 90 159 259 326 548 
644 7 98 188 319 473 628 808 892 
645 1 646 
646 10 156 180 303 304 453 465 645 688 690 878 
647 7 94 324 358 383 496 672 791 
648 5 229 250 386 750 804 
649 9 153 187 234 349 361 617 863 872 888 
650 6 199 235 262 441 477 851 
651 7 164 197 313 338 539 675 790 
652 7 15 153 249 287 411 500 512 
653 8 301 309 400 424 462 557 590 660 
654 6 4 283 441 581 711 843 
655 8 66 154 209 306 573 595 610 826 
656 7 228 265 395 430 804 832 835 
657 9 76 253 277 375 501 508 515 608 705 
658 9 301 365 734 747 753 844 853 881 884 
659 7 450 517 687 717 729 759 769 
660 11 235 269 289 389 581 653 677 739 828 842 859 
661 5 73 221 357 450 709 
662 12 21 99 109 226 255 286 293 365 441 676 744 863 
663 9 19 123 154 204 380 443 611 642 838 
664 6 331 355 563 676 707 883 
665 9 60 105 167 252 373 377 406 672 699 
666 5 45 60 95 505 841 
667 7 225 268 350 672 724 759 897 
668 8 91 247 288 414 477 485 623 760 
669 11 40 211 245 338 510 512 559 720 818 840 877 
670 10 39 67 109 161 227 497 587 671 717 720 
671 9 161 180 330 418 585 670 792 797 880 
672 13 6 152 158 249 540 544 571 610 647 665 667 684 883 
673 7 298 369 547 635 696 726 727 
674 9 287 308 318 348 431 494 571 705 769 
675 6 3 190 191 208 516 651 
676 6 346 662 664 714 867 873 
677 7 23 73 194 304 415 424 660 
678 7 41 106 126 417 632 787 894 
679 6 331 332 396 406 528 549 
680 4 32 465 601 819 
681 6 31 153 191 332 351 582 
682 8 9 31 61 259 532 550 617 735 
683 7 400 404 473 506 543 732 748 
684 13 39 148 268 288 308 317 354 447 478 560 640 672 733 
685 6 68 192 486 752 833 882 
686 8 25 108 193 267 296 485 558 581 
687 9 9 145 195 266 325 659 748 843 844 
688 4 340 592 646 756 
689 9 84 92 161 214 350 450 501 744 823 
690 4 213 344 564 646 
691 5 118 423 712 723 757 
692 4 184 388 586 897 
693 5 64 77 280 555 894 
694 8 31 131 330 359 405 516 640 723 
695 7 187 300 351 488 746 833 855 
696 6 239 250 390 433 673 775 
697 4 246 252 273 875 
698 5 111 335 389 465 512 
699 10 335 387 461 542 602 665 754 776 803 861 
700 6 375 385 519 532 798 887 
701 5 72 83 321 380 423 
702 6 6 255 547 748 829 831 
703 5 1 91 141 355 471 
704 15 116 136 213 400 477 499 516 522 549 629 792 809 833 865 874 
705 10 82 405 534 597 657 674 779 790 864 866 
706 5 284 342 498 519 528 
707 12 149 286 390 413 441 595 664 737 755 763 796 859 
708 6 75 97 248 459 620 733 
709 7 202 318 337 353 407 661 795 
710 6 61 187 219 260 861 873 
711 3 115 445 654 
712 5 176 204 336 691 842 
713 5 86 263 336 514 769 
714 8 11 150 182 239 277 565 676 856 
715 11 98 168 276 284 327 547 549 618 634 842 895 
716 5 57 108 111 512 727 
717 4 268 486 659 670 
718 3 128 195 615 
719 6 71 111 324 578 581 789 
720 10 61 156 281 310 358 383 506 669 670 856 
721 10 56 110 115 190 249 321 383 391 398 837 
722 2 391 746 
723 8 31 69 292 317 432 691 694 885 
724 6 3 239 439 667 774 789 
725 8 194 229 277 362 369 484 602 884 
726 6 7 171 314 499 613 673 
727 9 9 93 328 386 412 610 673 716 894 
728 5 126 322 454 550 855 
729 7 17 353 415 444 659 813 866 
730 4 4 211 265 866 
731 9 274 366 545 606 622 760 797 810 822 
732 6 149 371 487 533 683 883 
733 10 135 246 264 326 549 602 684 708 846 855 
734 4 412 463 468 658 
735 10 11 40 205 383 394 556 577 682 815 889 
736 7 169 270 312 476 555 588 813 
737 7 108 157 193 283 595 707 820 
738 5 351 490 508 739 809 
739 12 54 57 141 216 256 508 559 660 738 793 842 885 
740 3 4 219 616 
741 7 237 278 369 407 581 743 863 
742 7 98 142 170 642 751 840 855 
743 7 0 271 445 447 554 741 749 
744 4 121 159 662 689 
745 8 19 71 101 183 281 320 586 838 
746 9 6 192 272 332 410 486 695 722 798 
747 7 61 105 241 296 461 658 748 
748 11 468 470 532 564 683 687 702 747 749 864 886 
749 8 37 161 191 330 453 614 743 748 
750 7 22 30 470 648 784 824 846 
751 8 126 256 531 589 610 622 742 841 
752 5 120 485 579 685 856 
753 2 658 876 
754 8 32 358 440 442 443 569 699 825 
755 5 15 383 475 707 836 
756 10 39 111 120 281 462 507 613 688 806 827 
757 10 75 151 222 293 364 389 411 564 691 814 
758 1 39 
759 11 162 204 209 272 350 387 659 667 809 819 849 
760 11 126 160 234 294 387 389 507 626 640 668 731 
761 6 79 226 348 454 477 842 
762 5 64 448 588 784 864 
763 8 15 41 172 219 392 455 707 801 
764 9 27 140 173 202 382 434 458 576 897 
765 6 6 112 197 263 466 579 
766 5 105 351 556 633 850 
767 7 48 84 378 407 551 584 621 
768 11 8 185 318 331 434 464 485 523 526 568 853 
769 8 60 148 174 493 659 674 713 868 
770 5 274 432 499 521 847 
771 4 358 433 489 509 
772 10 46 155 287 329 366 452 488 541 639 833 
773 3 448 599 833 
774 7 0 335 457 522 612 625 724 
775 7 17 210 214 232 696 777 818 
776 7 78 166 348 380 448 489 699 
777 4 166 376 775 891 
778 8 63 121 359 561 804 807 848 863 
779 7 173 308 337 579 705 801 899 
780 9 192 273 285 416 448 470 615 632 636 
781 5 11 322 357 457 859 
782 1 877 
783 4 220 361 557 604 
784 9 125 305 557 590 630 750 762 893 897 
785 3 146 230 421 
786 2 170 434 
787 12 143 205 329 340 415 441 467 499 524 678 800 814 
788 6 50 72 245 360 853 863 
789 4 436 624 719 724 
790 8 5 34 202 342 347 582 651 705 
791 5 107 131 512 647 845 
792 11 86 322 501 530 555 567 671 704 819 847 859 
793 10 59 238 289 430 442 611 739 806 888 889 
794 8 50 93 157 210 280 300 477 842 
795 5 93 306 709 799 852 
796 8 123 131 322 385 542 592 615 707 
797 6 28 206 241 347 671 731 
798 8 382 414 544 610 616 700 746 856 
799 5 186 192 310 311 795 
800 5 96 292 304 479 787 
801 12 32 45 97 100 102 169 230 335 495 763 779 884 
802 3 380 508 555 
803 7 61 117 168 182 382 503 699 
804 15 54 62 147 305 358 418 466 540 599 631 648 656 778 817 885 
805 4 242 329 344 591 
806 4 388 527 756 793 
807 6 22 29 141 305 778 832 
808 4 161 257 444 644 
809 9 51 107 183 333 597 704 738 759 867 
810 10 105 248 450 488 542 546 547 569 731 883 
811 3 497 512 580 
812 5 16 272 405 417 622 
813 9 33 138 257 337 354 512 729 736 839 
814 5 76 502 518 757 787 
815 3 55 328 735 
816 4 127 202 499 866 
817 2 804 883 
818 9 27 326 332 371 605 669 775 879 880 
819 6 313 505 606 680 759 792 
820 5 0 137 337 443 737 
821 6 87 125 231 439 482 553 
822 12 3 78 143 149 225 229 379 420 568 731 825 877 
823 6 209 215 285 516 544 689 
824 5 35 247 423 750 885 
825 8 73 155 185 376 546 754 822 883 
826 8 20 149 162 210 321 357 605 655 
827 3 45 105 756 
828 9 29 280 323 476 521 572 583 640 660 
829 5 63 132 294 702 892 
830 5 41 278 545 580 899 
831 8 97 138 261 440 591 623 627 702 
832 7 121 171 517 534 570 656 807 
833 10 62 71 250 600 685 695 704 772 773 846 
834 3 447 515 558 
835 7 37 51 126 148 393 423 656 
836 7 67 137 211 338 386 755 878 
837 9 13 108 180 181 450 452 526 721 888 
838 6 115 146 323 343 663 745 
839 9 58 300 456 485 507 544 568 813 896 
840 10 61 138 147 188 250 371 527 576 669 742 
841 5 79 351 408 666 751 
842 10 31 67 497 536 660 712 715 739 761 794 
843 8 0 124 375 499 601 614 654 687 
844 9 88 157 301 541 548 595 596 658 687 
845 8 2 51 105 113 172 389 791 852 
846 9 58 87 277 323 476 639 733 750 833 
847 6 14 19 111 601 770 792 
848 7 37 57 67 258 358 506 778 
849 10 58 74 147 196 373 411 518 570 759 857 
850 9 61 145 154 202 353 478 542 567 766 
851 7 195 246 342 440 495 501 650 
852 6 400 514 566 795 845 880 
853 6 139 539 583 658 768 788 
854 3 10 364 507 
855 12 58 77 173 204 231 390 507 695 728 733 742 894 
856 6 373 560 714 720 752 798 
857 9 75 91 121 239 288 351 458 849 880 
858 5 190 269 381 505 554 
859 11 55 145 306 457 466 596 660 707 781 792 869 
860 5 173 330 347 383 632 
861 7 73 172 232 303 344 699 710 
862 5 127 362 372 877 897 
863 9 94 157 393 632 649 662 741 778 788 
864 17 12 49 68 84 197 243 330 339 416 460 574 618 623 705 748 762 868 
865 9 11 31 85 209 470 499 503 704 875 
866 10 132 150 182 314 352 369 705 729 730 816 
867 12 76 80 167 172 198 242 261 394 480 549 676 809 
868 13 56 171 299 302 317 401 417 502 546 631 769 864 876 
869 7 13 86 163 213 225 268 859 
870 8 40 174 192 248 324 398 517 894 
871 6 87 104 127 386 474 589 
872 6 77 157 345 429 649 895 
873 11 52 93 151 194 278 417 478 499 538 676 710 
874 9 63 191 248 324 334 355 380 704 899 
875 8 109 218 232 439 623 697 865 898 
876 8 61 82 254 293 396 631 753 868 
877 7 77 104 350 669 782 822 862 
878 10 10 86 203 312 345 348 579 635 646 836 
879 11 17 73 100 140 146 176 293 430 818 881 897 
880 7 359 444 457 671 818 852 857 
881 9 136 151 400 403 523 563 658 879 889 
882 5 291 329 388 560 685 
883 11 11 288 551 554 617 664 672 732 810 817 825 
884 9 106 227 304 406 539 593 658 725 801 
885 11 59 160 295 382 454 514 585 723 739 804 824 
886 7 227 228 298 421 535 748 890 
887 8 55 149 312 339 361 367 558 700 
888 9 167 406 433 462 584 620 649 793 837 
889 10 6 8 121 325 424 461 586 735 793 881 
890 8 193 220 464 538 556 600 605 886 
891 3 479 613 777 
892 3 303 644 829 
893 10 16 65 66 91 246 249 383 404 452 784 
894 10 269 505 518 582 678 693 727 855 870 895 
895 9 11 428 449 500 551 619 715 872 894 
896 7 190 293 347 377 442 461 839 
897 13 9 278 337 449 517 595 621 667 692 764 784 862 879 
898 8 5 311 342 376 379 429 444 875 
899 10 51 196 379 399 549 563 577 779 830 874 
