900 2010
0 3 173 175 802 
1 3 555 770 828 
2 2 266 816 
3 5 132 159 373 407 584 
4 3 220 432 834 
5 5 101 239 443 616 732 
6 3 125 248 494 
7 4 18 21 92 293 
8 2 612 889 
9 4 275 532 593 848 
10 7 211 272 361 420 588 716 818 
11 6 191 205 664 770 816 892 
12 6 59 381 507 594 772 808 
13 5 49 169 335 459 680 
14 2 541 587 
15 4 148 346 570 619 
16 4 265 567 703 841 
17 5 232 266 471 662 684 
18 6 7 119 307 571 692 762 
19 4 50 415 556 833 
20 4 389 468 482 801 
21 8 7 144 338 633 644 768 891 897 
22 7 282 347 505 666 708 779 852 
23 7 155 161 201 483 678 722 744 
24 2 816 882 
25 0 
26 9 50 107 111 115 192 216 427 460 557 
27 7 110 233 287 317 422 442 451 
28 5 318 458 688 726 770 
29 4 243 351 788 888 
30 9 149 157 318 492 515 570 693 829 857 
31 1 876 
32 8 241 274 298 350 520 658 728 820 
33 2 659 688 
34 3 309 424 440 
35 4 344 462 585 862 
36 5 119 196 544 563 703 
37 4 204 230 515 619 
38 5 218 403 454 595 785 
39 7 258 293 338 367 701 837 893 
40 3 559 631 823 
41 5 149 356 655 742 775 
42 3 190 502 732 
43 8 89 336 446 465 514 527 532 690 
44 5 68 115 261 489 634 
45 7 182 577 663 740 860 863 871 
46 2 238 439 
47 5 273 382 394 797 807 
48 7 99 115 150 151 278 678 827 
49 7 13 218 371 413 588 785 806 
50 8 19 26 65 80 330 364 533 664 
51 3 275 444 718 
52 5 278 377 464 627 854 
53 4 337 481 739 797 
54 4 110 359 534 582 
55 4 176 319 393 667 
56 3 550 553 607 
57 3 322 432 642 
58 5 149 272 298 366 878 
59 11 12 100 235 273 389 427 440 498 660 760 858 
60 5 102 206 245 787 788 
61 2 127 784 
62 2 274 885 
63 4 141 247 596 644 
64 3 74 476 532 
65 4 50 166 187 540 
66 3 128 257 526 
67 4 203 399 451 733 
68 5 44 814 815 826 886 
69 7 239 715 743 746 747 825 895 
70 4 104 314 493 526 
71 3 229 256 717 
72 2 776 834 
73 3 226 585 645 
74 6 64 212 244 586 801 866 
75 2 230 757 
76 2 163 759 
77 4 245 445 590 818 
78 7 210 505 541 588 597 669 688 
79 5 539 619 654 849 887 
80 3 50 495 823 
81 4 123 690 734 776 
82 5 269 668 682 774 882 
83 2 637 639 
84 5 269 560 567 592 626 
85 3 237 488 595 
86 4 259 388 458 583 
87 4 166 265 370 858 
88 4 240 309 730 755 
89 3 43 244 713 
90 5 364 419 447 450 798 
91 5 111 273 316 320 495 
92 2 7 364 
93 8 102 167 308 336 339 485 605 617 
94 2 448 830 
95 4 97 170 340 421 
96 8 112 182 206 327 331 478 543 853 
97 2 95 287 
98 9 132 141 191 329 482 522 577 692 729 
99 4 48 151 373 804 
100 4 59 230 339 477 
101 7 5 168 231 308 466 498 693 
102 7 60 93 137 192 637 822 872 
103 3 130 453 818 
104 6 70 412 434 465 509 583 
105 3 119 173 813 
106 3 373 382 518 
107 5 26 442 594 703 750 
108 1 843 
109 4 185 224 262 752 
110 7 27 54 228 242 596 692 828 
111 8 26 91 178 199 571 620 673 734 
112 7 96 184 290 358 495 521 781 
113 6 356 374 538 543 649 820 
114 7 162 256 419 546 740 803 851 
115 6 26 44 48 232 746 797 
116 6 240 359 427 530 621 714 
117 6 237 521 670 682 716 836 
118 5 131 264 491 534 582 
119 6 18 36 105 378 721 774 
120 1 316 
121 5 149 216 315 522 556 
122 4 353 411 697 732 
123 7 81 367 402 454 700 751 814 
124 7 166 363 395 400 412 519 609 
125 2 6 340 
126 4 176 625 747 828 
127 3 61 145 500 
128 5 66 559 581 696 865 
129 1 771 
130 2 103 844 
131 5 118 210 276 450 625 
132 9 3 98 183 217 426 497 666 714 801 
133 4 266 466 679 694 
134 4 208 245 316 557 
135 5 185 279 350 522 893 
136 7 156 675 748 788 797 851 887 
137 3 102 155 871 
138 0 
139 4 284 492 496 793 
140 2 166 507 
141 6 63 98 199 456 704 729 
142 3 390 859 878 
143 1 296 
144 2 21 176 
145 5 127 527 588 620 880 
146 4 591 753 823 886 
147 3 327 331 371 
148 4 15 238 801 810 
149 7 30 41 58 121 205 331 375 
150 7 48 196 215 456 608 669 685 
151 6 48 99 244 288 406 417 
152 6 403 475 536 553 785 826 
153 2 388 526 
154 3 188 273 841 
155 4 23 137 227 348 
156 3 136 491 661 
157 2 30 290 
158 2 313 643 
159 6 3 161 492 816 819 820 
160 4 290 571 728 887 
161 2 23 159 
162 4 114 208 255 642 
163 2 76 582 
164 2 203 277 
165 3 305 700 806 
166 7 65 87 124 140 276 390 500 
167 1 93 
168 4 101 393 727 835 
169 3 13 664 846 
170 4 95 437 701 726 
171 0 
172 4 221 445 871 891 
173 9 0 105 262 405 593 616 691 796 813 
174 3 471 501 560 
175 5 0 211 375 730 804 
176 8 55 126 144 259 528 581 643 669 
177 2 345 641 
178 5 111 343 532 653 780 
179 3 253 734 878 
180 3 252 646 842 
181 5 196 299 539 572 637 
182 5 45 96 313 356 794 
183 7 132 342 358 377 528 535 746 
184 5 112 252 333 640 778 
185 4 109 135 265 391 
186 3 382 552 703 
187 4 65 196 340 691 
188 9 154 250 255 265 525 557 724 758 857 
189 1 478 
190 4 42 309 384 669 
191 2 11 98 
192 6 26 102 474 543 619 683 
193 4 405 479 578 611 
194 3 296 331 712 
195 4 266 323 668 875 
196 10 36 150 181 187 211 215 365 408 595 708 
197 3 376 517 819 
198 2 859 882 
199 4 111 141 832 886 
200 4 240 394 665 839 
201 7 23 276 282 521 682 883 893 
202 3 208 338 451 
203 3 67 164 335 
204 3 37 420 560 
205 4 11 149 258 587 
206 9 60 96 245 362 572 673 703 704 725 
207 1 234 
208 10 134 162 202 273 603 691 694 745 772 862 
209 1 594 
210 5 78 131 681 692 854 
211 6 10 175 196 369 448 613 
212 4 74 295 421 586 
213 6 527 548 560 739 754 864 
214 4 292 447 558 897 
215 4 150 196 638 766 
216 6 26 121 385 408 628 745 
217 7 132 265 420 442 449 714 725 
218 3 38 49 257 
219 4 238 239 609 871 
220 4 4 444 790 846 
221 2 172 441 
222 4 453 529 638 753 
223 2 814 852 
224 2 109 391 
225 1 627 
226 2 73 341 
227 2 155 483 
228 3 110 485 661 
229 3 71 584 587 
230 10 37 75 100 420 450 490 536 556 651 886 
231 5 101 421 488 673 892 
232 3 17 115 760 
233 5 27 383 695 799 849 
234 4 207 240 356 628 
235 2 59 359 
236 2 292 814 
237 10 85 117 412 442 501 536 554 728 736 831 
238 4 46 148 219 843 
239 5 5 69 219 459 622 
240 7 88 116 200 234 442 471 828 
241 5 32 380 530 675 862 
242 4 110 375 844 873 
243 2 29 879 
244 10 74 89 151 254 450 475 606 713 802 807 
245 5 60 77 134 206 305 
246 6 379 401 469 549 648 838 
247 4 63 589 730 864 
248 3 6 442 696 
249 2 254 869 
250 6 188 547 758 767 828 841 
251 2 291 333 
252 2 180 184 
253 10 179 331 470 518 546 549 633 703 714 897 
254 4 244 249 539 623 
255 6 162 188 430 475 492 513 
256 5 71 114 299 375 376 
257 7 66 218 314 363 689 729 842 
258 8 39 205 348 430 469 771 834 881 
259 6 86 176 331 557 702 890 
260 4 340 494 540 574 
261 3 44 726 735 
262 8 109 173 368 505 534 562 565 605 
263 4 423 592 636 876 
264 5 118 346 628 632 673 
265 7 16 87 185 188 217 546 720 
266 5 2 17 133 195 679 
267 2 598 653 
268 3 400 492 569 
269 4 82 84 415 462 
270 3 667 874 876 
271 2 573 620 
272 10 10 58 355 380 489 641 656 754 863 887 
273 8 47 59 91 154 208 565 640 737 
274 3 32 62 686 
275 6 9 51 432 574 688 727 
276 9 131 166 201 418 437 651 678 702 812 
277 4 164 320 738 852 
278 4 48 52 594 827 
279 3 135 605 800 
280 2 563 585 
281 4 552 612 668 859 
282 6 22 201 297 512 560 844 
283 4 476 602 746 810 
284 2 139 499 
285 1 400 
286 3 511 701 804 
287 5 27 97 413 463 567 
288 3 151 313 582 
289 4 305 795 857 869 
290 5 112 157 160 670 883 
291 5 251 427 460 478 691 
292 5 214 236 540 653 733 
293 5 7 39 354 414 581 
294 5 325 581 706 721 739 
295 3 212 591 867 
296 3 143 194 731 
297 6 282 454 498 793 819 835 
298 6 32 58 378 617 779 838 
299 2 181 256 
300 2 313 393 
301 5 652 667 704 740 772 
302 7 350 416 551 580 738 739 875 
303 2 481 813 
304 1 730 
305 6 165 245 289 485 578 787 
306 2 611 875 
307 3 18 451 705 
308 6 93 101 342 639 833 841 
309 5 34 88 190 752 895 
310 2 709 810 
311 2 362 693 
312 2 738 742 
313 6 158 182 288 300 718 772 
314 6 70 257 383 551 611 660 
315 3 121 747 870 
316 6 91 120 134 524 583 677 
317 4 27 551 581 719 
318 10 28 30 342 412 556 572 625 694 703 802 
319 3 55 422 743 
320 9 91 277 348 371 428 430 611 616 695 
321 1 462 
322 4 57 326 680 872 
323 5 195 406 712 758 787 
324 1 326 
325 5 294 394 473 673 805 
326 4 322 324 494 596 
327 3 96 147 621 
328 3 428 557 600 
329 2 98 458 
330 3 50 443 493 
331 14 96 147 149 194 253 259 337 353 406 520 554 582 675 882 
332 1 637 
333 3 184 251 773 
334 1 869 
335 5 13 203 358 422 483 
336 8 43 93 459 469 542 586 588 640 
337 5 53 331 387 770 844 
338 7 21 39 202 485 527 812 867 
339 5 93 100 622 624 638 
340 5 95 125 187 260 633 
341 2 226 621 
342 10 183 308 318 434 468 471 702 757 854 876 
343 9 178 360 468 488 502 555 638 668 857 
344 4 35 358 528 866 
345 3 177 442 494 
346 5 15 264 353 533 841 
347 3 22 542 616 
348 4 155 258 320 677 
349 2 506 534 
350 8 32 135 302 422 521 544 627 811 
351 1 29 
352 3 504 557 778 
353 4 122 331 346 658 
354 6 293 369 494 598 772 787 
355 4 272 473 795 842 
356 7 41 113 182 234 413 454 615 
357 4 544 629 636 715 
358 6 112 183 335 344 389 566 
359 8 54 116 235 546 654 676 863 888 
360 1 343 
361 5 10 424 550 617 763 
362 6 206 311 542 766 862 882 
363 4 124 257 370 893 
364 5 50 90 92 415 742 
365 3 196 452 606 
366 5 58 473 639 820 892 
367 4 39 123 639 794 
368 3 262 379 748 
369 7 211 354 411 444 766 807 885 
370 7 87 363 423 513 549 818 824 
371 7 49 147 320 734 738 756 866 
372 1 759 
373 7 3 99 106 490 533 592 632 
374 2 113 778 
375 7 149 175 242 256 579 808 817 
376 4 197 256 571 884 
377 4 52 183 615 732 
378 6 119 298 537 778 794 874 
379 4 246 368 662 786 
380 4 241 272 701 897 
381 4 12 499 620 778 
382 5 47 106 186 529 708 
383 7 233 314 440 589 670 780 790 
384 1 190 
385 2 216 688 
386 5 513 519 612 698 765 
387 2 337 487 
388 4 86 153 409 465 
389 6 20 59 358 536 561 776 
390 3 142 166 809 
391 4 185 224 474 509 
392 3 436 477 542 
393 8 55 168 300 465 505 734 804 816 
394 5 47 200 325 682 687 
395 2 124 840 
396 3 544 767 872 
397 1 720 
398 1 642 
399 3 67 647 878 
400 7 124 268 285 449 558 571 595 
401 3 246 647 746 
402 4 123 422 445 570 
403 5 38 152 566 580 723 
404 2 778 826 
405 5 173 193 442 639 678 
406 6 151 323 331 632 774 871 
407 4 3 568 614 661 
408 3 196 216 859 
409 2 388 816 
410 0 
411 4 122 369 518 580 
412 7 104 124 237 318 599 781 874 
413 4 49 287 356 746 
414 4 293 708 714 878 
415 4 19 269 364 506 
416 4 302 688 775 833 
417 3 151 705 717 
418 5 276 457 600 705 776 
419 4 90 114 491 655 
420 4 10 204 217 230 
421 6 95 212 231 586 605 663 
422 7 27 319 335 350 402 538 740 
423 4 263 370 515 575 
424 6 34 361 455 622 735 791 
425 4 628 686 797 852 
426 4 132 484 601 825 
427 5 26 59 116 291 480 
428 5 320 328 482 567 852 
429 2 469 527 
430 6 255 258 320 554 562 845 
431 1 725 
432 4 4 57 275 450 
433 3 461 601 808 
434 6 104 342 516 542 702 844 
435 2 722 899 
436 5 392 555 590 732 794 
437 2 170 276 
438 3 558 786 833 
439 1 46 
440 4 34 59 383 719 
441 4 221 531 544 748 
442 10 27 107 217 237 240 248 345 405 724 763 
443 6 5 330 683 714 823 890 
444 5 51 220 369 616 720 
445 6 77 172 402 600 633 675 
446 4 43 447 617 749 
447 5 90 214 446 636 685 
448 4 94 211 470 552 
449 5 217 400 534 747 859 
450 10 90 131 230 244 432 463 532 750 841 887 
451 10 27 67 202 307 661 696 706 721 738 896 
452 2 365 783 
453 3 103 222 864 
454 7 38 123 297 356 512 524 528 
455 1 424 
456 4 141 150 545 806 
457 3 418 764 841 
458 6 28 86 329 477 490 823 
459 4 13 239 336 714 
460 3 26 291 480 
461 3 433 681 715 
462 4 35 269 321 799 
463 2 287 450 
464 4 52 507 806 878 
465 4 43 104 388 393 
466 4 101 133 784 867 
467 0 
468 4 20 342 343 552 
469 7 246 258 336 429 545 721 795 
470 4 253 448 583 660 
471 7 17 174 240 342 521 662 735 
472 4 514 771 783 824 
473 5 325 355 366 742 891 
474 5 192 391 717 751 831 
475 3 152 244 255 
476 2 64 283 
477 5 100 392 458 481 822 
478 6 96 189 291 661 724 843 
479 5 193 508 537 565 681 
480 3 427 460 723 
481 6 53 303 477 535 581 891 
482 3 20 98 428 
483 5 23 227 335 565 684 
484 5 426 624 682 813 898 
485 5 93 228 305 338 622 
486 2 521 721 
487 3 387 572 613 
488 4 85 231 343 713 
489 5 44 272 570 656 834 
490 7 230 373 458 658 755 788 814 
491 6 118 156 419 737 802 827 
492 10 30 139 159 255 268 534 575 701 797 890 
493 5 70 330 550 698 745 
494 6 6 260 326 345 354 511 
495 5 80 91 112 647 744 
496 5 139 555 556 670 773 
497 3 132 688 739 
498 6 59 101 297 535 733 772 
499 3 284 381 896 
500 2 127 166 
501 3 174 237 679 
502 4 42 343 677 712 
503 3 765 797 800 
504 1 352 
505 5 22 78 262 393 545 
506 5 349 415 584 826 859 
507 6 12 140 464 613 725 829 
508 5 479 551 605 690 804 
509 2 104 391 
510 0 
511 3 286 494 859 
512 3 282 454 677 
513 5 255 370 386 708 872 
514 4 43 472 604 745 
515 5 30 37 423 671 743 
516 4 434 537 600 763 
517 1 197 
518 3 106 253 411 
519 4 124 386 580 808 
520 2 32 331 
521 6 112 117 201 350 471 486 
522 6 98 121 135 585 710 820 
523 3 591 779 860 
524 4 316 454 686 692 
525 1 188 
526 3 66 70 153 
527 5 43 145 213 338 429 
528 6 176 183 344 454 544 813 
529 4 222 382 554 711 
530 3 116 241 639 
531 4 441 569 659 778 
532 7 9 43 64 178 450 600 872 
533 5 50 346 373 800 894 
534 7 54 118 262 349 449 492 828 
535 6 183 481 498 537 598 647 
536 5 152 230 237 389 648 
537 5 378 479 516 535 828 
538 5 113 422 822 844 850 
539 6 79 181 254 561 630 825 
540 6 65 260 292 649 652 675 
541 3 14 78 898 
542 8 336 347 362 392 434 568 661 740 
543 6 96 113 192 739 803 891 
544 8 36 350 357 396 441 528 755 810 
545 7 456 469 505 608 751 793 820 
546 4 114 253 265 359 
547 4 250 734 814 876 
548 2 213 658 
549 4 246 253 370 879 
550 3 56 361 493 
551 4 302 314 317 508 
552 6 186 281 448 468 627 805 
553 2 56 152 
554 5 237 331 430 529 800 
555 8 1 343 436 496 633 676 735 741 
556 8 19 121 230 318 496 727 800 867 
557 7 26 134 188 259 328 352 738 
558 5 214 400 438 674 854 
559 4 40 128 593 656 
560 7 84 174 204 213 282 565 781 
561 3 389 539 669 
562 5 262 430 644 710 764 
563 3 36 280 798 
564 1 818 
565 7 262 273 479 483 560 656 660 
566 4 358 403 680 736 
567 6 16 84 287 428 862 875 
568 3 407 542 650 
569 3 268 531 600 
570 5 15 30 402 489 704 
571 8 18 111 160 376 400 607 798 804 
572 6 181 206 318 487 776 879 
573 3 271 603 666 
574 3 260 275 777 
575 4 423 492 709 761 
576 1 660 
577 3 45 98 580 
578 5 193 305 619 811 848 
579 2 375 597 
580 7 302 403 411 519 577 788 848 
581 6 128 176 293 294 317 481 
582 10 54 118 163 288 331 633 654 674 857 859 
583 4 86 104 316 470 
584 3 3 229 506 
585 5 35 73 280 522 871 
586 5 74 212 336 421 794 
587 3 14 205 229 
588 5 10 49 78 145 336 
589 8 247 383 634 679 682 772 811 833 
590 3 77 436 739 
591 5 146 295 523 708 879 
592 5 84 263 373 710 863 
593 4 9 173 559 848 
594 6 12 107 209 278 667 781 
595 6 38 85 196 400 610 849 
596 4 63 110 326 737 
597 2 78 579 
598 6 267 354 535 711 721 786 
599 2 412 604 
600 10 328 418 445 516 532 569 634 641 758 835 
601 3 426 433 805 
602 4 283 675 754 885 
603 4 208 573 649 804 
604 4 514 599 628 747 
605 7 93 262 279 421 508 703 812 
606 4 244 365 750 864 
607 3 56 571 639 
608 3 150 545 706 
609 4 124 219 626 693 
610 5 595 708 726 869 877 
611 6 193 306 314 320 649 877 
612 5 8 281 386 761 808 
613 3 211 487 507 
614 3 407 720 812 
615 4 356 377 801 867 
616 9 5 173 320 347 444 648 689 726 893 
617 4 93 298 361 446 
618 1 768 
619 9 15 37 79 192 578 640 658 689 733 
620 4 111 145 271 381 
621 3 116 327 341 
622 6 239 339 424 485 749 765 
623 1 254 
624 3 339 484 752 
625 3 126 131 318 
626 6 84 609 726 757 872 873 
627 4 52 225 350 552 
628 5 216 234 264 425 604 
629 2 357 674 
630 3 539 703 711 
631 1 40 
632 3 264 373 406 
633 7 21 253 340 445 555 582 740 
634 4 44 589 600 836 
635 0 
636 5 263 357 447 688 816 
637 7 83 102 181 332 750 759 787 
638 6 215 222 339 343 674 837 
639 9 83 308 366 367 405 530 607 662 861 
640 6 184 273 336 619 669 686 
641 4 177 272 600 817 
642 4 57 162 398 707 
643 3 158 176 758 
644 4 21 63 562 755 
645 2 73 725 
646 2 180 688 
647 9 399 401 495 535 760 794 801 871 882 
648 5 246 536 616 790 870 
649 5 113 540 603 611 704 
650 4 568 658 717 772 
651 5 230 276 662 824 893 
652 2 301 540 
653 5 178 267 292 659 721 
654 3 79 359 582 
655 2 41 419 
656 4 272 489 559 565 
657 0 
658 6 32 353 490 548 619 650 
659 4 33 531 653 847 
660 6 59 314 470 565 576 894 
661 6 156 228 407 451 478 542 
662 5 17 379 471 639 651 
663 3 45 421 726 
664 4 11 50 169 791 
665 1 200 
666 4 22 132 573 853 
667 6 55 270 301 594 755 782 
668 6 82 195 281 343 816 865 
669 7 78 150 176 190 561 640 744 
670 4 117 290 383 496 
671 2 515 894 
672 2 802 813 
673 7 111 206 231 264 325 855 890 
674 9 558 582 629 638 746 816 837 855 898 
675 8 136 241 331 445 540 602 849 874 
676 3 359 555 778 
677 6 316 348 502 512 717 873 
678 7 23 48 276 405 807 822 831 
679 5 133 266 501 589 827 
680 3 13 322 566 
681 4 210 461 479 725 
682 7 82 117 201 394 484 589 694 
683 2 192 443 
684 3 17 483 809 
685 2 150 447 
686 5 274 425 524 640 730 
687 2 394 847 
688 11 28 33 78 275 385 416 497 636 646 815 863 
689 3 257 616 619 
690 6 43 81 508 734 819 896 
691 6 173 187 208 291 807 822 
692 6 18 98 110 210 524 796 
693 6 30 101 311 609 719 864 
694 6 133 208 318 682 820 836 
695 2 233 320 
696 4 128 248 451 741 
697 2 122 820 
698 2 386 493 
699 0 
700 2 123 165 
701 6 39 170 286 380 492 710 
702 6 259 276 342 434 855 895 
703 10 16 36 107 186 206 253 318 605 630 804 
704 7 141 206 301 570 649 760 892 
705 4 307 417 418 882 
706 3 294 451 608 
707 2 642 831 
708 8 22 196 382 414 513 591 610 807 
709 4 310 575 881 898 
710 6 522 562 592 701 810 864 
711 4 529 598 630 758 
712 3 194 323 502 
713 4 89 244 488 877 
714 9 116 132 217 253 414 443 459 758 829 
715 3 69 357 461 
716 2 10 117 
717 7 71 417 474 650 677 770 896 
718 2 51 313 
719 5 317 440 693 758 774 
720 5 265 397 444 614 863 
721 8 119 294 451 469 486 598 653 828 
722 3 23 435 889 
723 3 403 480 750 
724 3 188 442 478 
725 8 206 217 431 507 645 681 773 834 
726 7 28 170 261 610 616 626 663 
727 4 168 275 556 891 
728 5 32 160 237 756 806 
729 3 98 141 257 
730 6 88 175 247 304 686 732 
731 1 296 
732 6 5 42 122 377 436 730 
733 7 67 292 498 619 821 863 869 
734 7 81 111 179 371 393 547 690 
735 7 261 424 471 555 767 777 786 
736 3 237 566 835 
737 4 273 491 596 796 
738 9 277 302 312 371 451 557 781 817 827 
739 7 53 213 294 302 497 543 590 
740 8 45 114 301 422 542 633 768 855 
741 2 555 696 
742 4 41 312 364 473 
743 4 69 319 515 882 
744 4 23 495 669 844 
745 5 208 216 493 514 845 
746 10 69 115 183 283 401 413 674 774 795 816 
747 5 69 126 315 449 604 
748 4 136 368 441 858 
749 3 446 622 848 
750 5 107 450 606 637 723 
751 4 123 474 545 827 
752 4 109 309 624 855 
753 2 146 222 
754 5 213 272 602 757 868 
755 5 88 490 544 644 667 
756 5 371 728 770 784 824 
757 5 75 342 626 754 771 
758 9 188 250 323 600 643 711 714 719 762 
759 6 76 372 637 772 798 885 
760 5 59 232 647 704 862 
761 2 575 612 
762 3 18 758 790 
763 7 361 442 516 765 792 794 875 
764 2 457 562 
765 4 386 503 622 763 
766 3 215 362 369 
767 4 250 396 735 802 
768 3 21 618 740 
769 0 
770 7 1 11 28 337 717 756 808 
771 5 129 258 472 757 871 
772 9 12 208 301 313 354 498 589 650 759 
773 4 333 496 725 876 
774 5 82 119 406 719 746 
775 3 41 416 821 
776 6 72 81 389 418 572 825 
777 2 574 735 
778 8 184 352 374 378 381 404 531 676 
779 3 22 298 523 
780 2 178 383 
781 5 112 412 560 594 738 
782 3 667 865 885 
783 3 452 472 808 
784 4 61 466 756 871 
785 4 38 49 152 861 
786 5 379 438 598 735 826 
787 5 60 305 323 354 637 
788 5 29 60 136 490 580 
789 1 806 
790 4 220 383 648 762 
791 3 424 664 802 
792 2 763 798 
793 3 139 297 545 
794 7 182 367 378 436 586 647 763 
795 4 289 355 469 746 
796 4 173 692 737 812 
797 7 47 53 115 136 425 492 503 
798 6 90 563 571 759 792 880 
799 3 233 462 834 
800 6 279 503 533 554 556 854 
801 6 20 74 132 148 615 647 
802 7 0 244 318 491 672 767 791 
803 2 114 543 
804 9 99 175 286 393 508 571 603 703 818 
805 4 325 552 601 844 
806 6 49 165 456 464 728 789 
807 6 47 244 369 678 691 708 
808 7 12 375 433 519 612 770 783 
809 2 390 684 
810 5 148 283 310 544 710 
811 4 350 578 589 871 
812 5 276 338 605 614 796 
813 6 105 173 303 484 528 672 
814 7 68 123 223 236 490 547 872 
815 2 68 688 
816 10 2 11 24 159 393 409 636 668 674 746 
817 3 375 641 738 
818 6 10 77 103 370 564 804 
819 5 159 197 297 690 899 
820 8 32 113 159 366 522 545 694 697 
821 2 733 775 
822 6 102 477 538 678 691 856 
823 5 40 80 146 443 458 
824 4 370 472 651 756 
825 4 69 426 539 776 
826 6 68 152 404 506 786 856 
827 7 48 278 491 679 738 751 850 
828 8 1 110 126 240 250 534 537 721 
829 4 30 507 714 896 
830 1 94 
831 4 237 474 678 707 
832 1 199 
833 6 19 308 416 438 589 834 
834 7 4 72 258 489 725 799 833 
835 4 168 297 600 736 
836 4 117 634 694 843 
837 3 39 638 674 
838 3 246 298 898 
839 3 200 845 854 
840 1 395 
841 7 16 154 250 308 346 450 457 
842 4 180 257 355 846 
843 4 108 238 478 836 
844 8 130 242 282 337 434 538 744 805 
845 3 430 745 839 
846 3 169 220 842 
847 2 659 687 
848 5 9 578 580 593 749 
849 5 79 233 595 675 875 
850 2 538 827 
851 3 114 136 893 
852 5 22 223 277 425 428 
853 2 96 666 
854 6 52 210 342 558 800 839 
855 5 673 674 702 740 752 
856 2 822 826 
857 5 30 188 289 343 582 
858 3 59 87 748 
859 8 142 198 281 408 449 506 511 582 
860 2 45 523 
861 3 639 785 882 
862 6 35 208 241 362 567 760 
863 7 45 272 359 592 688 720 733 
864 6 213 247 453 606 693 710 
865 3 128 668 782 
866 3 74 344 371 
867 6 295 338 466 556 615 877 
868 2 754 892 
869 5 249 289 334 610 733 
870 3 315 648 876 
871 10 45 137 172 219 406 585 647 771 784 811 
872 8 102 322 396 513 532 626 814 882 
873 3 242 626 677 
874 5 270 378 412 675 899 
875 6 195 302 306 567 763 849 
876 7 31 263 270 342 547 773 870 
877 4 610 611 713 867 
878 7 58 142 179 399 414 464 894 
879 4 243 549 572 591 
880 2 145 798 
881 2 258 709 
882 10 24 82 198 331 362 647 705 743 861 872 
883 2 201 290 
884 1 376 
885 5 62 369 602 759 782 
886 4 68 146 199 230 
887 5 79 136 160 272 450 
888 2 29 359 
889 2 8 722 
890 4 259 443 492 673 
891 6 21 172 473 481 543 727 
892 5 11 231 366 704 868 
893 7 39 135 201 363 616 651 851 
894 4 533 660 671 878 
895 4 69 309 702 898 
896 5 451 499 690 717 829 
897 4 21 214 253 380 
898 6 484 541 674 709 838 895 
899 3 435 819 874 
