900 2434
0 5 81 173 175 707 802 
1 3 555 770 828 
2 3 32 266 816 
3 5 132 159 373 407 584 
4 3 220 432 834 
5 5 101 239 443 616 732 
6 4 125 248 494 778 
7 5 18 21 92 216 293 
8 4 375 573 612 889 
9 4 275 532 593 848 
10 8 211 272 361 420 525 588 716 818 
11 7 191 205 410 664 770 816 892 
12 7 59 381 507 584 594 772 808 
13 8 49 116 169 282 335 459 509 680 
14 3 339 541 587 
15 6 148 346 551 570 619 877 
16 4 265 567 703 841 
17 5 232 266 471 662 684 
18 6 7 119 307 571 692 762 
19 4 50 415 556 833 
20 8 160 254 389 449 468 482 495 801 
21 9 7 144 338 633 644 768 780 891 897 
22 8 246 282 347 505 666 708 779 852 
23 8 155 161 201 483 678 722 744 860 
24 2 816 882 
25 2 81 589 
26 10 50 107 111 115 192 216 427 439 460 557 
27 7 110 233 287 317 422 442 451 
28 5 318 458 688 726 770 
29 5 54 243 351 788 888 
30 11 149 157 318 492 495 515 570 693 793 829 857 
31 4 371 669 682 876 
32 10 2 241 274 298 350 520 658 728 752 820 
33 2 659 688 
34 3 309 424 440 
35 4 344 462 585 862 
36 5 119 196 544 563 703 
37 5 127 204 230 515 619 
38 5 218 403 454 595 785 
39 9 258 266 293 338 367 372 701 837 893 
40 4 253 559 631 823 
41 6 149 259 356 655 742 775 
42 3 190 502 732 
43 10 89 163 233 336 446 465 514 527 532 690 
44 6 68 115 261 489 634 837 
45 7 182 577 663 740 860 863 871 
46 5 79 238 428 439 878 
47 5 273 382 394 797 807 
48 10 94 98 99 115 150 151 244 278 678 827 
49 9 13 103 218 330 371 413 588 785 806 
50 8 19 26 65 80 330 364 533 664 
51 4 256 275 444 718 
52 6 278 377 464 534 627 854 
53 5 337 465 481 739 797 
54 7 29 110 166 359 534 582 752 
55 6 81 85 176 319 393 667 
56 5 550 553 591 607 812 
57 5 322 413 432 642 721 
58 7 149 272 298 366 373 619 878 
59 12 12 100 213 235 273 389 427 440 498 660 760 858 
60 7 102 154 206 208 245 787 788 
61 2 127 784 
62 2 274 885 
63 5 141 247 292 596 644 
64 4 74 334 476 532 
65 4 50 166 187 540 
66 3 128 257 526 
67 5 203 399 451 452 733 
68 5 44 814 815 826 886 
69 7 239 715 743 746 747 825 895 
70 4 104 314 493 526 
71 3 229 256 717 
72 4 198 297 776 834 
73 4 226 343 585 645 
74 6 64 212 244 586 801 866 
75 2 230 757 
76 2 163 759 
77 4 245 445 590 818 
78 7 210 505 541 588 597 669 688 
79 6 46 539 619 654 849 887 
80 5 50 495 789 823 851 
81 8 0 25 55 123 125 690 734 776 
82 7 269 575 585 668 682 774 882 
83 2 637 639 
84 5 269 560 567 592 626 
85 5 55 237 488 511 595 
86 5 259 388 458 583 784 
87 7 154 166 265 370 533 751 858 
88 5 240 309 623 730 755 
89 5 43 244 438 596 713 
90 7 242 339 364 419 447 450 798 
91 5 111 273 316 320 495 
92 3 7 142 364 
93 9 102 167 308 336 339 485 527 605 617 
94 5 48 279 416 448 830 
95 5 97 170 211 340 421 
96 8 112 182 206 327 331 478 543 853 
97 3 95 101 287 
98 10 48 132 141 191 329 482 522 577 692 729 
99 4 48 151 373 804 
100 6 59 230 339 477 666 700 
101 8 5 97 168 231 308 466 498 693 
102 8 60 93 137 192 637 681 822 872 
103 4 49 130 453 818 
104 7 70 412 434 465 509 583 695 
105 4 119 173 813 892 
106 4 373 382 518 585 
107 7 26 386 442 594 703 750 895 
108 2 322 843 
109 5 185 224 262 332 752 
110 7 27 54 228 242 596 692 828 
111 10 26 91 178 199 571 596 607 620 673 734 
112 7 96 184 290 358 495 521 781 
113 6 356 374 538 543 649 820 
114 8 162 256 419 546 646 740 803 851 
115 8 26 44 48 116 232 642 746 797 
116 9 13 115 240 255 359 427 530 621 714 
117 7 137 237 521 670 682 716 836 
118 6 131 264 491 534 582 838 
119 6 18 36 105 378 721 774 
120 2 316 741 
121 6 149 174 216 315 522 556 
122 5 353 411 504 697 732 
123 7 81 367 402 454 700 751 814 
124 7 166 363 395 400 412 519 609 
125 5 6 81 340 416 505 
126 5 176 625 747 790 828 
127 6 37 61 145 472 485 500 
128 5 66 559 581 696 865 
129 2 514 771 
130 3 103 553 844 
131 8 118 193 210 276 450 460 570 625 
132 9 3 98 183 217 426 497 666 714 801 
133 5 266 466 679 694 807 
134 4 208 245 316 557 
135 5 185 279 350 522 893 
136 7 156 675 748 788 797 851 887 
137 4 102 117 155 871 
138 0 
139 4 284 492 496 793 
140 3 166 507 548 
141 7 63 98 148 199 456 704 729 
142 6 92 228 390 730 859 878 
143 2 296 597 
144 3 21 176 197 
145 5 127 527 588 620 880 
146 6 235 590 591 753 823 886 
147 4 327 331 371 724 
148 5 15 141 238 801 810 
149 8 30 41 58 121 205 331 375 510 
150 9 48 196 215 321 386 456 608 669 685 
151 6 48 99 244 288 406 417 
152 6 403 475 536 553 785 826 
153 2 388 526 
154 7 60 87 188 272 273 634 841 
155 4 23 137 227 348 
156 4 136 491 551 661 
157 2 30 290 
158 4 313 643 699 818 
159 6 3 161 492 816 819 820 
160 6 20 290 571 672 728 887 
161 3 23 159 512 
162 4 114 208 255 642 
163 3 43 76 582 
164 2 203 277 
165 5 305 424 700 806 837 
166 9 54 65 87 124 140 276 390 500 638 
167 3 93 363 506 
168 4 101 393 727 835 
169 4 13 218 664 846 
170 5 95 437 701 726 816 
171 0 
172 5 221 436 445 871 891 
173 10 0 105 262 405 593 616 691 796 813 840 
174 5 121 471 501 560 816 
175 5 0 211 375 730 804 
176 9 55 126 144 259 325 528 581 643 669 
177 2 345 641 
178 6 111 343 360 532 653 780 
179 3 253 734 878 
180 3 252 646 842 
181 7 196 299 413 479 539 572 637 
182 5 45 96 313 356 794 
183 7 132 342 358 377 528 535 746 
184 7 112 252 333 407 640 744 778 
185 5 109 135 265 391 724 
186 5 382 552 621 703 777 
187 6 65 196 340 426 691 720 
188 9 154 250 255 265 525 557 724 758 857 
189 1 478 
190 4 42 309 384 669 
191 2 11 98 
192 7 26 102 474 543 596 619 683 
193 5 131 405 479 578 611 
194 3 296 331 712 
195 5 266 323 668 850 875 
196 10 36 150 181 187 211 215 365 408 595 708 
197 5 144 376 472 517 819 
198 3 72 859 882 
199 4 111 141 832 886 
200 6 240 309 394 665 781 839 
201 7 23 276 282 521 682 883 893 
202 4 208 338 451 782 
203 3 67 164 335 
204 3 37 420 560 
205 4 11 149 258 587 
206 11 60 96 245 310 362 516 572 673 703 704 725 
207 3 234 704 750 
208 12 60 134 162 202 273 576 603 691 694 745 772 862 
209 1 594 
210 5 78 131 681 692 854 
211 8 10 95 175 196 369 448 613 807 
212 5 74 295 421 586 743 
213 8 59 509 527 548 560 739 754 864 
214 6 292 447 551 558 897 899 
215 5 150 196 638 766 768 
216 7 7 26 121 385 408 628 745 
217 7 132 265 420 442 449 714 725 
218 5 38 49 169 257 441 
219 6 238 239 421 531 609 871 
220 4 4 444 790 846 
221 2 172 441 
222 4 453 529 638 753 
223 2 814 852 
224 2 109 391 
225 1 627 
226 2 73 341 
227 2 155 483 
228 5 110 142 485 499 661 
229 4 71 584 587 723 
230 11 37 75 100 420 450 490 536 556 651 655 886 
231 7 101 421 443 488 672 673 892 
232 3 17 115 760 
233 8 27 43 383 695 799 816 849 868 
234 4 207 240 356 628 
235 4 59 146 359 537 
236 5 292 381 630 788 814 
237 11 85 117 412 442 501 536 554 728 729 736 831 
238 4 46 148 219 843 
239 5 5 69 219 459 622 
240 7 88 116 200 234 442 471 828 
241 6 32 380 405 530 675 862 
242 7 90 110 375 428 682 844 873 
243 2 29 879 
244 12 48 74 89 151 254 432 450 475 606 713 802 807 
245 7 60 77 134 206 305 660 881 
246 7 22 379 401 469 549 648 838 
247 4 63 589 730 864 
248 5 6 442 696 866 871 
249 2 254 869 
250 6 188 547 758 767 828 841 
251 2 291 333 
252 3 180 184 390 
253 11 40 179 331 470 518 546 549 633 703 714 897 
254 5 20 244 249 539 623 
255 8 116 162 188 430 470 475 492 513 
256 6 51 71 114 299 375 376 
257 8 66 218 314 363 689 729 838 842 
258 10 39 205 348 430 469 771 822 834 870 881 
259 7 41 86 176 331 557 702 890 
260 5 340 494 540 574 812 
261 3 44 726 735 
262 8 109 173 368 505 534 562 565 605 
263 4 423 592 636 876 
264 7 118 291 346 628 632 673 766 
265 8 16 87 185 188 217 399 546 720 
266 7 2 17 39 133 195 679 769 
267 4 384 598 653 687 
268 3 400 492 569 
269 7 82 84 415 462 635 679 814 
270 4 622 667 874 876 
271 3 516 573 620 
272 13 10 58 154 355 380 489 641 656 731 754 863 887 893 
273 8 47 59 91 154 208 565 640 737 
274 5 32 62 291 376 686 
275 7 9 51 432 498 574 688 727 
276 11 131 166 201 296 418 437 651 678 697 702 812 
277 4 164 320 738 852 
278 5 48 52 594 827 832 
279 4 94 135 605 800 
280 3 532 563 585 
281 5 552 612 668 706 859 
282 7 13 22 201 297 512 560 844 
283 4 476 602 746 810 
284 2 139 499 
285 1 400 
286 5 508 511 605 701 804 
287 5 27 97 413 463 567 
288 3 151 313 582 
289 5 305 633 795 857 869 
290 5 112 157 160 670 883 
291 7 251 264 274 427 460 478 691 
292 7 63 214 236 540 641 653 733 
293 6 7 39 354 414 581 791 
294 6 325 352 581 706 721 739 
295 3 212 591 867 
296 4 143 194 276 731 
297 8 72 282 419 454 498 793 819 835 
298 9 32 58 378 499 617 638 779 838 861 
299 2 181 256 
300 4 313 376 393 766 
301 6 652 667 704 740 772 803 
302 8 350 372 416 551 580 738 739 875 
303 2 481 813 
304 1 730 
305 6 165 245 289 485 578 787 
306 2 611 875 
307 4 18 451 684 705 
308 7 93 101 342 639 817 833 841 
309 7 34 88 190 200 655 752 895 
310 3 206 709 810 
311 3 362 472 693 
312 3 623 738 742 
313 6 158 182 288 300 718 772 
314 6 70 257 383 551 611 660 
315 3 121 747 870 
316 7 91 120 134 524 583 677 728 
317 4 27 551 581 719 
318 11 28 30 342 412 556 572 625 690 694 703 802 
319 4 55 422 482 743 
320 9 91 277 348 371 428 430 611 616 695 
321 2 150 462 
322 5 57 108 326 680 872 
323 8 195 406 502 582 608 712 758 787 
324 1 326 
325 7 176 294 326 394 473 673 805 
326 5 322 324 325 494 596 
327 4 96 147 375 621 
328 4 428 557 600 638 
329 5 98 458 555 608 725 
330 4 49 50 443 493 
331 15 96 147 149 194 253 259 337 353 406 519 520 554 582 675 882 
332 3 109 350 637 
333 3 184 251 773 
334 2 64 869 
335 5 13 203 358 422 483 
336 9 43 93 459 469 542 586 588 640 857 
337 6 53 331 387 449 770 844 
338 8 21 39 202 485 527 716 812 867 
339 7 14 90 93 100 622 624 638 
340 7 95 125 187 260 495 633 887 
341 3 226 621 760 
342 10 183 308 318 434 468 471 702 757 854 876 
343 10 73 178 360 468 488 502 555 638 668 857 
344 6 35 358 528 531 854 866 
345 3 177 442 494 
346 8 15 264 353 533 563 673 841 866 
347 5 22 542 573 616 723 
348 5 155 258 320 550 677 
349 2 506 534 
350 10 32 135 302 332 422 521 544 627 811 890 
351 1 29 
352 4 294 504 557 778 
353 4 122 331 346 658 
354 6 293 369 494 598 772 787 
355 5 272 473 548 795 842 
356 7 41 113 182 234 413 454 615 
357 5 544 629 636 666 715 
358 6 112 183 335 344 389 566 
359 9 54 116 235 546 654 676 834 863 888 
360 3 178 343 595 
361 5 10 424 550 617 763 
362 6 206 311 542 766 862 882 
363 5 124 167 257 370 893 
364 5 50 90 92 415 742 
365 3 196 452 606 
366 5 58 473 639 820 892 
367 4 39 123 639 794 
368 3 262 379 748 
369 7 211 354 411 444 766 807 885 
370 7 87 363 423 513 549 818 824 
371 9 31 49 147 320 734 738 751 756 866 
372 4 39 302 680 759 
373 9 3 58 99 106 420 490 533 592 632 
374 2 113 778 
375 9 8 149 175 242 256 327 579 808 817 
376 6 197 256 274 300 571 884 
377 4 52 183 615 732 
378 6 119 298 537 778 794 874 
379 4 246 368 662 786 
380 4 241 272 701 897 
381 5 12 236 499 620 778 
382 5 47 106 186 529 708 
383 7 233 314 440 589 670 780 790 
384 3 190 267 724 
385 2 216 688 
386 7 107 150 513 519 612 698 765 
387 3 337 487 611 
388 5 86 153 409 465 888 
389 6 20 59 358 536 561 776 
390 5 142 166 252 809 869 
391 4 185 224 474 509 
392 4 436 477 542 858 
393 9 55 168 300 465 505 734 804 816 899 
394 5 47 200 325 682 687 
395 2 124 840 
396 3 544 767 872 
397 1 720 
398 3 521 579 642 
399 5 67 265 647 776 878 
400 7 124 268 285 449 558 571 595 
401 3 246 647 746 
402 4 123 422 445 570 
403 6 38 152 566 580 723 815 
404 4 492 561 778 826 
405 7 173 193 241 442 552 639 678 
406 6 151 323 331 632 774 871 
407 5 3 184 568 614 661 
408 4 196 216 568 859 
409 2 388 816 
410 2 11 850 
411 5 122 369 518 580 788 
412 7 104 124 237 318 599 781 874 
413 9 49 57 181 287 356 427 573 734 746 
414 4 293 708 714 878 
415 5 19 269 364 506 867 
416 6 94 125 302 688 775 833 
417 3 151 705 717 
418 5 276 457 600 705 776 
419 6 90 114 297 491 655 747 
420 5 10 204 217 230 373 
421 7 95 212 219 231 586 605 663 
422 7 27 319 335 350 402 538 740 
423 4 263 370 515 575 
424 7 34 165 361 455 622 735 791 
425 4 628 686 797 852 
426 7 132 187 442 484 560 601 825 
427 8 26 59 116 291 413 480 620 857 
428 7 46 242 320 328 482 567 852 
429 3 469 527 654 
430 6 255 258 320 554 562 845 
431 1 725 
432 6 4 57 244 275 450 606 
433 3 461 601 808 
434 7 104 342 516 542 553 702 844 
435 2 722 899 
436 6 172 392 555 590 732 794 
437 3 170 276 565 
438 4 89 558 786 833 
439 2 26 46 
440 5 34 59 383 534 719 
441 5 218 221 531 544 748 
442 11 27 107 217 237 240 248 345 405 426 724 763 
443 8 5 231 330 571 683 714 823 890 
444 5 51 220 369 616 720 
445 6 77 172 402 600 633 675 
446 4 43 447 617 749 
447 5 90 214 446 636 685 
448 4 94 211 470 552 
449 7 20 217 337 400 534 747 859 
450 11 90 131 230 244 432 463 532 633 750 841 887 
451 10 27 67 202 307 661 696 706 721 738 896 
452 4 67 365 586 783 
453 4 103 222 745 864 
454 7 38 123 297 356 512 524 528 
455 1 424 
456 4 141 150 545 806 
457 3 418 764 841 
458 7 28 86 329 477 490 768 823 
459 4 13 239 336 714 
460 4 26 131 291 480 
461 3 433 681 715 
462 5 35 269 321 475 799 
463 2 287 450 
464 5 52 507 705 806 878 
465 6 43 53 104 388 393 823 
466 5 101 133 640 784 867 
467 2 780 861 
468 4 20 342 343 552 
469 7 246 258 336 429 545 721 795 
470 6 253 255 448 583 660 835 
471 7 17 174 240 342 521 662 735 
472 8 127 197 311 514 660 771 783 824 
473 5 325 355 366 742 891 
474 6 192 391 534 717 751 831 
475 7 152 244 255 462 581 671 866 
476 2 64 283 
477 5 100 392 458 481 822 
478 6 96 189 291 661 724 843 
479 6 181 193 508 537 565 681 
480 3 427 460 723 
481 6 53 303 477 535 581 891 
482 4 20 98 319 428 
483 5 23 227 335 565 684 
484 5 426 624 682 813 898 
485 6 93 127 228 305 338 622 
486 2 521 721 
487 5 387 572 579 580 613 
488 4 85 231 343 713 
489 5 44 272 570 656 834 
490 9 230 373 458 658 706 755 788 814 828 
491 8 118 156 419 696 737 802 827 863 
492 11 30 139 159 255 268 404 534 575 701 797 890 
493 5 70 330 550 698 745 
494 6 6 260 326 345 354 511 
495 9 20 30 80 91 112 340 532 647 744 
496 6 139 540 555 556 670 773 
497 3 132 688 739 
498 7 59 101 275 297 535 733 772 
499 6 228 284 298 381 616 896 
500 2 127 166 
501 3 174 237 679 
502 5 42 323 343 677 712 
503 3 765 797 800 
504 2 122 352 
505 7 22 78 125 262 393 545 629 
506 6 167 349 415 584 826 859 
507 6 12 140 464 613 725 829 
508 6 286 479 551 605 690 804 
509 4 13 104 213 391 
510 1 149 
511 4 85 286 494 859 
512 4 161 282 454 677 
513 6 255 370 386 568 708 872 
514 6 43 129 472 522 604 745 
515 6 30 37 423 671 707 743 
516 6 206 271 434 537 600 763 
517 3 197 620 816 
518 4 106 253 411 846 
519 5 124 331 386 580 808 
520 2 32 331 
521 7 112 117 201 350 398 471 486 
522 7 98 121 135 514 585 710 820 
523 3 591 779 860 
524 4 316 454 686 692 
525 2 10 188 
526 3 66 70 153 
527 7 43 93 145 213 338 429 862 
528 7 176 183 344 454 544 723 813 
529 4 222 382 554 711 
530 3 116 241 639 
531 6 219 344 441 569 659 778 
532 9 9 43 64 178 280 450 495 600 872 
533 7 50 87 346 373 662 800 894 
534 10 52 54 118 262 349 440 449 474 492 828 
535 7 183 481 498 537 598 647 809 
536 6 152 230 237 389 648 870 
537 6 235 378 479 516 535 828 
538 5 113 422 822 844 850 
539 6 79 181 254 561 630 825 
540 7 65 260 292 496 649 652 675 
541 3 14 78 898 
542 8 336 347 362 392 434 568 661 740 
543 6 96 113 192 739 803 891 
544 8 36 350 357 396 441 528 755 810 
545 8 456 469 505 608 613 751 793 820 
546 4 114 253 265 359 
547 4 250 734 814 876 
548 4 140 213 355 658 
549 4 246 253 370 879 
550 4 56 348 361 493 
551 7 15 156 214 302 314 317 508 
552 8 186 281 405 448 468 627 805 825 
553 6 56 130 152 434 601 681 
554 5 237 331 430 529 800 
555 10 1 329 343 436 496 633 670 676 735 741 
556 8 19 121 230 318 496 727 800 867 
557 7 26 134 188 259 328 352 738 
558 6 214 400 438 674 854 870 
559 4 40 128 593 656 
560 8 84 174 204 213 282 426 565 781 
561 4 389 404 539 669 
562 5 262 430 644 710 764 
563 4 36 280 346 798 
564 1 818 
565 8 262 273 437 479 483 560 656 660 
566 4 358 403 680 736 
567 6 16 84 287 428 862 875 
568 6 407 408 513 542 650 696 
569 3 268 531 600 
570 8 15 30 131 402 489 573 704 714 
571 10 18 111 160 376 400 443 607 736 798 804 
572 7 181 206 318 487 776 819 879 
573 8 8 271 347 413 570 603 666 728 
574 4 260 275 777 796 
575 6 82 423 492 672 709 761 
576 4 208 660 839 868 
577 3 45 98 580 
578 5 193 305 619 811 848 
579 4 375 398 487 597 
580 8 302 403 411 487 519 577 788 848 
581 8 128 176 293 294 317 475 481 788 
582 11 54 118 163 288 323 331 633 654 674 857 859 
583 5 86 104 316 470 656 
584 6 3 12 229 506 836 849 
585 7 35 73 82 106 280 522 871 
586 7 74 212 336 421 452 785 794 
587 3 14 205 229 
588 5 10 49 78 145 336 
589 10 25 247 383 634 679 680 682 772 811 833 
590 4 77 146 436 739 
591 8 56 146 295 523 630 708 879 884 
592 7 84 263 373 611 710 770 863 
593 4 9 173 559 848 
594 7 12 107 209 278 667 781 837 
595 7 38 85 196 360 400 610 849 
596 7 63 89 110 111 192 326 737 
597 3 78 143 579 
598 6 267 354 535 711 721 786 
599 2 412 604 
600 10 328 418 445 516 532 569 634 641 758 835 
601 4 426 433 553 805 
602 4 283 675 754 885 
603 4 208 573 649 804 
604 4 514 599 628 747 
605 8 93 262 279 286 421 508 703 812 
606 5 244 365 432 750 864 
607 4 56 111 571 639 
608 5 150 323 329 545 706 
609 4 124 219 626 693 
610 5 595 708 726 869 877 
611 8 193 306 314 320 387 592 649 877 
612 5 8 281 386 761 808 
613 4 211 487 507 545 
614 3 407 720 812 
615 5 356 377 696 801 867 
616 10 5 173 320 347 444 499 648 689 726 893 
617 4 93 298 361 446 
618 4 659 683 768 898 
619 10 15 37 58 79 192 578 640 658 689 733 
620 6 111 145 271 381 427 517 
621 4 116 186 327 341 
622 7 239 270 339 424 485 749 765 
623 3 88 254 312 
624 3 339 484 752 
625 3 126 131 318 
626 6 84 609 726 757 872 873 
627 4 52 225 350 552 
628 5 216 234 264 425 604 
629 3 357 505 674 
630 5 236 539 591 703 711 
631 1 40 
632 4 264 373 406 672 
633 9 21 253 289 340 445 450 555 582 740 
634 5 44 154 589 600 836 
635 1 269 
636 5 263 357 447 688 816 
637 7 83 102 181 332 750 759 787 
638 9 166 215 222 298 328 339 343 674 837 
639 9 83 308 366 367 405 530 607 662 861 
640 8 184 273 336 466 619 669 686 804 
641 6 177 272 292 600 817 841 
642 5 57 115 162 398 707 
643 3 158 176 758 
644 4 21 63 562 755 
645 2 73 725 
646 3 114 180 688 
647 9 399 401 495 535 760 794 801 871 882 
648 6 246 536 616 715 790 870 
649 5 113 540 603 611 704 
650 4 568 658 717 772 
651 5 230 276 662 824 893 
652 3 301 540 789 
653 5 178 267 292 659 721 
654 5 79 359 429 582 719 
655 4 41 230 309 419 
656 5 272 489 559 565 583 
657 0 
658 7 32 353 490 548 619 650 694 
659 5 33 531 618 653 847 
660 8 59 245 314 470 472 565 576 894 
661 6 156 228 407 451 478 542 
662 6 17 379 471 533 639 651 
663 3 45 421 726 
664 4 11 50 169 791 
665 2 200 889 
666 7 22 100 132 357 573 853 870 
667 6 55 270 301 594 755 782 
668 6 82 195 281 343 816 865 
669 8 31 78 150 176 190 561 640 744 
670 6 117 290 383 496 555 825 
671 4 475 515 783 894 
672 6 160 231 575 632 802 813 
673 8 111 206 231 264 325 346 855 890 
674 9 558 582 629 638 746 816 837 855 898 
675 9 136 241 331 445 540 602 713 849 874 
676 5 359 555 720 757 778 
677 6 316 348 502 512 717 873 
678 7 23 48 276 405 807 822 831 
679 9 133 266 269 501 589 730 743 752 827 
680 5 13 322 372 566 589 
681 6 102 210 461 479 553 725 
682 9 31 82 117 201 242 394 484 589 694 
683 3 192 443 618 
684 4 17 307 483 809 
685 2 150 447 
686 5 274 425 524 640 730 
687 3 267 394 847 
688 11 28 33 78 275 385 416 497 636 646 815 863 
689 3 257 616 619 
690 7 43 81 318 508 734 819 896 
691 7 173 187 208 291 714 807 822 
692 7 18 98 110 210 524 796 831 
693 6 30 101 311 609 719 864 
694 8 133 208 318 658 682 792 820 836 
695 3 104 233 320 
696 7 128 248 451 491 568 615 741 
697 3 122 276 820 
698 2 386 493 
699 1 158 
700 3 100 123 165 
701 6 39 170 286 380 492 710 
702 6 259 276 342 434 855 895 
703 10 16 36 107 186 206 253 318 605 630 804 
704 8 141 206 207 301 570 649 760 892 
705 5 307 417 418 464 882 
706 5 281 294 451 490 608 
707 4 0 515 642 831 
708 8 22 196 382 414 513 591 610 807 
709 4 310 575 881 898 
710 6 522 562 592 701 810 864 
711 4 529 598 630 758 
712 3 194 323 502 
713 5 89 244 488 675 877 
714 11 116 132 217 253 414 443 459 570 691 758 829 
715 4 69 357 461 648 
716 3 10 117 338 
717 7 71 417 474 650 677 770 896 
718 4 51 313 763 879 
719 6 317 440 654 693 758 774 
720 7 187 265 397 444 614 676 863 
721 9 57 119 294 451 469 486 598 653 828 
722 3 23 435 889 
723 6 229 347 403 480 528 750 
724 6 147 185 188 384 442 478 
725 9 206 217 329 431 507 645 681 773 834 
726 7 28 170 261 610 616 626 663 
727 4 168 275 556 891 
728 7 32 160 237 316 573 756 806 
729 5 98 141 237 257 894 
730 8 88 142 175 247 304 679 686 732 
731 3 272 296 879 
732 6 5 42 122 377 436 730 
733 7 67 292 498 619 821 863 869 
734 8 81 111 179 371 393 413 547 690 
735 7 261 424 471 555 767 777 786 
736 4 237 566 571 835 
737 4 273 491 596 796 
738 10 277 302 312 371 451 557 781 817 827 857 
739 7 53 213 294 302 497 543 590 
740 8 45 114 301 422 542 633 768 855 
741 4 120 555 696 756 
742 4 41 312 364 473 
743 6 69 212 319 515 679 882 
744 5 23 184 495 669 844 
745 6 208 216 453 493 514 845 
746 10 69 115 183 283 401 413 674 774 795 816 
747 6 69 126 315 419 449 604 
748 4 136 368 441 858 
749 3 446 622 848 
750 7 107 207 450 606 637 723 869 
751 6 87 123 371 474 545 827 
752 7 32 54 109 309 624 679 855 
753 2 146 222 
754 5 213 272 602 757 868 
755 5 88 490 544 644 667 
756 6 371 728 741 770 784 824 
757 6 75 342 626 676 754 771 
758 9 188 250 323 600 643 711 714 719 762 
759 6 76 372 637 772 798 885 
760 6 59 232 341 647 704 862 
761 2 575 612 
762 3 18 758 790 
763 8 361 442 516 718 765 792 794 875 
764 2 457 562 
765 4 386 503 622 763 
766 5 215 264 300 362 369 
767 4 250 396 735 802 
768 5 21 215 458 618 740 
769 1 266 
770 8 1 11 28 337 592 717 756 808 
771 5 129 258 472 757 871 
772 10 12 208 301 313 354 498 589 650 759 837 
773 4 333 496 725 876 
774 5 82 119 406 719 746 
775 3 41 416 821 
776 7 72 81 389 399 418 572 825 
777 3 186 574 735 
778 9 6 184 352 374 378 381 404 531 676 
779 3 22 298 523 
780 5 21 178 383 467 785 
781 6 112 200 412 560 594 738 
782 4 202 667 865 885 
783 4 452 472 671 808 
784 5 61 86 466 756 871 
785 6 38 49 152 586 780 861 
786 5 379 438 598 735 826 
787 5 60 305 323 354 637 
788 8 29 60 136 236 411 490 580 581 
789 4 80 652 806 812 
790 5 126 220 383 648 762 
791 4 293 424 664 802 
792 3 694 763 798 
793 4 30 139 297 545 
794 7 182 367 378 436 586 647 763 
795 5 289 355 469 746 888 
796 5 173 574 692 737 812 
797 7 47 53 115 136 425 492 503 
798 6 90 563 571 759 792 880 
799 3 233 462 834 
800 6 279 503 533 554 556 854 
801 7 20 74 132 148 615 647 870 
802 7 0 244 318 491 672 767 791 
803 3 114 301 543 
804 11 99 175 286 393 508 571 603 640 703 818 840 
805 5 325 552 601 834 844 
806 6 49 165 456 464 728 789 
807 8 47 133 211 244 369 678 691 708 
808 7 12 375 433 519 612 770 783 
809 3 390 535 684 
810 5 148 283 310 544 710 
811 4 350 578 589 871 
812 8 56 260 276 338 605 614 789 796 
813 6 105 173 303 484 528 672 
814 8 68 123 223 236 269 490 547 872 
815 3 68 403 688 
816 14 2 11 24 159 170 174 233 393 409 517 636 668 674 746 
817 4 308 375 641 738 
818 7 10 77 103 158 370 564 804 
819 6 159 197 297 572 690 899 
820 8 32 113 159 366 522 545 694 697 
821 2 733 775 
822 7 102 258 477 538 678 691 856 
823 6 40 80 146 443 458 465 
824 4 370 472 651 756 
825 7 69 426 539 552 670 776 838 
826 6 68 152 404 506 786 856 
827 7 48 278 491 679 738 751 850 
828 9 1 110 126 240 250 490 534 537 721 
829 4 30 507 714 896 
830 1 94 
831 5 237 474 678 692 707 
832 2 199 278 
833 6 19 308 416 438 589 834 
834 10 4 72 258 359 489 725 799 805 833 835 
835 6 168 297 470 600 736 834 
836 5 117 584 634 694 843 
837 7 39 44 165 594 638 674 772 
838 6 118 246 257 298 825 898 
839 4 200 576 845 854 
840 3 173 395 804 
841 8 16 154 250 308 346 450 457 641 
842 4 180 257 355 846 
843 4 108 238 478 836 
844 8 130 242 282 337 434 538 744 805 
845 3 430 745 839 
846 4 169 220 518 842 
847 2 659 687 
848 5 9 578 580 593 749 
849 6 79 233 584 595 675 875 
850 4 195 410 538 827 
851 4 80 114 136 893 
852 5 22 223 277 425 428 
853 2 96 666 
854 7 52 210 342 344 558 800 839 
855 5 673 674 702 740 752 
856 2 822 826 
857 9 30 188 289 336 343 427 582 738 876 
858 4 59 87 392 748 
859 8 142 198 281 408 449 506 511 582 
860 3 23 45 523 
861 5 298 467 639 785 882 
862 7 35 208 241 362 527 567 760 
863 8 45 272 359 491 592 688 720 733 
864 6 213 247 453 606 693 710 
865 3 128 668 782 
866 6 74 248 344 346 371 475 
867 7 295 338 415 466 556 615 877 
868 4 233 576 754 892 
869 7 249 289 334 390 610 733 750 
870 8 258 315 536 558 648 666 801 876 
871 11 45 137 172 219 248 406 585 647 771 784 811 
872 8 102 322 396 513 532 626 814 882 
873 3 242 626 677 
874 5 270 378 412 675 899 
875 7 195 302 306 567 763 849 881 
876 8 31 263 270 342 547 773 857 870 
877 5 15 610 611 713 867 
878 8 46 58 142 179 399 414 464 894 
879 7 243 549 572 591 718 731 894 
880 2 145 798 
881 4 245 258 709 875 
882 10 24 82 198 331 362 647 705 743 861 872 
883 2 201 290 
884 2 376 591 
885 5 62 369 602 759 782 
886 4 68 146 199 230 
887 6 79 136 160 272 340 450 
888 4 29 359 388 795 
889 3 8 665 722 
890 5 259 350 443 492 673 
891 6 21 172 473 481 543 727 
892 6 11 105 231 366 704 868 
893 8 39 135 201 272 363 616 651 851 
894 6 533 660 671 729 878 879 
895 5 69 107 309 702 898 
896 5 451 499 690 717 829 
897 4 21 214 253 380 
898 7 484 541 618 674 709 838 895 
899 5 214 393 435 819 874 
