90 404
0 9 5 7 8 25 40 44 47 57 63 
1 5 2 18 36 43 60 
2 10 1 15 17 45 56 61 63 67 81 85 
3 10 5 14 21 22 27 28 30 32 36 77 
4 12 7 8 14 18 25 26 40 44 45 50 69 83 
5 8 0 3 7 13 18 26 47 85 
6 6 9 37 43 54 65 75 
7 12 0 4 5 22 24 25 26 36 50 54 74 78 
8 8 0 4 36 38 59 63 71 85 
9 9 6 25 27 34 38 41 51 56 89 
10 9 11 17 22 24 32 43 54 66 76 
11 9 10 15 29 35 47 49 63 77 81 
12 6 20 22 24 61 66 84 
13 7 5 21 23 31 46 49 56 
14 14 3 4 24 30 34 38 42 44 46 55 56 57 84 87 
15 14 2 11 19 20 28 31 34 35 41 42 50 52 60 61 
16 5 30 54 72 73 75 
17 6 2 10 48 50 86 88 
18 11 1 4 5 26 40 41 48 51 53 66 74 
19 10 15 26 33 40 46 47 49 52 68 75 
20 8 12 15 21 30 40 69 75 86 
21 12 3 13 20 24 26 30 40 46 68 71 73 81 
22 12 3 7 10 12 30 31 47 60 71 72 81 82 
23 5 13 24 40 68 76 
24 12 7 10 12 14 21 23 30 32 33 58 59 76 
25 8 0 4 7 9 41 52 62 65 
26 14 4 5 7 18 19 21 30 33 37 45 49 57 67 89 
27 9 3 9 30 46 49 66 70 72 80 
28 8 3 15 32 39 41 70 80 84 
29 5 11 46 64 74 79 
30 18 3 14 16 20 21 22 24 26 27 31 47 58 67 71 72 79 83 89 
31 7 13 15 22 30 58 67 85 
32 9 3 10 24 28 69 74 79 87 88 
33 9 19 24 26 40 47 61 62 65 70 
34 12 9 14 15 36 47 52 55 64 67 70 75 78 
35 6 11 15 41 56 74 76 
36 10 1 3 7 8 34 38 40 78 80 83 
37 5 6 26 53 61 67 
38 9 8 9 14 36 47 64 65 82 84 
39 6 28 43 46 65 72 74 
40 17 0 4 18 19 20 21 23 33 36 46 47 52 54 60 61 64 73 
41 13 9 15 18 25 28 35 47 49 52 56 68 71 85 
42 5 14 15 61 63 85 
43 9 1 6 10 39 57 62 77 81 83 
44 11 0 4 14 47 52 56 60 63 65 78 85 
45 6 2 4 26 54 69 83 
46 15 13 14 19 21 27 29 39 40 49 50 57 71 76 86 87 
47 16 0 5 11 19 22 30 33 34 38 40 41 44 48 64 79 89 
48 7 17 18 47 56 59 70 82 
49 9 11 13 19 26 27 41 46 58 61 
50 9 4 7 15 17 46 52 53 57 82 
51 4 9 18 56 67 
52 9 15 19 25 34 40 41 44 50 87 
53 8 18 37 50 56 61 72 76 78 
54 7 6 7 10 16 40 45 69 
55 5 14 34 60 73 89 
56 16 2 9 13 14 35 41 44 48 51 53 57 60 77 79 80 82 
57 12 0 14 26 43 46 50 56 59 71 76 79 80 
58 9 24 30 31 49 65 66 69 78 80 
59 6 8 24 48 57 70 72 
60 9 1 15 22 40 44 55 56 65 68 
61 10 2 12 15 33 37 40 42 49 53 72 
62 5 25 33 43 75 87 
63 10 0 2 8 11 42 44 69 85 88 89 
64 7 29 34 38 40 47 71 76 
65 10 6 25 33 38 39 44 58 60 85 89 
66 8 10 12 18 27 58 67 83 89 
67 9 2 26 30 31 34 37 51 66 78 
68 10 19 21 23 41 60 76 78 80 86 87 
69 8 4 20 32 45 54 58 63 83 
70 8 27 28 33 34 48 59 71 72 
71 13 8 21 22 30 41 46 57 64 70 74 78 85 86 
72 10 16 22 27 30 39 53 59 61 70 89 
73 7 16 21 40 55 81 87 88 
74 11 7 18 29 32 35 39 71 78 81 83 88 
75 9 6 16 19 20 34 62 79 81 83 
76 9 10 23 24 35 46 53 57 64 68 
77 4 3 11 43 56 
78 12 7 34 36 44 53 58 67 68 71 74 79 88 
79 8 29 30 32 47 56 57 75 78 
80 7 27 28 36 56 57 58 68 
81 9 2 11 21 22 43 73 74 75 84 
82 6 22 38 48 50 56 85 
83 9 4 30 36 43 45 66 69 74 75 
84 5 12 14 28 38 81 
85 11 2 5 8 31 41 42 44 63 65 71 82 
86 5 17 20 46 68 71 
87 7 14 32 46 52 62 68 73 
88 6 17 32 63 73 74 78 
89 9 9 26 30 47 55 63 65 66 72 
