90 806
0 21 2 5 7 8 17 25 40 44 45 47 49 52 57 63 64 65 72 77 81 83 87 
1 11 2 11 16 18 24 36 37 43 54 60 77 
2 16 0 1 4 6 15 16 17 22 43 45 56 61 63 67 81 85 
3 21 5 9 10 14 17 21 22 27 28 30 32 34 35 36 56 59 69 71 77 88 89 
4 24 2 6 7 8 14 16 18 25 26 36 40 43 44 45 50 69 72 73 75 78 80 81 83 87 
5 16 0 3 7 13 16 18 23 24 26 32 37 38 47 61 69 85 
6 20 2 4 8 9 26 35 37 40 43 44 45 50 53 54 55 65 69 73 75 87 
7 16 0 4 5 14 22 24 25 26 29 36 50 54 62 70 74 78 
8 19 0 4 6 16 25 33 36 38 40 57 59 63 64 71 73 78 81 85 89 
9 19 3 6 12 25 27 31 34 37 38 41 43 50 51 56 70 73 74 75 89 
10 19 3 11 15 17 21 22 23 24 32 34 40 43 45 54 66 70 76 85 89 
11 16 1 10 15 29 34 35 47 49 53 58 63 65 68 75 77 81 
12 16 9 20 22 23 24 38 39 51 61 63 64 66 70 81 83 84 
13 11 5 21 23 27 31 44 46 49 56 64 72 
14 20 3 4 7 17 18 23 24 29 30 34 38 42 44 46 55 56 57 59 84 87 
15 28 2 10 11 16 19 20 23 25 26 28 29 30 31 34 35 41 42 43 45 50 52 60 61 64 70 71 73 75 
16 23 1 2 4 5 8 15 19 25 30 38 40 51 54 58 62 65 70 71 72 73 75 78 86 
17 18 0 2 3 10 14 22 23 25 31 48 50 53 60 65 80 84 86 88 
18 15 1 4 5 14 26 28 40 41 48 51 53 62 66 67 74 
19 21 15 16 24 25 26 31 33 37 40 44 46 47 49 52 56 61 64 66 68 75 78 
20 16 12 15 21 30 40 44 45 47 50 51 53 64 69 75 84 86 
21 23 3 10 13 20 22 24 26 30 36 38 40 46 47 51 52 59 67 68 69 71 73 77 81 
22 18 2 3 7 10 12 17 21 30 31 36 47 60 71 72 76 81 82 87 
23 16 5 10 12 13 14 15 17 24 30 40 58 64 68 69 76 86 
24 19 1 5 7 10 12 14 19 21 23 30 32 33 56 58 59 65 76 78 88 
25 17 0 4 7 8 9 15 16 17 19 37 41 52 53 62 65 77 82 
26 21 4 5 6 7 15 18 19 21 30 33 37 44 45 49 51 57 64 67 75 82 89 
27 15 3 9 13 30 33 40 46 49 60 66 67 70 72 80 89 
28 15 3 15 18 32 34 39 41 42 52 55 69 70 80 81 84 
29 14 7 11 14 15 32 37 43 46 48 54 64 74 79 81 
30 25 3 14 15 16 20 21 22 23 24 26 27 31 38 47 48 49 53 58 67 71 72 77 79 83 89 
31 19 9 13 15 17 19 22 30 44 49 50 56 58 59 67 77 79 83 84 85 
32 22 3 5 10 24 28 29 33 37 45 54 55 56 60 63 69 71 74 75 79 81 87 88 
33 15 8 19 24 26 27 32 40 47 49 55 61 62 65 70 84 
34 21 3 9 10 11 14 15 28 36 43 47 48 52 55 60 61 64 67 70 75 77 78 
35 14 3 6 11 15 37 39 41 55 56 61 64 73 74 76 
36 20 1 3 4 7 8 21 22 34 37 38 40 50 62 66 75 78 80 81 83 87 
37 21 1 5 6 9 19 25 26 29 32 35 36 46 47 51 53 55 61 66 67 71 83 
38 18 5 8 9 12 14 16 21 30 36 45 47 59 64 65 69 79 82 84 
39 13 12 28 35 43 46 50 64 65 72 73 74 77 88 
40 23 0 4 6 8 10 16 18 19 20 21 23 27 33 36 46 47 52 54 60 61 64 70 73 
41 18 9 15 18 25 28 35 47 49 52 56 59 63 68 71 72 75 77 85 
42 14 14 15 28 43 44 45 54 56 61 63 66 70 79 85 
43 21 1 2 4 6 9 10 15 29 34 39 42 56 57 59 62 63 77 81 83 85 87 
44 21 0 4 6 13 14 19 20 26 31 42 47 52 56 60 63 65 66 76 77 78 85 
45 17 0 2 4 6 10 15 20 26 32 38 42 54 61 69 70 72 83 
46 20 13 14 19 21 27 29 37 39 40 49 50 56 57 64 65 71 76 83 86 87 
47 26 0 5 11 19 20 21 22 30 33 34 37 38 40 41 44 48 50 58 59 64 66 68 77 79 85 89 
48 16 17 18 29 30 34 47 54 56 58 59 60 66 70 82 88 89 
49 16 0 11 13 19 26 27 30 31 33 41 46 58 61 64 67 83 
50 19 4 6 7 9 15 17 20 31 36 39 46 47 52 53 54 57 63 82 87 
51 13 9 12 16 18 20 21 26 37 56 57 67 72 88 
52 14 0 15 19 21 25 28 34 40 41 44 50 53 68 87 
53 16 6 11 17 18 20 25 30 37 50 52 56 61 71 72 76 78 
54 17 1 6 7 10 16 29 32 40 42 45 48 50 58 67 69 73 78 
55 15 6 14 28 32 33 34 35 37 59 60 68 73 76 77 89 
56 28 2 3 9 13 14 19 24 31 32 35 41 42 43 44 46 48 51 53 57 60 64 74 77 78 79 80 82 86 
57 18 0 8 14 26 43 46 50 51 56 59 71 76 78 79 80 81 85 86 
58 18 11 16 23 24 30 31 47 48 49 54 64 65 66 69 72 78 80 86 
59 19 3 8 14 21 24 31 38 41 43 47 48 55 57 65 70 72 75 78 84 
60 17 1 15 17 22 27 32 34 40 44 48 55 56 65 67 68 76 85 
61 20 2 5 12 15 19 33 34 35 37 40 42 45 49 53 71 72 79 82 83 86 
62 11 7 16 18 25 33 36 43 74 75 79 87 
63 18 0 2 8 11 12 32 41 42 43 44 50 64 69 73 82 85 88 89 
64 25 0 8 12 13 15 19 20 23 26 29 34 35 38 39 40 46 47 49 56 58 63 67 71 76 78 
65 18 0 6 11 16 17 24 25 33 38 39 44 46 58 59 60 69 85 89 
66 18 10 12 18 19 27 36 37 42 44 47 48 58 67 69 75 81 83 89 
67 17 2 18 21 26 27 30 31 34 37 49 51 54 60 64 66 72 78 
68 15 11 19 21 23 41 47 52 55 60 73 76 78 80 86 87 
69 19 3 4 5 6 20 21 23 28 32 38 45 54 58 63 65 66 72 83 85 
70 20 7 9 10 12 15 16 27 28 33 34 40 42 45 48 59 71 72 76 79 81 
71 23 3 8 15 16 21 22 30 32 37 41 46 53 57 61 64 70 74 77 78 80 83 85 86 
72 20 0 4 13 16 22 27 30 39 41 45 51 53 58 59 61 67 69 70 80 89 
73 19 4 6 8 9 15 16 21 35 39 40 54 55 63 68 76 81 82 87 88 
74 15 7 9 18 29 32 35 39 56 62 71 75 78 81 83 88 
75 21 4 6 9 11 15 16 19 20 26 32 34 36 41 59 62 66 74 76 79 81 83 
76 16 10 22 23 24 35 44 46 53 55 57 60 64 68 70 73 75 
77 17 0 1 3 11 21 25 30 31 34 39 41 43 44 47 55 56 71 
78 23 4 7 8 16 19 24 34 36 44 53 54 56 57 58 59 64 67 68 71 74 79 86 88 
79 15 29 30 31 32 38 42 47 56 57 61 62 70 75 78 82 
80 11 4 17 27 28 36 56 57 58 68 71 72 
81 20 0 2 4 8 11 12 21 22 28 29 32 36 43 57 66 70 73 74 75 84 
82 14 22 25 26 38 48 50 56 61 63 73 79 83 85 89 
83 18 0 4 12 30 31 36 37 43 45 46 49 61 66 69 71 74 75 82 
84 10 12 14 17 20 28 31 33 38 59 81 
85 17 2 5 8 10 31 41 42 43 44 47 57 60 63 65 69 71 82 
86 12 16 17 20 23 46 56 57 58 61 68 71 78 
87 14 0 4 6 14 22 32 36 43 46 50 52 62 68 73 
88 12 3 17 24 32 39 48 51 63 73 74 78 89 
89 16 3 8 9 10 26 27 30 47 48 55 63 65 66 72 82 88 
