90 163
0 4 7 61 76 81 
1 3 75 85 87 
2 1 27 
3 1 72 
4 3 49 50 65 
5 6 15 38 62 70 84 85 
6 0 
7 5 0 11 30 42 86 
8 4 25 31 46 51 
9 4 14 46 52 68 
10 4 21 33 47 49 
11 2 7 40 
12 2 34 55 
13 1 42 
14 5 9 44 46 63 82 
15 3 5 23 61 
16 3 42 73 85 
17 4 19 27 57 72 
18 7 22 26 30 31 40 46 81 
19 5 17 37 70 78 86 
20 3 44 61 86 
21 3 10 30 88 
22 3 18 49 52 
23 6 15 31 45 56 75 77 
24 2 52 82 
25 2 8 83 
26 5 18 35 59 62 70 
27 4 2 17 36 78 
28 3 30 72 86 
29 3 47 51 59 
30 8 7 18 21 28 38 43 46 59 
31 3 8 18 23 
32 3 37 50 88 
33 4 10 53 60 62 
34 1 12 
35 4 26 41 68 82 
36 6 27 42 73 80 84 85 
37 4 19 32 72 89 
38 3 5 30 56 
39 1 68 
40 7 11 18 53 55 80 83 86 
41 4 35 62 69 78 
42 4 7 13 16 36 
43 4 30 61 67 89 
44 4 14 20 48 60 
45 2 23 63 
46 9 8 9 14 18 30 51 59 64 85 
47 4 10 29 61 75 
48 4 44 72 73 82 
49 6 4 10 22 63 65 89 
50 3 4 32 58 
51 5 8 29 46 61 62 
52 3 9 22 24 
53 3 33 40 62 
54 0 
55 4 12 40 67 89 
56 4 23 38 73 81 
57 3 17 86 87 
58 1 50 
59 5 26 29 30 46 68 
60 2 33 44 
61 8 0 15 20 43 47 51 71 72 
62 6 5 26 33 41 51 53 
63 5 14 45 49 72 75 
64 1 46 
65 2 4 49 
66 1 69 
67 2 43 55 
68 4 9 35 39 59 
69 4 41 66 80 86 
70 3 5 19 26 
71 2 61 84 
72 7 3 17 28 37 48 61 63 
73 7 16 36 48 56 77 84 86 
74 0 
75 4 1 23 47 63 
76 2 0 85 
77 3 23 73 85 
78 3 19 27 41 
79 0 
80 3 36 40 69 
81 3 0 18 56 
82 5 14 24 35 48 84 
83 2 25 40 
84 6 5 36 71 73 82 88 
85 7 1 5 16 36 46 76 77 
86 8 7 19 20 28 40 57 69 73 
87 2 1 57 
88 3 21 32 84 
89 4 37 43 49 55 
