90 205
0 5 4 7 61 76 81 
1 3 75 85 87 
2 2 8 27 
3 2 24 72 
4 5 0 49 50 61 65 
5 6 15 38 62 70 84 85 
6 0 
7 6 0 11 30 42 86 88 
8 6 2 25 30 31 46 51 
9 5 14 16 46 52 68 
10 7 21 33 47 49 56 81 87 
11 3 7 26 40 
12 3 21 34 55 
13 1 42 
14 5 9 44 46 63 82 
15 3 5 23 61 
16 4 9 42 73 85 
17 6 19 27 57 64 72 89 
18 7 22 26 30 31 40 46 81 
19 5 17 37 70 78 86 
20 5 44 50 57 61 86 
21 4 10 12 30 88 
22 3 18 49 52 
23 6 15 31 45 56 75 77 
24 3 3 52 82 
25 4 8 31 55 83 
26 7 11 18 35 59 62 70 71 
27 4 2 17 36 78 
28 4 30 58 72 86 
29 4 47 51 59 62 
30 10 7 8 18 21 28 37 38 43 46 59 
31 5 8 18 23 25 42 
32 4 37 50 74 88 
33 4 10 53 60 62 
34 2 12 38 
35 4 26 41 68 82 
36 6 27 42 73 80 84 85 
37 5 19 30 32 72 89 
38 4 5 30 34 56 
39 3 68 75 79 
40 8 11 18 53 55 65 80 83 86 
41 4 35 62 69 78 
42 6 7 13 16 31 36 67 
43 5 30 61 67 79 89 
44 4 14 20 48 60 
45 3 23 63 85 
46 9 8 9 14 18 30 51 59 64 85 
47 5 10 29 59 61 75 
48 4 44 72 73 82 
49 6 4 10 22 63 65 89 
50 5 4 20 32 58 65 
51 6 8 29 46 61 62 65 
52 4 9 22 24 77 
53 4 33 40 62 74 
54 0 
55 5 12 25 40 67 89 
56 5 10 23 38 73 81 
57 4 17 20 86 87 
58 4 28 50 76 81 
59 6 26 29 30 46 47 68 
60 3 33 44 76 
61 9 0 4 15 20 43 47 51 71 72 
62 8 5 26 29 33 41 51 53 77 
63 5 14 45 49 72 75 
64 2 17 46 
65 5 4 40 49 50 51 
66 2 69 86 
67 3 42 43 55 
68 4 9 35 39 59 
69 4 41 66 80 86 
70 3 5 19 26 
71 3 26 61 84 
72 7 3 17 28 37 48 61 63 
73 7 16 36 48 56 77 84 86 
74 2 32 53 
75 5 1 23 39 47 63 
76 4 0 58 60 85 
77 6 23 52 62 73 85 89 
78 3 19 27 41 
79 2 39 43 
80 3 36 40 69 
81 5 0 10 18 56 58 
82 5 14 24 35 48 84 
83 2 25 40 
84 6 5 36 71 73 82 88 
85 8 1 5 16 36 45 46 76 77 
86 9 7 19 20 28 40 57 66 69 73 
87 3 1 10 57 
88 4 7 21 32 84 
89 6 17 37 43 49 55 77 
