90 201
0 5 5 8 47 57 63 
1 1 36 
2 5 15 56 61 81 85 
3 5 21 27 30 32 77 
4 6 7 18 26 44 50 83 
5 5 0 7 13 18 26 
6 2 54 65 
7 7 4 5 22 24 25 36 74 
8 3 0 59 63 
9 8 25 27 34 38 41 51 56 89 
10 4 22 32 54 76 
11 4 15 29 47 49 
12 4 20 22 24 61 
13 7 5 21 23 31 46 49 56 
14 7 24 30 34 46 55 56 84 
15 9 2 11 19 20 35 41 42 50 60 
16 1 72 
17 3 48 50 86 
18 6 4 5 26 40 51 74 
19 4 15 33 47 52 
20 6 12 15 30 40 75 86 
21 7 3 13 24 26 46 68 73 
22 9 7 10 12 31 47 60 71 81 82 
23 3 13 24 76 
24 7 7 12 14 21 23 33 59 
25 4 7 9 52 65 
26 7 4 5 18 21 45 57 89 
27 5 3 9 66 72 80 
28 0 
29 3 11 46 74 
30 6 3 14 20 31 67 89 
31 5 13 22 30 58 85 
32 3 3 10 74 
33 4 19 24 40 61 
34 7 9 14 36 52 55 70 75 
35 5 15 41 56 74 76 
36 5 1 7 34 40 78 
37 0 
38 1 9 
39 2 43 65 
40 8 18 20 33 36 46 47 54 60 
41 8 9 15 35 49 52 56 71 85 
42 2 15 61 
43 4 39 62 77 81 
44 5 4 52 56 60 78 
45 1 26 
46 10 13 14 21 29 40 49 50 57 71 87 
47 6 0 11 19 22 40 89 
48 4 17 56 59 82 
49 5 11 13 41 46 58 
50 7 4 15 17 46 52 53 57 
51 4 9 18 56 67 
52 7 19 25 34 41 44 50 87 
53 3 50 61 72 
54 4 6 10 40 69 
55 4 14 34 60 73 
56 13 2 9 13 14 35 41 44 48 51 60 77 80 82 
57 4 0 26 46 50 
58 5 31 49 65 69 78 
59 3 8 24 48 
60 7 15 22 40 44 55 56 68 
61 5 2 12 33 42 53 
62 3 43 75 87 
63 3 0 8 85 
64 0 
65 5 6 25 39 58 85 
66 2 27 89 
67 3 30 51 78 
68 5 21 60 76 78 87 
69 2 54 58 
70 2 34 72 
71 4 22 41 46 85 
72 5 16 27 53 70 89 
73 4 21 55 81 87 
74 8 7 18 29 32 35 78 81 83 
75 4 20 34 62 79 
76 4 10 23 35 68 
77 3 3 43 56 
78 6 36 44 58 67 68 74 
79 1 75 
80 2 27 56 
81 5 2 22 43 73 74 
82 4 22 48 56 85 
83 2 4 74 
84 1 14 
85 7 2 31 41 63 65 71 82 
86 2 17 20 
87 5 46 52 62 68 73 
88 0 
89 6 9 26 30 47 66 72 
