90 400
0 5 4 7 61 76 81 
1 7 33 45 52 75 85 87 88 
2 7 8 25 27 41 42 45 64 
3 6 6 8 15 24 60 72 
4 13 0 5 17 31 48 49 50 61 62 65 70 71 78 
5 13 4 15 17 28 38 55 61 62 65 70 77 84 85 
6 5 3 8 27 38 83 
7 7 0 11 20 30 42 86 88 
8 18 2 3 6 14 16 21 25 30 31 46 48 51 53 56 64 68 76 85 
9 11 11 12 14 16 46 52 64 68 73 78 83 
10 10 21 30 33 47 49 56 58 69 81 87 
11 7 7 9 12 26 40 43 88 
12 9 9 11 17 21 34 35 39 40 55 
13 6 20 31 40 42 81 88 
14 9 8 9 44 46 57 60 63 70 82 
15 9 3 5 23 24 25 35 61 69 85 
16 6 8 9 31 42 73 85 
17 14 4 5 12 19 27 29 32 37 57 64 66 72 87 89 
18 9 22 26 30 31 40 46 49 78 81 
19 10 17 22 37 44 47 65 70 78 82 86 
20 12 7 13 27 42 44 50 51 52 57 61 63 86 
21 9 8 10 12 29 30 59 63 69 88 
22 5 18 19 49 52 58 
23 8 15 31 39 45 54 56 75 77 
24 6 3 15 52 77 82 86 
25 10 2 8 15 31 32 46 55 57 83 86 
26 8 11 18 35 59 62 69 70 71 
27 8 2 6 17 20 36 45 78 82 
28 9 5 30 43 58 63 72 84 86 88 
29 7 17 21 47 51 59 62 63 
30 15 7 8 10 18 21 28 37 38 43 46 59 61 70 72 87 
31 8 4 8 13 16 18 23 25 42 
32 7 17 25 37 50 71 74 88 
33 11 1 10 35 53 59 60 62 63 67 73 81 
34 2 12 38 
35 7 12 15 26 33 41 68 82 
36 8 27 42 48 51 73 80 84 85 
37 10 17 19 30 32 39 43 65 66 72 89 
38 8 5 6 30 34 56 67 80 85 
39 10 12 23 37 47 68 75 79 80 81 83 
40 13 11 12 13 18 53 55 65 68 69 73 80 83 86 
41 10 2 35 51 62 69 76 78 82 86 87 
42 9 2 7 13 16 20 31 36 49 67 
43 12 11 28 30 37 44 47 61 67 77 79 87 89 
44 8 14 19 20 43 48 58 60 63 
45 7 1 2 23 27 63 76 85 
46 11 8 9 14 18 25 30 51 59 64 70 85 
47 10 10 19 29 39 43 55 59 61 72 75 
48 9 4 8 36 44 60 72 73 82 86 
49 10 4 10 18 22 42 63 65 73 76 89 
50 6 4 20 32 58 65 70 
51 10 8 20 29 36 41 46 61 62 65 87 
52 9 1 9 20 22 24 57 75 76 77 
53 7 8 33 40 62 74 77 87 
54 5 23 56 61 71 84 
55 7 5 12 25 40 47 67 89 
56 9 8 10 23 38 54 61 73 77 81 
57 9 14 17 20 25 52 69 70 86 87 
58 10 10 22 28 44 50 73 76 81 83 86 
59 9 21 26 29 30 33 46 47 68 83 
60 7 3 14 33 44 48 72 76 
61 17 0 4 5 15 20 30 43 47 51 54 56 62 71 72 75 87 88 
62 10 4 5 26 29 33 41 51 53 61 77 
63 12 14 20 21 28 29 33 44 45 49 72 75 89 
64 7 2 8 9 17 46 72 88 
65 8 4 5 19 37 40 49 50 51 
66 5 17 37 69 86 87 
67 5 33 38 42 43 55 
68 7 8 9 35 39 40 59 71 
69 11 10 15 21 26 40 41 57 66 78 80 86 
70 9 4 5 14 19 26 30 46 50 57 
71 9 4 26 32 54 61 68 73 84 89 
72 11 3 17 28 30 37 47 48 60 61 63 64 
73 14 9 16 33 36 40 48 49 56 58 71 77 84 86 87 
74 3 32 53 80 
75 7 1 23 39 47 52 61 63 
76 11 0 8 41 45 49 52 58 60 82 85 87 
77 11 5 23 24 43 52 53 56 62 73 85 89 
78 7 4 9 18 19 27 41 69 
79 2 39 43 
80 6 36 38 39 40 69 74 
81 8 0 10 13 18 33 39 56 58 
82 9 14 19 24 27 35 41 48 76 84 
83 7 6 9 25 39 40 58 59 
84 9 5 28 36 54 71 73 82 88 89 
85 12 1 5 8 15 16 36 38 45 46 76 77 86 
86 15 7 19 20 24 25 28 40 41 48 57 58 66 69 73 85 
87 13 1 10 17 30 41 43 51 53 57 61 66 73 76 
88 10 1 7 11 13 21 28 32 61 64 84 
89 9 17 37 43 49 55 63 71 77 84 
