950 2241
0 3 173 175 802 
1 3 505 720 778 
2 3 166 716 928 
3 4 9 223 257 434 
4 5 20 232 634 795 933 
5 5 193 366 482 768 891 
6 5 194 610 613 684 885 
7 0 
8 3 212 489 765 
9 8 3 82 143 398 650 711 800 859 
10 5 88 216 318 579 593 
11 8 114 220 266 342 396 718 844 931 
12 6 172 208 335 455 621 745 
13 3 30 776 822 
14 4 332 530 754 803 
15 3 398 700 836 
16 6 41 314 348 553 744 766 
17 5 150 338 602 723 793 
18 4 30 395 536 813 
19 4 318 397 411 730 
20 8 4 22 216 511 522 646 769 775 
21 10 109 174 332 493 535 606 679 858 864 904 
22 5 20 259 454 498 520 
23 2 541 607 
24 6 597 654 658 662 739 763 
25 10 50 83 180 605 728 782 812 917 937 946 
26 2 761 901 
27 5 209 247 291 634 742 
28 8 258 358 488 496 657 831 854 909 
29 3 112 248 276 
30 9 13 18 244 476 509 533 585 755 893 
31 4 45 137 842 871 
32 3 440 555 571 
33 4 423 541 664 941 
34 5 146 223 571 590 730 
35 4 179 205 490 594 
36 5 141 326 377 518 708 
37 7 129 164 209 238 572 708 764 
38 4 378 450 642 826 
39 5 123 422 509 542 814 
40 4 217 447 660 907 
41 10 16 109 128 177 190 195 353 586 633 779 
42 3 100 245 647 
43 8 136 222 299 419 422 430 650 851 
44 3 632 741 753 
45 8 31 252 262 405 421 456 457 584 
46 6 81 230 471 624 666 841 
47 8 136 157 265 280 530 564 733 864 
48 3 422 591 865 
49 5 372 471 558 721 948 
50 5 25 378 522 780 838 
51 4 98 347 522 570 
52 4 111 254 328 602 
53 3 432 435 489 
54 5 151 261 471 819 942 
55 6 74 142 654 716 851 889 
56 10 112 150 163 221 383 483 581 664 768 807 
57 3 457 458 635 
58 2 401 728 
59 3 449 541 647 
60 5 107 155 420 822 878 
61 3 458 479 832 
62 3 366 495 764 
63 4 387 583 635 917 
64 2 944 945 
65 8 72 132 315 791 819 822 823 901 
66 5 88 126 336 515 548 
67 3 197 224 685 
68 2 690 748 
69 5 86 445 505 897 929 
70 4 392 607 672 860 
71 2 509 738 
72 3 65 457 765 
73 4 89 234 462 675 
74 8 55 95 131 178 187 259 278 949 
75 5 155 190 385 423 850 
76 2 305 423 
77 6 118 162 204 514 913 927 
78 4 148 256 827 829 
79 5 404 695 702 727 761 
80 3 317 568 675 
81 5 46 284 413 483 608 
82 5 9 136 235 340 828 
83 5 25 155 224 645 670 
84 2 104 573 
85 9 169 224 252 255 603 724 886 929 933 
86 3 69 245 921 
87 5 603 668 809 837 840 
88 6 10 66 125 245 257 893 
89 6 73 415 486 559 729 810 
90 7 445 515 539 660 664 811 876 
91 2 328 564 
92 8 353 362 412 550 703 743 798 913 
93 3 94 316 538 
94 5 93 114 339 448 586 
95 7 74 221 284 361 519 551 746 
96 6 134 189 634 819 869 923 
97 2 394 759 
98 8 51 297 319 350 394 468 798 852 
99 1 642 
100 4 42 146 155 291 
101 4 159 311 420 467 
102 4 504 636 675 713 
103 3 357 622 636 
104 7 84 145 241 377 515 536 908 
105 8 113 166 227 464 570 638 775 801 
106 6 218 579 597 761 766 872 
107 7 60 201 328 422 585 712 906 
108 5 128 176 341 855 906 
109 8 21 41 292 411 479 582 673 766 
110 7 232 516 665 677 711 831 907 
111 5 52 202 429 472 520 
112 5 29 56 259 602 655 
113 5 105 140 751 818 917 
114 5 11 94 289 323 897 
115 6 121 407 442 853 888 940 
116 9 353 404 467 594 791 823 828 840 947 
117 2 205 710 
118 3 77 488 937 
119 4 229 310 399 754 
120 3 755 777 892 
121 3 115 233 909 
122 1 924 
123 5 39 232 298 472 647 
124 7 147 181 390 461 630 678 765 
125 7 88 172 372 585 600 879 916 
126 5 66 164 405 797 891 
127 4 140 312 683 709 
128 9 41 108 407 480 520 529 583 619 649 
129 2 37 545 
130 3 660 868 872 
131 4 74 351 483 824 
132 3 65 457 714 
133 3 146 171 589 
134 4 96 243 262 436 
135 1 257 
136 7 43 47 82 549 610 642 902 
137 5 31 554 716 786 849 
138 4 231 235 275 893 
139 4 646 655 800 926 
140 5 113 127 161 731 750 
141 9 36 183 335 396 412 719 763 881 892 
142 3 55 818 890 
143 7 9 145 162 394 435 743 881 
144 2 483 568 
145 5 104 143 332 462 583 
146 5 34 100 133 666 836 
147 2 124 405 
148 3 78 368 698 
149 5 156 487 811 814 815 
150 6 17 56 225 506 663 822 
151 3 54 820 867 
152 1 457 
153 3 337 693 767 
154 1 734 
155 9 60 75 83 100 335 441 644 758 868 
156 1 149 
157 2 47 639 
158 3 182 290 849 
159 5 101 241 561 825 850 
160 0 
161 5 140 223 447 873 893 
162 9 77 143 203 346 534 557 632 737 754 
163 5 56 351 381 440 815 
164 6 37 126 194 549 623 801 
165 5 286 339 401 427 825 
166 4 2 105 338 761 
167 4 168 289 416 609 
168 5 167 309 453 546 940 
169 7 85 356 428 531 771 804 869 
170 2 483 526 
171 8 133 186 450 466 485 636 643 854 
172 6 12 125 298 379 686 824 
173 3 0 249 375 
174 5 21 304 474 625 830 
175 6 0 200 551 821 826 836 
176 6 108 323 355 522 556 655 
177 4 41 214 754 829 
178 2 74 343 
179 4 35 793 862 938 
180 6 25 233 661 735 834 867 
181 4 124 489 524 905 
182 4 158 396 453 798 
183 8 141 239 278 282 432 475 662 775 
184 3 380 521 823 
185 2 800 823 
186 4 171 710 764 817 
187 6 74 209 480 654 789 795 
188 7 273 434 635 645 657 787 900 
189 2 96 720 
190 4 41 75 741 881 
191 2 515 844 
192 7 438 555 765 866 896 897 918 
193 2 5 363 
194 9 6 164 338 668 756 759 810 837 927 
195 2 41 595 
196 3 618 629 791 
197 5 67 242 321 486 855 
198 2 230 395 
199 8 272 293 305 484 499 609 722 877 
200 3 175 239 578 
201 6 107 255 383 685 708 928 
202 7 111 298 500 655 677 684 949 
203 3 162 214 427 
204 4 77 343 344 714 
205 6 35 117 232 484 830 886 
206 1 416 
207 4 363 439 548 663 
208 4 12 659 697 911 
209 3 27 37 187 
210 2 342 729 
211 1 805 
212 3 8 741 917 
213 2 774 777 
214 8 177 203 544 574 614 660 680 775 
215 4 276 479 546 731 
216 4 10 20 217 752 
217 8 40 216 309 621 725 775 831 947 
218 3 106 488 883 
219 1 749 
220 7 11 542 802 832 891 926 944 
221 5 56 95 390 398 493 
222 4 43 439 715 878 
223 5 3 34 161 631 660 
224 7 67 83 85 292 502 652 797 
225 5 150 260 430 899 928 
226 2 867 897 
227 8 105 371 396 527 634 723 728 880 
228 2 886 908 
229 5 119 256 336 435 625 
230 6 46 198 309 450 584 813 
231 3 138 349 557 
232 6 4 110 123 205 455 782 
233 8 121 180 277 286 347 360 458 500 
234 1 73 
235 11 82 138 362 501 549 577 580 664 734 745 928 
236 2 502 586 
237 7 325 370 387 408 837 913 914 
238 3 37 783 832 
239 8 183 200 448 488 601 748 830 869 
240 5 462 525 572 662 888 
241 8 104 159 325 513 602 756 802 836 
242 3 197 919 928 
243 7 134 492 629 658 686 689 729 
244 5 30 478 647 691 931 
245 7 42 86 88 332 614 618 659 
246 2 463 637 
247 2 27 527 
248 5 29 377 432 810 902 
249 4 173 279 755 802 
250 1 937 
251 4 446 448 773 820 
252 8 45 85 485 510 619 771 786 884 
253 5 297 321 625 700 797 
254 2 52 676 
255 6 85 201 352 494 608 647 
256 9 78 229 268 287 501 528 552 662 792 
257 5 3 88 135 518 632 
258 4 28 304 537 935 
259 6 22 74 112 440 822 844 
260 4 225 740 800 856 
261 5 54 359 414 629 677 
262 7 45 134 274 522 648 792 856 
263 1 474 
264 1 304 
265 6 47 344 534 637 858 908 
266 3 11 329 686 
267 2 273 606 
268 5 256 415 477 489 899 
269 5 432 584 617 635 848 
270 3 625 738 818 
271 4 367 427 594 943 
272 5 199 522 647 662 680 
273 4 188 267 460 736 
274 4 262 528 853 897 
275 6 138 518 544 560 704 943 
276 4 29 215 432 491 
277 3 233 493 573 
278 7 74 183 759 774 811 847 879 
279 8 249 384 450 585 614 772 773 909 
280 3 47 442 774 
281 1 618 
282 4 183 300 393 602 
283 3 353 617 785 
284 5 81 95 374 602 899 
285 3 429 437 938 
286 5 165 233 418 821 922 
287 3 256 400 731 
288 2 702 706 
289 5 114 167 608 662 858 
290 4 158 367 427 476 
291 6 27 100 489 612 849 908 
292 5 109 224 345 801 831 
293 9 199 313 517 587 731 747 800 869 878 
294 3 322 522 843 
295 7 373 396 453 455 636 641 720 
296 2 412 853 
297 5 98 253 555 747 857 
298 7 123 172 202 512 558 587 701 
299 3 43 693 772 
300 5 282 323 455 717 819 
301 1 768 
302 3 499 628 671 
303 1 453 
304 8 174 258 264 362 412 824 840 893 
305 7 76 199 363 397 425 518 725 
306 1 404 
307 1 464 
308 4 484 537 601 662 
309 9 168 217 230 561 571 644 688 690 742 
310 4 119 412 795 869 
311 5 101 433 475 760 815 
312 4 127 493 495 509 
313 2 293 427 
314 5 16 338 708 742 745 
315 12 65 342 397 494 516 556 664 684 698 751 834 864 
316 4 93 420 476 646 
317 5 80 352 482 534 946 
318 4 10 19 495 803 
319 3 98 426 500 
320 3 483 862 890 
321 6 197 253 699 798 821 904 
322 2 294 461 
323 6 114 176 300 623 676 897 
324 1 698 
325 7 237 241 330 455 559 733 748 
326 6 36 355 677 724 838 879 
327 2 418 889 
328 8 52 91 107 353 360 439 654 831 
329 4 266 731 839 861 
330 3 325 429 454 
331 4 449 575 642 788 
332 9 14 21 145 245 487 711 807 827 851 
333 2 758 815 
334 3 527 771 925 
335 5 12 141 155 711 877 
336 5 66 229 445 517 796 
337 4 153 339 455 824 
338 10 17 166 194 314 406 439 761 802 880 947 
339 7 94 165 337 427 463 732 738 
340 5 82 567 571 589 699 
341 6 108 511 768 811 870 910 
342 3 11 210 315 
343 6 178 204 368 693 922 931 
344 4 204 265 603 916 
345 3 292 565 682 
346 5 162 405 646 662 742 
347 4 51 233 448 572 
348 5 16 405 601 721 842 
349 4 231 400 668 847 
350 6 98 496 645 726 836 846 
351 2 131 163 
352 5 255 317 578 916 922 
353 9 41 92 116 283 328 419 505 572 806 
354 2 644 700 
355 5 176 326 687 712 927 
356 2 169 876 
357 4 103 457 492 926 
358 5 28 376 441 870 910 
359 4 261 549 619 631 
360 4 233 328 413 418 
361 4 95 487 694 917 
362 5 92 235 304 435 785 
363 4 193 207 305 622 
364 3 542 773 843 
365 3 368 381 405 
366 7 5 62 372 471 644 667 792 
367 5 271 290 702 716 859 
368 5 148 343 365 828 876 
369 3 406 603 642 
370 5 237 510 652 749 938 
371 3 227 406 453 
372 4 49 125 366 565 
373 2 295 436 
374 3 284 540 602 
375 4 173 534 716 809 
376 2 358 594 
377 7 36 104 248 469 475 639 751 
378 4 38 50 845 932 
379 4 172 420 774 786 
380 5 184 438 581 686 757 
381 4 163 365 384 548 
382 3 869 888 946 
383 4 56 201 732 934 
384 4 279 381 620 680 
385 5 75 471 638 751 807 
386 5 555 613 724 779 884 
387 5 63 237 439 663 790 
388 2 702 787 
389 3 512 599 657 
390 5 124 221 594 602 885 
391 2 675 867 
392 3 70 787 927 
393 5 282 578 751 777 937 
394 5 97 98 143 524 866 
395 7 18 198 489 608 643 785 847 
396 5 11 141 182 227 295 
397 6 19 305 315 429 657 704 
398 3 9 15 221 
399 5 119 408 678 691 895 
400 4 287 349 779 818 
401 6 58 165 646 677 786 853 
402 3 487 591 925 
403 4 412 454 679 849 
404 6 79 116 306 436 775 824 
405 8 45 126 147 346 348 365 516 598 
406 8 338 369 371 487 700 812 865 934 
407 5 115 128 610 701 747 
408 8 237 399 428 463 473 488 505 663 
409 1 457 
410 4 445 538 550 554 
411 3 19 109 920 
412 7 92 141 296 304 310 403 644 
413 6 81 360 508 585 662 675 
414 3 261 473 804 
415 3 89 268 475 
416 4 167 206 581 615 
417 1 604 
418 4 286 327 360 652 
419 4 43 353 421 493 
420 6 60 101 316 379 737 820 
421 3 45 419 840 
422 6 39 43 48 107 736 912 
423 6 33 75 76 460 677 754 
424 4 518 659 732 938 
425 4 305 671 683 724 
426 4 319 545 694 945 
427 8 165 203 271 290 313 339 457 537 
428 3 169 408 935 
429 5 111 285 330 397 756 
430 9 43 225 497 560 679 764 793 821 937 
431 1 880 
432 8 53 183 248 269 276 593 639 949 
433 2 311 940 
434 4 3 188 544 899 
435 8 53 143 229 362 443 574 659 797 
436 5 134 373 404 596 796 
437 3 285 547 588 
438 5 192 380 588 855 941 
439 8 207 222 328 338 387 609 842 939 
440 8 32 163 259 463 489 820 885 910 
441 8 155 358 516 557 683 779 872 938 
442 5 115 280 579 626 797 
443 3 435 831 928 
444 4 637 638 752 855 
445 7 69 90 336 410 668 719 916 
446 3 251 611 650 
447 3 40 161 672 
448 5 94 239 251 347 751 
449 4 59 331 646 681 
450 7 38 171 230 279 631 663 666 
451 1 702 
452 3 637 879 912 
453 10 168 182 295 303 371 562 674 778 891 945 
454 5 22 330 403 535 649 
455 6 12 232 295 300 325 337 
456 2 45 884 
457 9 45 57 72 132 152 357 409 427 597 
458 7 57 61 233 523 687 804 945 
459 2 765 837 
460 5 273 423 525 588 751 
461 2 124 322 
462 4 73 145 240 736 
463 5 246 339 408 440 478 
464 3 105 307 904 
465 3 545 655 802 
466 5 171 507 588 789 795 
467 2 101 116 
468 1 98 
469 2 377 694 
470 3 484 595 752 
471 7 46 49 54 366 385 571 869 
472 5 111 123 482 601 790 
473 4 408 414 586 880 
474 6 174 263 499 798 871 932 
475 6 183 311 377 415 507 871 
476 4 30 290 316 940 
477 5 268 823 845 851 922 
478 7 244 463 520 715 898 901 924 
479 3 61 109 215 
480 6 128 187 566 593 686 765 
481 3 652 716 804 
482 8 5 317 472 556 611 763 906 948 
483 7 56 81 131 144 170 320 509 
484 8 199 205 308 470 663 743 805 938 
485 2 171 252 
486 3 89 197 582 
487 6 149 332 361 402 406 912 
488 6 28 118 218 239 408 629 
489 8 8 53 181 268 291 395 440 855 
490 5 35 573 616 675 681 
491 5 276 552 625 692 905 
492 4 243 357 725 905 
493 8 21 221 277 312 419 528 591 839 
494 4 255 315 600 826 
495 6 62 312 318 684 750 804 
496 3 28 350 721 
497 4 430 624 796 800 
498 3 22 702 758 
499 6 199 302 474 766 779 885 
500 4 202 233 319 716 
501 4 235 256 701 932 
502 4 224 236 676 682 
503 4 535 638 688 751 
504 2 102 742 
505 7 1 69 353 408 554 606 828 
506 2 150 627 
507 6 466 475 545 737 774 843 
508 2 413 912 
509 6 30 39 71 312 483 532 
510 7 252 370 513 534 554 737 739 
511 2 20 341 
512 3 298 389 821 
513 3 241 510 621 
514 1 77 
515 11 66 90 104 191 525 570 573 663 702 724 939 
516 5 110 315 405 441 783 
517 5 293 336 522 660 813 
518 8 36 257 275 305 424 673 797 911 
519 3 95 614 853 
520 5 22 111 128 478 615 
521 4 184 764 774 839 
522 11 20 50 51 176 262 272 294 517 530 859 866 
523 4 458 557 634 902 
524 6 181 394 644 723 854 914 
525 6 240 460 515 645 764 883 
526 3 170 710 819 
527 6 227 247 334 628 742 809 
528 4 256 274 493 746 
529 5 128 536 603 907 925 
530 7 14 47 522 649 657 717 945 
531 3 169 698 745 
532 3 509 811 903 
533 5 30 760 826 890 931 
534 7 162 265 317 375 510 553 720 
535 7 21 454 503 744 896 914 945 
536 4 18 104 529 576 
537 3 258 308 427 
538 4 93 410 603 619 
539 2 90 747 
540 3 374 859 890 
541 5 23 33 59 597 598 
542 4 39 220 364 805 
543 2 697 705 
544 3 214 275 434 
545 5 129 426 465 507 726 
546 3 168 215 684 
547 3 437 661 789 
548 8 66 207 381 584 593 621 769 932 
549 8 136 164 235 359 617 816 883 900 
550 3 92 410 890 
551 4 95 175 639 946 
552 3 256 491 801 
553 4 16 534 629 845 
554 9 137 410 505 510 774 808 815 885 896 
555 7 32 192 297 386 661 741 825 
556 7 176 315 482 635 694 749 887 
557 6 162 231 441 523 657 726 
558 4 49 298 594 656 
559 2 89 325 
560 2 275 430 
561 2 159 309 
562 2 453 683 
563 1 583 
564 3 47 91 741 
565 3 345 372 657 
566 3 480 803 937 
567 4 340 582 847 896 
568 3 80 144 624 
569 1 851 
570 7 51 105 515 607 618 886 921 
571 10 32 34 309 340 471 624 694 715 733 776 
572 8 37 240 347 353 574 599 726 887 
573 8 84 277 490 515 667 822 837 846 
574 4 214 435 572 687 
575 3 331 648 834 
576 1 536 
577 2 235 635 
578 5 200 352 393 612 941 
579 5 10 106 442 750 798 
580 4 235 719 804 881 
581 6 56 380 416 632 647 828 
582 7 109 486 567 590 735 896 912 
583 5 63 128 145 563 858 
584 5 45 230 269 548 774 
585 5 30 107 125 279 413 
586 5 41 94 236 473 735 
587 5 293 298 715 755 860 
588 6 437 438 460 466 650 782 
589 4 133 340 606 940 
590 3 34 582 748 
591 8 48 402 493 654 671 772 826 908 
592 0 
593 7 10 432 480 548 687 753 824 
594 6 35 116 271 376 390 558 
595 4 195 470 605 731 
596 4 436 601 617 885 
597 6 24 106 457 541 676 914 
598 3 405 541 600 
599 4 389 572 622 683 
600 6 125 494 598 736 772 822 
601 6 239 308 348 472 596 739 
602 8 17 52 112 241 282 284 374 390 
603 12 85 87 344 369 529 538 636 678 684 911 921 930 
604 3 417 797 920 
605 5 25 595 722 758 768 
606 6 21 267 505 589 685 772 
607 4 23 70 570 928 
608 7 81 255 289 395 704 859 941 
609 5 167 199 439 622 643 
610 5 6 136 407 649 789 
611 4 446 482 727 902 
612 4 291 578 758 869 
613 6 6 386 722 736 776 865 
614 8 214 245 279 519 662 812 838 925 
615 4 416 520 707 910 
616 5 490 688 715 717 798 
617 5 269 283 549 596 927 
618 4 196 245 281 570 
619 6 128 252 359 538 662 853 
620 2 384 782 
621 6 12 217 513 548 648 775 
622 4 103 363 599 609 
623 5 164 323 879 899 938 
624 6 46 497 568 571 791 895 
625 6 174 229 253 270 491 649 
626 3 442 639 852 
627 2 506 633 
628 3 302 527 744 
629 8 196 243 261 488 553 695 749 868 
630 2 124 899 
631 4 223 359 450 701 
632 4 44 162 257 581 
633 4 41 627 638 897 
634 5 4 27 96 227 523 
635 8 57 63 188 269 556 577 705 896 
636 7 102 103 171 295 603 881 947 
637 5 246 265 444 452 822 
638 7 105 385 444 503 633 719 920 
639 8 157 377 432 551 626 788 795 804 
640 1 661 
641 3 295 753 868 
642 5 38 99 136 331 369 
643 6 171 395 609 669 871 917 
644 10 155 309 354 366 412 524 655 716 784 869 
645 5 83 188 350 525 773 
646 6 20 139 316 346 401 449 
647 8 42 59 123 244 255 272 581 907 
648 3 262 575 621 
649 6 128 454 530 610 625 698 
650 7 9 43 446 588 651 652 924 
651 5 650 673 708 828 912 
652 7 224 370 418 481 650 769 796 
653 2 685 865 
654 5 24 55 187 328 591 
655 7 112 139 176 202 465 644 674 
656 2 558 755 
657 8 28 188 389 397 530 557 565 693 
658 5 24 243 751 929 939 
659 5 208 245 424 435 765 
660 7 40 90 130 214 223 517 733 
661 4 180 547 555 640 
662 13 24 183 240 256 272 289 308 346 413 614 619 840 947 
663 9 150 207 387 408 450 484 515 869 898 
664 7 33 56 90 235 315 731 925 
665 3 110 766 830 
666 5 46 146 450 796 855 
667 3 366 573 926 
668 7 87 194 349 445 736 830 857 
669 1 643 
670 3 83 884 898 
671 4 302 425 591 880 
672 4 70 447 876 905 
673 7 109 518 651 736 782 897 920 
674 2 453 655 
675 7 73 80 102 391 413 490 819 
676 5 254 323 502 597 723 
677 10 110 202 261 326 401 423 701 821 867 913 
678 5 124 399 603 789 858 
679 4 21 403 430 930 
680 4 214 272 384 795 
681 4 449 490 718 808 
682 3 345 502 798 
683 8 127 425 441 562 599 819 858 935 
684 8 6 202 315 495 546 603 797 927 
685 6 67 201 606 653 828 875 
686 9 172 243 266 380 480 747 779 793 893 
687 5 355 458 574 593 688 
688 7 309 503 616 687 735 779 813 
689 2 243 789 
690 5 68 309 769 773 894 
691 4 244 399 697 912 
692 5 491 745 746 810 829 
693 5 153 299 343 657 873 
694 7 361 426 469 556 571 741 824 
695 4 79 629 865 939 
696 2 703 894 
697 4 208 543 691 744 
698 6 148 315 324 531 649 708 
699 2 321 340 
700 4 15 253 354 406 
701 7 298 407 501 631 677 764 827 
702 10 79 288 367 388 451 498 515 723 787 861 
703 3 92 696 830 
704 4 275 397 608 912 
705 2 543 635 
706 4 288 756 764 934 
707 2 615 908 
708 9 36 37 201 314 651 698 711 726 845 
709 1 127 
710 3 117 186 526 
711 5 9 110 332 335 708 
712 3 107 355 732 
713 1 102 
714 2 132 204 
715 8 222 478 571 587 616 719 774 919 
716 9 2 55 137 367 375 481 500 644 823 
717 3 300 530 616 
718 3 11 681 730 
719 6 141 445 580 638 715 908 
720 5 1 189 295 534 850 
721 3 49 348 496 
722 3 199 605 613 
723 5 17 227 524 676 702 
724 7 85 326 386 425 515 780 861 
725 6 217 305 492 727 905 926 
726 9 350 545 557 572 708 731 794 865 925 
727 4 79 611 725 813 
728 3 25 58 227 
729 3 89 210 243 
730 4 19 34 718 786 
731 11 140 215 287 293 329 595 664 726 749 867 937 
732 4 339 383 424 712 
733 4 47 325 571 660 
734 2 154 235 
735 5 180 582 586 688 825 
736 7 273 422 462 600 613 668 673 
737 4 162 420 507 510 
738 4 71 270 339 784 
739 3 24 510 601 
740 1 260 
741 9 44 190 212 555 564 694 755 826 845 
742 7 27 309 314 346 504 527 755 
743 4 92 143 484 885 
744 7 16 535 628 697 749 838 844 
745 5 12 235 314 531 692 
746 3 95 528 692 
747 5 293 297 407 539 686 
748 5 68 239 325 590 877 
749 6 219 370 556 629 731 744 
750 4 140 495 579 806 
751 9 113 315 377 385 393 448 460 503 658 
752 3 216 444 470 
753 4 44 593 641 781 
754 5 14 119 162 177 423 
755 8 30 120 249 587 656 741 742 914 
756 5 194 241 429 706 844 
757 2 380 808 
758 5 155 333 498 605 612 
759 3 97 194 278 
760 5 311 533 810 825 883 
761 7 26 79 106 166 338 838 855 
762 1 868 
763 5 24 141 482 802 887 
764 9 37 62 186 430 521 525 701 706 838 
765 7 8 72 124 192 459 480 659 
766 7 16 106 109 499 665 875 914 
767 1 153 
768 6 5 56 301 341 605 916 
769 5 20 548 652 690 794 
770 3 878 880 932 
771 3 169 252 334 
772 5 279 299 591 600 606 
773 6 251 279 364 645 690 875 
774 9 213 278 280 379 507 521 554 584 715 
775 7 20 105 183 214 217 404 621 
776 4 13 571 613 817 
777 4 120 213 393 813 
778 4 1 453 897 940 
779 8 41 386 400 441 499 686 688 835 
780 3 50 724 818 
781 2 753 800 
782 6 25 232 588 620 673 866 
783 2 238 516 
784 3 644 738 828 
785 3 283 362 395 
786 5 137 252 379 401 730 
787 4 188 388 392 702 
788 3 331 639 827 
789 6 187 466 547 610 678 689 
790 4 387 472 816 824 
791 6 65 116 196 624 812 916 
792 5 256 262 366 874 910 
793 6 17 179 430 686 830 921 
794 2 726 769 
795 7 4 187 310 466 639 680 850 
796 6 336 436 497 652 666 865 
797 8 126 224 253 435 442 518 604 684 
798 9 92 98 182 321 474 579 616 682 919 
799 0 
800 7 9 139 185 260 293 497 781 
801 6 105 164 292 552 807 830 
802 7 0 220 241 249 338 465 763 
803 3 14 318 566 
804 8 169 414 458 481 495 580 639 936 
805 3 211 484 542 
806 3 353 750 901 
807 4 56 332 385 801 
808 3 554 681 757 
809 4 87 375 527 818 
810 5 89 194 248 692 760 
811 5 90 149 278 341 532 
812 4 25 406 614 791 
813 6 18 230 517 688 727 777 
814 3 39 149 944 
815 7 149 163 311 333 554 925 937 
816 3 549 790 922 
817 5 186 776 822 838 926 
818 8 113 142 270 400 780 809 862 898 
819 7 54 65 96 300 526 675 683 
820 4 151 251 420 440 
821 6 175 286 321 430 512 677 
822 10 13 60 65 150 259 573 600 637 817 923 
823 6 65 116 184 185 477 716 
824 8 131 172 304 337 404 593 694 790 
825 5 159 165 555 735 760 
826 6 38 175 494 533 591 741 
827 4 78 332 701 788 
828 8 82 116 368 505 581 651 685 784 
829 4 78 177 692 888 
830 8 174 205 239 665 668 703 793 801 
831 8 28 110 217 292 328 443 869 916 
832 3 61 220 238 
833 0 
834 4 180 315 575 936 
835 1 779 
836 6 15 146 175 241 350 914 
837 6 87 194 237 459 573 876 
838 7 50 326 614 744 761 764 817 
839 3 329 493 521 
840 5 87 116 304 421 662 
841 1 46 
842 3 31 348 439 
843 3 294 364 507 
844 6 11 191 259 744 756 869 
845 5 378 477 553 708 741 
846 2 350 573 
847 4 278 349 395 567 
848 1 269 
849 4 137 158 291 403 
850 5 75 159 720 795 909 
851 5 43 55 332 477 569 
852 2 98 626 
853 6 115 274 296 401 519 619 
854 4 28 171 524 948 
855 7 108 197 438 444 489 666 761 
856 2 260 262 
857 3 297 668 941 
858 6 21 265 289 583 678 683 
859 5 9 367 522 540 608 
860 2 70 587 
861 4 329 702 724 882 
862 4 179 320 818 932 
863 2 883 896 
864 3 21 47 315 
865 9 48 406 613 653 695 726 796 891 945 
866 5 192 394 522 782 936 
867 6 151 180 226 391 677 731 
868 5 130 155 629 641 762 
869 12 96 169 239 293 310 382 471 612 644 663 831 844 
870 2 341 358 
871 4 31 474 475 643 
872 4 106 130 441 873 
873 5 161 693 872 907 920 
874 1 792 
875 3 685 766 773 
876 5 90 356 368 672 837 
877 3 199 335 748 
878 5 60 222 293 770 906 
879 6 125 278 326 452 623 912 
880 7 227 338 431 473 671 770 919 
881 7 141 143 190 580 636 904 925 
882 2 861 895 
883 5 218 525 549 760 863 
884 4 252 386 456 670 
885 8 6 390 440 499 554 596 743 936 
886 4 85 205 228 570 
887 5 556 572 763 900 907 
888 4 115 240 382 829 
889 2 55 327 
890 5 142 320 533 540 550 
891 5 5 126 220 453 865 
892 2 120 141 
893 6 30 88 138 161 304 686 
894 2 690 696 
895 3 399 624 882 
896 7 192 535 554 567 582 635 863 
897 9 69 114 192 226 274 323 633 673 778 
898 4 478 663 670 818 
899 6 225 268 284 434 623 630 
900 3 188 549 887 
901 4 26 65 478 806 
902 4 136 248 523 611 
903 1 532 
904 5 21 321 464 881 931 
905 5 181 491 492 672 725 
906 5 107 108 482 878 944 
907 6 40 110 529 647 873 887 
908 7 104 228 265 291 591 707 719 
909 4 28 121 279 850 
910 5 341 358 440 615 792 
911 3 208 518 603 
912 10 422 452 487 508 582 651 691 704 879 920 
913 4 77 92 237 677 
914 7 237 524 535 597 755 766 836 
915 1 926 
916 8 125 344 352 445 768 791 831 943 
917 6 25 63 113 212 361 643 
918 1 192 
919 4 242 715 798 880 
920 6 411 604 638 673 873 912 
921 4 86 570 603 793 
922 5 286 343 352 477 816 
923 2 96 822 
924 3 122 478 650 
925 8 334 402 529 614 664 726 815 881 
926 7 139 220 357 667 725 817 915 
927 7 77 194 355 392 617 684 937 
928 7 2 201 225 235 242 443 607 
929 3 69 85 658 
930 2 603 679 
931 5 11 244 343 533 904 
932 6 378 474 501 548 770 862 
933 2 4 85 
934 3 383 406 706 
935 3 258 428 683 
936 4 804 834 866 885 
937 9 25 118 250 393 430 566 731 815 927 
938 7 179 285 370 424 441 484 623 
939 4 439 515 658 695 
940 6 115 168 433 476 589 778 
941 5 33 438 578 608 857 
942 1 54 
943 3 271 275 916 
944 4 64 220 814 906 
945 7 64 426 453 458 530 535 865 
946 4 25 317 382 551 
947 5 116 217 338 636 662 
948 3 49 482 854 
949 3 74 202 432 
