950 2722
0 5 81 173 175 707 802 
1 4 505 720 778 879 
2 3 166 716 928 
3 4 9 223 257 434 
4 5 20 232 634 795 933 
5 5 193 366 482 768 891 
6 7 194 478 610 613 684 808 885 
7 1 916 
8 4 173 212 489 765 
9 8 3 82 143 398 650 711 800 859 
10 7 25 88 216 318 579 593 798 
11 9 114 220 266 342 396 718 844 921 931 
12 9 172 208 335 402 455 568 621 745 795 
13 4 30 574 776 822 
14 5 332 530 735 754 803 
15 4 127 398 700 836 
16 6 41 314 348 553 744 766 
17 5 150 338 602 723 793 
18 4 30 395 536 813 
19 8 89 183 318 378 397 411 424 730 
20 9 4 22 216 511 522 646 658 769 775 
21 11 73 109 174 332 493 535 606 679 858 864 904 
22 6 20 259 454 498 520 636 
23 3 541 607 680 
24 7 263 597 654 658 662 739 763 
25 12 10 50 62 83 180 605 728 782 812 917 937 946 
26 2 761 901 
27 6 209 247 291 445 634 742 
28 9 258 358 488 496 657 831 834 854 909 
29 5 112 212 248 276 658 
30 11 13 18 37 50 244 476 509 533 585 755 893 
31 5 45 69 137 842 871 
32 3 440 555 571 
33 4 423 541 664 941 
34 5 146 223 571 590 730 
35 5 102 179 205 490 594 
36 5 141 326 377 518 708 
37 10 30 129 137 164 209 238 243 572 708 764 
38 6 72 378 450 642 826 936 
39 5 123 422 509 542 814 
40 6 217 447 660 734 804 907 
41 10 16 109 128 177 190 195 353 586 633 779 
42 4 100 245 448 647 
43 10 136 222 299 419 422 430 491 650 840 851 
44 4 385 632 741 753 
45 11 31 252 262 400 404 405 421 456 457 550 584 
46 8 81 230 356 471 583 624 666 841 
47 8 136 157 265 280 530 564 733 864 
48 4 403 422 591 865 
49 6 372 471 558 628 721 948 
50 7 25 30 378 506 522 780 838 
51 8 98 154 347 522 570 740 913 917 
52 4 111 254 328 602 
53 5 432 435 473 489 694 
54 7 151 242 261 471 550 819 942 
55 9 74 142 149 395 654 716 829 851 889 
56 12 112 150 163 221 383 483 581 664 716 768 770 807 
57 3 457 458 635 
58 2 401 728 
59 4 449 541 647 692 
60 6 107 155 420 680 822 878 
61 3 458 479 832 
62 4 25 366 495 764 
63 5 387 583 635 636 917 
64 2 944 945 
65 8 72 132 315 791 819 822 823 901 
66 5 88 126 336 515 548 
67 3 197 224 685 
68 4 112 211 690 748 
69 7 31 86 203 445 505 897 929 
70 4 392 607 672 860 
71 2 509 738 
72 4 38 65 457 765 
73 5 21 89 234 462 675 
74 8 55 95 131 178 187 259 278 949 
75 5 155 190 385 423 850 
76 5 271 305 333 423 425 
77 8 118 162 204 514 820 830 913 927 
78 4 148 256 827 829 
79 5 404 695 702 727 761 
80 4 317 568 591 675 
81 7 0 46 284 413 483 608 809 
82 8 9 124 136 235 340 503 721 828 
83 6 25 155 224 538 645 670 
84 5 104 298 456 573 911 
85 10 144 169 224 252 255 603 724 886 929 933 
86 4 69 245 699 921 
87 5 603 668 809 837 840 
88 9 10 66 125 167 245 257 724 861 893 
89 8 19 73 415 486 559 600 729 810 
90 7 445 515 539 660 664 811 876 
91 3 328 378 564 
92 8 353 362 412 550 703 743 798 913 
93 3 94 316 538 
94 7 93 114 339 448 586 775 809 
95 7 74 221 284 361 519 551 746 
96 7 134 189 634 678 819 869 923 
97 2 394 759 
98 9 51 297 319 350 394 468 580 798 852 
99 2 642 721 
100 5 42 146 155 291 358 
101 7 103 159 311 420 467 612 830 
102 6 35 504 636 675 713 783 
103 4 101 357 622 636 
104 9 84 145 241 377 515 536 908 933 944 
105 8 113 166 227 464 570 638 775 801 
106 6 218 579 597 761 766 872 
107 8 60 201 328 422 585 712 812 906 
108 7 128 176 225 341 751 855 906 
109 9 21 41 292 307 411 479 582 673 766 
110 8 132 232 516 665 677 711 831 907 
111 6 52 202 429 472 520 776 
112 6 29 56 68 259 602 655 
113 7 105 140 565 751 776 818 917 
114 5 11 94 289 323 897 
115 7 121 214 407 442 853 888 940 
116 9 353 404 467 594 791 823 828 840 947 
117 4 205 710 786 875 
118 3 77 488 937 
119 7 229 272 310 399 726 739 754 
120 3 755 777 892 
121 4 115 233 652 909 
122 2 633 924 
123 8 39 215 232 298 472 482 592 647 
124 8 82 147 181 390 461 630 678 765 
125 8 88 172 372 585 600 713 879 916 
126 5 66 164 405 797 891 
127 5 15 140 312 683 709 
128 9 41 108 407 480 520 529 583 619 649 
129 2 37 545 
130 3 660 868 872 
131 5 74 351 483 824 865 
132 5 65 110 406 457 714 
133 5 146 171 427 589 929 
134 5 96 243 262 436 737 
135 2 257 278 
136 7 43 47 82 549 610 642 902 
137 8 31 37 198 553 554 716 786 849 
138 5 231 235 275 628 893 
139 4 646 655 800 926 
140 8 113 127 161 296 731 750 856 921 
141 9 36 183 335 396 412 719 763 881 892 
142 3 55 818 890 
143 7 9 145 162 394 435 743 881 
144 5 85 483 567 568 929 
145 5 104 143 332 462 583 
146 6 34 100 133 666 726 836 
147 2 124 405 
148 5 78 368 698 754 873 
149 6 55 156 487 811 814 815 
150 7 17 56 225 506 607 663 822 
151 4 54 387 820 867 
152 1 457 
153 3 337 693 767 
154 3 51 734 853 
155 10 60 75 83 100 335 441 472 644 758 868 
156 4 149 213 670 813 
157 2 47 639 
158 4 182 290 403 849 
159 6 101 241 561 825 850 940 
160 0 
161 6 140 223 438 447 873 893 
162 10 77 143 203 346 534 557 632 737 754 781 
163 6 56 351 381 440 696 815 
164 7 37 126 194 549 623 801 867 
165 5 286 339 401 427 825 
166 5 2 105 338 761 778 
167 5 88 168 289 416 609 
168 5 167 309 453 546 940 
169 9 85 356 428 531 645 711 771 804 869 
170 2 483 526 
171 8 133 186 450 466 485 636 643 854 
172 8 12 125 298 379 453 686 790 824 
173 5 0 8 249 375 708 
174 7 21 304 474 543 625 699 830 
175 8 0 200 286 551 580 821 826 836 
176 6 108 323 355 522 556 655 
177 4 41 214 754 829 
178 2 74 343 
179 5 35 793 862 915 938 
180 6 25 233 661 735 834 867 
181 4 124 489 524 905 
182 4 158 396 453 798 
183 10 19 141 214 239 278 282 432 475 662 775 
184 4 380 476 521 823 
185 2 800 823 
186 5 171 710 764 817 886 
187 7 74 209 480 596 654 789 795 
188 7 273 434 635 645 657 787 900 
189 3 96 471 720 
190 4 41 75 741 881 
191 2 515 844 
192 9 438 503 555 709 765 866 896 897 918 
193 4 5 363 833 879 
194 10 6 164 338 641 668 756 759 810 837 927 
195 2 41 595 
196 3 618 629 791 
197 6 67 242 321 486 680 855 
198 4 137 230 395 552 
199 9 254 272 293 305 484 499 609 722 877 
200 5 175 232 239 578 580 
201 7 107 255 383 385 685 708 928 
202 7 111 298 500 655 677 684 949 
203 5 69 162 214 427 611 
204 6 77 343 344 526 636 714 
205 6 35 117 232 484 830 886 
206 1 416 
207 4 363 439 548 663 
208 4 12 659 697 911 
209 3 27 37 187 
210 2 342 729 
211 2 68 805 
212 5 8 29 741 755 917 
213 4 156 774 777 913 
214 11 115 177 183 203 544 574 614 660 680 775 779 
215 7 123 276 479 501 546 730 731 
216 4 10 20 217 752 
217 10 40 216 309 621 725 742 775 794 831 947 
218 3 106 488 883 
219 3 331 749 838 
220 9 11 358 516 542 802 832 891 926 944 
221 6 56 95 390 391 398 493 
222 4 43 439 715 878 
223 5 3 34 161 631 660 
224 8 67 83 85 292 502 527 652 797 
225 8 108 150 260 430 483 737 899 928 
226 2 867 897 
227 9 105 353 371 396 527 634 723 728 880 
228 4 514 735 886 908 
229 5 119 256 336 435 625 
230 6 46 198 309 450 584 813 
231 5 138 349 519 524 557 
232 7 4 110 123 200 205 455 782 
233 8 121 180 277 286 347 360 458 500 
234 2 73 489 
235 11 82 138 362 501 549 577 580 664 734 745 928 
236 2 502 586 
237 8 325 365 370 387 408 837 913 914 
238 3 37 783 832 
239 9 183 200 448 488 597 601 748 830 869 
240 7 462 513 525 561 572 662 888 
241 8 104 159 325 513 602 756 802 836 
242 5 54 197 367 919 928 
243 8 37 134 492 629 658 686 689 729 
244 5 30 478 647 691 931 
245 9 42 86 88 277 332 614 618 659 752 
246 3 316 463 637 
247 4 27 527 617 864 
248 6 29 377 432 466 810 902 
249 4 173 279 755 802 
250 5 276 320 455 892 937 
251 5 446 448 716 773 820 
252 9 45 85 485 510 619 771 786 861 884 
253 6 297 321 327 625 700 797 
254 5 52 199 281 366 676 
255 8 85 201 352 418 494 608 647 839 
256 10 78 229 268 287 501 528 547 552 662 792 
257 5 3 88 135 518 632 
258 5 28 304 537 542 935 
259 7 22 74 112 440 791 822 844 
260 5 225 740 800 856 894 
261 5 54 359 414 629 677 
262 7 45 134 274 522 648 792 856 
263 2 24 474 
264 1 304 
265 8 47 341 344 438 534 637 858 908 
266 3 11 329 686 
267 3 273 606 934 
268 5 256 415 477 489 899 
269 5 432 584 617 635 848 
270 4 625 726 738 818 
271 6 76 367 427 594 804 943 
272 7 119 199 293 522 647 662 680 
273 4 188 267 460 736 
274 5 262 528 818 853 897 
275 7 138 518 544 560 704 825 943 
276 7 29 215 250 291 432 491 514 
277 6 233 245 493 556 573 946 
278 9 74 135 183 759 774 811 847 879 910 
279 9 249 384 406 450 585 614 772 773 909 
280 3 47 442 774 
281 2 254 618 
282 4 183 300 393 602 
283 3 353 617 785 
284 6 81 95 353 374 602 899 
285 5 413 429 437 841 938 
286 6 165 175 233 418 821 922 
287 4 256 400 510 731 
288 3 587 702 706 
289 5 114 167 608 662 858 
290 4 158 367 427 476 
291 7 27 100 276 489 612 849 908 
292 6 109 224 345 396 801 831 
293 11 199 272 313 517 587 731 747 800 865 869 878 
294 4 322 522 582 843 
295 7 373 396 453 455 636 641 720 
296 3 140 412 853 
297 5 98 253 555 747 857 
298 11 84 123 172 202 302 382 408 512 558 587 701 
299 4 43 625 693 772 
300 5 282 323 455 717 819 
301 2 522 768 
302 5 298 499 628 671 709 
303 4 453 550 603 720 
304 8 174 258 264 362 412 824 840 893 
305 9 76 199 362 363 397 425 518 725 760 
306 1 404 
307 2 109 464 
308 4 484 537 601 662 
309 9 168 217 230 561 571 644 688 690 742 
310 6 119 320 412 474 795 869 
311 6 101 433 475 664 760 815 
312 5 127 493 495 509 925 
313 3 293 427 681 
314 6 16 338 477 708 742 745 
315 12 65 342 397 494 516 556 664 684 698 751 834 864 
316 6 93 246 420 476 646 649 
317 6 80 340 352 482 534 946 
318 7 10 19 495 525 635 803 828 
319 5 98 426 457 500 607 
320 6 250 310 356 483 862 890 
321 6 197 253 699 798 821 904 
322 3 294 461 540 
323 6 114 176 300 623 676 897 
324 1 698 
325 7 237 241 330 455 559 733 748 
326 7 36 355 430 677 724 838 879 
327 3 253 418 889 
328 9 52 91 107 353 360 390 439 654 831 
329 4 266 731 839 861 
330 5 325 400 429 454 700 
331 5 219 449 575 642 788 
332 9 14 21 145 245 487 711 807 827 851 
333 3 76 758 815 
334 3 527 771 925 
335 5 12 141 155 711 877 
336 5 66 229 445 517 796 
337 4 153 339 455 824 
338 10 17 166 194 314 406 439 761 802 880 947 
339 7 94 165 337 427 463 732 738 
340 7 82 317 567 571 584 589 699 
341 9 108 265 432 511 698 768 811 870 910 
342 3 11 210 315 
343 6 178 204 368 693 922 931 
344 4 204 265 603 916 
345 3 292 565 682 
346 5 162 405 646 662 742 
347 4 51 233 448 572 
348 5 16 405 601 721 842 
349 4 231 400 668 847 
350 6 98 496 645 726 836 846 
351 3 131 163 697 
352 5 255 317 578 916 922 
353 12 41 92 116 227 283 284 328 419 505 572 806 930 
354 2 644 700 
355 6 176 326 529 687 712 927 
356 5 46 169 320 876 936 
357 4 103 457 492 926 
358 8 28 100 220 376 441 757 870 910 
359 5 261 549 619 631 714 
360 4 233 328 413 418 
361 4 95 487 694 917 
362 6 92 235 304 305 435 785 
363 6 193 207 305 501 559 622 
364 4 542 671 773 843 
365 4 237 368 381 405 
366 8 5 62 254 372 471 644 667 792 
367 6 242 271 290 702 716 859 
368 8 148 343 365 370 542 611 828 876 
369 4 406 516 603 642 
370 6 237 368 510 652 749 938 
371 4 227 406 453 851 
372 4 49 125 366 565 
373 2 295 436 
374 5 284 384 540 602 810 
375 5 173 534 716 809 848 
376 4 358 421 582 594 
377 7 36 104 248 469 475 639 751 
378 7 19 38 50 91 541 845 932 
379 4 172 420 774 786 
380 5 184 438 581 686 757 
381 5 163 365 384 548 640 
382 4 298 869 888 946 
383 4 56 201 732 934 
384 5 279 374 381 620 680 
385 7 44 75 201 471 638 751 807 
386 6 555 613 724 779 842 884 
387 8 63 151 237 398 439 663 790 930 
388 3 606 702 787 
389 4 512 599 657 784 
390 6 124 221 328 594 602 885 
391 3 221 675 867 
392 4 70 466 787 927 
393 6 282 578 751 777 788 937 
394 5 97 98 143 524 866 
395 8 18 55 198 489 608 643 785 847 
396 7 11 141 182 227 292 295 527 
397 6 19 305 315 429 657 704 
398 5 9 15 221 387 773 
399 5 119 408 678 691 895 
400 6 45 287 330 349 779 818 
401 7 58 165 534 646 677 786 853 
402 4 12 487 591 925 
403 6 48 158 412 454 679 849 
404 7 45 79 116 306 436 775 824 
405 8 45 126 147 346 348 365 516 598 
406 10 132 279 338 369 371 487 700 812 865 934 
407 6 115 128 493 610 701 747 
408 10 237 298 399 428 463 473 488 505 663 800 
409 2 457 865 
410 4 445 538 550 554 
411 3 19 109 920 
412 7 92 141 296 304 310 403 644 
413 7 81 285 360 508 585 662 675 
414 4 261 418 473 804 
415 3 89 268 475 
416 5 167 206 581 615 812 
417 1 604 
418 7 255 286 327 360 414 652 850 
419 5 43 353 421 493 872 
420 7 60 101 316 379 593 737 820 
421 6 45 376 419 637 718 840 
422 6 39 43 48 107 736 912 
423 7 33 75 76 460 677 754 929 
424 5 19 518 659 732 938 
425 6 76 305 560 671 683 724 
426 5 319 545 694 762 945 
427 11 133 165 203 271 290 313 339 457 537 711 801 
428 4 169 408 475 935 
429 5 111 285 330 397 756 
430 10 43 225 326 497 560 679 764 793 821 937 
431 1 880 
432 9 53 183 248 269 276 341 593 639 949 
433 2 311 940 
434 4 3 188 544 899 
435 8 53 143 229 362 443 574 659 797 
436 5 134 373 404 596 796 
437 5 285 547 554 555 588 
438 7 161 192 265 380 588 855 941 
439 9 207 222 328 338 387 609 842 890 939 
440 11 32 163 259 463 489 503 779 820 885 910 946 
441 8 155 358 516 557 683 779 872 938 
442 5 115 280 579 626 797 
443 4 435 716 831 928 
444 5 622 637 638 752 855 
445 8 27 69 90 336 410 668 719 916 
446 4 251 611 650 894 
447 3 40 161 672 
448 6 42 94 239 251 347 751 
449 4 59 331 646 681 
450 7 38 171 230 279 631 663 666 
451 2 702 786 
452 3 637 879 912 
453 11 168 172 182 295 303 371 562 674 778 891 945 
454 5 22 330 403 535 649 
455 7 12 232 250 295 300 325 337 
456 3 45 84 884 
457 11 45 57 72 132 152 319 357 409 427 597 874 
458 8 57 61 233 523 687 722 804 945 
459 3 765 801 837 
460 5 273 423 525 588 751 
461 4 124 322 502 698 
462 5 73 145 240 622 736 
463 5 246 339 408 440 478 
464 3 105 307 904 
465 3 545 655 802 
466 7 171 248 392 507 588 789 795 
467 2 101 116 
468 1 98 
469 4 377 641 694 873 
470 3 484 595 752 
471 8 46 49 54 189 366 385 571 869 
472 6 111 123 155 482 601 790 
473 6 53 408 414 586 742 880 
474 7 174 263 310 499 798 871 932 
475 8 183 311 377 415 428 507 669 871 
476 6 30 184 290 316 620 940 
477 6 268 314 823 845 851 922 
478 8 6 244 463 520 715 898 901 924 
479 3 61 109 215 
480 6 128 187 566 593 686 765 
481 3 652 716 804 
482 10 5 123 317 472 556 611 763 768 906 948 
483 8 56 81 131 144 170 225 320 509 
484 8 199 205 308 470 663 743 805 938 
485 2 171 252 
486 3 89 197 582 
487 6 149 332 361 402 406 912 
488 9 28 118 218 239 408 629 649 771 851 
489 9 8 53 181 234 268 291 395 440 855 
490 6 35 573 610 616 675 681 
491 6 43 276 552 625 692 905 
492 5 243 357 725 905 921 
493 9 21 221 277 312 407 419 528 591 839 
494 4 255 315 600 826 
495 6 62 312 318 684 750 804 
496 3 28 350 721 
497 4 430 624 796 800 
498 3 22 702 758 
499 7 199 302 474 766 779 885 931 
500 4 202 233 319 716 
501 8 215 235 256 363 570 701 711 932 
502 6 224 236 461 614 676 682 
503 9 82 192 440 535 578 638 688 751 813 
504 3 102 742 761 
505 8 1 69 353 408 517 554 606 828 
506 5 50 150 564 593 627 
507 6 466 475 545 737 774 843 
508 2 413 912 
509 7 30 39 71 312 483 532 790 
510 9 252 287 370 513 534 554 737 739 852 
511 4 20 341 909 922 
512 3 298 389 821 
513 5 240 241 510 612 621 
514 3 77 228 276 
515 12 66 90 104 191 525 570 571 573 663 702 724 939 
516 8 110 220 315 369 405 441 705 783 
517 9 293 336 505 522 527 561 660 720 813 
518 8 36 257 275 305 424 673 797 911 
519 5 95 231 537 614 853 
520 5 22 111 128 478 615 
521 4 184 764 774 839 
522 12 20 50 51 176 262 272 294 301 517 530 859 866 
523 4 458 557 634 902 
524 7 181 231 394 644 723 854 914 
525 7 240 318 460 515 645 764 883 
526 4 170 204 710 819 
527 9 224 227 247 334 396 517 628 742 809 
528 4 256 274 493 746 
529 6 128 355 536 603 907 925 
530 7 14 47 522 649 657 717 945 
531 3 169 698 745 
532 3 509 811 903 
533 6 30 655 760 826 890 931 
534 8 162 265 317 375 401 510 553 720 
535 10 21 454 503 635 659 744 874 896 914 945 
536 4 18 104 529 576 
537 4 258 308 427 519 
538 5 83 93 410 603 619 
539 2 90 747 
540 4 322 374 859 890 
541 6 23 33 59 378 597 598 
542 6 39 220 258 364 368 805 
543 3 174 697 705 
544 4 214 275 434 796 
545 5 129 426 465 507 726 
546 3 168 215 684 
547 4 256 437 661 789 
548 8 66 207 381 584 593 621 769 932 
549 8 136 164 235 359 617 816 883 900 
550 8 45 54 92 303 410 619 890 914 
551 4 95 175 639 946 
552 4 198 256 491 801 
553 5 16 137 534 629 845 
554 10 137 410 437 505 510 774 808 815 885 896 
555 9 32 192 297 386 437 586 661 741 825 
556 8 176 277 315 482 635 694 749 887 
557 7 162 231 441 523 657 726 869 
558 5 49 298 594 656 899 
559 3 89 325 363 
560 3 275 425 430 
561 5 159 240 309 517 677 
562 2 453 683 
563 1 583 
564 4 47 91 506 741 
565 4 113 345 372 657 
566 5 480 606 803 820 937 
567 5 144 340 582 847 896 
568 5 12 80 144 624 934 
569 2 740 851 
570 8 51 105 501 515 607 618 886 921 
571 12 32 34 309 340 471 515 624 694 715 733 776 815 
572 10 37 240 347 353 574 599 668 705 726 887 
573 8 84 277 490 515 667 822 837 846 
574 8 13 214 435 572 590 603 612 687 
575 3 331 648 834 
576 1 536 
577 2 235 635 
578 6 200 352 393 503 612 941 
579 5 10 106 442 750 798 
580 8 98 175 200 235 719 804 881 907 
581 7 56 380 416 632 647 828 863 
582 10 109 294 376 486 567 590 735 868 896 912 
583 6 46 63 128 145 563 858 
584 6 45 230 269 340 548 774 
585 5 30 107 125 279 413 
586 6 41 94 236 473 555 735 
587 6 288 293 298 715 755 860 
588 6 437 438 460 466 650 782 
589 4 133 340 606 940 
590 4 34 574 582 748 
591 9 48 80 402 493 654 671 772 826 908 
592 1 123 
593 9 10 420 432 480 506 548 687 753 824 
594 6 35 116 271 376 390 558 
595 6 195 470 605 731 779 895 
596 5 187 436 601 617 885 
597 7 24 106 239 457 541 676 914 
598 3 405 541 600 
599 4 389 572 622 683 
600 7 89 125 494 598 736 772 822 
601 7 239 308 348 472 596 732 739 
602 9 17 52 112 241 282 284 374 390 707 
603 14 85 87 303 344 369 529 538 574 636 678 684 911 921 930 
604 3 417 797 920 
605 6 25 595 722 758 768 798 
606 9 21 267 388 505 566 589 685 772 831 
607 6 23 70 150 319 570 928 
608 7 81 255 289 395 704 859 941 
609 5 167 199 439 622 643 
610 6 6 136 407 490 649 789 
611 7 203 368 446 482 621 727 902 
612 7 101 291 513 574 578 758 869 
613 6 6 386 722 736 776 865 
614 9 214 245 279 502 519 662 812 838 925 
615 4 416 520 707 910 
616 5 490 688 715 717 798 
617 6 247 269 283 549 596 927 
618 4 196 245 281 570 
619 8 128 252 359 538 550 662 853 946 
620 3 384 476 782 
621 7 12 217 513 548 611 648 775 
622 7 103 363 444 462 599 609 890 
623 5 164 323 879 899 938 
624 6 46 497 568 571 791 895 
625 7 174 229 253 270 299 491 649 
626 4 442 639 645 852 
627 2 506 633 
628 6 49 138 302 527 717 744 
629 8 196 243 261 488 553 695 749 868 
630 4 124 663 899 921 
631 5 223 359 450 691 701 
632 4 44 162 257 581 
633 5 41 122 627 638 897 
634 5 4 27 96 227 523 
635 10 57 63 188 269 318 535 556 577 705 896 
636 11 22 63 102 103 171 204 295 603 790 881 947 
637 6 246 265 421 444 452 822 
638 8 105 385 444 503 633 719 785 920 
639 8 157 377 432 551 626 788 795 804 
640 2 381 661 
641 5 194 295 469 753 868 
642 6 38 99 136 331 369 811 
643 6 171 395 609 669 871 917 
644 12 155 309 354 366 412 524 655 716 784 790 869 889 
645 7 83 169 188 350 525 626 773 
646 6 20 139 316 346 401 449 
647 9 42 59 123 244 255 272 581 679 907 
648 4 262 575 621 806 
649 8 128 316 454 488 530 610 625 698 
650 7 9 43 446 588 651 652 924 
651 5 650 673 708 828 912 
652 8 121 224 370 418 481 650 769 796 
653 2 685 865 
654 5 24 55 187 328 591 
655 8 112 139 176 202 465 533 644 674 
656 2 558 755 
657 8 28 188 389 397 530 557 565 693 
658 7 20 24 29 243 751 929 939 
659 6 208 245 424 435 535 765 
660 7 40 90 130 214 223 517 733 
661 4 180 547 555 640 
662 13 24 183 240 256 272 289 308 346 413 614 619 840 947 
663 10 150 207 387 408 450 484 515 630 869 898 
664 8 33 56 90 235 311 315 731 925 
665 3 110 766 830 
666 5 46 146 450 796 855 
667 5 366 573 769 816 926 
668 8 87 194 349 445 572 736 830 857 
669 2 475 643 
670 6 83 156 679 742 884 898 
671 6 302 364 425 591 689 880 
672 4 70 447 876 905 
673 7 109 518 651 736 782 897 920 
674 3 453 655 946 
675 7 73 80 102 391 413 490 819 
676 5 254 323 502 597 723 
677 12 110 202 261 326 401 423 561 701 744 821 867 913 
678 7 96 124 399 603 789 850 858 
679 6 21 403 430 647 670 930 
680 9 23 60 197 214 272 384 795 796 896 
681 5 313 449 490 718 808 
682 3 345 502 798 
683 8 127 425 441 562 599 819 858 935 
684 8 6 202 315 495 546 603 797 927 
685 6 67 201 606 653 828 875 
686 9 172 243 266 380 480 747 779 793 893 
687 5 355 458 574 593 688 
688 8 309 503 616 687 716 735 779 813 
689 4 243 671 696 789 
690 5 68 309 769 773 894 
691 5 244 399 631 697 912 
692 6 59 491 745 746 810 829 
693 5 153 299 343 657 873 
694 8 53 361 426 469 556 571 741 824 
695 4 79 629 865 939 
696 5 163 689 703 894 911 
697 5 208 351 543 691 744 
698 8 148 315 324 341 461 531 649 708 
699 5 86 174 321 340 763 
700 5 15 253 330 354 406 
701 7 298 407 501 631 677 764 827 
702 10 79 288 367 388 451 498 515 723 787 861 
703 3 92 696 830 
704 4 275 397 608 912 
705 4 516 543 572 635 
706 4 288 756 764 934 
707 4 0 602 615 908 
708 10 36 37 173 201 314 651 698 711 726 845 
709 3 127 192 302 
710 3 117 186 526 
711 8 9 110 169 332 335 427 501 708 
712 3 107 355 732 
713 2 102 125 
714 5 132 204 359 774 937 
715 9 222 478 571 587 616 719 772 774 919 
716 13 2 55 56 137 251 367 375 443 481 500 644 688 823 
717 4 300 530 616 628 
718 5 11 421 681 730 764 
719 6 141 445 580 638 715 908 
720 7 1 189 295 303 517 534 850 
721 5 49 82 99 348 496 
722 5 199 458 605 613 863 
723 5 17 227 524 676 702 
724 8 85 88 326 386 425 515 780 861 
725 6 217 305 492 727 905 926 
726 12 119 146 270 350 545 557 572 708 731 794 865 925 
727 5 79 611 725 813 842 
728 3 25 58 227 
729 4 89 210 243 928 
730 5 19 34 215 718 786 
731 12 140 215 287 293 329 595 664 726 749 821 867 937 
732 5 339 383 424 601 712 
733 4 47 325 571 660 
734 3 40 154 235 
735 7 14 180 228 582 586 688 825 
736 7 273 422 462 600 613 668 673 
737 6 134 162 225 420 507 510 
738 4 71 270 339 784 
739 6 24 119 510 601 925 937 
740 5 51 260 569 867 924 
741 9 44 190 212 555 564 694 755 826 845 
742 10 27 217 309 314 346 473 504 527 670 755 
743 5 92 143 484 796 885 
744 8 16 535 628 677 697 749 838 844 
745 5 12 235 314 531 692 
746 4 95 528 692 889 
747 5 293 297 407 539 686 
748 5 68 239 325 590 877 
749 6 219 370 556 629 731 744 
750 4 140 495 579 806 
751 10 108 113 315 377 385 393 448 460 503 658 
752 4 216 245 444 470 
753 6 44 593 641 781 808 829 
754 6 14 119 148 162 177 423 
755 10 30 120 212 249 587 656 741 742 914 940 
756 6 194 241 429 706 844 880 
757 3 358 380 808 
758 6 155 333 498 605 612 936 
759 3 97 194 278 
760 6 305 311 533 810 825 883 
761 8 26 79 106 166 338 504 838 855 
762 2 426 868 
763 6 24 141 482 699 802 887 
764 10 37 62 186 430 521 525 701 706 718 838 
765 7 8 72 124 192 459 480 659 
766 7 16 106 109 499 665 875 914 
767 1 153 
768 9 5 56 301 341 482 605 807 819 916 
769 7 20 548 652 667 690 794 827 
770 5 56 878 880 917 932 
771 5 169 252 334 488 942 
772 6 279 299 591 600 606 715 
773 8 251 279 364 398 645 690 839 875 
774 11 213 278 280 379 507 521 554 584 714 715 913 
775 8 20 94 105 183 214 217 404 621 
776 6 13 111 113 571 613 817 
777 4 120 213 393 813 
778 5 1 166 453 897 940 
779 11 41 214 386 400 440 441 499 595 686 688 835 
780 4 50 724 818 861 
781 3 162 753 800 
782 6 25 232 588 620 673 866 
783 3 102 238 516 
784 4 389 644 738 828 
785 5 283 362 395 638 819 
786 7 117 137 252 379 401 451 730 
787 4 188 388 392 702 
788 4 331 393 639 827 
789 6 187 466 547 610 678 689 
790 9 172 387 472 509 636 644 816 824 860 
791 7 65 116 196 259 624 812 916 
792 5 256 262 366 874 910 
793 6 17 179 430 686 830 921 
794 3 217 726 769 
795 8 4 12 187 310 466 639 680 850 
796 9 336 436 497 544 652 666 680 743 865 
797 8 126 224 253 435 442 518 604 684 
798 11 10 92 98 182 321 474 579 605 616 682 919 
799 0 
800 8 9 139 185 260 293 408 497 781 
801 8 105 164 292 427 459 552 807 830 
802 7 0 220 241 249 338 465 763 
803 3 14 318 566 
804 11 40 169 271 414 458 481 495 580 639 866 936 
805 3 211 484 542 
806 4 353 648 750 901 
807 5 56 332 385 768 801 
808 5 6 554 681 753 757 
809 7 81 87 94 375 527 818 865 
810 6 89 194 248 374 692 760 
811 7 90 149 278 341 532 642 906 
812 6 25 107 406 416 614 791 
813 8 18 156 230 503 517 688 727 777 
814 3 39 149 944 
815 9 149 163 311 333 554 571 922 925 937 
816 4 549 667 790 922 
817 5 186 776 822 838 926 
818 9 113 142 270 274 400 780 809 862 898 
819 9 54 65 96 300 526 675 683 768 785 
820 6 77 151 251 420 440 566 
821 7 175 286 321 430 512 677 731 
822 10 13 60 65 150 259 573 600 637 817 923 
823 6 65 116 184 185 477 716 
824 8 131 172 304 337 404 593 694 790 
825 6 159 165 275 555 735 760 
826 6 38 175 494 533 591 741 
827 5 78 332 701 769 788 
828 9 82 116 318 368 505 581 651 685 784 
829 6 55 78 177 692 753 888 
830 10 77 101 174 205 239 665 668 703 793 801 
831 9 28 110 217 292 328 443 606 869 916 
832 3 61 220 238 
833 1 193 
834 5 28 180 315 575 936 
835 1 779 
836 6 15 146 175 241 350 914 
837 6 87 194 237 459 573 876 
838 8 50 219 326 614 744 761 764 817 
839 5 255 329 493 521 773 
840 6 43 87 116 304 421 662 
841 2 46 285 
842 5 31 348 386 439 727 
843 3 294 364 507 
844 6 11 191 259 744 756 869 
845 5 378 477 553 708 741 
846 2 350 573 
847 4 278 349 395 567 
848 2 269 375 
849 4 137 158 291 403 
850 8 75 159 418 678 720 795 909 933 
851 7 43 55 332 371 477 488 569 
852 3 98 510 626 
853 7 115 154 274 296 401 519 619 
854 4 28 171 524 948 
855 7 108 197 438 444 489 666 761 
856 3 140 260 262 
857 3 297 668 941 
858 6 21 265 289 583 678 683 
859 5 9 367 522 540 608 
860 4 70 587 790 928 
861 8 88 252 329 702 724 780 864 882 
862 4 179 320 818 932 
863 4 581 722 883 896 
864 5 21 47 247 315 861 
865 13 48 131 293 406 409 613 653 695 726 796 809 891 945 
866 6 192 394 522 782 804 936 
867 8 151 164 180 226 391 677 731 740 
868 6 130 155 582 629 641 762 
869 14 96 169 239 293 310 382 471 557 612 644 663 831 844 884 
870 2 341 358 
871 4 31 474 475 643 
872 5 106 130 419 441 873 
873 7 148 161 469 693 872 907 920 
874 3 457 535 792 
875 4 117 685 766 773 
876 6 90 356 368 672 837 910 
877 3 199 335 748 
878 5 60 222 293 770 906 
879 8 1 125 193 278 326 452 623 912 
880 8 227 338 431 473 671 756 770 919 
881 7 141 143 190 580 636 904 925 
882 2 861 895 
883 5 218 525 549 760 863 
884 5 252 386 456 670 869 
885 8 6 390 440 499 554 596 743 936 
886 5 85 186 205 228 570 
887 5 556 572 763 900 907 
888 4 115 240 382 829 
889 4 55 327 644 746 
890 7 142 320 439 533 540 550 622 
891 5 5 126 220 453 865 
892 3 120 141 250 
893 6 30 88 138 161 304 686 
894 4 260 446 690 696 
895 4 399 595 624 882 
896 8 192 535 554 567 582 635 680 863 
897 9 69 114 192 226 274 323 633 673 778 
898 4 478 663 670 818 
899 7 225 268 284 434 558 623 630 
900 3 188 549 887 
901 4 26 65 478 806 
902 4 136 248 523 611 
903 1 532 
904 6 21 321 464 881 931 945 
905 5 181 491 492 672 725 
906 6 107 108 482 811 878 944 
907 8 40 110 529 580 647 873 887 932 
908 7 104 228 265 291 591 707 719 
909 5 28 121 279 511 850 
910 7 278 341 358 440 615 792 876 
911 5 84 208 518 603 696 
912 10 422 452 487 508 582 651 691 704 879 920 
913 7 51 77 92 213 237 677 774 
914 8 237 524 535 550 597 755 766 836 
915 2 179 926 
916 9 7 125 344 352 445 768 791 831 943 
917 8 25 51 63 113 212 361 643 770 
918 1 192 
919 5 242 715 798 880 941 
920 6 411 604 638 673 873 912 
921 8 11 86 140 492 570 603 630 793 
922 7 286 343 352 477 511 815 816 
923 2 96 822 
924 4 122 478 650 740 
925 10 312 334 402 529 614 664 726 739 815 881 
926 7 139 220 357 667 725 817 915 
927 7 77 194 355 392 617 684 937 
928 9 2 201 225 235 242 443 607 729 860 
929 6 69 85 133 144 423 658 
930 4 353 387 603 679 
931 6 11 244 343 499 533 904 
932 7 378 474 501 548 770 862 907 
933 4 4 85 104 850 
934 5 267 383 406 568 706 
935 3 258 428 683 
936 7 38 356 758 804 834 866 885 
937 11 25 118 250 393 430 566 714 731 739 815 927 
938 7 179 285 370 424 441 484 623 
939 4 439 515 658 695 
940 8 115 159 168 433 476 589 755 778 
941 6 33 438 578 608 857 919 
942 2 54 771 
943 3 271 275 916 
944 5 64 104 220 814 906 
945 8 64 426 453 458 530 535 865 904 
946 8 25 277 317 382 440 551 619 674 
947 5 116 217 338 636 662 
948 3 49 482 854 
949 3 74 202 432 
