950 3637
0 5 81 173 175 707 802 
1 7 237 505 639 666 720 778 879 
2 7 166 298 534 716 898 925 928 
3 6 9 129 145 223 257 434 
4 7 20 87 94 232 634 795 933 
5 6 193 366 482 768 891 902 
6 10 194 373 478 609 610 613 682 684 808 885 
7 2 51 916 
8 5 173 212 489 670 765 
9 13 3 82 134 143 244 392 398 650 711 724 800 859 896 
10 8 25 88 216 318 469 579 593 798 
11 12 72 114 220 266 342 396 431 511 718 844 921 931 
12 13 28 78 172 208 335 402 455 568 621 676 745 795 937 
13 5 30 574 600 776 822 
14 8 122 143 332 457 530 735 754 803 
15 4 127 398 700 836 
16 6 41 314 348 553 744 766 
17 6 150 338 602 723 793 833 
18 8 30 265 395 452 536 665 797 813 
19 8 89 183 318 378 397 411 424 730 
20 9 4 22 216 511 522 646 658 769 775 
21 14 73 109 174 332 395 493 530 535 606 673 679 858 864 904 
22 8 20 62 259 454 498 520 636 652 
23 6 491 503 528 541 607 680 
24 7 263 597 654 658 662 739 763 
25 13 10 50 62 83 180 248 605 728 782 812 917 937 946 
26 4 324 566 761 901 
27 7 153 209 247 291 445 634 742 
28 10 12 258 358 488 496 657 831 834 854 909 
29 7 112 212 248 276 279 658 786 
30 13 13 18 37 50 165 244 476 509 533 585 699 755 893 
31 5 45 69 137 842 871 
32 7 76 250 440 555 571 687 881 
33 5 423 541 664 818 941 
34 5 146 223 571 590 730 
35 9 59 68 102 179 205 437 490 594 869 
36 7 105 141 283 326 377 518 708 
37 11 30 129 137 164 209 238 243 253 572 708 764 
38 8 72 378 450 642 649 826 923 936 
39 9 123 289 335 376 422 509 542 784 814 
40 8 217 447 606 660 692 734 804 907 
41 11 16 109 128 177 185 190 195 353 586 633 779 
42 8 100 236 245 267 444 448 647 814 
43 11 136 222 299 386 419 422 430 491 650 840 851 
44 5 385 492 632 741 753 
45 14 31 73 252 262 400 404 405 421 456 457 550 584 855 882 
46 9 81 230 356 471 583 624 666 805 841 
47 10 136 157 265 280 530 564 605 733 864 886 
48 7 403 422 427 591 693 775 865 
49 7 372 388 471 558 628 721 948 
50 8 25 30 378 506 522 574 780 838 
51 10 7 98 154 347 522 570 740 871 913 917 
52 6 111 254 323 328 602 666 
53 6 287 432 435 473 489 694 
54 8 151 242 261 471 550 819 860 942 
55 16 74 84 134 142 149 359 395 396 411 426 621 654 716 829 851 889 
56 12 112 150 163 221 383 483 581 664 716 768 770 807 
57 6 183 250 457 458 623 635 
58 5 292 401 709 728 909 
59 8 35 133 399 449 541 647 678 692 
60 7 107 155 242 420 680 822 878 
61 7 218 409 458 479 663 832 838 
62 6 22 25 213 366 495 764 
63 6 293 387 583 635 636 917 
64 2 944 945 
65 11 72 132 315 335 791 819 822 823 901 904 909 
66 6 88 126 336 515 548 826 
67 6 197 224 436 685 814 824 
68 5 35 112 211 690 748 
69 9 31 86 202 203 328 445 505 897 929 
70 5 392 561 607 672 860 
71 3 91 509 738 
72 5 11 38 65 457 765 
73 9 21 45 89 90 223 234 314 462 675 
74 11 55 95 131 178 187 259 278 745 850 936 949 
75 7 91 155 190 385 423 628 850 
76 8 32 207 271 305 333 360 423 425 
77 8 118 162 204 514 820 830 913 927 
78 7 12 98 148 256 267 827 829 
79 6 94 404 695 702 727 761 
80 5 188 317 568 591 675 
81 8 0 46 259 284 413 483 608 809 
82 10 9 124 136 235 340 498 503 651 721 828 
83 9 25 121 155 224 363 538 645 670 693 
84 7 55 104 298 456 573 662 911 
85 13 109 144 169 224 232 252 255 603 724 799 886 929 933 
86 7 69 216 245 574 590 699 921 
87 7 4 120 603 668 809 837 840 
88 12 10 66 125 167 245 257 460 722 724 861 893 949 
89 10 19 73 415 437 467 486 559 600 729 810 
90 9 73 445 515 539 660 664 742 811 876 
91 9 71 75 119 216 328 378 385 510 564 
92 8 353 362 412 550 703 743 798 913 
93 3 94 316 538 
94 9 4 79 93 114 339 448 586 775 809 
95 7 74 221 284 361 519 551 746 
96 7 134 189 634 678 819 869 923 
97 2 394 759 
98 10 51 78 297 319 350 394 468 580 798 852 
99 4 193 406 642 721 
100 7 42 146 155 291 358 608 778 
101 9 103 159 311 356 420 467 612 830 903 
102 9 35 175 504 636 637 675 713 783 862 
103 5 101 357 540 622 636 
104 11 84 145 203 241 377 515 536 607 908 933 944 
105 11 36 113 166 227 411 464 570 638 775 801 884 
106 10 218 265 335 391 579 597 675 761 766 872 
107 10 60 201 328 422 585 712 812 843 889 906 
108 8 128 176 225 341 563 751 855 906 
109 16 21 41 85 292 307 315 373 411 479 481 582 661 673 766 803 899 
110 10 132 232 264 301 516 665 677 711 831 907 
111 8 52 200 202 429 472 520 527 776 
112 9 29 56 68 173 259 308 335 602 655 
113 10 105 140 565 751 776 818 863 874 917 944 
114 8 11 94 289 323 548 772 897 940 
115 7 121 214 407 442 853 888 940 
116 13 171 215 244 353 404 467 486 594 791 823 828 840 947 
117 6 205 419 548 710 786 875 
118 5 77 127 472 488 937 
119 9 91 229 272 310 399 723 726 739 754 
120 7 87 256 306 382 755 777 892 
121 8 83 115 192 233 250 652 686 909 
122 5 14 359 633 799 924 
123 9 39 215 232 298 472 482 592 647 811 
124 10 82 147 181 390 403 461 500 630 678 765 
125 8 88 172 372 585 600 713 879 916 
126 7 66 164 405 568 642 797 891 
127 8 15 118 140 260 312 683 709 888 
128 11 41 108 320 407 480 520 529 583 619 649 876 
129 6 3 37 217 348 545 908 
130 4 230 660 868 872 
131 6 74 351 483 815 824 865 
132 8 65 110 155 204 406 423 457 714 
133 6 59 146 171 427 589 929 
134 10 9 55 96 243 262 271 284 436 737 887 
135 4 257 278 799 905 
136 8 43 47 82 187 549 610 642 902 
137 8 31 37 198 553 554 716 786 849 
138 6 231 235 275 608 628 893 
139 4 646 655 800 926 
140 10 113 127 161 198 296 521 731 750 856 921 
141 11 36 145 183 335 396 412 719 750 763 881 892 
142 4 55 818 870 890 
143 13 9 14 145 162 394 425 435 437 492 531 566 743 881 
144 6 85 175 483 567 568 929 
145 9 3 104 141 143 332 462 463 531 583 
146 8 34 100 133 588 666 726 736 836 
147 2 124 405 
148 7 78 275 287 368 698 754 873 
149 6 55 156 487 811 814 815 
150 9 17 56 225 506 607 663 750 822 873 
151 6 54 308 387 699 820 867 
152 4 280 457 650 914 
153 5 27 337 693 767 942 
154 5 51 241 616 734 853 
155 15 60 75 83 100 132 335 428 441 472 565 643 644 724 758 868 
156 6 149 213 302 670 750 813 
157 3 47 639 708 
158 4 182 290 403 849 
159 6 101 241 561 825 850 940 
160 2 241 883 
161 11 140 223 300 394 438 447 509 631 753 873 893 
162 12 77 143 203 321 346 534 557 632 737 754 781 934 
163 6 56 351 381 440 696 815 
164 7 37 126 194 549 623 801 867 
165 8 30 194 286 339 401 427 825 913 
166 10 2 105 242 305 338 395 761 778 917 925 
167 10 88 168 289 379 416 603 609 735 848 918 
168 5 167 309 453 546 940 
169 12 85 236 356 428 517 531 645 676 711 771 804 869 
170 3 483 526 600 
171 10 116 133 186 229 450 466 485 636 643 854 
172 11 12 125 298 379 453 490 686 715 790 824 890 
173 6 0 8 112 249 375 708 
174 8 21 304 474 543 625 699 830 856 
175 12 0 102 144 200 286 442 551 572 580 821 826 836 
176 7 108 323 355 522 556 655 853 
177 4 41 214 754 829 
178 2 74 343 
179 7 35 258 529 793 862 915 938 
180 7 25 233 476 661 735 834 867 
181 4 124 489 524 905 
182 5 158 334 396 453 798 
183 13 19 57 141 214 239 278 282 337 432 475 511 662 775 
184 5 380 476 521 823 905 
185 3 41 800 823 
186 5 171 710 764 817 886 
187 9 74 136 209 480 596 597 654 789 795 
188 10 80 273 434 557 635 637 645 657 787 900 
189 5 96 413 471 720 739 
190 6 41 75 333 540 741 881 
191 3 379 515 844 
192 12 121 203 438 503 555 709 765 809 866 896 897 918 
193 6 5 99 262 363 833 879 
194 12 6 164 165 338 641 668 756 759 810 837 927 945 
195 3 41 455 595 
196 6 611 618 629 739 791 927 
197 7 67 242 321 486 680 855 870 
198 7 137 140 230 313 395 552 755 
199 10 254 272 293 305 484 499 609 722 877 884 
200 10 111 175 232 239 340 578 580 611 702 943 
201 7 107 255 383 385 685 708 928 
202 12 69 111 298 303 335 500 560 584 655 677 684 949 
203 7 69 104 162 192 214 427 611 
204 8 77 132 296 343 344 526 636 714 
205 8 35 117 232 484 717 829 830 886 
206 3 220 416 728 
207 6 76 363 439 548 588 663 
208 5 12 289 659 697 911 
209 3 27 37 187 
210 3 219 342 729 
211 4 68 389 511 805 
212 7 8 29 741 755 819 917 949 
213 6 62 156 312 774 777 913 
214 13 115 177 183 203 442 544 574 614 660 680 775 779 836 
215 9 116 123 276 479 501 546 730 731 933 
216 6 10 20 86 91 217 752 
217 13 40 129 216 309 539 621 711 725 742 775 794 831 947 
218 6 61 106 377 488 883 884 
219 5 210 331 749 838 889 
220 11 11 206 358 383 516 542 802 832 891 926 944 
221 8 56 95 390 391 398 493 638 715 
222 6 43 439 715 876 878 908 
223 8 3 34 73 161 331 630 631 660 
224 9 67 83 85 292 405 502 527 652 797 
225 9 108 150 260 270 430 483 737 899 928 
226 4 371 867 897 940 
227 11 105 353 371 396 456 527 634 723 728 777 880 
228 5 514 735 739 886 908 
229 6 119 171 256 336 435 625 
230 10 46 130 198 309 450 535 584 596 629 813 
231 7 138 349 504 519 524 557 847 
232 9 4 85 110 123 200 205 455 782 869 
233 11 121 180 277 286 347 360 458 500 591 840 918 
234 3 73 293 489 
235 12 82 138 362 501 549 577 580 664 734 745 813 928 
236 5 42 169 502 586 686 
237 9 1 325 365 370 387 408 837 913 914 
238 3 37 783 832 
239 10 183 200 448 488 498 597 601 748 830 869 
240 8 462 513 525 556 561 572 662 888 
241 12 104 154 159 160 325 513 602 628 756 802 836 909 
242 7 54 60 166 197 367 919 928 
243 9 37 134 492 611 629 658 686 689 729 
244 8 9 30 116 478 647 691 729 931 
245 9 42 86 88 277 332 614 618 659 752 
246 5 316 463 637 758 805 
247 8 27 262 272 402 527 548 617 864 
248 8 25 29 377 408 432 466 810 902 
249 4 173 279 755 802 
250 10 32 57 121 276 320 455 578 735 892 937 
251 11 334 446 448 472 554 705 716 773 794 820 937 
252 14 45 85 364 400 439 485 510 619 771 786 792 822 861 884 
253 9 37 297 321 327 409 625 700 797 929 
254 9 52 199 281 366 542 647 676 756 844 
255 10 85 201 352 386 418 454 494 608 647 839 
256 12 78 120 229 268 287 487 501 528 547 552 662 792 
257 7 3 88 135 518 632 735 756 
258 7 28 179 304 537 542 685 935 
259 9 22 74 81 112 440 531 791 822 844 
260 6 127 225 740 800 856 894 
261 5 54 359 414 629 677 
262 10 45 134 193 247 274 522 648 719 792 856 
263 2 24 474 
264 4 110 304 610 886 
265 13 18 47 106 317 341 344 438 534 637 691 858 876 908 
266 5 11 329 402 686 714 
267 7 42 78 273 285 606 775 934 
268 5 256 415 477 489 899 
269 7 432 486 584 617 635 848 931 
270 8 225 625 721 726 738 818 831 948 
271 7 76 134 367 427 594 804 943 
272 8 119 199 247 293 522 647 662 680 
273 6 188 267 319 460 736 937 
274 5 262 528 818 853 897 
275 8 138 148 518 544 560 704 825 943 
276 8 29 215 250 291 400 432 491 514 
277 7 233 245 340 493 556 573 946 
278 11 74 135 183 447 596 759 774 811 847 879 910 
279 11 29 249 384 406 450 585 614 772 773 843 909 
280 5 47 152 442 774 855 
281 3 254 618 683 
282 6 183 300 393 469 602 946 
283 8 36 353 496 578 617 762 766 785 
284 10 81 95 134 353 374 380 506 602 842 899 
285 9 267 413 429 437 533 818 834 841 938 
286 8 165 175 233 418 491 504 821 922 
287 8 53 148 256 381 400 473 510 731 
288 4 386 587 702 706 
289 9 39 114 167 208 329 528 608 662 858 
290 7 158 367 395 398 427 476 731 
291 7 27 100 276 489 612 849 908 
292 9 58 109 224 345 396 418 514 801 831 
293 13 63 199 234 272 313 517 587 731 747 800 865 869 878 
294 5 322 522 582 739 843 
295 8 373 396 453 455 636 641 720 925 
296 7 140 204 412 738 740 765 853 
297 6 98 253 555 620 747 857 
298 13 2 84 123 172 202 302 382 400 408 512 558 587 701 
299 5 43 520 625 693 772 
300 6 161 282 323 455 717 819 
301 5 110 522 562 768 772 
302 7 156 298 499 628 671 709 807 
303 6 202 453 550 603 720 883 
304 11 174 258 264 334 338 362 412 811 824 840 893 
305 12 76 166 199 362 363 397 425 428 518 622 725 760 
306 2 120 404 
307 3 109 390 464 
308 6 112 151 484 537 601 662 
309 11 168 217 230 561 571 606 644 688 690 716 742 
310 6 119 320 412 474 795 869 
311 8 101 433 475 506 573 664 760 815 
312 9 127 213 409 454 493 495 509 598 925 
313 4 198 293 427 681 
314 8 16 73 338 389 477 708 742 745 
315 15 65 109 342 397 494 516 556 634 664 684 698 751 770 834 864 
316 7 93 246 420 476 646 649 716 
317 7 80 265 340 352 482 534 946 
318 7 10 19 495 525 635 803 828 
319 7 98 273 426 457 500 607 901 
320 8 128 250 310 356 483 822 862 890 
321 7 162 197 253 699 798 821 904 
322 5 294 461 536 540 632 
323 8 52 114 176 300 623 676 881 897 
324 4 26 691 698 867 
325 7 237 241 330 455 559 733 748 
326 7 36 355 430 677 724 838 879 
327 4 253 418 576 889 
328 10 52 69 91 107 353 360 390 439 654 831 
329 8 266 289 502 514 731 765 839 861 
330 7 325 400 429 454 551 700 729 
331 8 219 223 449 462 575 612 642 788 
332 11 14 21 145 245 399 487 587 711 807 827 851 
333 6 76 190 478 735 758 815 
334 8 182 251 304 527 751 771 805 925 
335 12 12 39 65 106 112 141 155 202 634 711 859 877 
336 5 66 229 445 517 796 
337 7 153 183 339 455 810 824 915 
338 12 17 166 194 304 314 406 439 693 761 802 880 947 
339 7 94 165 337 427 463 732 738 
340 10 82 200 277 317 385 567 571 584 589 699 
341 10 108 265 432 511 698 768 811 870 910 922 
342 5 11 210 315 380 576 
343 9 178 204 368 427 561 630 693 922 931 
344 4 204 265 603 916 
345 5 292 526 565 682 948 
346 7 162 405 537 646 662 742 834 
347 5 51 233 448 572 864 
348 7 16 129 405 601 721 778 842 
349 4 231 400 668 847 
350 6 98 496 645 726 836 846 
351 5 131 163 697 758 873 
352 7 255 317 566 578 897 916 922 
353 13 41 92 116 227 283 284 328 419 505 572 623 806 930 
354 3 501 644 700 
355 7 176 326 467 529 687 712 927 
356 7 46 101 169 320 876 896 936 
357 6 103 457 492 730 818 926 
358 10 28 100 220 376 420 441 757 780 870 910 
359 8 55 122 261 385 549 619 631 714 
360 6 76 233 328 413 418 805 
361 7 95 364 487 543 591 694 917 
362 8 92 235 304 305 421 435 785 942 
363 10 83 193 207 305 439 501 559 622 660 812 
364 8 252 361 395 542 651 671 773 843 
365 7 237 368 381 405 425 505 833 
366 8 5 62 254 372 471 644 667 792 
367 6 242 271 290 702 716 859 
368 9 148 343 365 370 542 611 813 828 876 
369 6 406 502 516 603 642 943 
370 6 237 368 510 652 749 938 
371 6 226 227 406 453 637 851 
372 4 49 125 366 565 
373 6 6 109 295 436 712 722 
374 6 284 384 540 602 810 827 
375 8 173 522 534 716 799 809 848 886 
376 7 39 358 421 582 594 765 774 
377 8 36 104 218 248 469 475 639 751 
378 7 19 38 50 91 541 845 932 
379 7 167 172 191 420 774 786 874 
380 9 184 284 342 412 438 571 581 686 757 
381 6 163 287 365 384 548 640 
382 6 120 298 396 869 888 946 
383 6 56 201 220 532 732 934 
384 5 279 374 381 620 680 
385 11 44 75 91 201 340 359 471 638 699 751 807 
386 11 43 255 288 465 555 613 668 724 779 842 884 
387 11 63 151 237 398 439 444 501 663 790 879 930 
388 6 49 465 600 606 702 787 
389 8 211 314 469 512 599 600 657 784 
390 9 124 221 307 328 594 602 864 885 894 
391 4 106 221 675 867 
392 5 9 70 466 787 927 
393 7 282 578 723 751 777 788 937 
394 6 97 98 143 161 524 866 
395 12 18 21 55 166 198 290 364 489 608 643 785 847 
396 12 11 55 141 182 227 292 295 382 481 488 527 776 
397 7 19 305 315 429 657 704 869 
398 6 9 15 221 290 387 773 
399 8 59 119 332 408 678 691 895 912 
400 10 45 252 276 287 298 330 349 414 779 818 
401 8 58 165 505 534 646 677 786 853 
402 7 12 247 266 487 591 738 925 
403 7 48 124 158 412 454 679 849 
404 7 45 79 116 306 436 775 824 
405 9 45 126 147 224 346 348 365 516 598 
406 12 99 132 279 338 369 371 474 487 700 812 865 934 
407 7 115 128 476 493 610 701 747 
408 13 237 248 298 399 411 428 463 473 488 505 553 663 800 
409 6 61 253 312 457 571 865 
410 5 445 538 550 554 831 
411 7 19 55 105 109 408 435 920 
412 8 92 141 296 304 310 380 403 644 
413 11 81 189 285 360 508 544 585 647 662 675 902 
414 8 261 400 418 473 615 712 737 804 
415 4 89 268 475 480 
416 7 167 206 581 615 660 812 874 
417 2 604 874 
418 9 255 286 292 327 360 414 652 699 850 
419 7 43 117 353 421 493 692 872 
420 8 60 101 316 358 379 593 737 820 
421 8 45 362 376 419 637 694 718 840 
422 6 39 43 48 107 736 912 
423 9 33 75 76 132 460 677 754 889 929 
424 5 19 518 659 732 938 
425 8 76 143 305 365 560 671 683 724 
426 6 55 319 545 694 762 945 
427 14 48 133 165 203 271 290 313 339 343 457 537 640 711 801 
428 7 155 169 305 408 475 935 949 
429 7 111 285 330 397 489 746 756 
430 11 43 225 326 497 560 679 764 782 793 821 937 
431 2 11 880 
432 10 53 183 248 269 276 341 593 639 722 949 
433 2 311 940 
434 5 3 188 544 805 899 
435 9 53 143 229 362 411 443 574 659 797 
436 8 67 134 373 404 586 596 664 796 
437 9 35 89 143 285 547 554 555 588 730 
438 9 161 192 265 380 476 588 855 941 946 
439 11 207 222 252 328 338 363 387 609 842 890 939 
440 11 32 163 259 463 489 503 779 820 885 910 946 
441 8 155 358 516 557 683 779 872 938 
442 8 115 175 214 280 579 621 626 797 
443 5 435 662 716 831 928 
444 7 42 387 622 637 638 752 855 
445 9 27 69 90 336 410 668 719 804 916 
446 5 251 611 650 894 905 
447 5 40 161 278 672 739 
448 6 42 94 239 251 347 751 
449 5 59 331 549 646 681 
450 7 38 171 230 279 631 663 666 
451 4 496 695 702 786 
452 7 18 589 637 726 874 879 912 
453 11 168 172 182 295 303 371 562 674 778 891 945 
454 7 22 255 312 330 403 535 649 
455 9 12 195 232 250 295 300 325 337 876 
456 4 45 84 227 884 
457 13 14 45 57 72 132 152 319 357 409 427 561 597 874 
458 11 57 61 233 523 550 601 627 687 722 804 945 
459 4 587 765 801 837 
460 7 88 273 423 525 588 751 799 
461 4 124 322 502 698 
462 7 73 145 240 331 498 622 736 
463 6 145 246 339 408 440 478 
464 3 105 307 904 
465 6 386 388 545 655 704 802 
466 10 171 248 392 507 559 588 700 789 795 918 
467 4 89 101 116 355 
468 1 98 
469 7 10 282 377 389 641 694 873 
470 3 484 595 752 
471 9 46 49 54 189 366 385 552 571 869 
472 9 111 118 123 155 251 482 593 601 790 
473 8 53 287 408 414 586 742 837 880 
474 9 174 263 310 406 499 798 871 892 932 
475 10 183 311 377 415 428 507 657 669 871 877 
476 9 30 180 184 290 316 407 438 620 940 
477 8 268 314 823 836 845 851 907 922 
478 11 6 244 333 463 520 521 715 898 901 924 945 
479 4 61 109 215 585 
480 8 128 187 415 566 593 671 686 765 
481 5 109 396 652 716 804 
482 13 5 123 317 472 540 556 610 611 705 763 768 906 948 
483 9 56 81 131 144 170 225 320 509 936 
484 8 199 205 308 470 663 743 805 938 
485 3 171 252 635 
486 7 89 116 197 269 582 587 747 
487 7 149 256 332 361 402 406 912 
488 10 28 118 218 239 396 408 629 649 771 851 
489 11 8 53 181 234 268 291 395 429 440 787 855 
490 9 35 172 573 610 616 675 681 754 763 
491 8 23 43 276 286 552 625 692 905 
492 9 44 143 243 357 548 725 840 905 921 
493 9 21 221 277 312 407 419 528 591 839 
494 6 255 315 514 600 770 826 
495 6 62 312 318 684 750 804 
496 6 28 283 350 451 536 721 
497 6 430 593 624 796 800 925 
498 6 22 82 239 462 702 758 
499 7 199 302 474 766 779 885 931 
500 6 124 202 233 319 716 754 
501 10 215 235 256 354 363 387 570 701 711 932 
502 8 224 236 329 369 461 614 676 682 
503 10 23 82 192 440 535 578 638 688 751 813 
504 5 102 231 286 742 761 
505 11 1 69 353 365 401 408 517 554 592 606 828 
506 7 50 150 284 311 564 593 627 
507 7 466 475 545 737 774 822 843 
508 3 413 563 912 
509 9 30 39 71 161 312 483 532 790 881 
510 11 91 252 287 370 513 534 554 737 739 852 901 
511 8 11 20 183 211 341 614 909 922 
512 3 298 389 821 
513 5 240 241 510 612 621 
514 6 77 228 276 292 329 494 
515 13 66 90 104 191 525 570 571 573 663 702 724 868 939 
516 9 110 220 315 369 405 441 705 783 885 
517 11 169 293 336 505 522 527 561 660 720 813 940 
518 8 36 257 275 305 424 673 797 911 
519 5 95 231 537 614 853 
520 8 22 111 128 299 478 615 674 890 
521 6 140 184 478 764 774 839 
522 14 20 50 51 176 262 272 294 301 375 517 530 859 866 922 
523 4 458 557 634 902 
524 10 181 231 394 644 708 723 834 854 888 914 
525 8 240 318 460 515 645 764 809 883 
526 7 170 204 345 710 764 819 900 
527 10 111 224 227 247 334 396 517 628 742 809 
528 7 23 256 274 289 493 679 746 
529 9 128 179 355 536 603 804 906 907 925 
530 8 14 21 47 522 649 657 717 945 
531 9 143 145 169 259 547 629 698 745 898 
532 4 383 509 811 903 
533 7 30 285 655 760 826 890 931 
534 9 2 162 265 317 375 401 510 553 720 
535 11 21 230 454 503 635 659 744 874 896 914 945 
536 8 18 104 322 496 529 576 592 713 
537 6 258 308 346 427 519 814 
538 8 83 93 410 541 603 619 664 947 
539 3 90 217 747 
540 7 103 190 322 374 482 859 890 
541 8 23 33 59 378 538 597 598 611 
542 7 39 220 254 258 364 368 805 
543 5 174 361 697 705 915 
544 5 214 275 413 434 796 
545 5 129 426 465 507 726 
546 4 168 215 684 777 
547 6 256 437 531 557 661 789 
548 13 66 114 117 207 247 381 492 584 593 621 769 796 932 
549 12 136 164 235 359 449 617 758 779 816 883 900 944 
550 11 45 54 92 303 410 458 619 782 890 910 914 
551 6 95 175 330 639 814 946 
552 6 198 256 471 491 608 801 
553 7 16 137 408 534 629 668 845 
554 11 137 251 410 437 505 510 774 808 815 885 896 
555 9 32 192 297 386 437 586 661 741 825 
556 10 176 240 277 315 482 635 694 748 749 887 
557 10 162 188 231 441 523 547 657 726 867 869 
558 6 49 298 569 594 656 899 
559 4 89 325 363 466 
560 5 202 275 425 430 904 
561 8 70 159 240 309 343 457 517 677 
562 6 301 453 681 683 727 733 
563 4 108 508 583 754 
564 8 47 91 506 741 760 793 795 916 
565 5 113 155 345 372 657 
566 8 26 143 352 480 606 803 820 937 
567 8 144 340 582 597 742 847 896 949 
568 7 12 80 126 144 624 640 934 
569 3 558 740 851 
570 9 51 105 501 515 607 618 886 921 944 
571 15 32 34 309 340 380 409 471 515 624 694 715 733 776 815 949 
572 11 37 175 240 347 353 574 599 668 705 726 887 
573 9 84 277 311 490 515 667 822 837 846 
574 10 13 50 86 214 435 572 590 603 612 687 
575 3 331 648 834 
576 4 327 342 536 882 
577 2 235 635 
578 9 200 250 283 352 393 503 612 661 941 
579 6 10 106 442 745 750 798 
580 9 98 175 200 235 719 765 804 881 907 
581 7 56 380 416 632 647 828 863 
582 11 109 294 376 486 567 590 630 735 868 896 912 
583 6 46 63 128 145 563 858 
584 7 45 202 230 269 340 548 774 
585 6 30 107 125 279 413 479 
586 7 41 94 236 436 473 555 735 
587 9 288 293 298 332 459 486 715 755 860 
588 9 146 207 437 438 460 466 650 782 895 
589 6 133 340 452 606 885 940 
590 5 34 86 574 582 748 
591 11 48 80 233 361 402 493 654 671 772 826 908 
592 3 123 505 536 
593 11 10 420 432 472 480 497 506 548 687 753 824 
594 7 35 116 271 376 390 558 722 
595 9 195 470 605 619 678 731 779 895 904 
596 8 187 230 278 436 601 617 855 885 
597 9 24 106 187 239 457 541 567 676 914 
598 6 312 405 541 600 708 865 
599 5 389 572 622 643 683 
600 12 13 89 125 170 388 389 494 598 736 738 772 822 
601 8 239 308 348 458 472 596 732 739 
602 9 17 52 112 241 282 284 374 390 707 
603 16 85 87 167 303 344 369 529 538 574 636 678 684 911 921 930 934 
604 4 417 797 918 920 
605 9 25 47 595 722 758 760 768 798 897 
606 11 21 40 267 309 388 505 566 589 685 772 831 
607 8 23 70 104 150 319 570 745 928 
608 10 81 100 138 255 289 395 552 704 859 941 
609 6 6 167 199 439 622 643 
610 9 6 136 264 407 482 490 649 651 789 
611 12 196 200 203 243 368 446 482 541 621 713 727 902 
612 8 101 291 331 513 574 578 758 869 
613 6 6 386 722 736 776 865 
614 10 214 245 279 502 511 519 662 812 838 925 
615 5 414 416 520 707 910 
616 6 154 490 688 715 717 798 
617 6 247 269 283 549 596 927 
618 4 196 245 281 570 
619 9 128 252 359 538 550 595 662 853 946 
620 5 297 384 476 782 832 
621 10 12 55 217 442 513 548 611 648 775 943 
622 9 103 305 363 444 462 599 609 683 890 
623 9 57 164 323 353 777 879 899 938 948 
624 7 46 497 568 571 791 895 923 
625 7 174 229 253 270 299 491 649 
626 8 442 639 645 698 746 852 872 875 
627 4 458 506 633 852 
628 8 49 75 138 241 302 527 717 744 
629 10 196 230 243 261 488 531 553 695 749 868 
630 7 124 223 343 582 663 899 921 
631 6 161 223 359 450 691 701 
632 6 44 162 257 322 581 761 
633 5 41 122 627 638 897 
634 9 4 27 96 227 315 335 523 711 881 
635 12 57 63 188 269 318 485 535 556 577 705 819 896 
636 12 22 63 102 103 171 204 295 603 790 847 881 947 
637 9 102 188 246 265 371 421 444 452 822 
638 11 105 221 385 444 503 633 694 719 770 785 920 
639 9 1 157 377 432 551 626 788 795 804 
640 5 381 427 568 661 824 
641 6 194 295 469 704 753 868 
642 8 38 99 126 136 331 369 811 945 
643 8 155 171 395 599 609 669 871 917 
644 13 155 309 354 366 412 524 655 716 784 790 869 889 926 
645 9 83 169 188 350 525 626 773 833 836 
646 6 20 139 316 346 401 449 
647 11 42 59 123 244 254 255 272 413 581 679 907 
648 5 262 575 621 806 862 
649 10 38 128 316 454 488 530 610 625 698 756 
650 10 9 43 152 446 588 651 652 831 924 935 
651 8 82 364 610 650 673 708 828 912 
652 9 22 121 224 370 418 481 650 769 796 
653 2 685 865 
654 6 24 55 187 328 591 806 
655 10 112 139 176 202 465 533 644 674 713 942 
656 3 558 755 794 
657 10 28 188 389 397 475 530 557 565 693 933 
658 7 20 24 29 243 751 929 939 
659 6 208 245 424 435 535 765 
660 10 40 90 130 214 223 363 416 517 733 780 
661 7 109 180 547 555 578 640 897 
662 15 24 84 183 240 256 272 289 308 346 413 443 614 619 840 947 
663 11 61 150 207 387 408 450 484 515 630 869 898 
664 10 33 56 90 235 311 315 436 538 731 925 
665 4 18 110 766 830 
666 7 1 46 52 146 450 796 855 
667 5 366 573 769 816 926 
668 10 87 194 349 386 445 553 572 736 830 857 
669 3 475 643 686 
670 9 8 83 156 679 717 742 830 884 898 
671 7 302 364 425 480 591 689 880 
672 4 70 447 876 905 
673 11 21 109 518 651 718 736 759 782 789 897 920 
674 6 453 520 655 789 870 946 
675 8 73 80 102 106 391 413 490 819 
676 7 12 169 254 323 502 597 723 
677 12 110 202 261 326 401 423 561 701 744 821 867 913 
678 11 59 96 124 399 595 603 789 831 850 858 867 
679 7 21 403 430 528 647 670 930 
680 9 23 60 197 214 272 384 795 796 896 
681 6 313 449 490 562 718 808 
682 4 6 345 502 798 
683 11 127 281 425 441 562 599 622 819 858 907 935 
684 9 6 202 315 495 546 603 797 889 927 
685 7 67 201 258 606 653 828 875 
686 12 121 172 236 243 266 380 480 669 747 779 793 893 
687 7 32 355 458 574 593 688 750 
688 9 309 503 616 687 716 735 779 813 848 
689 4 243 671 696 789 
690 7 68 309 769 773 840 869 894 
691 9 244 265 324 399 631 697 733 787 912 
692 10 40 59 419 491 745 746 810 829 833 949 
693 8 48 83 153 299 338 343 657 873 
694 10 53 361 421 426 469 556 571 638 741 824 
695 6 79 451 629 865 886 939 
696 6 163 689 703 779 894 911 
697 5 208 351 543 691 744 
698 9 148 315 324 341 461 531 626 649 708 
699 9 30 86 151 174 321 340 385 418 763 
700 7 15 253 330 354 406 466 909 
701 7 298 407 501 631 677 764 827 
702 11 79 200 288 367 388 451 498 515 723 787 861 
703 3 92 696 830 
704 6 275 397 465 608 641 912 
705 6 251 482 516 543 572 635 
706 5 288 756 759 764 934 
707 5 0 602 615 908 922 
708 14 36 37 157 173 201 314 524 598 651 698 711 726 769 845 
709 4 58 127 192 302 
710 3 117 186 526 
711 10 9 110 169 217 332 335 427 501 634 708 
712 5 107 355 373 414 732 
713 5 102 125 536 611 655 
714 6 132 204 266 359 774 937 
715 11 172 221 222 478 571 587 616 719 772 774 919 
716 16 2 55 56 137 251 309 316 367 375 443 481 500 644 688 785 823 
717 7 205 300 530 616 628 670 925 
718 6 11 421 673 681 730 764 
719 7 141 262 445 580 638 715 908 
720 9 1 189 295 303 517 534 830 850 871 
721 6 49 82 99 270 348 496 
722 10 88 199 373 432 458 594 605 613 761 863 
723 8 17 119 227 393 524 676 702 932 
724 11 9 85 88 155 326 386 425 515 739 780 861 
725 6 217 305 492 727 905 926 
726 14 119 146 270 350 452 545 557 572 708 731 794 799 865 925 
727 6 79 562 611 725 813 842 
728 5 25 58 206 227 730 
729 6 89 210 243 244 330 928 
730 8 19 34 215 357 437 718 728 786 
731 13 140 215 287 290 293 329 595 664 726 749 821 867 937 
732 5 339 383 424 601 712 
733 7 47 325 562 571 660 691 933 
734 3 40 154 235 
735 11 14 167 180 228 250 257 333 582 586 688 825 
736 9 146 273 422 462 600 613 668 673 830 
737 7 134 162 225 414 420 507 510 
738 8 71 270 296 339 402 600 784 898 
739 12 24 119 189 196 228 294 447 510 601 724 925 937 
740 7 51 260 296 569 843 867 924 
741 9 44 190 212 555 564 694 755 826 845 
742 12 27 90 217 309 314 346 473 504 527 567 670 755 
743 6 92 143 484 796 885 944 
744 8 16 535 628 677 697 749 838 844 
745 9 12 74 235 314 531 579 607 692 928 
746 7 95 429 528 626 692 848 889 
747 6 293 297 407 486 539 686 
748 6 68 239 325 556 590 877 
749 7 219 370 556 629 731 744 781 
750 8 140 141 150 156 495 579 687 806 
751 12 108 113 315 334 377 385 393 448 460 503 658 776 
752 4 216 245 444 470 
753 7 44 161 593 641 781 808 829 
754 10 14 119 148 162 177 423 490 500 563 819 
755 11 30 120 198 212 249 587 656 741 742 914 940 
756 11 194 241 254 257 429 649 706 844 880 893 910 
757 3 358 380 808 
758 10 155 246 333 351 498 549 605 612 863 936 
759 5 97 194 278 673 706 
760 11 305 311 533 564 605 778 810 825 883 900 928 
761 10 26 79 106 166 338 504 632 722 838 855 
762 3 283 426 868 
763 7 24 141 482 490 699 802 887 
764 11 37 62 186 430 521 525 526 701 706 718 838 
765 11 8 72 124 192 296 329 376 459 480 580 659 
766 8 16 106 109 283 499 665 875 914 
767 2 153 942 
768 11 5 56 301 341 482 605 807 819 855 916 939 
769 8 20 548 652 667 690 708 794 827 
770 9 56 315 494 638 864 878 880 917 932 
771 5 169 252 334 488 942 
772 8 114 279 299 301 591 600 606 715 
773 9 251 279 364 398 645 690 839 875 897 
774 13 213 278 280 376 379 507 521 554 584 714 715 869 913 
775 10 20 48 94 105 183 214 217 267 404 621 
776 9 13 111 113 396 571 613 751 817 840 
777 8 120 213 227 393 546 623 813 913 
778 8 1 100 166 348 453 760 897 940 
779 14 41 214 386 400 440 441 499 549 595 686 688 696 835 877 
780 7 50 358 660 724 818 843 861 
781 4 162 749 753 800 
782 8 25 232 430 550 588 620 673 866 
783 5 102 238 516 891 903 
784 5 39 389 644 738 828 
785 6 283 362 395 638 716 819 
786 8 29 117 137 252 379 401 451 730 
787 6 188 388 392 489 691 702 
788 4 331 393 639 827 
789 9 187 466 547 610 673 674 678 689 864 
790 10 172 387 472 509 636 644 796 816 824 860 
791 7 65 116 196 259 624 812 916 
792 6 252 256 262 366 874 910 
793 7 17 179 430 564 686 830 921 
794 5 217 251 656 726 769 
795 10 4 12 187 310 466 564 639 680 850 936 
796 11 336 436 497 544 548 652 666 680 743 790 865 
797 11 18 126 224 253 435 442 518 604 684 879 917 
798 11 10 92 98 182 321 474 579 605 616 682 919 
799 6 85 122 135 375 460 726 
800 8 9 139 185 260 293 408 497 781 
801 8 105 164 292 427 459 552 807 830 
802 8 0 220 241 249 338 465 763 909 
803 4 14 109 318 566 
804 13 40 169 271 414 445 458 481 495 529 580 639 866 936 
805 9 46 211 246 334 360 434 484 542 874 
806 5 353 648 654 750 901 
807 6 56 302 332 385 768 801 
808 6 6 554 681 753 757 874 
809 9 81 87 94 192 375 525 527 818 865 
810 7 89 194 248 337 374 692 760 
811 9 90 123 149 278 304 341 532 642 906 
812 7 25 107 363 406 416 614 791 
813 10 18 156 230 235 368 503 517 688 727 777 
814 7 39 42 67 149 537 551 944 
815 10 131 149 163 311 333 554 571 922 925 937 
816 4 549 667 790 922 
817 5 186 776 822 838 926 
818 12 33 113 142 270 274 285 357 400 780 809 862 898 
819 12 54 65 96 212 300 526 635 675 683 754 768 785 
820 6 77 151 251 420 440 566 
821 7 175 286 321 430 512 677 731 
822 14 13 60 65 150 252 259 320 507 573 600 637 817 842 923 
823 6 65 116 184 185 477 716 
824 11 67 131 172 304 337 404 593 640 694 790 912 
825 6 159 165 275 555 735 760 
826 8 38 66 175 494 533 591 741 920 
827 6 78 332 374 701 769 788 
828 9 82 116 318 368 505 581 651 685 784 
829 8 55 78 177 205 692 753 888 946 
830 13 77 101 174 205 239 665 668 670 703 720 736 793 801 
831 13 28 110 217 270 292 328 410 443 606 650 678 869 916 
832 5 61 220 238 620 925 
833 5 17 193 365 645 692 
834 8 28 180 285 315 346 524 575 936 
835 1 779 
836 9 15 146 175 214 241 350 477 645 914 
837 7 87 194 237 459 473 573 876 
838 9 50 61 219 326 614 744 761 764 817 
839 7 255 329 493 521 773 856 945 
840 11 43 87 116 233 304 421 492 662 690 776 890 
841 2 46 285 
842 7 31 284 348 386 439 727 822 
843 7 107 279 294 364 507 740 780 
844 9 11 191 254 259 744 756 869 877 933 
845 6 378 477 553 708 741 933 
846 2 350 573 
847 6 231 278 349 395 567 636 
848 6 167 269 375 688 746 888 
849 4 137 158 291 403 
850 9 74 75 159 418 678 720 795 909 933 
851 7 43 55 332 371 477 488 569 
852 4 98 510 626 627 
853 9 115 154 176 274 296 401 519 619 884 
854 4 28 171 524 948 
855 11 45 108 197 280 438 444 489 596 666 761 768 
856 6 140 174 260 262 839 874 
857 3 297 668 941 
858 6 21 265 289 583 678 683 
859 6 9 335 367 522 540 608 
860 5 54 70 587 790 928 
861 9 88 252 329 702 724 780 864 882 948 
862 7 102 179 320 648 818 902 932 
863 6 113 581 722 758 883 896 
864 9 21 47 247 315 347 390 770 789 861 
865 14 48 131 293 406 409 598 613 653 695 726 796 809 891 945 
866 6 192 394 522 782 804 936 
867 11 151 164 180 226 324 391 557 677 678 731 740 
868 7 130 155 515 582 629 641 762 
869 19 35 96 169 232 239 293 310 382 397 471 557 612 644 663 690 774 831 844 884 
870 5 142 197 341 358 674 
871 6 31 51 474 475 643 720 
872 6 106 130 419 441 626 873 
873 9 148 150 161 351 469 693 872 907 920 
874 11 113 379 416 417 452 457 535 792 805 808 856 
875 6 117 626 685 766 773 932 
876 10 90 128 222 265 356 368 455 672 837 910 
877 6 199 335 475 748 779 844 
878 5 60 222 293 770 906 
879 10 1 125 193 278 326 387 452 623 797 912 
880 8 227 338 431 473 671 756 770 919 
881 11 32 141 143 190 323 509 580 634 636 904 925 
882 4 45 576 861 895 
883 7 160 218 303 525 549 760 863 
884 9 105 199 218 252 386 456 670 853 869 
885 10 6 390 440 499 516 554 589 596 743 936 
886 9 47 85 186 205 228 264 375 570 695 
887 6 134 556 572 763 900 907 
888 8 115 127 240 382 524 829 848 937 
889 8 55 107 219 327 423 644 684 746 
890 10 142 172 320 439 520 533 540 550 622 840 
891 6 5 126 220 453 783 865 
892 4 120 141 250 474 
893 7 30 88 138 161 304 686 756 
894 5 260 390 446 690 696 
895 5 399 588 595 624 882 
896 10 9 192 356 535 554 567 582 635 680 863 
897 13 69 114 192 226 274 323 352 605 633 661 673 773 778 
898 7 2 478 531 663 670 738 818 
899 8 109 225 268 284 434 558 623 630 
900 5 188 526 549 760 887 
901 6 26 65 319 478 510 806 
902 7 5 136 248 413 523 611 862 
903 3 101 532 783 
904 9 21 65 321 464 560 595 881 931 945 
905 8 135 181 184 446 491 492 672 725 
906 7 107 108 482 529 811 878 944 
907 10 40 110 477 529 580 647 683 873 887 932 
908 9 104 129 222 228 265 291 591 707 719 
909 10 28 58 65 121 241 279 511 700 802 850 
910 9 278 341 358 440 550 615 756 792 876 
911 5 84 208 518 603 696 
912 12 399 422 452 487 508 582 651 691 704 824 879 920 
913 9 51 77 92 165 213 237 677 774 777 
914 9 152 237 524 535 550 597 755 766 836 
915 4 179 337 543 926 
916 10 7 125 344 352 445 564 768 791 831 943 
917 10 25 51 63 113 166 212 361 643 770 797 
918 5 167 192 233 466 604 
919 5 242 715 798 880 941 
920 7 411 604 638 673 826 873 912 
921 9 11 86 140 492 570 603 630 793 949 
922 10 286 341 343 352 477 511 522 707 815 816 
923 4 38 96 624 822 
924 4 122 478 650 740 
925 16 2 166 295 312 334 402 497 529 614 664 717 726 739 815 832 881 
926 8 139 220 357 644 667 725 817 915 
927 8 77 194 196 355 392 617 684 937 
928 11 2 201 225 235 242 443 607 729 745 760 860 
929 7 69 85 133 144 253 423 658 
930 4 353 387 603 679 
931 7 11 244 269 343 499 533 904 
932 9 378 474 501 548 723 770 862 875 907 
933 9 4 85 104 215 657 733 844 845 850 
934 7 162 267 383 406 568 603 706 
935 4 258 428 650 683 
936 10 38 74 356 483 758 795 804 834 866 885 
937 15 12 25 118 250 251 273 393 430 566 714 731 739 815 888 927 
938 7 179 285 370 424 441 484 623 
939 5 439 515 658 695 768 
940 11 114 115 159 168 226 433 476 517 589 755 778 
941 6 33 438 578 608 857 919 
942 6 54 153 362 655 767 771 
943 6 200 271 275 369 621 916 
944 9 64 104 113 220 549 570 743 814 906 
945 12 64 194 426 453 458 478 530 535 642 839 865 904 
946 11 25 277 282 317 382 438 440 551 619 674 829 
947 6 116 217 338 538 636 662 
948 7 49 270 345 482 623 854 861 
949 10 74 88 202 212 428 432 567 571 692 921 
